0.996400E+00  -.526428E-01
0.992800E+00  -.105861E+00
0.989200E+00  -.159666E+00
0.985600E+00  -.214068E+00
0.982000E+00  -.269078E+00
0.978400E+00  -.324708E+00
0.974800E+00  -.380967E+00
0.971200E+00  -.437870E+00
0.967600E+00  -.495427E+00
0.964000E+00  -.553650E+00
0.960400E+00  -.612553E+00
0.956800E+00  -.672148E+00
0.953200E+00  -.732448E+00
0.949600E+00  -.793467E+00
0.946000E+00  -.855218E+00
0.942400E+00  -.917716E+00
0.938800E+00  -.980974E+00
0.935200E+00  -.104501E+01
0.931600E+00  -.110983E+01
0.928000E+00  -.117546E+01
0.924400E+00  -.124191E+01
0.920800E+00  -.130920E+01
0.917200E+00  -.137735E+01
0.913600E+00  -.144636E+01
0.910000E+00  -.151627E+01
0.906400E+00  -.158708E+01
0.902800E+00  -.165881E+01
0.899200E+00  -.173149E+01
0.895600E+00  -.180513E+01
0.892000E+00  -.187975E+01
0.888400E+00  -.195537E+01
0.884800E+00  -.203201E+01
0.881200E+00  -.210970E+01
0.877600E+00  -.218845E+01
0.874000E+00  -.226829E+01
0.870400E+00  -.234923E+01
0.866800E+00  -.243131E+01
0.863200E+00  -.251454E+01
0.859600E+00  -.259896E+01
0.856000E+00  -.268457E+01
0.852400E+00  -.277142E+01
0.848800E+00  -.285953E+01
0.845200E+00  -.294892E+01
0.841600E+00  -.303962E+01
0.838000E+00  -.313166E+01
0.834400E+00  -.322506E+01
0.830800E+00  -.331987E+01
0.827200E+00  -.341610E+01
0.823600E+00  -.351380E+01
0.820000E+00  -.361299E+01
0.816400E+00  -.371370E+01
0.812800E+00  -.381597E+01
0.809200E+00  -.391984E+01
0.805600E+00  -.402533E+01
0.802000E+00  -.413249E+01
0.798400E+00  -.424136E+01
0.794800E+00  -.435197E+01
0.791200E+00  -.446436E+01
0.787600E+00  -.457858E+01
0.784000E+00  -.469466E+01
0.780400E+00  -.481265E+01
0.776800E+00  -.493260E+01
0.773200E+00  -.505454E+01
0.769600E+00  -.517853E+01
0.766000E+00  -.530462E+01
0.762400E+00  -.543285E+01
0.758800E+00  -.556328E+01
0.755200E+00  -.569595E+01
0.751600E+00  -.583092E+01
0.748000E+00  -.596826E+01
0.744400E+00  -.610801E+01
0.740800E+00  -.625023E+01
0.737200E+00  -.639499E+01
0.733600E+00  -.654234E+01
0.730000E+00  -.669236E+01
0.726400E+00  -.684510E+01
0.722800E+00  -.700064E+01
0.719200E+00  -.715905E+01
0.715600E+00  -.732039E+01
0.712000E+00  -.748475E+01
0.708400E+00  -.765220E+01
0.704800E+00  -.782282E+01
0.701200E+00  -.799669E+01
0.697600E+00  -.817390E+01
0.694000E+00  -.835453E+01
0.690400E+00  -.853867E+01
0.686800E+00  -.872642E+01
0.683200E+00  -.891787E+01
0.679600E+00  -.911311E+01
0.676000E+00  -.931226E+01
0.672400E+00  -.951542E+01
0.668800E+00  -.972269E+01
0.665200E+00  -.993418E+01
0.661600E+00  -.101500E+02
0.658000E+00  -.103703E+02
0.654400E+00  -.105952E+02
0.650800E+00  -.108248E+02
0.647200E+00  -.110592E+02
0.643600E+00  -.112987E+02
0.640000E+00  -.115432E+02
