0.996400E+00  -.814400E-02
0.992800E+00  -.163771E-01
0.989200E+00  -.247009E-01
0.985600E+00  -.331170E-01
0.982000E+00  -.416272E-01
0.978400E+00  -.502332E-01
0.974800E+00  -.589368E-01
0.971200E+00  -.677398E-01
0.967600E+00  -.766440E-01
0.964000E+00  -.856514E-01
0.960400E+00  -.947638E-01
0.956800E+00  -.103983E+00
0.953200E+00  -.113312E+00
0.949600E+00  -.122752E+00
0.946000E+00  -.132305E+00
0.942400E+00  -.141973E+00
0.938800E+00  -.151760E+00
0.935200E+00  -.161666E+00
0.931600E+00  -.171694E+00
0.928000E+00  -.181848E+00
0.924400E+00  -.192128E+00
0.920800E+00  -.202538E+00
0.917200E+00  -.213080E+00
0.913600E+00  -.223757E+00
0.910000E+00  -.234571E+00
0.906400E+00  -.245525E+00
0.902800E+00  -.256623E+00
0.899200E+00  -.267866E+00
0.895600E+00  -.279258E+00
0.892000E+00  -.290802E+00
0.888400E+00  -.302501E+00
0.884800E+00  -.314358E+00
0.881200E+00  -.326377E+00
0.877600E+00  -.338560E+00
0.874000E+00  -.350911E+00
0.870400E+00  -.363433E+00
0.866800E+00  -.376131E+00
0.863200E+00  -.389007E+00
0.859600E+00  -.402066E+00
0.856000E+00  -.415312E+00
0.852400E+00  -.428747E+00
0.848800E+00  -.442378E+00
0.845200E+00  -.456206E+00
0.841600E+00  -.470238E+00
0.838000E+00  -.484477E+00
0.834400E+00  -.498927E+00
0.830800E+00  -.513594E+00
0.827200E+00  -.528482E+00
0.823600E+00  -.543595E+00
0.820000E+00  -.558940E+00
0.816400E+00  -.574520E+00
0.812800E+00  -.590342E+00
0.809200E+00  -.606410E+00
0.805600E+00  -.622731E+00
0.802000E+00  -.639309E+00
0.798400E+00  -.656151E+00
0.794800E+00  -.673263E+00
0.791200E+00  -.690650E+00
0.787600E+00  -.708320E+00
0.784000E+00  -.726278E+00
0.780400E+00  -.744532E+00
0.776800E+00  -.763088E+00
0.773200E+00  -.781953E+00
0.769600E+00  -.801135E+00
0.766000E+00  -.820640E+00
0.762400E+00  -.840478E+00
0.758800E+00  -.860655E+00
0.755200E+00  -.881180E+00
0.751600E+00  -.902061E+00
0.748000E+00  -.923307E+00
0.744400E+00  -.944927E+00
0.740800E+00  -.966929E+00
0.737200E+00  -.989323E+00
0.733600E+00  -.101212E+01
0.730000E+00  -.103533E+01
0.726400E+00  -.105896E+01
0.722800E+00  -.108302E+01
0.719200E+00  -.110753E+01
0.715600E+00  -.113249E+01
0.712000E+00  -.115791E+01
0.708400E+00  -.118382E+01
0.704800E+00  -.121021E+01
0.701200E+00  -.123711E+01
0.697600E+00  -.126453E+01
0.694000E+00  -.129247E+01
0.690400E+00  -.132096E+01
0.686800E+00  -.135000E+01
0.683200E+00  -.137962E+01
0.679600E+00  -.140983E+01
0.676000E+00  -.144063E+01
0.672400E+00  -.147206E+01
0.668800E+00  -.150413E+01
0.665200E+00  -.153685E+01
0.661600E+00  -.157024E+01
0.658000E+00  -.160432E+01
0.654400E+00  -.163911E+01
0.650800E+00  -.167463E+01
0.647200E+00  -.171090E+01
0.643600E+00  -.174794E+01
0.640000E+00  -.178577E+01
