0.996400E+00  -.418710E-01
0.992800E+00  -.842000E-01
0.989200E+00  -.126995E+00
0.985600E+00  -.170266E+00
0.982000E+00  -.214019E+00
0.978400E+00  -.258266E+00
0.974800E+00  -.303014E+00
0.971200E+00  -.348273E+00
0.967600E+00  -.394052E+00
0.964000E+00  -.440362E+00
0.960400E+00  -.487212E+00
0.956800E+00  -.534613E+00
0.953200E+00  -.582574E+00
0.949600E+00  -.631108E+00
0.946000E+00  -.680223E+00
0.942400E+00  -.729932E+00
0.938800E+00  -.780247E+00
0.935200E+00  -.831178E+00
0.931600E+00  -.882738E+00
0.928000E+00  -.934939E+00
0.924400E+00  -.987793E+00
0.920800E+00  -.104131E+01
0.917200E+00  -.109551E+01
0.913600E+00  -.115041E+01
0.910000E+00  -.120601E+01
0.906400E+00  -.126233E+01
0.902800E+00  -.131938E+01
0.899200E+00  -.137719E+01
0.895600E+00  -.143576E+01
0.892000E+00  -.149511E+01
0.888400E+00  -.155526E+01
0.884800E+00  -.161622E+01
0.881200E+00  -.167801E+01
0.877600E+00  -.174065E+01
0.874000E+00  -.180415E+01
0.870400E+00  -.186853E+01
0.866800E+00  -.193381E+01
0.863200E+00  -.200002E+01
0.859600E+00  -.206716E+01
0.856000E+00  -.213526E+01
0.852400E+00  -.220433E+01
0.848800E+00  -.227441E+01
0.845200E+00  -.234551E+01
0.841600E+00  -.241765E+01
0.838000E+00  -.249086E+01
0.834400E+00  -.256515E+01
0.830800E+00  -.264056E+01
0.827200E+00  -.271710E+01
0.823600E+00  -.279480E+01
0.820000E+00  -.287370E+01
0.816400E+00  -.295380E+01
0.812800E+00  -.303515E+01
0.809200E+00  -.311776E+01
0.805600E+00  -.320167E+01
0.802000E+00  -.328690E+01
0.798400E+00  -.337349E+01
0.794800E+00  -.346147E+01
0.791200E+00  -.355086E+01
0.787600E+00  -.364171E+01
0.784000E+00  -.373404E+01
0.780400E+00  -.382789E+01
0.776800E+00  -.392329E+01
0.773200E+00  -.402028E+01
0.769600E+00  -.411890E+01
0.766000E+00  -.421919E+01
0.762400E+00  -.432118E+01
0.758800E+00  -.442492E+01
0.755200E+00  -.453044E+01
0.751600E+00  -.463780E+01
0.748000E+00  -.474703E+01
0.744400E+00  -.485818E+01
0.740800E+00  -.497130E+01
0.737200E+00  -.508644E+01
0.733600E+00  -.520364E+01
0.730000E+00  -.532296E+01
0.726400E+00  -.544445E+01
0.722800E+00  -.556816E+01
0.719200E+00  -.569416E+01
0.715600E+00  -.582249E+01
0.712000E+00  -.595322E+01
0.708400E+00  -.608640E+01
0.704800E+00  -.622211E+01
0.701200E+00  -.636040E+01
0.697600E+00  -.650135E+01
0.694000E+00  -.664502E+01
0.690400E+00  -.679148E+01
0.686800E+00  -.694081E+01
0.683200E+00  -.709309E+01
0.679600E+00  -.724838E+01
0.676000E+00  -.740678E+01
0.672400E+00  -.756837E+01
0.668800E+00  -.773323E+01
0.665200E+00  -.790145E+01
0.661600E+00  -.807312E+01
0.658000E+00  -.824834E+01
0.654400E+00  -.842721E+01
0.650800E+00  -.860982E+01
0.647200E+00  -.879629E+01
0.643600E+00  -.898672E+01
0.640000E+00  -.918122E+01
