0.996400E+00  -.182426E-01
0.992800E+00  -.366847E-01
0.989200E+00  -.553299E-01
0.985600E+00  -.741821E-01
0.982000E+00  -.932450E-01
0.978400E+00  -.112522E+00
0.974800E+00  -.132018E+00
0.971200E+00  -.151737E+00
0.967600E+00  -.171683E+00
0.964000E+00  -.191859E+00
0.960400E+00  -.212271E+00
0.956800E+00  -.232923E+00
0.953200E+00  -.253819E+00
0.949600E+00  -.274964E+00
0.946000E+00  -.296363E+00
0.942400E+00  -.318020E+00
0.938800E+00  -.339942E+00
0.935200E+00  -.362131E+00
0.931600E+00  -.384595E+00
0.928000E+00  -.407338E+00
0.924400E+00  -.430366E+00
0.920800E+00  -.453685E+00
0.917200E+00  -.477299E+00
0.913600E+00  -.501215E+00
0.910000E+00  -.525439E+00
0.906400E+00  -.549977E+00
0.902800E+00  -.574835E+00
0.899200E+00  -.600020E+00
0.895600E+00  -.625539E+00
0.892000E+00  -.651397E+00
0.888400E+00  -.677603E+00
0.884800E+00  -.704162E+00
0.881200E+00  -.731083E+00
0.877600E+00  -.758373E+00
0.874000E+00  -.786040E+00
0.870400E+00  -.814090E+00
0.866800E+00  -.842533E+00
0.863200E+00  -.871376E+00
0.859600E+00  -.900628E+00
0.856000E+00  -.930298E+00
0.852400E+00  -.960394E+00
0.848800E+00  -.990926E+00
0.845200E+00  -.102190E+01
0.841600E+00  -.105333E+01
0.838000E+00  -.108523E+01
0.834400E+00  -.111760E+01
0.830800E+00  -.115045E+01
0.827200E+00  -.118380E+01
0.823600E+00  -.121765E+01
0.820000E+00  -.125203E+01
0.816400E+00  -.128693E+01
0.812800E+00  -.132237E+01
0.809200E+00  -.135836E+01
0.805600E+00  -.139492E+01
0.802000E+00  -.143205E+01
0.798400E+00  -.146978E+01
0.794800E+00  -.150811E+01
0.791200E+00  -.154706E+01
0.787600E+00  -.158664E+01
0.784000E+00  -.162686E+01
0.780400E+00  -.166775E+01
0.776800E+00  -.170932E+01
0.773200E+00  -.175157E+01
0.769600E+00  -.179454E+01
0.766000E+00  -.183823E+01
0.762400E+00  -.188267E+01
0.758800E+00  -.192787E+01
0.755200E+00  -.197384E+01
0.751600E+00  -.202062E+01
0.748000E+00  -.206821E+01
0.744400E+00  -.211664E+01
0.740800E+00  -.216592E+01
0.737200E+00  -.221608E+01
0.733600E+00  -.226715E+01
0.730000E+00  -.231913E+01
0.726400E+00  -.237206E+01
0.722800E+00  -.242596E+01
0.719200E+00  -.248086E+01
0.715600E+00  -.253677E+01
0.712000E+00  -.259372E+01
0.708400E+00  -.265175E+01
0.704800E+00  -.271088E+01
0.701200E+00  -.277113E+01
0.697600E+00  -.283254E+01
0.694000E+00  -.289513E+01
0.690400E+00  -.295894E+01
0.686800E+00  -.302401E+01
0.683200E+00  -.309035E+01
0.679600E+00  -.315801E+01
0.676000E+00  -.322702E+01
0.672400E+00  -.329742E+01
0.668800E+00  -.336925E+01
0.665200E+00  -.344254E+01
0.661600E+00  -.351733E+01
0.658000E+00  -.359367E+01
0.654400E+00  -.367160E+01
0.650800E+00  -.375117E+01
0.647200E+00  -.383241E+01
0.643600E+00  -.391538E+01
0.640000E+00  -.400012E+01
