0.996400E+00  -.409734E-01
0.992800E+00  -.823949E-01
0.989200E+00  -.124273E+00
0.985600E+00  -.166615E+00
0.982000E+00  -.209431E+00
0.978400E+00  -.252729E+00
0.974800E+00  -.296518E+00
0.971200E+00  -.340806E+00
0.967600E+00  -.385604E+00
0.964000E+00  -.430922E+00
0.960400E+00  -.476767E+00
0.956800E+00  -.523152E+00
0.953200E+00  -.570085E+00
0.949600E+00  -.617578E+00
0.946000E+00  -.665640E+00
0.942400E+00  -.714284E+00
0.938800E+00  -.763520E+00
0.935200E+00  -.813359E+00
0.931600E+00  -.863813E+00
0.928000E+00  -.914895E+00
0.924400E+00  -.966617E+00
0.920800E+00  -.101899E+01
0.917200E+00  -.107203E+01
0.913600E+00  -.112574E+01
0.910000E+00  -.118015E+01
0.906400E+00  -.123527E+01
0.902800E+00  -.129110E+01
0.899200E+00  -.134766E+01
0.895600E+00  -.140498E+01
0.892000E+00  -.146306E+01
0.888400E+00  -.152192E+01
0.884800E+00  -.158157E+01
0.881200E+00  -.164204E+01
0.877600E+00  -.170333E+01
0.874000E+00  -.176547E+01
0.870400E+00  -.182847E+01
0.866800E+00  -.189236E+01
0.863200E+00  -.195714E+01
0.859600E+00  -.202284E+01
0.856000E+00  -.208948E+01
0.852400E+00  -.215708E+01
0.848800E+00  -.222565E+01
0.845200E+00  -.229522E+01
0.841600E+00  -.236582E+01
0.838000E+00  -.243746E+01
0.834400E+00  -.251016E+01
0.830800E+00  -.258395E+01
0.827200E+00  -.265885E+01
0.823600E+00  -.273489E+01
0.820000E+00  -.281209E+01
0.816400E+00  -.289048E+01
0.812800E+00  -.297008E+01
0.809200E+00  -.305092E+01
0.805600E+00  -.313303E+01
0.802000E+00  -.321643E+01
0.798400E+00  -.330117E+01
0.794800E+00  -.338726E+01
0.791200E+00  -.347474E+01
0.787600E+00  -.356364E+01
0.784000E+00  -.365399E+01
0.780400E+00  -.374582E+01
0.776800E+00  -.383918E+01
0.773200E+00  -.393409E+01
0.769600E+00  -.403060E+01
0.766000E+00  -.412873E+01
0.762400E+00  -.422854E+01
0.758800E+00  -.433005E+01
0.755200E+00  -.443332E+01
0.751600E+00  -.453837E+01
0.748000E+00  -.464526E+01
0.744400E+00  -.475403E+01
0.740800E+00  -.486473E+01
0.737200E+00  -.497739E+01
0.733600E+00  -.509208E+01
0.730000E+00  -.520885E+01
0.726400E+00  -.532773E+01
0.722800E+00  -.544879E+01
0.719200E+00  -.557208E+01
0.715600E+00  -.569766E+01
0.712000E+00  -.582559E+01
0.708400E+00  -.595592E+01
0.704800E+00  -.608872E+01
0.701200E+00  -.622405E+01
0.697600E+00  -.636197E+01
0.694000E+00  -.650256E+01
0.690400E+00  -.664588E+01
0.686800E+00  -.679201E+01
0.683200E+00  -.694102E+01
0.679600E+00  -.709299E+01
0.676000E+00  -.724799E+01
0.672400E+00  -.740611E+01
0.668800E+00  -.756744E+01
0.665200E+00  -.773205E+01
0.661600E+00  -.790004E+01
0.658000E+00  -.807151E+01
0.654400E+00  -.824654E+01
0.650800E+00  -.842524E+01
0.647200E+00  -.860771E+01
0.643600E+00  -.879406E+01
0.640000E+00  -.898439E+01
