0.996400E+00  -.166138E-01
0.992800E+00  -.334092E-01
0.989200E+00  -.503898E-01
0.985600E+00  -.675587E-01
0.982000E+00  -.849195E-01
0.978400E+00  -.102476E+00
0.974800E+00  -.120231E+00
0.971200E+00  -.138189E+00
0.967600E+00  -.156354E+00
0.964000E+00  -.174729E+00
0.960400E+00  -.193318E+00
0.956800E+00  -.212126E+00
0.953200E+00  -.231156E+00
0.949600E+00  -.250414E+00
0.946000E+00  -.269902E+00
0.942400E+00  -.289626E+00
0.938800E+00  -.309590E+00
0.935200E+00  -.329798E+00
0.931600E+00  -.350256E+00
0.928000E+00  -.370969E+00
0.924400E+00  -.391941E+00
0.920800E+00  -.413177E+00
0.917200E+00  -.434683E+00
0.913600E+00  -.456464E+00
0.910000E+00  -.478525E+00
0.906400E+00  -.500872E+00
0.902800E+00  -.523511E+00
0.899200E+00  -.546447E+00
0.895600E+00  -.569687E+00
0.892000E+00  -.593237E+00
0.888400E+00  -.617103E+00
0.884800E+00  -.641291E+00
0.881200E+00  -.665808E+00
0.877600E+00  -.690661E+00
0.874000E+00  -.715858E+00
0.870400E+00  -.741404E+00
0.866800E+00  -.767307E+00
0.863200E+00  -.793575E+00
0.859600E+00  -.820215E+00
0.856000E+00  -.847236E+00
0.852400E+00  -.874645E+00
0.848800E+00  -.902450E+00
0.845200E+00  -.930661E+00
0.841600E+00  -.959285E+00
0.838000E+00  -.988332E+00
0.834400E+00  -.101781E+01
0.830800E+00  -.104773E+01
0.827200E+00  -.107810E+01
0.823600E+00  -.110893E+01
0.820000E+00  -.114024E+01
0.816400E+00  -.117202E+01
0.812800E+00  -.120430E+01
0.809200E+00  -.123708E+01
0.805600E+00  -.127037E+01
0.802000E+00  -.130419E+01
0.798400E+00  -.133855E+01
0.794800E+00  -.137346E+01
0.791200E+00  -.140893E+01
0.787600E+00  -.144497E+01
0.784000E+00  -.148161E+01
0.780400E+00  -.151884E+01
0.776800E+00  -.155670E+01
0.773200E+00  -.159518E+01
0.769600E+00  -.163431E+01
0.766000E+00  -.167411E+01
0.762400E+00  -.171458E+01
0.758800E+00  -.175574E+01
0.755200E+00  -.179761E+01
0.751600E+00  -.184020E+01
0.748000E+00  -.188355E+01
0.744400E+00  -.192765E+01
0.740800E+00  -.197253E+01
0.737200E+00  -.201822E+01
0.733600E+00  -.206472E+01
0.730000E+00  -.211207E+01
0.726400E+00  -.216027E+01
0.722800E+00  -.220936E+01
0.719200E+00  -.225935E+01
0.715600E+00  -.231027E+01
0.712000E+00  -.236214E+01
0.708400E+00  -.241499E+01
0.704800E+00  -.246883E+01
0.701200E+00  -.252371E+01
0.697600E+00  -.257963E+01
0.694000E+00  -.263664E+01
0.690400E+00  -.269475E+01
0.686800E+00  -.275401E+01
0.683200E+00  -.281443E+01
0.679600E+00  -.287604E+01
0.676000E+00  -.293889E+01
0.672400E+00  -.300301E+01
0.668800E+00  -.306842E+01
0.665200E+00  -.313517E+01
0.661600E+00  -.320329E+01
0.658000E+00  -.327281E+01
0.654400E+00  -.334378E+01
0.650800E+00  -.341624E+01
0.647200E+00  -.349023E+01
0.643600E+00  -.356579E+01
0.640000E+00  -.364297E+01
