0.996400E+00  -.499499E-01
0.992800E+00  -.100446E+00
0.989200E+00  -.151499E+00
0.985600E+00  -.203118E+00
0.982000E+00  -.255314E+00
0.978400E+00  -.308097E+00
0.974800E+00  -.361479E+00
0.971200E+00  -.415471E+00
0.967600E+00  -.470083E+00
0.964000E+00  -.525328E+00
0.960400E+00  -.581218E+00
0.956800E+00  -.637764E+00
0.953200E+00  -.694980E+00
0.949600E+00  -.752877E+00
0.946000E+00  -.811470E+00
0.942400E+00  -.870770E+00
0.938800E+00  -.930792E+00
0.935200E+00  -.991551E+00
0.931600E+00  -.105306E+01
0.928000E+00  -.111533E+01
0.924400E+00  -.117838E+01
0.920800E+00  -.124223E+01
0.917200E+00  -.130689E+01
0.913600E+00  -.137237E+01
0.910000E+00  -.143870E+01
0.906400E+00  -.150589E+01
0.902800E+00  -.157395E+01
0.899200E+00  -.164291E+01
0.895600E+00  -.171278E+01
0.892000E+00  -.178359E+01
0.888400E+00  -.185534E+01
0.884800E+00  -.192806E+01
0.881200E+00  -.200178E+01
0.877600E+00  -.207650E+01
0.874000E+00  -.215225E+01
0.870400E+00  -.222906E+01
0.866800E+00  -.230694E+01
0.863200E+00  -.238591E+01
0.859600E+00  -.246601E+01
0.856000E+00  -.254724E+01
0.852400E+00  -.262965E+01
0.848800E+00  -.271325E+01
0.845200E+00  -.279807E+01
0.841600E+00  -.288413E+01
0.838000E+00  -.297146E+01
0.834400E+00  -.306009E+01
0.830800E+00  -.315004E+01
0.827200E+00  -.324135E+01
0.823600E+00  -.333405E+01
0.820000E+00  -.342816E+01
0.816400E+00  -.352372E+01
0.812800E+00  -.362076E+01
0.809200E+00  -.371932E+01
0.805600E+00  -.381942E+01
0.802000E+00  -.392110E+01
0.798400E+00  -.402439E+01
0.794800E+00  -.412934E+01
0.791200E+00  -.423599E+01
0.787600E+00  -.434436E+01
0.784000E+00  -.445451E+01
0.780400E+00  -.456646E+01
0.776800E+00  -.468027E+01
0.773200E+00  -.479598E+01
0.769600E+00  -.491363E+01
0.766000E+00  -.503326E+01
0.762400E+00  -.515493E+01
0.758800E+00  -.527869E+01
0.755200E+00  -.540457E+01
0.751600E+00  -.553264E+01
0.748000E+00  -.566295E+01
0.744400E+00  -.579555E+01
0.740800E+00  -.593050E+01
0.737200E+00  -.606785E+01
0.733600E+00  -.620767E+01
0.730000E+00  -.635001E+01
0.726400E+00  -.649494E+01
0.722800E+00  -.664252E+01
0.719200E+00  -.679282E+01
0.715600E+00  -.694592E+01
0.712000E+00  -.710187E+01
0.708400E+00  -.726075E+01
0.704800E+00  -.742264E+01
0.701200E+00  -.758762E+01
0.697600E+00  -.775576E+01
0.694000E+00  -.792715E+01
0.690400E+00  -.810187E+01
0.686800E+00  -.828002E+01
0.683200E+00  -.846167E+01
0.679600E+00  -.864693E+01
0.676000E+00  -.883589E+01
0.672400E+00  -.902866E+01
0.668800E+00  -.922532E+01
0.665200E+00  -.942600E+01
0.661600E+00  -.963079E+01
0.658000E+00  -.983982E+01
0.654400E+00  -.100532E+02
0.650800E+00  -.102711E+02
0.647200E+00  -.104935E+02
0.643600E+00  -.107207E+02
0.640000E+00  -.109527E+02
