0.996400E+00  -.598240E-01
0.992800E+00  -.120302E+00
0.989200E+00  -.181447E+00
0.985600E+00  -.243270E+00
0.982000E+00  -.305784E+00
0.978400E+00  -.369002E+00
0.974800E+00  -.432937E+00
0.971200E+00  -.497601E+00
0.967600E+00  -.563010E+00
0.964000E+00  -.629176E+00
0.960400E+00  -.696114E+00
0.956800E+00  -.763838E+00
0.953200E+00  -.832364E+00
0.949600E+00  -.901707E+00
0.946000E+00  -.971882E+00
0.942400E+00  -.104290E+01
0.938800E+00  -.111479E+01
0.935200E+00  -.118756E+01
0.931600E+00  -.126123E+01
0.928000E+00  -.133581E+01
0.924400E+00  -.141133E+01
0.920800E+00  -.148780E+01
0.917200E+00  -.156524E+01
0.913600E+00  -.164367E+01
0.910000E+00  -.172311E+01
0.906400E+00  -.180357E+01
0.902800E+00  -.188509E+01
0.899200E+00  -.196769E+01
0.895600E+00  -.205137E+01
0.892000E+00  -.213617E+01
0.888400E+00  -.222211E+01
0.884800E+00  -.230921E+01
0.881200E+00  -.239749E+01
0.877600E+00  -.248698E+01
0.874000E+00  -.257771E+01
0.870400E+00  -.266970E+01
0.866800E+00  -.276297E+01
0.863200E+00  -.285756E+01
0.859600E+00  -.295349E+01
0.856000E+00  -.305079E+01
0.852400E+00  -.314948E+01
0.848800E+00  -.324961E+01
0.845200E+00  -.335119E+01
0.841600E+00  -.345426E+01
0.838000E+00  -.355886E+01
0.834400E+00  -.366501E+01
0.830800E+00  -.377275E+01
0.827200E+00  -.388211E+01
0.823600E+00  -.399313E+01
0.820000E+00  -.410585E+01
0.816400E+00  -.422030E+01
0.812800E+00  -.433652E+01
0.809200E+00  -.445456E+01
0.805600E+00  -.457444E+01
0.802000E+00  -.469622E+01
0.798400E+00  -.481994E+01
0.794800E+00  -.494564E+01
0.791200E+00  -.507336E+01
0.787600E+00  -.520316E+01
0.784000E+00  -.533508E+01
0.780400E+00  -.546916E+01
0.776800E+00  -.560547E+01
0.773200E+00  -.574405E+01
0.769600E+00  -.588496E+01
0.766000E+00  -.602824E+01
0.762400E+00  -.617396E+01
0.758800E+00  -.632218E+01
0.755200E+00  -.647295E+01
0.751600E+00  -.662634E+01
0.748000E+00  -.678241E+01
0.744400E+00  -.694122E+01
0.740800E+00  -.710284E+01
0.737200E+00  -.726735E+01
0.733600E+00  -.743480E+01
0.730000E+00  -.760528E+01
0.726400E+00  -.777886E+01
0.722800E+00  -.795562E+01
0.719200E+00  -.813564E+01
0.715600E+00  -.831899E+01
0.712000E+00  -.850577E+01
0.708400E+00  -.869606E+01
0.704800E+00  -.888996E+01
0.701200E+00  -.908755E+01
0.697600E+00  -.928893E+01
0.694000E+00  -.949420E+01
0.690400E+00  -.970346E+01
0.686800E+00  -.991682E+01
0.683200E+00  -.101344E+02
0.679600E+00  -.103563E+02
0.676000E+00  -.105826E+02
0.672400E+00  -.108134E+02
0.668800E+00  -.110490E+02
0.665200E+00  -.112893E+02
0.661600E+00  -.115346E+02
0.658000E+00  -.117850E+02
0.654400E+00  -.120405E+02
0.650800E+00  -.123014E+02
0.647200E+00  -.125679E+02
0.643600E+00  -.128399E+02
0.640000E+00  -.131178E+02
