0.996400E+00  -.436663E-01
0.992800E+00  -.878103E-01
0.989200E+00  -.132441E+00
0.985600E+00  -.177566E+00
0.982000E+00  -.223196E+00
0.978400E+00  -.269339E+00
0.974800E+00  -.316006E+00
0.971200E+00  -.363206E+00
0.967600E+00  -.410948E+00
0.964000E+00  -.459244E+00
0.960400E+00  -.508103E+00
0.956800E+00  -.557535E+00
0.953200E+00  -.607553E+00
0.949600E+00  -.658168E+00
0.946000E+00  -.709389E+00
0.942400E+00  -.761230E+00
0.938800E+00  -.813701E+00
0.935200E+00  -.866816E+00
0.931600E+00  -.920587E+00
0.928000E+00  -.975026E+00
0.924400E+00  -.103015E+01
0.920800E+00  -.108596E+01
0.917200E+00  -.114249E+01
0.913600E+00  -.119973E+01
0.910000E+00  -.125772E+01
0.906400E+00  -.131645E+01
0.902800E+00  -.137595E+01
0.899200E+00  -.143624E+01
0.895600E+00  -.149732E+01
0.892000E+00  -.155922E+01
0.888400E+00  -.162194E+01
0.884800E+00  -.168552E+01
0.881200E+00  -.174996E+01
0.877600E+00  -.181528E+01
0.874000E+00  -.188150E+01
0.870400E+00  -.194865E+01
0.866800E+00  -.201673E+01
0.863200E+00  -.208577E+01
0.859600E+00  -.215579E+01
0.856000E+00  -.222681E+01
0.852400E+00  -.229885E+01
0.848800E+00  -.237193E+01
0.845200E+00  -.244608E+01
0.841600E+00  -.252131E+01
0.838000E+00  -.259766E+01
0.834400E+00  -.267514E+01
0.830800E+00  -.275378E+01
0.827200E+00  -.283360E+01
0.823600E+00  -.291464E+01
0.820000E+00  -.299691E+01
0.816400E+00  -.308045E+01
0.812800E+00  -.316528E+01
0.809200E+00  -.325144E+01
0.805600E+00  -.333894E+01
0.802000E+00  -.342783E+01
0.798400E+00  -.351814E+01
0.794800E+00  -.360988E+01
0.791200E+00  -.370311E+01
0.787600E+00  -.379785E+01
0.784000E+00  -.389414E+01
0.780400E+00  -.399201E+01
0.776800E+00  -.409151E+01
0.773200E+00  -.419266E+01
0.769600E+00  -.429551E+01
0.766000E+00  -.440009E+01
0.762400E+00  -.450646E+01
0.758800E+00  -.461464E+01
0.755200E+00  -.472469E+01
0.751600E+00  -.483665E+01
0.748000E+00  -.495057E+01
0.744400E+00  -.506649E+01
0.740800E+00  -.518446E+01
0.737200E+00  -.530453E+01
0.733600E+00  -.542676E+01
0.730000E+00  -.555119E+01
0.726400E+00  -.567789E+01
0.722800E+00  -.580691E+01
0.719200E+00  -.593831E+01
0.715600E+00  -.607214E+01
0.712000E+00  -.620847E+01
0.708400E+00  -.634737E+01
0.704800E+00  -.648889E+01
0.701200E+00  -.663312E+01
0.697600E+00  -.678011E+01
0.694000E+00  -.692994E+01
0.690400E+00  -.708268E+01
0.686800E+00  -.723841E+01
0.683200E+00  -.739722E+01
0.679600E+00  -.755917E+01
0.676000E+00  -.772436E+01
0.672400E+00  -.789288E+01
0.668800E+00  -.806480E+01
0.665200E+00  -.824023E+01
0.661600E+00  -.841927E+01
0.658000E+00  -.860200E+01
0.654400E+00  -.878854E+01
0.650800E+00  -.897899E+01
0.647200E+00  -.917345E+01
0.643600E+00  -.937204E+01
0.640000E+00  -.957489E+01
