0.996400E+00  -.652099E-01
0.992800E+00  -.131133E+00
0.989200E+00  -.197783E+00
0.985600E+00  -.265172E+00
0.982000E+00  -.333314E+00
0.978400E+00  -.402223E+00
0.974800E+00  -.471914E+00
0.971200E+00  -.542400E+00
0.967600E+00  -.613697E+00
0.964000E+00  -.685820E+00
0.960400E+00  -.758784E+00
0.956800E+00  -.832606E+00
0.953200E+00  -.907301E+00
0.949600E+00  -.982887E+00
0.946000E+00  -.105938E+01
0.942400E+00  -.113680E+01
0.938800E+00  -.121516E+01
0.935200E+00  -.129448E+01
0.931600E+00  -.137478E+01
0.928000E+00  -.145607E+01
0.924400E+00  -.153839E+01
0.920800E+00  -.162174E+01
0.917200E+00  -.170615E+01
0.913600E+00  -.179164E+01
0.910000E+00  -.187824E+01
0.906400E+00  -.196595E+01
0.902800E+00  -.205481E+01
0.899200E+00  -.214483E+01
0.895600E+00  -.223605E+01
0.892000E+00  -.232849E+01
0.888400E+00  -.242216E+01
0.884800E+00  -.251710E+01
0.881200E+00  -.261333E+01
0.877600E+00  -.271088E+01
0.874000E+00  -.280978E+01
0.870400E+00  -.291005E+01
0.866800E+00  -.301172E+01
0.863200E+00  -.311482E+01
0.859600E+00  -.321939E+01
0.856000E+00  -.332545E+01
0.852400E+00  -.343303E+01
0.848800E+00  -.354217E+01
0.845200E+00  -.365289E+01
0.841600E+00  -.376525E+01
0.838000E+00  -.387926E+01
0.834400E+00  -.399496E+01
0.830800E+00  -.411240E+01
0.827200E+00  -.423161E+01
0.823600E+00  -.435263E+01
0.820000E+00  -.447549E+01
0.816400E+00  -.460025E+01
0.812800E+00  -.472693E+01
0.809200E+00  -.485559E+01
0.805600E+00  -.498627E+01
0.802000E+00  -.511902E+01
0.798400E+00  -.525387E+01
0.794800E+00  -.539089E+01
0.791200E+00  -.553011E+01
0.787600E+00  -.567160E+01
0.784000E+00  -.581539E+01
0.780400E+00  -.596155E+01
0.776800E+00  -.611013E+01
0.773200E+00  -.626118E+01
0.769600E+00  -.641477E+01
0.766000E+00  -.657096E+01
0.762400E+00  -.672980E+01
0.758800E+00  -.689136E+01
0.755200E+00  -.705571E+01
0.751600E+00  -.722290E+01
0.748000E+00  -.739302E+01
0.744400E+00  -.756613E+01
0.740800E+00  -.774231E+01
0.737200E+00  -.792162E+01
0.733600E+00  -.810415E+01
0.730000E+00  -.828998E+01
0.726400E+00  -.847919E+01
0.722800E+00  -.867186E+01
0.719200E+00  -.886808E+01
0.715600E+00  -.906794E+01
0.712000E+00  -.927154E+01
0.708400E+00  -.947896E+01
0.704800E+00  -.969031E+01
0.701200E+00  -.990569E+01
0.697600E+00  -.101252E+02
0.694000E+00  -.103490E+02
0.690400E+00  -.105771E+02
0.686800E+00  -.108096E+02
0.683200E+00  -.110468E+02
0.679600E+00  -.112886E+02
0.676000E+00  -.115353E+02
0.672400E+00  -.117870E+02
0.668800E+00  -.120437E+02
0.665200E+00  -.123057E+02
0.661600E+00  -.125731E+02
0.658000E+00  -.128460E+02
0.654400E+00  -.131245E+02
0.650800E+00  -.134089E+02
0.647200E+00  -.136993E+02
0.643600E+00  -.139959E+02
0.640000E+00  -.142988E+02
