0.996400E+00  -.723911E-01
0.992800E+00  -.145574E+00
0.989200E+00  -.219563E+00
0.985600E+00  -.294373E+00
0.982000E+00  -.370020E+00
0.978400E+00  -.446518E+00
0.974800E+00  -.523883E+00
0.971200E+00  -.602131E+00
0.967600E+00  -.681280E+00
0.964000E+00  -.761345E+00
0.960400E+00  -.842345E+00
0.956800E+00  -.924296E+00
0.953200E+00  -.100722E+01
0.949600E+00  -.109113E+01
0.946000E+00  -.117604E+01
0.942400E+00  -.126199E+01
0.938800E+00  -.134897E+01
0.935200E+00  -.143703E+01
0.931600E+00  -.152617E+01
0.928000E+00  -.161642E+01
0.924400E+00  -.170780E+01
0.920800E+00  -.180034E+01
0.917200E+00  -.189404E+01
0.913600E+00  -.198895E+01
0.910000E+00  -.208507E+01
0.906400E+00  -.218245E+01
0.902800E+00  -.228109E+01
0.899200E+00  -.238103E+01
0.895600E+00  -.248230E+01
0.892000E+00  -.258491E+01
0.888400E+00  -.268890E+01
0.884800E+00  -.279430E+01
0.881200E+00  -.290113E+01
0.877600E+00  -.300942E+01
0.874000E+00  -.311920E+01
0.870400E+00  -.323052E+01
0.866800E+00  -.334338E+01
0.863200E+00  -.345784E+01
0.859600E+00  -.357392E+01
0.856000E+00  -.369166E+01
0.852400E+00  -.381109E+01
0.848800E+00  -.393225E+01
0.845200E+00  -.405517E+01
0.841600E+00  -.417989E+01
0.838000E+00  -.430646E+01
0.834400E+00  -.443491E+01
0.830800E+00  -.456528E+01
0.827200E+00  -.469761E+01
0.823600E+00  -.483196E+01
0.820000E+00  -.496835E+01
0.816400E+00  -.510685E+01
0.812800E+00  -.524748E+01
0.809200E+00  -.539031E+01
0.805600E+00  -.553538E+01
0.802000E+00  -.568275E+01
0.798400E+00  -.583245E+01
0.794800E+00  -.598456E+01
0.791200E+00  -.613911E+01
0.787600E+00  -.629618E+01
0.784000E+00  -.645581E+01
0.780400E+00  -.661806E+01
0.776800E+00  -.678300E+01
0.773200E+00  -.695069E+01
0.769600E+00  -.712120E+01
0.766000E+00  -.729458E+01
0.762400E+00  -.747092E+01
0.758800E+00  -.765027E+01
0.755200E+00  -.783271E+01
0.751600E+00  -.801832E+01
0.748000E+00  -.820717E+01
0.744400E+00  -.839935E+01
0.740800E+00  -.859492E+01
0.737200E+00  -.879398E+01
0.733600E+00  -.899662E+01
0.730000E+00  -.920291E+01
0.726400E+00  -.941295E+01
0.722800E+00  -.962684E+01
0.719200E+00  -.984467E+01
0.715600E+00  -.100665E+02
0.712000E+00  -.102926E+02
0.708400E+00  -.105228E+02
0.704800E+00  -.107574E+02
0.701200E+00  -.109965E+02
0.697600E+00  -.112402E+02
0.694000E+00  -.114886E+02
0.690400E+00  -.117418E+02
0.686800E+00  -.120000E+02
0.683200E+00  -.122633E+02
0.679600E+00  -.125318E+02
0.676000E+00  -.128056E+02
0.672400E+00  -.130850E+02
0.668800E+00  -.133700E+02
0.665200E+00  -.136609E+02
0.661600E+00  -.139577E+02
0.658000E+00  -.142606E+02
0.654400E+00  -.145699E+02
0.650800E+00  -.148856E+02
0.647200E+00  -.152080E+02
0.643600E+00  -.155372E+02
0.640000E+00  -.158735E+02
