0.996400E+00  -.661076E-01
0.992800E+00  -.132938E+00
0.989200E+00  -.200505E+00
0.985600E+00  -.268822E+00
0.982000E+00  -.337902E+00
0.978400E+00  -.407760E+00
0.974800E+00  -.478410E+00
0.971200E+00  -.549866E+00
0.967600E+00  -.622145E+00
0.964000E+00  -.695261E+00
0.960400E+00  -.769229E+00
0.956800E+00  -.844067E+00
0.953200E+00  -.919791E+00
0.949600E+00  -.996417E+00
0.946000E+00  -.107396E+01
0.942400E+00  -.115245E+01
0.938800E+00  -.123188E+01
0.935200E+00  -.131230E+01
0.931600E+00  -.139370E+01
0.928000E+00  -.147612E+01
0.924400E+00  -.155957E+01
0.920800E+00  -.164407E+01
0.917200E+00  -.172964E+01
0.913600E+00  -.181631E+01
0.910000E+00  -.190409E+01
0.906400E+00  -.199301E+01
0.902800E+00  -.208309E+01
0.899200E+00  -.217436E+01
0.895600E+00  -.226683E+01
0.892000E+00  -.236054E+01
0.888400E+00  -.245550E+01
0.884800E+00  -.255175E+01
0.881200E+00  -.264931E+01
0.877600E+00  -.274820E+01
0.874000E+00  -.284846E+01
0.870400E+00  -.295011E+01
0.866800E+00  -.305318E+01
0.863200E+00  -.315770E+01
0.859600E+00  -.326371E+01
0.856000E+00  -.337122E+01
0.852400E+00  -.348029E+01
0.848800E+00  -.359093E+01
0.845200E+00  -.370318E+01
0.841600E+00  -.381708E+01
0.838000E+00  -.393266E+01
0.834400E+00  -.404996E+01
0.830800E+00  -.416901E+01
0.827200E+00  -.428986E+01
0.823600E+00  -.441254E+01
0.820000E+00  -.453710E+01
0.816400E+00  -.466357E+01
0.812800E+00  -.479200E+01
0.809200E+00  -.492243E+01
0.805600E+00  -.505491E+01
0.802000E+00  -.518949E+01
0.798400E+00  -.532620E+01
0.794800E+00  -.546510E+01
0.791200E+00  -.560624E+01
0.787600E+00  -.574967E+01
0.784000E+00  -.589544E+01
0.780400E+00  -.604361E+01
0.776800E+00  -.619424E+01
0.773200E+00  -.634737E+01
0.769600E+00  -.650308E+01
0.766000E+00  -.666141E+01
0.762400E+00  -.682244E+01
0.758800E+00  -.698623E+01
0.755200E+00  -.715283E+01
0.751600E+00  -.732233E+01
0.748000E+00  -.749479E+01
0.744400E+00  -.767028E+01
0.740800E+00  -.784888E+01
0.737200E+00  -.803067E+01
0.733600E+00  -.821571E+01
0.730000E+00  -.840410E+01
0.726400E+00  -.859591E+01
0.722800E+00  -.879123E+01
0.719200E+00  -.899015E+01
0.715600E+00  -.919277E+01
0.712000E+00  -.939917E+01
0.708400E+00  -.960944E+01
0.704800E+00  -.982370E+01
0.701200E+00  -.100420E+02
0.697600E+00  -.102646E+02
0.694000E+00  -.104914E+02
0.690400E+00  -.107227E+02
0.686800E+00  -.109584E+02
0.683200E+00  -.111988E+02
0.679600E+00  -.114440E+02
0.676000E+00  -.116941E+02
0.672400E+00  -.119492E+02
0.668800E+00  -.122095E+02
0.665200E+00  -.124751E+02
0.661600E+00  -.127461E+02
0.658000E+00  -.130228E+02
0.654400E+00  -.133052E+02
0.650800E+00  -.135935E+02
0.647200E+00  -.138879E+02
0.643600E+00  -.141886E+02
0.640000E+00  -.144957E+02
