0.996400E+00  -.696982E-01
0.992800E+00  -.140159E+00
0.989200E+00  -.211395E+00
0.985600E+00  -.283423E+00
0.982000E+00  -.356255E+00
0.978400E+00  -.429907E+00
0.974800E+00  -.504394E+00
0.971200E+00  -.579732E+00
0.967600E+00  -.655936E+00
0.964000E+00  -.733023E+00
0.960400E+00  -.811010E+00
0.956800E+00  -.889912E+00
0.953200E+00  -.969749E+00
0.949600E+00  -.105054E+01
0.946000E+00  -.113229E+01
0.942400E+00  -.121504E+01
0.938800E+00  -.129879E+01
0.935200E+00  -.138357E+01
0.931600E+00  -.146940E+01
0.928000E+00  -.155629E+01
0.924400E+00  -.164427E+01
0.920800E+00  -.173336E+01
0.917200E+00  -.182358E+01
0.913600E+00  -.191496E+01
0.910000E+00  -.200751E+01
0.906400E+00  -.210126E+01
0.902800E+00  -.219624E+01
0.899200E+00  -.229246E+01
0.895600E+00  -.238996E+01
0.892000E+00  -.248875E+01
0.888400E+00  -.258887E+01
0.884800E+00  -.269035E+01
0.881200E+00  -.279320E+01
0.877600E+00  -.289747E+01
0.874000E+00  -.300317E+01
0.870400E+00  -.311034E+01
0.866800E+00  -.321901E+01
0.863200E+00  -.332921E+01
0.859600E+00  -.344097E+01
0.856000E+00  -.355433E+01
0.852400E+00  -.366932E+01
0.848800E+00  -.378597E+01
0.845200E+00  -.390431E+01
0.841600E+00  -.402440E+01
0.838000E+00  -.414626E+01
0.834400E+00  -.426993E+01
0.830800E+00  -.439545E+01
0.827200E+00  -.452286E+01
0.823600E+00  -.465221E+01
0.820000E+00  -.478353E+01
0.816400E+00  -.491687E+01
0.812800E+00  -.505228E+01
0.809200E+00  -.518979E+01
0.805600E+00  -.532947E+01
0.802000E+00  -.547135E+01
0.798400E+00  -.561549E+01
0.794800E+00  -.576193E+01
0.791200E+00  -.591074E+01
0.787600E+00  -.606196E+01
0.784000E+00  -.621565E+01
0.780400E+00  -.637187E+01
0.776800E+00  -.653067E+01
0.773200E+00  -.669213E+01
0.769600E+00  -.685629E+01
0.766000E+00  -.702322E+01
0.762400E+00  -.719300E+01
0.758800E+00  -.736568E+01
0.755200E+00  -.754134E+01
0.751600E+00  -.772004E+01
0.748000E+00  -.790187E+01
0.744400E+00  -.808689E+01
0.740800E+00  -.827519E+01
0.737200E+00  -.846685E+01
0.733600E+00  -.866194E+01
0.730000E+00  -.886056E+01
0.726400E+00  -.906279E+01
0.722800E+00  -.926872E+01
0.719200E+00  -.947845E+01
0.715600E+00  -.969207E+01
0.712000E+00  -.990968E+01
0.708400E+00  -.101314E+02
0.704800E+00  -.103573E+02
0.701200E+00  -.105875E+02
0.697600E+00  -.108221E+02
0.694000E+00  -.110612E+02
0.690400E+00  -.113050E+02
0.686800E+00  -.115536E+02
0.683200E+00  -.118071E+02
0.679600E+00  -.120656E+02
0.676000E+00  -.123293E+02
0.672400E+00  -.125982E+02
0.668800E+00  -.128727E+02
0.665200E+00  -.131527E+02
0.661600E+00  -.134384E+02
0.658000E+00  -.137301E+02
0.654400E+00  -.140279E+02
0.650800E+00  -.143318E+02
0.647200E+00  -.146422E+02
0.643600E+00  -.149592E+02
0.640000E+00  -.152830E+02
