0.996400E+00  -.364851E-01
0.992800E+00  -.733693E-01
0.989200E+00  -.110660E+00
0.985600E+00  -.148364E+00
0.982000E+00  -.186490E+00
0.978400E+00  -.225045E+00
0.974800E+00  -.264037E+00
0.971200E+00  -.303474E+00
0.967600E+00  -.343365E+00
0.964000E+00  -.383718E+00
0.960400E+00  -.424542E+00
0.956800E+00  -.465845E+00
0.953200E+00  -.507638E+00
0.949600E+00  -.549928E+00
0.946000E+00  -.592726E+00
0.942400E+00  -.636041E+00
0.938800E+00  -.679883E+00
0.935200E+00  -.724263E+00
0.931600E+00  -.769191E+00
0.928000E+00  -.814677E+00
0.924400E+00  -.860733E+00
0.920800E+00  -.907369E+00
0.917200E+00  -.954597E+00
0.913600E+00  -.100243E+01
0.910000E+00  -.105088E+01
0.906400E+00  -.109995E+01
0.902800E+00  -.114967E+01
0.899200E+00  -.120004E+01
0.895600E+00  -.125108E+01
0.892000E+00  -.130279E+01
0.888400E+00  -.135521E+01
0.884800E+00  -.140832E+01
0.881200E+00  -.146217E+01
0.877600E+00  -.151675E+01
0.874000E+00  -.157208E+01
0.870400E+00  -.162818E+01
0.866800E+00  -.168507E+01
0.863200E+00  -.174275E+01
0.859600E+00  -.180126E+01
0.856000E+00  -.186060E+01
0.852400E+00  -.192079E+01
0.848800E+00  -.198185E+01
0.845200E+00  -.204380E+01
0.841600E+00  -.210667E+01
0.838000E+00  -.217046E+01
0.834400E+00  -.223519E+01
0.830800E+00  -.230090E+01
0.827200E+00  -.236760E+01
0.823600E+00  -.243531E+01
0.820000E+00  -.250405E+01
0.816400E+00  -.257385E+01
0.812800E+00  -.264473E+01
0.809200E+00  -.271672E+01
0.805600E+00  -.278983E+01
0.802000E+00  -.286410E+01
0.798400E+00  -.293956E+01
0.794800E+00  -.301622E+01
0.791200E+00  -.309411E+01
0.787600E+00  -.317327E+01
0.784000E+00  -.325373E+01
0.780400E+00  -.333550E+01
0.776800E+00  -.341863E+01
0.773200E+00  -.350315E+01
0.769600E+00  -.358908E+01
0.766000E+00  -.367647E+01
0.762400E+00  -.376534E+01
0.758800E+00  -.385574E+01
0.755200E+00  -.394769E+01
0.751600E+00  -.404123E+01
0.748000E+00  -.413642E+01
0.744400E+00  -.423327E+01
0.740800E+00  -.433184E+01
0.737200E+00  -.443217E+01
0.733600E+00  -.453429E+01
0.730000E+00  -.463827E+01
0.726400E+00  -.474413E+01
0.722800E+00  -.485193E+01
0.719200E+00  -.496171E+01
0.715600E+00  -.507354E+01
0.712000E+00  -.518745E+01
0.708400E+00  -.530350E+01
0.704800E+00  -.542175E+01
0.701200E+00  -.554226E+01
0.697600E+00  -.566508E+01
0.694000E+00  -.579027E+01
0.690400E+00  -.591789E+01
0.686800E+00  -.604801E+01
0.683200E+00  -.618070E+01
0.679600E+00  -.631602E+01
0.676000E+00  -.645404E+01
0.672400E+00  -.659484E+01
0.668800E+00  -.673850E+01
0.665200E+00  -.688508E+01
0.661600E+00  -.703467E+01
0.658000E+00  -.718735E+01
0.654400E+00  -.734321E+01
0.650800E+00  -.750234E+01
0.647200E+00  -.766482E+01
0.643600E+00  -.783075E+01
0.640000E+00  -.800024E+01
