0.996400E+00  -.248157E-01
0.992800E+00  -.499028E-01
0.989200E+00  -.752663E-01
0.985600E+00  -.100911E+00
0.982000E+00  -.126843E+00
0.978400E+00  -.153066E+00
0.974800E+00  -.179587E+00
0.971200E+00  -.206411E+00
0.967600E+00  -.233543E+00
0.964000E+00  -.260989E+00
0.960400E+00  -.288756E+00
0.956800E+00  -.316849E+00
0.953200E+00  -.345274E+00
0.949600E+00  -.374038E+00
0.946000E+00  -.403148E+00
0.942400E+00  -.432609E+00
0.938800E+00  -.462428E+00
0.935200E+00  -.492614E+00
0.931600E+00  -.523172E+00
0.928000E+00  -.554110E+00
0.924400E+00  -.585435E+00
0.920800E+00  -.617155E+00
0.917200E+00  -.649278E+00
0.913600E+00  -.681811E+00
0.910000E+00  -.714764E+00
0.906400E+00  -.748143E+00
0.902800E+00  -.781958E+00
0.899200E+00  -.816218E+00
0.895600E+00  -.850931E+00
0.892000E+00  -.886107E+00
0.888400E+00  -.921755E+00
0.884800E+00  -.957885E+00
0.881200E+00  -.994506E+00
0.877600E+00  -.103163E+01
0.874000E+00  -.106926E+01
0.870400E+00  -.110742E+01
0.866800E+00  -.114611E+01
0.863200E+00  -.118535E+01
0.859600E+00  -.122514E+01
0.856000E+00  -.126550E+01
0.852400E+00  -.130644E+01
0.848800E+00  -.134797E+01
0.845200E+00  -.139011E+01
0.841600E+00  -.143287E+01
0.838000E+00  -.147625E+01
0.834400E+00  -.152029E+01
0.830800E+00  -.156498E+01
0.827200E+00  -.161034E+01
0.823600E+00  -.165640E+01
0.820000E+00  -.170315E+01
0.816400E+00  -.175063E+01
0.812800E+00  -.179884E+01
0.809200E+00  -.184780E+01
0.805600E+00  -.189753E+01
0.802000E+00  -.194805E+01
0.798400E+00  -.199937E+01
0.794800E+00  -.205151E+01
0.791200E+00  -.210449E+01
0.787600E+00  -.215833E+01
0.784000E+00  -.221305E+01
0.780400E+00  -.226867E+01
0.776800E+00  -.232521E+01
0.773200E+00  -.238270E+01
0.769600E+00  -.244115E+01
0.766000E+00  -.250058E+01
0.762400E+00  -.256103E+01
0.758800E+00  -.262251E+01
0.755200E+00  -.268505E+01
0.751600E+00  -.274868E+01
0.748000E+00  -.281342E+01
0.744400E+00  -.287930E+01
0.740800E+00  -.294634E+01
0.737200E+00  -.301458E+01
0.733600E+00  -.308404E+01
0.730000E+00  -.315476E+01
0.726400E+00  -.322676E+01
0.722800E+00  -.330008E+01
0.719200E+00  -.337475E+01
0.715600E+00  -.345081E+01
0.712000E+00  -.352829E+01
0.708400E+00  -.360722E+01
0.704800E+00  -.368765E+01
0.701200E+00  -.376962E+01
0.697600E+00  -.385315E+01
0.694000E+00  -.393830E+01
0.690400E+00  -.402510E+01
0.686800E+00  -.411361E+01
0.683200E+00  -.420386E+01
0.679600E+00  -.429590E+01
0.676000E+00  -.438977E+01
0.672400E+00  -.448554E+01
0.668800E+00  -.458325E+01
0.665200E+00  -.468295E+01
0.661600E+00  -.478469E+01
0.658000E+00  -.488854E+01
0.654400E+00  -.499455E+01
0.650800E+00  -.510278E+01
0.647200E+00  -.521329E+01
0.643600E+00  -.532615E+01
0.640000E+00  -.544143E+01
