0.996400E+00  -.100986E-01
0.992800E+00  -.203076E-01
0.989200E+00  -.306291E-01
0.985600E+00  -.410651E-01
0.982000E+00  -.516177E-01
0.978400E+00  -.622892E-01
0.974800E+00  -.730816E-01
0.971200E+00  -.839973E-01
0.967600E+00  -.950386E-01
0.964000E+00  -.106208E+00
0.960400E+00  -.117507E+00
0.956800E+00  -.128939E+00
0.953200E+00  -.140507E+00
0.949600E+00  -.152212E+00
0.946000E+00  -.164058E+00
0.942400E+00  -.176047E+00
0.938800E+00  -.188182E+00
0.935200E+00  -.200466E+00
0.931600E+00  -.212901E+00
0.928000E+00  -.225491E+00
0.924400E+00  -.238239E+00
0.920800E+00  -.251147E+00
0.917200E+00  -.264219E+00
0.913600E+00  -.277458E+00
0.910000E+00  -.290868E+00
0.906400E+00  -.304451E+00
0.902800E+00  -.318212E+00
0.899200E+00  -.332154E+00
0.895600E+00  -.346280E+00
0.892000E+00  -.360595E+00
0.888400E+00  -.375102E+00
0.884800E+00  -.389804E+00
0.881200E+00  -.404707E+00
0.877600E+00  -.419814E+00
0.874000E+00  -.435129E+00
0.870400E+00  -.450657E+00
0.866800E+00  -.466402E+00
0.863200E+00  -.482369E+00
0.859600E+00  -.498562E+00
0.856000E+00  -.514986E+00
0.852400E+00  -.531647E+00
0.848800E+00  -.548548E+00
0.845200E+00  -.565696E+00
0.841600E+00  -.583095E+00
0.838000E+00  -.600751E+00
0.834400E+00  -.618670E+00
0.830800E+00  -.636856E+00
0.827200E+00  -.655317E+00
0.823600E+00  -.674058E+00
0.820000E+00  -.693085E+00
0.816400E+00  -.712405E+00
0.812800E+00  -.732024E+00
0.809200E+00  -.751949E+00
0.805600E+00  -.772186E+00
0.802000E+00  -.792743E+00
0.798400E+00  -.813627E+00
0.794800E+00  -.834846E+00
0.791200E+00  -.856406E+00
0.787600E+00  -.878317E+00
0.784000E+00  -.900585E+00
0.780400E+00  -.923219E+00
0.776800E+00  -.946229E+00
0.773200E+00  -.969622E+00
0.769600E+00  -.993407E+00
0.766000E+00  -.101759E+01
0.762400E+00  -.104219E+01
0.758800E+00  -.106721E+01
0.755200E+00  -.109266E+01
0.751600E+00  -.111856E+01
0.748000E+00  -.114490E+01
0.744400E+00  -.117171E+01
0.740800E+00  -.119899E+01
0.737200E+00  -.122676E+01
0.733600E+00  -.125503E+01
0.730000E+00  -.128381E+01
0.726400E+00  -.131311E+01
0.722800E+00  -.134294E+01
0.719200E+00  -.137333E+01
0.715600E+00  -.140428E+01
0.712000E+00  -.143581E+01
0.708400E+00  -.146793E+01
0.704800E+00  -.150066E+01
0.701200E+00  -.153402E+01
0.697600E+00  -.156801E+01
0.694000E+00  -.160266E+01
0.690400E+00  -.163799E+01
0.686800E+00  -.167400E+01
0.683200E+00  -.171073E+01
0.679600E+00  -.174818E+01
0.676000E+00  -.178639E+01
0.672400E+00  -.182536E+01
0.668800E+00  -.186512E+01
0.665200E+00  -.190569E+01
0.661600E+00  -.194710E+01
0.658000E+00  -.198936E+01
0.654400E+00  -.203250E+01
0.650800E+00  -.207654E+01
0.647200E+00  -.212151E+01
0.643600E+00  -.216744E+01
0.640000E+00  -.221435E+01
