0.996400E+00  -.140077E-01
0.992800E+00  -.281686E-01
0.989200E+00  -.424855E-01
0.985600E+00  -.569612E-01
0.982000E+00  -.715988E-01
0.978400E+00  -.864011E-01
0.974800E+00  -.101371E+00
0.971200E+00  -.116512E+00
0.967600E+00  -.131828E+00
0.964000E+00  -.147320E+00
0.960400E+00  -.162994E+00
0.956800E+00  -.178851E+00
0.953200E+00  -.194897E+00
0.949600E+00  -.211133E+00
0.946000E+00  -.227564E+00
0.942400E+00  -.244194E+00
0.938800E+00  -.261027E+00
0.935200E+00  -.278065E+00
0.931600E+00  -.295314E+00
0.928000E+00  -.312778E+00
0.924400E+00  -.330460E+00
0.920800E+00  -.348365E+00
0.917200E+00  -.366497E+00
0.913600E+00  -.384861E+00
0.910000E+00  -.403462E+00
0.906400E+00  -.422304E+00
0.902800E+00  -.441391E+00
0.899200E+00  -.460730E+00
0.895600E+00  -.480324E+00
0.892000E+00  -.500180E+00
0.888400E+00  -.520302E+00
0.884800E+00  -.540696E+00
0.881200E+00  -.561368E+00
0.877600E+00  -.582322E+00
0.874000E+00  -.603566E+00
0.870400E+00  -.625105E+00
0.866800E+00  -.646945E+00
0.863200E+00  -.669092E+00
0.859600E+00  -.691554E+00
0.856000E+00  -.714336E+00
0.852400E+00  -.737446E+00
0.848800E+00  -.760889E+00
0.845200E+00  -.784675E+00
0.841600E+00  -.808809E+00
0.838000E+00  -.833300E+00
0.834400E+00  -.858155E+00
0.830800E+00  -.883381E+00
0.827200E+00  -.908988E+00
0.823600E+00  -.934984E+00
0.820000E+00  -.961376E+00
0.816400E+00  -.988175E+00
0.812800E+00  -.101539E+01
0.809200E+00  -.104303E+01
0.805600E+00  -.107110E+01
0.802000E+00  -.109961E+01
0.798400E+00  -.112858E+01
0.794800E+00  -.115801E+01
0.791200E+00  -.118792E+01
0.787600E+00  -.121831E+01
0.784000E+00  -.124920E+01
0.780400E+00  -.128059E+01
0.776800E+00  -.131251E+01
0.773200E+00  -.134496E+01
0.769600E+00  -.137795E+01
0.766000E+00  -.141150E+01
0.762400E+00  -.144562E+01
0.758800E+00  -.148033E+01
0.755200E+00  -.151563E+01
0.751600E+00  -.155155E+01
0.748000E+00  -.158809E+01
0.744400E+00  -.162527E+01
0.740800E+00  -.166312E+01
0.737200E+00  -.170164E+01
0.733600E+00  -.174085E+01
0.730000E+00  -.178076E+01
0.726400E+00  -.182141E+01
0.722800E+00  -.186279E+01
0.719200E+00  -.190494E+01
0.715600E+00  -.194788E+01
0.712000E+00  -.199161E+01
0.708400E+00  -.203617E+01
0.704800E+00  -.208157E+01
0.701200E+00  -.212783E+01
0.697600E+00  -.217498E+01
0.694000E+00  -.222305E+01
0.690400E+00  -.227205E+01
0.686800E+00  -.232200E+01
0.683200E+00  -.237295E+01
0.679600E+00  -.242490E+01
0.676000E+00  -.247789E+01
0.672400E+00  -.253195E+01
0.668800E+00  -.258710E+01
0.665200E+00  -.264338E+01
0.661600E+00  -.270081E+01
0.658000E+00  -.275943E+01
0.654400E+00  -.281927E+01
0.650800E+00  -.288036E+01
0.647200E+00  -.294274E+01
0.643600E+00  -.300645E+01
0.640000E+00  -.307152E+01
