0.996400E+00  -.107501E-01
0.992800E+00  -.216177E-01
0.989200E+00  -.326051E-01
0.985600E+00  -.437144E-01
0.982000E+00  -.549479E-01
0.978400E+00  -.663078E-01
0.974800E+00  -.777966E-01
0.971200E+00  -.894165E-01
0.967600E+00  -.101170E+00
0.964000E+00  -.113060E+00
0.960400E+00  -.125088E+00
0.956800E+00  -.137258E+00
0.953200E+00  -.149572E+00
0.949600E+00  -.162032E+00
0.946000E+00  -.174642E+00
0.942400E+00  -.187405E+00
0.938800E+00  -.200323E+00
0.935200E+00  -.213399E+00
0.931600E+00  -.226637E+00
0.928000E+00  -.240039E+00
0.924400E+00  -.253609E+00
0.920800E+00  -.267350E+00
0.917200E+00  -.281265E+00
0.913600E+00  -.295359E+00
0.910000E+00  -.309634E+00
0.906400E+00  -.324094E+00
0.902800E+00  -.338742E+00
0.899200E+00  -.353583E+00
0.895600E+00  -.368621E+00
0.892000E+00  -.383859E+00
0.888400E+00  -.399302E+00
0.884800E+00  -.414953E+00
0.881200E+00  -.430817E+00
0.877600E+00  -.446899E+00
0.874000E+00  -.463202E+00
0.870400E+00  -.479732E+00
0.866800E+00  -.496493E+00
0.863200E+00  -.513490E+00
0.859600E+00  -.530727E+00
0.856000E+00  -.548211E+00
0.852400E+00  -.565947E+00
0.848800E+00  -.583938E+00
0.845200E+00  -.602192E+00
0.841600E+00  -.620714E+00
0.838000E+00  -.639509E+00
0.834400E+00  -.658584E+00
0.830800E+00  -.677944E+00
0.827200E+00  -.697596E+00
0.823600E+00  -.717546E+00
0.820000E+00  -.737801E+00
0.816400E+00  -.758367E+00
0.812800E+00  -.779251E+00
0.809200E+00  -.800462E+00
0.805600E+00  -.822005E+00
0.802000E+00  -.843888E+00
0.798400E+00  -.866119E+00
0.794800E+00  -.888707E+00
0.791200E+00  -.911658E+00
0.787600E+00  -.934982E+00
0.784000E+00  -.958687E+00
0.780400E+00  -.982782E+00
0.776800E+00  -.100728E+01
0.773200E+00  -.103218E+01
0.769600E+00  -.105750E+01
0.766000E+00  -.108325E+01
0.762400E+00  -.110943E+01
0.758800E+00  -.113606E+01
0.755200E+00  -.116316E+01
0.751600E+00  -.119072E+01
0.748000E+00  -.121877E+01
0.744400E+00  -.124730E+01
0.740800E+00  -.127635E+01
0.737200E+00  -.130591E+01
0.733600E+00  -.133600E+01
0.730000E+00  -.136663E+01
0.726400E+00  -.139782E+01
0.722800E+00  -.142959E+01
0.719200E+00  -.146193E+01
0.715600E+00  -.149488E+01
0.712000E+00  -.152845E+01
0.708400E+00  -.156264E+01
0.704800E+00  -.159748E+01
0.701200E+00  -.163299E+01
0.697600E+00  -.166917E+01
0.694000E+00  -.170606E+01
0.690400E+00  -.174366E+01
0.686800E+00  -.178200E+01
0.683200E+00  -.182110E+01
0.679600E+00  -.186097E+01
0.676000E+00  -.190164E+01
0.672400E+00  -.194312E+01
0.668800E+00  -.198545E+01
0.665200E+00  -.202864E+01
0.661600E+00  -.207271E+01
0.658000E+00  -.211770E+01
0.654400E+00  -.216362E+01
0.650800E+00  -.221051E+01
0.647200E+00  -.225838E+01
0.643600E+00  -.230728E+01
0.640000E+00  -.235721E+01
