0.996400E+00  -.562334E-01
0.992800E+00  -.113082E+00
0.989200E+00  -.170557E+00
0.985600E+00  -.228669E+00
0.982000E+00  -.287431E+00
0.978400E+00  -.346855E+00
0.974800E+00  -.406952E+00
0.971200E+00  -.467736E+00
0.967600E+00  -.529218E+00
0.964000E+00  -.591413E+00
0.960400E+00  -.654334E+00
0.956800E+00  -.717993E+00
0.953200E+00  -.782406E+00
0.949600E+00  -.847587E+00
0.946000E+00  -.913550E+00
0.942400E+00  -.980310E+00
0.938800E+00  -.104788E+01
0.935200E+00  -.111628E+01
0.931600E+00  -.118553E+01
0.928000E+00  -.125564E+01
0.924400E+00  -.132662E+01
0.920800E+00  -.139850E+01
0.917200E+00  -.147129E+01
0.913600E+00  -.154501E+01
0.910000E+00  -.161969E+01
0.906400E+00  -.169533E+01
0.902800E+00  -.177195E+01
0.899200E+00  -.184959E+01
0.895600E+00  -.192825E+01
0.892000E+00  -.200796E+01
0.888400E+00  -.208874E+01
0.884800E+00  -.217061E+01
0.881200E+00  -.225359E+01
0.877600E+00  -.233772E+01
0.874000E+00  -.242300E+01
0.870400E+00  -.250947E+01
0.866800E+00  -.259714E+01
0.863200E+00  -.268605E+01
0.859600E+00  -.277622E+01
0.856000E+00  -.286768E+01
0.852400E+00  -.296045E+01
0.848800E+00  -.305457E+01
0.845200E+00  -.315005E+01
0.841600E+00  -.324694E+01
0.838000E+00  -.334526E+01
0.834400E+00  -.344504E+01
0.830800E+00  -.354631E+01
0.827200E+00  -.364911E+01
0.823600E+00  -.375347E+01
0.820000E+00  -.385942E+01
0.816400E+00  -.396700E+01
0.812800E+00  -.407625E+01
0.809200E+00  -.418720E+01
0.805600E+00  -.429989E+01
0.802000E+00  -.441436E+01
0.798400E+00  -.453065E+01
0.794800E+00  -.464880E+01
0.791200E+00  -.476886E+01
0.787600E+00  -.489087E+01
0.784000E+00  -.501487E+01
0.780400E+00  -.514091E+01
0.776800E+00  -.526904E+01
0.773200E+00  -.539930E+01
0.769600E+00  -.553175E+01
0.766000E+00  -.566643E+01
0.762400E+00  -.580341E+01
0.758800E+00  -.594273E+01
0.755200E+00  -.608445E+01
0.751600E+00  -.622863E+01
0.748000E+00  -.637533E+01
0.744400E+00  -.652461E+01
0.740800E+00  -.667654E+01
0.737200E+00  -.683117E+01
0.733600E+00  -.698857E+01
0.730000E+00  -.714882E+01
0.726400E+00  -.731198E+01
0.722800E+00  -.747813E+01
0.719200E+00  -.764734E+01
0.715600E+00  -.781969E+01
0.712000E+00  -.799526E+01
0.708400E+00  -.817413E+01
0.704800E+00  -.835639E+01
0.701200E+00  -.854212E+01
0.697600E+00  -.873141E+01
0.694000E+00  -.892436E+01
0.690400E+00  -.912106E+01
0.686800E+00  -.932162E+01
0.683200E+00  -.952612E+01
0.679600E+00  -.973469E+01
0.676000E+00  -.994742E+01
0.672400E+00  -.101644E+02
0.668800E+00  -.103858E+02
0.665200E+00  -.106118E+02
0.661600E+00  -.108423E+02
0.658000E+00  -.110776E+02
0.654400E+00  -.113179E+02
0.650800E+00  -.115631E+02
0.647200E+00  -.118136E+02
0.643600E+00  -.120693E+02
0.640000E+00  -.123305E+02
