0.996400E+00  -.716672E-02
0.992800E+00  -.144118E-01
0.989200E+00  -.217368E-01
0.985600E+00  -.291430E-01
0.982000E+00  -.366319E-01
0.978400E+00  -.442052E-01
0.974800E+00  -.518644E-01
0.971200E+00  -.596110E-01
0.967600E+00  -.674467E-01
0.964000E+00  -.753732E-01
0.960400E+00  -.833922E-01
0.956800E+00  -.915053E-01
0.953200E+00  -.997145E-01
0.949600E+00  -.108022E+00
0.946000E+00  -.116428E+00
0.942400E+00  -.124937E+00
0.938800E+00  -.133548E+00
0.935200E+00  -.142266E+00
0.931600E+00  -.151091E+00
0.928000E+00  -.160026E+00
0.924400E+00  -.169072E+00
0.920800E+00  -.178233E+00
0.917200E+00  -.187510E+00
0.913600E+00  -.196906E+00
0.910000E+00  -.206422E+00
0.906400E+00  -.216062E+00
0.902800E+00  -.225828E+00
0.899200E+00  -.235722E+00
0.895600E+00  -.245747E+00
0.892000E+00  -.255906E+00
0.888400E+00  -.266201E+00
0.884800E+00  -.276635E+00
0.881200E+00  -.287211E+00
0.877600E+00  -.297932E+00
0.874000E+00  -.308801E+00
0.870400E+00  -.319821E+00
0.866800E+00  -.330995E+00
0.863200E+00  -.342326E+00
0.859600E+00  -.353818E+00
0.856000E+00  -.365474E+00
0.852400E+00  -.377298E+00
0.848800E+00  -.389292E+00
0.845200E+00  -.401462E+00
0.841600E+00  -.413809E+00
0.838000E+00  -.426339E+00
0.834400E+00  -.439056E+00
0.830800E+00  -.451963E+00
0.827200E+00  -.465064E+00
0.823600E+00  -.478364E+00
0.820000E+00  -.491867E+00
0.816400E+00  -.505578E+00
0.812800E+00  -.519501E+00
0.809200E+00  -.533641E+00
0.805600E+00  -.548003E+00
0.802000E+00  -.562592E+00
0.798400E+00  -.577413E+00
0.794800E+00  -.592471E+00
0.791200E+00  -.607772E+00
0.787600E+00  -.623321E+00
0.784000E+00  -.639125E+00
0.780400E+00  -.655188E+00
0.776800E+00  -.671517E+00
0.773200E+00  -.688119E+00
0.769600E+00  -.704999E+00
0.766000E+00  -.722164E+00
0.762400E+00  -.739621E+00
0.758800E+00  -.757377E+00
0.755200E+00  -.775439E+00
0.751600E+00  -.793814E+00
0.748000E+00  -.812510E+00
0.744400E+00  -.831535E+00
0.740800E+00  -.850897E+00
0.737200E+00  -.870604E+00
0.733600E+00  -.890665E+00
0.730000E+00  -.911088E+00
0.726400E+00  -.931882E+00
0.722800E+00  -.953057E+00
0.719200E+00  -.974622E+00
0.715600E+00  -.996588E+00
0.712000E+00  -.101896E+01
0.708400E+00  -.104176E+01
0.704800E+00  -.106499E+01
0.701200E+00  -.108866E+01
0.697600E+00  -.111278E+01
0.694000E+00  -.113737E+01
0.690400E+00  -.116244E+01
0.686800E+00  -.118800E+01
0.683200E+00  -.121407E+01
0.679600E+00  -.124065E+01
0.676000E+00  -.126776E+01
0.672400E+00  -.129542E+01
0.668800E+00  -.132363E+01
0.665200E+00  -.135243E+01
0.661600E+00  -.138181E+01
0.658000E+00  -.141180E+01
0.654400E+00  -.144242E+01
0.650800E+00  -.147367E+01
0.647200E+00  -.150559E+01
0.643600E+00  -.153818E+01
0.640000E+00  -.157148E+01
