0.996400E+00  -.328945E-01
0.992800E+00  -.661489E-01
0.989200E+00  -.997695E-01
0.985600E+00  -.133763E+00
0.982000E+00  -.168137E+00
0.978400E+00  -.202898E+00
0.974800E+00  -.238052E+00
0.971200E+00  -.273608E+00
0.967600E+00  -.309574E+00
0.964000E+00  -.345955E+00
0.960400E+00  -.382762E+00
0.956800E+00  -.420000E+00
0.953200E+00  -.457680E+00
0.949600E+00  -.495808E+00
0.946000E+00  -.534394E+00
0.942400E+00  -.573446E+00
0.938800E+00  -.612974E+00
0.935200E+00  -.652986E+00
0.931600E+00  -.693493E+00
0.928000E+00  -.734502E+00
0.924400E+00  -.776026E+00
0.920800E+00  -.818072E+00
0.917200E+00  -.860653E+00
0.913600E+00  -.903778E+00
0.910000E+00  -.947458E+00
0.906400E+00  -.991704E+00
0.902800E+00  -.103653E+01
0.899200E+00  -.108194E+01
0.895600E+00  -.112796E+01
0.892000E+00  -.117458E+01
0.888400E+00  -.122184E+01
0.884800E+00  -.126973E+01
0.881200E+00  -.131827E+01
0.877600E+00  -.136748E+01
0.874000E+00  -.141737E+01
0.870400E+00  -.146795E+01
0.866800E+00  -.151923E+01
0.863200E+00  -.157124E+01
0.859600E+00  -.162399E+01
0.856000E+00  -.167749E+01
0.852400E+00  -.173176E+01
0.848800E+00  -.178681E+01
0.845200E+00  -.184267E+01
0.841600E+00  -.189934E+01
0.838000E+00  -.195685E+01
0.834400E+00  -.201522E+01
0.830800E+00  -.207446E+01
0.827200E+00  -.213460E+01
0.823600E+00  -.219564E+01
0.820000E+00  -.225762E+01
0.816400E+00  -.232055E+01
0.812800E+00  -.238446E+01
0.809200E+00  -.244936E+01
0.805600E+00  -.251528E+01
0.802000E+00  -.258224E+01
0.798400E+00  -.265027E+01
0.794800E+00  -.271938E+01
0.791200E+00  -.278961E+01
0.787600E+00  -.286098E+01
0.784000E+00  -.293352E+01
0.780400E+00  -.300725E+01
0.776800E+00  -.308220E+01
0.773200E+00  -.315839E+01
0.769600E+00  -.323587E+01
0.766000E+00  -.331466E+01
0.762400E+00  -.339478E+01
0.758800E+00  -.347628E+01
0.755200E+00  -.355918E+01
0.751600E+00  -.364353E+01
0.748000E+00  -.372934E+01
0.744400E+00  -.381666E+01
0.740800E+00  -.390553E+01
0.737200E+00  -.399599E+01
0.733600E+00  -.408806E+01
0.730000E+00  -.418180E+01
0.726400E+00  -.427725E+01
0.722800E+00  -.437444E+01
0.719200E+00  -.447342E+01
0.715600E+00  -.457424E+01
0.712000E+00  -.467694E+01
0.708400E+00  -.478157E+01
0.704800E+00  -.488819E+01
0.701200E+00  -.499683E+01
0.697600E+00  -.510756E+01
0.694000E+00  -.522043E+01
0.690400E+00  -.533549E+01
0.686800E+00  -.545281E+01
0.683200E+00  -.557244E+01
0.679600E+00  -.569444E+01
0.676000E+00  -.581888E+01
0.672400E+00  -.594583E+01
0.668800E+00  -.607534E+01
0.665200E+00  -.620750E+01
0.661600E+00  -.634237E+01
0.658000E+00  -.648002E+01
0.654400E+00  -.662054E+01
0.650800E+00  -.676401E+01
0.647200E+00  -.691050E+01
0.643600E+00  -.706011E+01
0.640000E+00  -.721291E+01
