0.996400E+00  -.607217E-01
0.992800E+00  -.122108E+00
0.989200E+00  -.184170E+00
0.985600E+00  -.246920E+00
0.982000E+00  -.310373E+00
0.978400E+00  -.374539E+00
0.974800E+00  -.439433E+00
0.971200E+00  -.505068E+00
0.967600E+00  -.571458E+00
0.964000E+00  -.638617E+00
0.960400E+00  -.706559E+00
0.956800E+00  -.775300E+00
0.953200E+00  -.844854E+00
0.949600E+00  -.915237E+00
0.946000E+00  -.986465E+00
0.942400E+00  -.105855E+01
0.938800E+00  -.113152E+01
0.935200E+00  -.120538E+01
0.931600E+00  -.128015E+01
0.928000E+00  -.135586E+01
0.924400E+00  -.143251E+01
0.920800E+00  -.151012E+01
0.917200E+00  -.158872E+01
0.913600E+00  -.166833E+01
0.910000E+00  -.174896E+01
0.906400E+00  -.183064E+01
0.902800E+00  -.191338E+01
0.899200E+00  -.199721E+01
0.895600E+00  -.208215E+01
0.892000E+00  -.216822E+01
0.888400E+00  -.225545E+01
0.884800E+00  -.234386E+01
0.881200E+00  -.243346E+01
0.877600E+00  -.252430E+01
0.874000E+00  -.261639E+01
0.870400E+00  -.270976E+01
0.866800E+00  -.280443E+01
0.863200E+00  -.290044E+01
0.859600E+00  -.299781E+01
0.856000E+00  -.309656E+01
0.852400E+00  -.319674E+01
0.848800E+00  -.329837E+01
0.845200E+00  -.340147E+01
0.841600E+00  -.350609E+01
0.838000E+00  -.361226E+01
0.834400E+00  -.372000E+01
0.830800E+00  -.382936E+01
0.827200E+00  -.394036E+01
0.823600E+00  -.405305E+01
0.820000E+00  -.416746E+01
0.816400E+00  -.428362E+01
0.812800E+00  -.440159E+01
0.809200E+00  -.452140E+01
0.805600E+00  -.464308E+01
0.802000E+00  -.476669E+01
0.798400E+00  -.489226E+01
0.794800E+00  -.501985E+01
0.791200E+00  -.514949E+01
0.787600E+00  -.528123E+01
0.784000E+00  -.541513E+01
0.780400E+00  -.555123E+01
0.776800E+00  -.568958E+01
0.773200E+00  -.583024E+01
0.769600E+00  -.597326E+01
0.766000E+00  -.611870E+01
0.762400E+00  -.626660E+01
0.758800E+00  -.641704E+01
0.755200E+00  -.657008E+01
0.751600E+00  -.672577E+01
0.748000E+00  -.688418E+01
0.744400E+00  -.704537E+01
0.740800E+00  -.720942E+01
0.737200E+00  -.737639E+01
0.733600E+00  -.754636E+01
0.730000E+00  -.771940E+01
0.726400E+00  -.789558E+01
0.722800E+00  -.807499E+01
0.719200E+00  -.825771E+01
0.715600E+00  -.844382E+01
0.712000E+00  -.863340E+01
0.708400E+00  -.882655E+01
0.704800E+00  -.902335E+01
0.701200E+00  -.922390E+01
0.697600E+00  -.942831E+01
0.694000E+00  -.963666E+01
0.690400E+00  -.984906E+01
0.686800E+00  -.100656E+02
0.683200E+00  -.102864E+02
0.679600E+00  -.105117E+02
0.676000E+00  -.107414E+02
0.672400E+00  -.109757E+02
0.668800E+00  -.112148E+02
0.665200E+00  -.114587E+02
0.661600E+00  -.117077E+02
0.658000E+00  -.119618E+02
0.654400E+00  -.122212E+02
0.650800E+00  -.124860E+02
0.647200E+00  -.127564E+02
0.643600E+00  -.130326E+02
0.640000E+00  -.133147E+02
