0.996400E+00  -.179168E-01
0.992800E+00  -.360296E-01
0.989200E+00  -.543419E-01
0.985600E+00  -.728574E-01
0.982000E+00  -.915799E-01
0.978400E+00  -.110513E+00
0.974800E+00  -.129661E+00
0.971200E+00  -.149028E+00
0.967600E+00  -.168617E+00
0.964000E+00  -.188433E+00
0.960400E+00  -.208480E+00
0.956800E+00  -.228763E+00
0.953200E+00  -.249286E+00
0.949600E+00  -.270054E+00
0.946000E+00  -.291071E+00
0.942400E+00  -.312341E+00
0.938800E+00  -.333871E+00
0.935200E+00  -.355665E+00
0.931600E+00  -.377728E+00
0.928000E+00  -.400065E+00
0.924400E+00  -.422681E+00
0.920800E+00  -.445583E+00
0.917200E+00  -.468776E+00
0.913600E+00  -.492265E+00
0.910000E+00  -.516056E+00
0.906400E+00  -.540156E+00
0.902800E+00  -.564570E+00
0.899200E+00  -.589306E+00
0.895600E+00  -.614368E+00
0.892000E+00  -.639765E+00
0.888400E+00  -.665503E+00
0.884800E+00  -.691588E+00
0.881200E+00  -.718028E+00
0.877600E+00  -.744831E+00
0.874000E+00  -.772003E+00
0.870400E+00  -.799553E+00
0.866800E+00  -.827488E+00
0.863200E+00  -.855816E+00
0.859600E+00  -.884546E+00
0.856000E+00  -.913686E+00
0.852400E+00  -.943244E+00
0.848800E+00  -.973231E+00
0.845200E+00  -.100365E+01
0.841600E+00  -.103452E+01
0.838000E+00  -.106585E+01
0.834400E+00  -.109764E+01
0.830800E+00  -.112991E+01
0.827200E+00  -.116266E+01
0.823600E+00  -.119591E+01
0.820000E+00  -.122967E+01
0.816400E+00  -.126394E+01
0.812800E+00  -.129875E+01
0.809200E+00  -.133410E+01
0.805600E+00  -.137001E+01
0.802000E+00  -.140648E+01
0.798400E+00  -.144353E+01
0.794800E+00  -.148118E+01
0.791200E+00  -.151943E+01
0.787600E+00  -.155830E+01
0.784000E+00  -.159781E+01
0.780400E+00  -.163797E+01
0.776800E+00  -.167879E+01
0.773200E+00  -.172030E+01
0.769600E+00  -.176250E+01
0.766000E+00  -.180541E+01
0.762400E+00  -.184905E+01
0.758800E+00  -.189344E+01
0.755200E+00  -.193860E+01
0.751600E+00  -.198453E+01
0.748000E+00  -.203128E+01
0.744400E+00  -.207884E+01
0.740800E+00  -.212724E+01
0.737200E+00  -.217651E+01
0.733600E+00  -.222666E+01
0.730000E+00  -.227772E+01
0.726400E+00  -.232971E+01
0.722800E+00  -.238264E+01
0.719200E+00  -.243656E+01
0.715600E+00  -.249147E+01
0.712000E+00  -.254741E+01
0.708400E+00  -.260440E+01
0.704800E+00  -.266247E+01
0.701200E+00  -.272165E+01
0.697600E+00  -.278196E+01
0.694000E+00  -.284343E+01
0.690400E+00  -.290611E+01
0.686800E+00  -.297001E+01
0.683200E+00  -.303516E+01
0.679600E+00  -.310162E+01
0.676000E+00  -.316940E+01
0.672400E+00  -.323854E+01
0.668800E+00  -.330908E+01
0.665200E+00  -.338106E+01
0.661600E+00  -.345452E+01
0.658000E+00  -.352950E+01
0.654400E+00  -.360604E+01
0.650800E+00  -.368418E+01
0.647200E+00  -.376397E+01
0.643600E+00  -.384546E+01
0.640000E+00  -.392869E+01
