0.996400E+00  -.684096E-02
0.992800E+00  -.137567E-01
0.989200E+00  -.207487E-01
0.985600E+00  -.278183E-01
0.982000E+00  -.349669E-01
0.978400E+00  -.421959E-01
0.974800E+00  -.495069E-01
0.971200E+00  -.569014E-01
0.967600E+00  -.643810E-01
0.964000E+00  -.719471E-01
0.960400E+00  -.796016E-01
0.956800E+00  -.873460E-01
0.953200E+00  -.951820E-01
0.949600E+00  -.103111E+00
0.946000E+00  -.111136E+00
0.942400E+00  -.119258E+00
0.938800E+00  -.127478E+00
0.935200E+00  -.135799E+00
0.931600E+00  -.144223E+00
0.928000E+00  -.152752E+00
0.924400E+00  -.161387E+00
0.920800E+00  -.170132E+00
0.917200E+00  -.178987E+00
0.913600E+00  -.187956E+00
0.910000E+00  -.197040E+00
0.906400E+00  -.206241E+00
0.902800E+00  -.215563E+00
0.899200E+00  -.225008E+00
0.895600E+00  -.234577E+00
0.892000E+00  -.244274E+00
0.888400E+00  -.254101E+00
0.884800E+00  -.264061E+00
0.881200E+00  -.274156E+00
0.877600E+00  -.284390E+00
0.874000E+00  -.294765E+00
0.870400E+00  -.305284E+00
0.866800E+00  -.315950E+00
0.863200E+00  -.326766E+00
0.859600E+00  -.337736E+00
0.856000E+00  -.348862E+00
0.852400E+00  -.360148E+00
0.848800E+00  -.371597E+00
0.845200E+00  -.383213E+00
0.841600E+00  -.395000E+00
0.838000E+00  -.406960E+00
0.834400E+00  -.419099E+00
0.830800E+00  -.431419E+00
0.827200E+00  -.443925E+00
0.823600E+00  -.456620E+00
0.820000E+00  -.469509E+00
0.816400E+00  -.482597E+00
0.812800E+00  -.495887E+00
0.809200E+00  -.509385E+00
0.805600E+00  -.523094E+00
0.802000E+00  -.537020E+00
0.798400E+00  -.551167E+00
0.794800E+00  -.565541E+00
0.791200E+00  -.580146E+00
0.787600E+00  -.594989E+00
0.784000E+00  -.610074E+00
0.780400E+00  -.625407E+00
0.776800E+00  -.640994E+00
0.773200E+00  -.656840E+00
0.769600E+00  -.672953E+00
0.766000E+00  -.689338E+00
0.762400E+00  -.706002E+00
0.758800E+00  -.722950E+00
0.755200E+00  -.740191E+00
0.751600E+00  -.757731E+00
0.748000E+00  -.775578E+00
0.744400E+00  -.793738E+00
0.740800E+00  -.812220E+00
0.737200E+00  -.831031E+00
0.733600E+00  -.850180E+00
0.730000E+00  -.869675E+00
0.726400E+00  -.889524E+00
0.722800E+00  -.909736E+00
0.719200E+00  -.930321E+00
0.715600E+00  -.951288E+00
0.712000E+00  -.972647E+00
0.708400E+00  -.994407E+00
0.704800E+00  -.101658E+01
0.701200E+00  -.103917E+01
0.697600E+00  -.106220E+01
0.694000E+00  -.108567E+01
0.690400E+00  -.110960E+01
0.686800E+00  -.113400E+01
0.683200E+00  -.115888E+01
0.679600E+00  -.118425E+01
0.676000E+00  -.121013E+01
0.672400E+00  -.123653E+01
0.668800E+00  -.126347E+01
0.665200E+00  -.129095E+01
0.661600E+00  -.131900E+01
0.658000E+00  -.134763E+01
0.654400E+00  -.137685E+01
0.650800E+00  -.140669E+01
0.647200E+00  -.143715E+01
0.643600E+00  -.146827E+01
0.640000E+00  -.150004E+01
