0.996400E+00  -.427687E-01
0.992800E+00  -.860052E-01
0.989200E+00  -.129718E+00
0.985600E+00  -.173916E+00
0.982000E+00  -.218608E+00
0.978400E+00  -.263803E+00
0.974800E+00  -.309510E+00
0.971200E+00  -.355739E+00
0.967600E+00  -.402500E+00
0.964000E+00  -.449803E+00
0.960400E+00  -.497657E+00
0.956800E+00  -.546074E+00
0.953200E+00  -.595064E+00
0.949600E+00  -.644638E+00
0.946000E+00  -.694806E+00
0.942400E+00  -.745581E+00
0.938800E+00  -.796974E+00
0.935200E+00  -.848997E+00
0.931600E+00  -.901662E+00
0.928000E+00  -.954982E+00
0.924400E+00  -.100897E+01
0.920800E+00  -.106364E+01
0.917200E+00  -.111900E+01
0.913600E+00  -.117507E+01
0.910000E+00  -.123186E+01
0.906400E+00  -.128939E+01
0.902800E+00  -.134767E+01
0.899200E+00  -.140671E+01
0.895600E+00  -.146654E+01
0.892000E+00  -.152716E+01
0.888400E+00  -.158860E+01
0.884800E+00  -.165087E+01
0.881200E+00  -.171398E+01
0.877600E+00  -.177796E+01
0.874000E+00  -.184283E+01
0.870400E+00  -.190859E+01
0.866800E+00  -.197527E+01
0.863200E+00  -.204289E+01
0.859600E+00  -.211147E+01
0.856000E+00  -.218103E+01
0.852400E+00  -.225159E+01
0.848800E+00  -.232317E+01
0.845200E+00  -.239579E+01
0.841600E+00  -.246948E+01
0.838000E+00  -.254426E+01
0.834400E+00  -.262014E+01
0.830800E+00  -.269717E+01
0.827200E+00  -.277535E+01
0.823600E+00  -.285472E+01
0.820000E+00  -.293530E+01
0.816400E+00  -.301713E+01
0.812800E+00  -.310021E+01
0.809200E+00  -.318460E+01
0.805600E+00  -.327031E+01
0.802000E+00  -.335737E+01
0.798400E+00  -.344581E+01
0.794800E+00  -.353568E+01
0.791200E+00  -.362699E+01
0.787600E+00  -.371978E+01
0.784000E+00  -.381409E+01
0.780400E+00  -.390995E+01
0.776800E+00  -.400740E+01
0.773200E+00  -.410647E+01
0.769600E+00  -.420720E+01
0.766000E+00  -.430964E+01
0.762400E+00  -.441382E+01
0.758800E+00  -.451978E+01
0.755200E+00  -.462757E+01
0.751600E+00  -.473722E+01
0.748000E+00  -.484880E+01
0.744400E+00  -.496233E+01
0.740800E+00  -.507788E+01
0.737200E+00  -.519549E+01
0.733600E+00  -.531520E+01
0.730000E+00  -.543708E+01
0.726400E+00  -.556117E+01
0.722800E+00  -.568754E+01
0.719200E+00  -.581623E+01
0.715600E+00  -.594731E+01
0.712000E+00  -.608084E+01
0.708400E+00  -.621689E+01
0.704800E+00  -.635550E+01
0.701200E+00  -.649676E+01
0.697600E+00  -.664073E+01
0.694000E+00  -.678748E+01
0.690400E+00  -.693708E+01
0.686800E+00  -.708961E+01
0.683200E+00  -.724515E+01
0.679600E+00  -.740378E+01
0.676000E+00  -.756557E+01
0.672400E+00  -.773062E+01
0.668800E+00  -.789901E+01
0.665200E+00  -.807084E+01
0.661600E+00  -.824619E+01
0.658000E+00  -.842517E+01
0.654400E+00  -.860787E+01
0.650800E+00  -.879440E+01
0.647200E+00  -.898487E+01
0.643600E+00  -.917938E+01
0.640000E+00  -.937806E+01
