0.996400E+00  -.275086E-01
0.992800E+00  -.553181E-01
0.989200E+00  -.834340E-01
0.985600E+00  -.111862E+00
0.982000E+00  -.140607E+00
0.978400E+00  -.169677E+00
0.974800E+00  -.199075E+00
0.971200E+00  -.228810E+00
0.967600E+00  -.258886E+00
0.964000E+00  -.289311E+00
0.960400E+00  -.320091E+00
0.956800E+00  -.351233E+00
0.953200E+00  -.382743E+00
0.949600E+00  -.414628E+00
0.946000E+00  -.446896E+00
0.942400E+00  -.479555E+00
0.938800E+00  -.512610E+00
0.935200E+00  -.546071E+00
0.931600E+00  -.579945E+00
0.928000E+00  -.614241E+00
0.924400E+00  -.648965E+00
0.920800E+00  -.684128E+00
0.917200E+00  -.719736E+00
0.913600E+00  -.755800E+00
0.910000E+00  -.792328E+00
0.906400E+00  -.829330E+00
0.902800E+00  -.866815E+00
0.899200E+00  -.904793E+00
0.895600E+00  -.943273E+00
0.892000E+00  -.982266E+00
0.888400E+00  -.102178E+01
0.884800E+00  -.106183E+01
0.881200E+00  -.110243E+01
0.877600E+00  -.114358E+01
0.874000E+00  -.118530E+01
0.870400E+00  -.122760E+01
0.866800E+00  -.127049E+01
0.863200E+00  -.131398E+01
0.859600E+00  -.135809E+01
0.856000E+00  -.140283E+01
0.852400E+00  -.144821E+01
0.848800E+00  -.149425E+01
0.845200E+00  -.154096E+01
0.841600E+00  -.158836E+01
0.838000E+00  -.163645E+01
0.834400E+00  -.168526E+01
0.830800E+00  -.173481E+01
0.827200E+00  -.178509E+01
0.823600E+00  -.183614E+01
0.820000E+00  -.188797E+01
0.816400E+00  -.194060E+01
0.812800E+00  -.199404E+01
0.809200E+00  -.204832E+01
0.805600E+00  -.210345E+01
0.802000E+00  -.215944E+01
0.798400E+00  -.221633E+01
0.794800E+00  -.227413E+01
0.791200E+00  -.233286E+01
0.787600E+00  -.239255E+01
0.784000E+00  -.245321E+01
0.780400E+00  -.251486E+01
0.776800E+00  -.257754E+01
0.773200E+00  -.264126E+01
0.769600E+00  -.270605E+01
0.766000E+00  -.277194E+01
0.762400E+00  -.283895E+01
0.758800E+00  -.290710E+01
0.755200E+00  -.297643E+01
0.751600E+00  -.304696E+01
0.748000E+00  -.311873E+01
0.744400E+00  -.319175E+01
0.740800E+00  -.326607E+01
0.737200E+00  -.334171E+01
0.733600E+00  -.341871E+01
0.730000E+00  -.349711E+01
0.726400E+00  -.357692E+01
0.722800E+00  -.365820E+01
0.719200E+00  -.374098E+01
0.715600E+00  -.382529E+01
0.712000E+00  -.391117E+01
0.708400E+00  -.399867E+01
0.704800E+00  -.408783E+01
0.701200E+00  -.417869E+01
0.697600E+00  -.427129E+01
0.694000E+00  -.436568E+01
0.690400E+00  -.446190E+01
0.686800E+00  -.456001E+01
0.683200E+00  -.466005E+01
0.679600E+00  -.476208E+01
0.676000E+00  -.486614E+01
0.672400E+00  -.497230E+01
0.668800E+00  -.508061E+01
0.665200E+00  -.519113E+01
0.661600E+00  -.530392E+01
0.658000E+00  -.541903E+01
0.654400E+00  -.553655E+01
0.650800E+00  -.565652E+01
0.647200E+00  -.577903E+01
0.643600E+00  -.590414E+01
0.640000E+00  -.603192E+01
