0.996400E+00  -.156365E-01
0.992800E+00  -.314440E-01
0.989200E+00  -.474257E-01
0.985600E+00  -.635847E-01
0.982000E+00  -.799242E-01
0.978400E+00  -.964478E-01
0.974800E+00  -.113159E+00
0.971200E+00  -.130060E+00
0.967600E+00  -.147156E+00
0.964000E+00  -.164451E+00
0.960400E+00  -.181947E+00
0.956800E+00  -.199648E+00
0.953200E+00  -.217559E+00
0.949600E+00  -.235683E+00
0.946000E+00  -.254025E+00
0.942400E+00  -.272589E+00
0.938800E+00  -.291378E+00
0.935200E+00  -.310398E+00
0.931600E+00  -.329653E+00
0.928000E+00  -.349147E+00
0.924400E+00  -.368885E+00
0.920800E+00  -.388872E+00
0.917200E+00  -.409113E+00
0.913600E+00  -.429613E+00
0.910000E+00  -.450376E+00
0.906400E+00  -.471409E+00
0.902800E+00  -.492716E+00
0.899200E+00  -.514303E+00
0.895600E+00  -.536176E+00
0.892000E+00  -.558341E+00
0.888400E+00  -.580802E+00
0.884800E+00  -.603568E+00
0.881200E+00  -.626643E+00
0.877600E+00  -.650034E+00
0.874000E+00  -.673748E+00
0.870400E+00  -.697792E+00
0.866800E+00  -.722171E+00
0.863200E+00  -.746894E+00
0.859600E+00  -.771967E+00
0.856000E+00  -.797398E+00
0.852400E+00  -.823195E+00
0.848800E+00  -.849365E+00
0.845200E+00  -.875916E+00
0.841600E+00  -.902857E+00
0.838000E+00  -.930195E+00
0.834400E+00  -.957940E+00
0.830800E+00  -.986100E+00
0.827200E+00  -.101468E+01
0.823600E+00  -.104370E+01
0.820000E+00  -.107316E+01
0.816400E+00  -.110308E+01
0.812800E+00  -.113346E+01
0.809200E+00  -.116431E+01
0.805600E+00  -.119564E+01
0.802000E+00  -.122747E+01
0.798400E+00  -.125981E+01
0.794800E+00  -.129266E+01
0.791200E+00  -.132605E+01
0.787600E+00  -.135997E+01
0.784000E+00  -.139445E+01
0.780400E+00  -.142950E+01
0.776800E+00  -.146513E+01
0.773200E+00  -.150135E+01
0.769600E+00  -.153818E+01
0.766000E+00  -.157563E+01
0.762400E+00  -.161372E+01
0.758800E+00  -.165246E+01
0.755200E+00  -.169187E+01
0.751600E+00  -.173196E+01
0.748000E+00  -.177275E+01
0.744400E+00  -.181426E+01
0.740800E+00  -.185650E+01
0.737200E+00  -.189950E+01
0.733600E+00  -.194327E+01
0.730000E+00  -.198783E+01
0.726400E+00  -.203320E+01
0.722800E+00  -.207940E+01
0.719200E+00  -.212645E+01
0.715600E+00  -.217437E+01
0.712000E+00  -.222319E+01
0.708400E+00  -.227293E+01
0.704800E+00  -.232361E+01
0.701200E+00  -.237525E+01
0.697600E+00  -.242789E+01
0.694000E+00  -.248154E+01
0.690400E+00  -.253624E+01
0.686800E+00  -.259201E+01
0.683200E+00  -.264887E+01
0.679600E+00  -.270687E+01
0.676000E+00  -.276602E+01
0.672400E+00  -.282636E+01
0.668800E+00  -.288793E+01
0.665200E+00  -.295075E+01
0.661600E+00  -.301486E+01
0.658000E+00  -.308029E+01
0.654400E+00  -.314709E+01
0.650800E+00  -.321529E+01
0.647200E+00  -.328492E+01
0.643600E+00  -.335604E+01
0.640000E+00  -.342867E+01
