0.996400E+00  -.879552E-02
0.992800E+00  -.176872E-01
0.989200E+00  -.266769E-01
0.985600E+00  -.357664E-01
0.982000E+00  -.449574E-01
0.978400E+00  -.542519E-01
0.974800E+00  -.636517E-01
0.971200E+00  -.731590E-01
0.967600E+00  -.827755E-01
0.964000E+00  -.925035E-01
0.960400E+00  -.102345E+00
0.956800E+00  -.112302E+00
0.953200E+00  -.122377E+00
0.949600E+00  -.132572E+00
0.946000E+00  -.142889E+00
0.942400E+00  -.153331E+00
0.938800E+00  -.163900E+00
0.935200E+00  -.174599E+00
0.931600E+00  -.185430E+00
0.928000E+00  -.196395E+00
0.924400E+00  -.207498E+00
0.920800E+00  -.218741E+00
0.917200E+00  -.230126E+00
0.913600E+00  -.241657E+00
0.910000E+00  -.253337E+00
0.906400E+00  -.265167E+00
0.902800E+00  -.277153E+00
0.899200E+00  -.289296E+00
0.895600E+00  -.301599E+00
0.892000E+00  -.314067E+00
0.888400E+00  -.326701E+00
0.884800E+00  -.339507E+00
0.881200E+00  -.352487E+00
0.877600E+00  -.365644E+00
0.874000E+00  -.378983E+00
0.870400E+00  -.392508E+00
0.866800E+00  -.406221E+00
0.863200E+00  -.420128E+00
0.859600E+00  -.434232E+00
0.856000E+00  -.448537E+00
0.852400E+00  -.463047E+00
0.848800E+00  -.477768E+00
0.845200E+00  -.492703E+00
0.841600E+00  -.507857E+00
0.838000E+00  -.523235E+00
0.834400E+00  -.538841E+00
0.830800E+00  -.554681E+00
0.827200E+00  -.570760E+00
0.823600E+00  -.587083E+00
0.820000E+00  -.603655E+00
0.816400E+00  -.620482E+00
0.812800E+00  -.637569E+00
0.809200E+00  -.654923E+00
0.805600E+00  -.672549E+00
0.802000E+00  -.690454E+00
0.798400E+00  -.708643E+00
0.794800E+00  -.727124E+00
0.791200E+00  -.745902E+00
0.787600E+00  -.764985E+00
0.784000E+00  -.784380E+00
0.780400E+00  -.804094E+00
0.776800E+00  -.824135E+00
0.773200E+00  -.844509E+00
0.769600E+00  -.865225E+00
0.766000E+00  -.886292E+00
0.762400E+00  -.907716E+00
0.758800E+00  -.929508E+00
0.755200E+00  -.951675E+00
0.751600E+00  -.974226E+00
0.748000E+00  -.997172E+00
0.744400E+00  -.102052E+01
0.740800E+00  -.104428E+01
0.737200E+00  -.106847E+01
0.733600E+00  -.109309E+01
0.730000E+00  -.111815E+01
0.726400E+00  -.114367E+01
0.722800E+00  -.116966E+01
0.719200E+00  -.119613E+01
0.715600E+00  -.122309E+01
0.712000E+00  -.125055E+01
0.708400E+00  -.127852E+01
0.704800E+00  -.130703E+01
0.701200E+00  -.133608E+01
0.697600E+00  -.136569E+01
0.694000E+00  -.139587E+01
0.690400E+00  -.142663E+01
0.686800E+00  -.145800E+01
0.683200E+00  -.148999E+01
0.679600E+00  -.152261E+01
0.676000E+00  -.155589E+01
0.672400E+00  -.158983E+01
0.668800E+00  -.162446E+01
0.665200E+00  -.165980E+01
0.661600E+00  -.169586E+01
0.658000E+00  -.173266E+01
0.654400E+00  -.177024E+01
0.650800E+00  -.180860E+01
0.647200E+00  -.184777E+01
0.643600E+00  -.188777E+01
0.640000E+00  -.192863E+01
