0.996400E+00  -.188941E-01
0.992800E+00  -.379948E-01
0.989200E+00  -.573060E-01
0.985600E+00  -.768315E-01
0.982000E+00  -.965751E-01
0.978400E+00  -.116541E+00
0.974800E+00  -.136733E+00
0.971200E+00  -.157156E+00
0.967600E+00  -.177814E+00
0.964000E+00  -.198711E+00
0.960400E+00  -.219852E+00
0.956800E+00  -.241241E+00
0.953200E+00  -.262884E+00
0.949600E+00  -.284784E+00
0.946000E+00  -.306947E+00
0.942400E+00  -.329378E+00
0.938800E+00  -.352082E+00
0.935200E+00  -.375065E+00
0.931600E+00  -.398331E+00
0.928000E+00  -.421886E+00
0.924400E+00  -.445737E+00
0.920800E+00  -.469888E+00
0.917200E+00  -.494345E+00
0.913600E+00  -.519115E+00
0.910000E+00  -.544205E+00
0.906400E+00  -.569619E+00
0.902800E+00  -.595365E+00
0.899200E+00  -.621450E+00
0.895600E+00  -.647879E+00
0.892000E+00  -.674661E+00
0.888400E+00  -.701803E+00
0.884800E+00  -.729311E+00
0.881200E+00  -.757194E+00
0.877600E+00  -.785458E+00
0.874000E+00  -.814112E+00
0.870400E+00  -.843165E+00
0.866800E+00  -.872623E+00
0.863200E+00  -.902497E+00
0.859600E+00  -.932794E+00
0.856000E+00  -.963523E+00
0.852400E+00  -.994694E+00
0.848800E+00  -.102632E+01
0.845200E+00  -.105840E+01
0.841600E+00  -.109095E+01
0.838000E+00  -.112399E+01
0.834400E+00  -.115751E+01
0.830800E+00  -.119154E+01
0.827200E+00  -.122608E+01
0.823600E+00  -.126114E+01
0.820000E+00  -.129674E+01
0.816400E+00  -.133289E+01
0.812800E+00  -.136959E+01
0.809200E+00  -.140687E+01
0.805600E+00  -.144474E+01
0.802000E+00  -.148320E+01
0.798400E+00  -.152227E+01
0.794800E+00  -.156197E+01
0.791200E+00  -.160231E+01
0.787600E+00  -.164330E+01
0.784000E+00  -.168497E+01
0.780400E+00  -.172731E+01
0.776800E+00  -.177036E+01
0.773200E+00  -.181413E+01
0.769600E+00  -.185863E+01
0.766000E+00  -.190389E+01
0.762400E+00  -.194991E+01
0.758800E+00  -.199672E+01
0.755200E+00  -.204434E+01
0.751600E+00  -.209278E+01
0.748000E+00  -.214207E+01
0.744400E+00  -.219223E+01
0.740800E+00  -.224327E+01
0.737200E+00  -.229523E+01
0.733600E+00  -.234812E+01
0.730000E+00  -.240196E+01
0.726400E+00  -.245678E+01
0.722800E+00  -.251261E+01
0.719200E+00  -.256946E+01
0.715600E+00  -.262737E+01
0.712000E+00  -.268636E+01
0.708400E+00  -.274646E+01
0.704800E+00  -.280769E+01
0.701200E+00  -.287010E+01
0.697600E+00  -.293370E+01
0.694000E+00  -.299853E+01
0.690400E+00  -.306462E+01
0.686800E+00  -.313201E+01
0.683200E+00  -.320072E+01
0.679600E+00  -.327080E+01
0.676000E+00  -.334227E+01
0.672400E+00  -.341519E+01
0.668800E+00  -.348958E+01
0.665200E+00  -.356549E+01
0.661600E+00  -.364295E+01
0.658000E+00  -.372202E+01
0.654400E+00  -.380273E+01
0.650800E+00  -.388514E+01
0.647200E+00  -.396928E+01
0.643600E+00  -.405521E+01
0.640000E+00  -.414298E+01
