0.996400E+00  -.714935E-01
0.992800E+00  -.143769E+00
0.989200E+00  -.216841E+00
0.985600E+00  -.290723E+00
0.982000E+00  -.365431E+00
0.978400E+00  -.440981E+00
0.974800E+00  -.517387E+00
0.971200E+00  -.594665E+00
0.967600E+00  -.672832E+00
0.964000E+00  -.751905E+00
0.960400E+00  -.831900E+00
0.956800E+00  -.912835E+00
0.953200E+00  -.994728E+00
0.949600E+00  -.107760E+01
0.946000E+00  -.116146E+01
0.942400E+00  -.124634E+01
0.938800E+00  -.133225E+01
0.935200E+00  -.141921E+01
0.931600E+00  -.150725E+01
0.928000E+00  -.159638E+01
0.924400E+00  -.168663E+01
0.920800E+00  -.177801E+01
0.917200E+00  -.187056E+01
0.913600E+00  -.196428E+01
0.910000E+00  -.205922E+01
0.906400E+00  -.215539E+01
0.902800E+00  -.225281E+01
0.899200E+00  -.235151E+01
0.895600E+00  -.245152E+01
0.892000E+00  -.255286E+01
0.888400E+00  -.265556E+01
0.884800E+00  -.275965E+01
0.881200E+00  -.286515E+01
0.877600E+00  -.297210E+01
0.874000E+00  -.308053E+01
0.870400E+00  -.319046E+01
0.866800E+00  -.330193E+01
0.863200E+00  -.341496E+01
0.859600E+00  -.352961E+01
0.856000E+00  -.364588E+01
0.852400E+00  -.376383E+01
0.848800E+00  -.388349E+01
0.845200E+00  -.400488E+01
0.841600E+00  -.412806E+01
0.838000E+00  -.425306E+01
0.834400E+00  -.437991E+01
0.830800E+00  -.450867E+01
0.827200E+00  -.463936E+01
0.823600E+00  -.477204E+01
0.820000E+00  -.490675E+01
0.816400E+00  -.504352E+01
0.812800E+00  -.518242E+01
0.809200E+00  -.532347E+01
0.805600E+00  -.546675E+01
0.802000E+00  -.561228E+01
0.798400E+00  -.576013E+01
0.794800E+00  -.591035E+01
0.791200E+00  -.606299E+01
0.787600E+00  -.621810E+01
0.784000E+00  -.637575E+01
0.780400E+00  -.653600E+01
0.776800E+00  -.669889E+01
0.773200E+00  -.686450E+01
0.769600E+00  -.703289E+01
0.766000E+00  -.720413E+01
0.762400E+00  -.737828E+01
0.758800E+00  -.755541E+01
0.755200E+00  -.773559E+01
0.751600E+00  -.791890E+01
0.748000E+00  -.810541E+01
0.744400E+00  -.829520E+01
0.740800E+00  -.848835E+01
0.737200E+00  -.868494E+01
0.733600E+00  -.888506E+01
0.730000E+00  -.908879E+01
0.726400E+00  -.929623E+01
0.722800E+00  -.950747E+01
0.719200E+00  -.972260E+01
0.715600E+00  -.994172E+01
0.712000E+00  -.101649E+02
0.708400E+00  -.103923E+02
0.704800E+00  -.106241E+02
0.701200E+00  -.108602E+02
0.697600E+00  -.111009E+02
0.694000E+00  -.113462E+02
0.690400E+00  -.115962E+02
0.686800E+00  -.118512E+02
0.683200E+00  -.121112E+02
0.679600E+00  -.123764E+02
0.676000E+00  -.126469E+02
0.672400E+00  -.129228E+02
0.668800E+00  -.132042E+02
0.665200E+00  -.134915E+02
0.661600E+00  -.137846E+02
0.658000E+00  -.140838E+02
0.654400E+00  -.143892E+02
0.650800E+00  -.147010E+02
0.647200E+00  -.150194E+02
0.643600E+00  -.153445E+02
0.640000E+00  -.156767E+02
