0.996400E+00  -.169395E-01
0.992800E+00  -.340643E-01
0.989200E+00  -.513778E-01
0.985600E+00  -.688834E-01
0.982000E+00  -.865846E-01
0.978400E+00  -.104485E+00
0.974800E+00  -.122589E+00
0.971200E+00  -.140899E+00
0.967600E+00  -.159420E+00
0.964000E+00  -.178155E+00
0.960400E+00  -.197109E+00
0.956800E+00  -.216285E+00
0.953200E+00  -.235689E+00
0.949600E+00  -.255324E+00
0.946000E+00  -.275194E+00
0.942400E+00  -.295305E+00
0.938800E+00  -.315660E+00
0.935200E+00  -.336265E+00
0.931600E+00  -.357124E+00
0.928000E+00  -.378243E+00
0.924400E+00  -.399626E+00
0.920800E+00  -.421279E+00
0.917200E+00  -.443206E+00
0.913600E+00  -.465414E+00
0.910000E+00  -.487908E+00
0.906400E+00  -.510693E+00
0.902800E+00  -.533776E+00
0.899200E+00  -.557162E+00
0.895600E+00  -.580857E+00
0.892000E+00  -.604869E+00
0.888400E+00  -.629203E+00
0.884800E+00  -.653865E+00
0.881200E+00  -.678863E+00
0.877600E+00  -.704204E+00
0.874000E+00  -.729894E+00
0.870400E+00  -.755941E+00
0.866800E+00  -.782352E+00
0.863200E+00  -.809135E+00
0.859600E+00  -.836298E+00
0.856000E+00  -.863848E+00
0.852400E+00  -.891795E+00
0.848800E+00  -.920145E+00
0.845200E+00  -.948909E+00
0.841600E+00  -.978095E+00
0.838000E+00  -.100771E+01
0.834400E+00  -.103777E+01
0.830800E+00  -.106828E+01
0.827200E+00  -.109924E+01
0.823600E+00  -.113068E+01
0.820000E+00  -.116259E+01
0.816400E+00  -.119500E+01
0.812800E+00  -.122791E+01
0.809200E+00  -.126133E+01
0.805600E+00  -.129528E+01
0.802000E+00  -.132976E+01
0.798400E+00  -.136479E+01
0.794800E+00  -.140039E+01
0.791200E+00  -.143655E+01
0.787600E+00  -.147331E+01
0.784000E+00  -.151066E+01
0.780400E+00  -.154863E+01
0.776800E+00  -.158722E+01
0.773200E+00  -.162646E+01
0.769600E+00  -.166636E+01
0.766000E+00  -.170693E+01
0.762400E+00  -.174819E+01
0.758800E+00  -.179016E+01
0.755200E+00  -.183285E+01
0.751600E+00  -.187629E+01
0.748000E+00  -.192048E+01
0.744400E+00  -.196545E+01
0.740800E+00  -.201121E+01
0.737200E+00  -.205779E+01
0.733600E+00  -.210521E+01
0.730000E+00  -.215348E+01
0.726400E+00  -.220263E+01
0.722800E+00  -.225268E+01
0.719200E+00  -.230365E+01
0.715600E+00  -.235557E+01
0.712000E+00  -.240846E+01
0.708400E+00  -.246234E+01
0.704800E+00  -.251724E+01
0.701200E+00  -.257319E+01
0.697600E+00  -.263021E+01
0.694000E+00  -.268834E+01
0.690400E+00  -.274759E+01
0.686800E+00  -.280801E+01
0.683200E+00  -.286961E+01
0.679600E+00  -.293244E+01
0.676000E+00  -.299652E+01
0.672400E+00  -.306189E+01
0.668800E+00  -.312859E+01
0.665200E+00  -.319664E+01
0.661600E+00  -.326610E+01
0.658000E+00  -.333698E+01
0.654400E+00  -.340935E+01
0.650800E+00  -.348323E+01
0.647200E+00  -.355867E+01
0.643600E+00  -.363571E+01
0.640000E+00  -.371440E+01
