0.996400E+00  -.643123E-01
0.992800E+00  -.129328E+00
0.989200E+00  -.195060E+00
0.985600E+00  -.261521E+00
0.982000E+00  -.328725E+00
0.978400E+00  -.396686E+00
0.974800E+00  -.465417E+00
0.971200E+00  -.534933E+00
0.967600E+00  -.605249E+00
0.964000E+00  -.676379E+00
0.960400E+00  -.748339E+00
0.956800E+00  -.821145E+00
0.953200E+00  -.894812E+00
0.949600E+00  -.969357E+00
0.946000E+00  -.104480E+01
0.942400E+00  -.112115E+01
0.938800E+00  -.119843E+01
0.935200E+00  -.127666E+01
0.931600E+00  -.135585E+01
0.928000E+00  -.143603E+01
0.924400E+00  -.151721E+01
0.920800E+00  -.159942E+01
0.917200E+00  -.168267E+01
0.913600E+00  -.176698E+01
0.910000E+00  -.185238E+01
0.906400E+00  -.193889E+01
0.902800E+00  -.202652E+01
0.899200E+00  -.211531E+01
0.895600E+00  -.220527E+01
0.892000E+00  -.229643E+01
0.888400E+00  -.238882E+01
0.884800E+00  -.248245E+01
0.881200E+00  -.257736E+01
0.877600E+00  -.267357E+01
0.874000E+00  -.277110E+01
0.870400E+00  -.286999E+01
0.866800E+00  -.297026E+01
0.863200E+00  -.307195E+01
0.859600E+00  -.317507E+01
0.856000E+00  -.327967E+01
0.852400E+00  -.338577E+01
0.848800E+00  -.349341E+01
0.845200E+00  -.360261E+01
0.841600E+00  -.371342E+01
0.838000E+00  -.382586E+01
0.834400E+00  -.393997E+01
0.830800E+00  -.405579E+01
0.827200E+00  -.417336E+01
0.823600E+00  -.429271E+01
0.820000E+00  -.441389E+01
0.816400E+00  -.453692E+01
0.812800E+00  -.466187E+01
0.809200E+00  -.478875E+01
0.805600E+00  -.491764E+01
0.802000E+00  -.504855E+01
0.798400E+00  -.518155E+01
0.794800E+00  -.531668E+01
0.791200E+00  -.545399E+01
0.787600E+00  -.559352E+01
0.784000E+00  -.573534E+01
0.780400E+00  -.587948E+01
0.776800E+00  -.602602E+01
0.773200E+00  -.617499E+01
0.769600E+00  -.632647E+01
0.766000E+00  -.648051E+01
0.762400E+00  -.663716E+01
0.758800E+00  -.679650E+01
0.755200E+00  -.695858E+01
0.751600E+00  -.712348E+01
0.748000E+00  -.729125E+01
0.744400E+00  -.746198E+01
0.740800E+00  -.763573E+01
0.737200E+00  -.781258E+01
0.733600E+00  -.799259E+01
0.730000E+00  -.817586E+01
0.726400E+00  -.836247E+01
0.722800E+00  -.855249E+01
0.719200E+00  -.874601E+01
0.715600E+00  -.894312E+01
0.712000E+00  -.914391E+01
0.708400E+00  -.934848E+01
0.704800E+00  -.955692E+01
0.701200E+00  -.976933E+01
0.697600E+00  -.998582E+01
0.694000E+00  -.102065E+02
0.690400E+00  -.104315E+02
0.686800E+00  -.106608E+02
0.683200E+00  -.108947E+02
0.679600E+00  -.111332E+02
0.676000E+00  -.113765E+02
0.672400E+00  -.116247E+02
0.668800E+00  -.118779E+02
0.665200E+00  -.121363E+02
0.661600E+00  -.124000E+02
0.658000E+00  -.126691E+02
0.654400E+00  -.129439E+02
0.650800E+00  -.132244E+02
0.647200E+00  -.135108E+02
0.643600E+00  -.138033E+02
0.640000E+00  -.141020E+02
