0.996400E+00  -.679029E-01
0.992800E+00  -.136548E+00
0.989200E+00  -.205950E+00
0.985600E+00  -.276122E+00
0.982000E+00  -.347078E+00
0.978400E+00  -.418833E+00
0.974800E+00  -.491402E+00
0.971200E+00  -.564799E+00
0.967600E+00  -.639041E+00
0.964000E+00  -.714142E+00
0.960400E+00  -.790120E+00
0.956800E+00  -.866990E+00
0.953200E+00  -.944770E+00
0.949600E+00  -.102348E+01
0.946000E+00  -.110313E+01
0.942400E+00  -.118374E+01
0.938800E+00  -.126534E+01
0.935200E+00  -.134793E+01
0.931600E+00  -.143155E+01
0.928000E+00  -.151620E+01
0.924400E+00  -.160192E+01
0.920800E+00  -.168871E+01
0.917200E+00  -.177661E+01
0.913600E+00  -.186563E+01
0.910000E+00  -.195580E+01
0.906400E+00  -.204714E+01
0.902800E+00  -.213966E+01
0.899200E+00  -.223341E+01
0.895600E+00  -.232839E+01
0.892000E+00  -.242465E+01
0.888400E+00  -.252219E+01
0.884800E+00  -.262105E+01
0.881200E+00  -.272126E+01
0.877600E+00  -.282283E+01
0.874000E+00  -.292581E+01
0.870400E+00  -.303022E+01
0.866800E+00  -.313609E+01
0.863200E+00  -.324346E+01
0.859600E+00  -.335234E+01
0.856000E+00  -.346278E+01
0.852400E+00  -.357480E+01
0.848800E+00  -.368845E+01
0.845200E+00  -.380375E+01
0.841600E+00  -.392074E+01
0.838000E+00  -.403946E+01
0.834400E+00  -.415994E+01
0.830800E+00  -.428223E+01
0.827200E+00  -.440636E+01
0.823600E+00  -.453238E+01
0.820000E+00  -.466032E+01
0.816400E+00  -.479022E+01
0.812800E+00  -.492214E+01
0.809200E+00  -.505611E+01
0.805600E+00  -.519219E+01
0.802000E+00  -.533042E+01
0.798400E+00  -.547084E+01
0.794800E+00  -.561351E+01
0.791200E+00  -.575849E+01
0.787600E+00  -.590581E+01
0.784000E+00  -.605555E+01
0.780400E+00  -.620774E+01
0.776800E+00  -.636246E+01
0.773200E+00  -.651975E+01
0.769600E+00  -.667968E+01
0.766000E+00  -.684232E+01
0.762400E+00  -.700772E+01
0.758800E+00  -.717595E+01
0.755200E+00  -.734708E+01
0.751600E+00  -.752119E+01
0.748000E+00  -.769833E+01
0.744400E+00  -.787859E+01
0.740800E+00  -.806204E+01
0.737200E+00  -.824876E+01
0.733600E+00  -.843883E+01
0.730000E+00  -.863233E+01
0.726400E+00  -.882935E+01
0.722800E+00  -.902998E+01
0.719200E+00  -.923430E+01
0.715600E+00  -.944242E+01
0.712000E+00  -.965442E+01
0.708400E+00  -.987041E+01
0.704800E+00  -.100905E+02
0.701200E+00  -.103148E+02
0.697600E+00  -.105433E+02
0.694000E+00  -.107763E+02
0.690400E+00  -.110138E+02
0.686800E+00  -.112560E+02
0.683200E+00  -.115030E+02
0.679600E+00  -.117548E+02
0.676000E+00  -.120117E+02
0.672400E+00  -.122737E+02
0.668800E+00  -.125411E+02
0.665200E+00  -.128139E+02
0.661600E+00  -.130923E+02
0.658000E+00  -.133765E+02
0.654400E+00  -.136665E+02
0.650800E+00  -.139627E+02
0.647200E+00  -.142651E+02
0.643600E+00  -.145739E+02
0.640000E+00  -.148893E+02
