0.996400E+00  -.846976E-02
0.992800E+00  -.170322E-01
0.989200E+00  -.256889E-01
0.985600E+00  -.344417E-01
0.982000E+00  -.432923E-01
0.978400E+00  -.522425E-01
0.974800E+00  -.612943E-01
0.971200E+00  -.704494E-01
0.967600E+00  -.797098E-01
0.964000E+00  -.890774E-01
0.960400E+00  -.985544E-01
0.956800E+00  -.108143E+00
0.953200E+00  -.117844E+00
0.949600E+00  -.127662E+00
0.946000E+00  -.137597E+00
0.942400E+00  -.147652E+00
0.938800E+00  -.157830E+00
0.935200E+00  -.168132E+00
0.931600E+00  -.178562E+00
0.928000E+00  -.189121E+00
0.924400E+00  -.199813E+00
0.920800E+00  -.210639E+00
0.917200E+00  -.221603E+00
0.913600E+00  -.232707E+00
0.910000E+00  -.243954E+00
0.906400E+00  -.255346E+00
0.902800E+00  -.266888E+00
0.899200E+00  -.278581E+00
0.895600E+00  -.290429E+00
0.892000E+00  -.302434E+00
0.888400E+00  -.314601E+00
0.884800E+00  -.326933E+00
0.881200E+00  -.339432E+00
0.877600E+00  -.352102E+00
0.874000E+00  -.364947E+00
0.870400E+00  -.377970E+00
0.866800E+00  -.391176E+00
0.863200E+00  -.404568E+00
0.859600E+00  -.418149E+00
0.856000E+00  -.431924E+00
0.852400E+00  -.445897E+00
0.848800E+00  -.460073E+00
0.845200E+00  -.474455E+00
0.841600E+00  -.489047E+00
0.838000E+00  -.503856E+00
0.834400E+00  -.518884E+00
0.830800E+00  -.534138E+00
0.827200E+00  -.549621E+00
0.823600E+00  -.565339E+00
0.820000E+00  -.581297E+00
0.816400E+00  -.597501E+00
0.812800E+00  -.613956E+00
0.809200E+00  -.630667E+00
0.805600E+00  -.647640E+00
0.802000E+00  -.664881E+00
0.798400E+00  -.682397E+00
0.794800E+00  -.700193E+00
0.791200E+00  -.718276E+00
0.787600E+00  -.736653E+00
0.784000E+00  -.755329E+00
0.780400E+00  -.774313E+00
0.776800E+00  -.793611E+00
0.773200E+00  -.813231E+00
0.769600E+00  -.833180E+00
0.766000E+00  -.853466E+00
0.762400E+00  -.874097E+00
0.758800E+00  -.895081E+00
0.755200E+00  -.916427E+00
0.751600E+00  -.938144E+00
0.748000E+00  -.960239E+00
0.744400E+00  -.982724E+00
0.740800E+00  -.100561E+01
0.737200E+00  -.102890E+01
0.733600E+00  -.105260E+01
0.730000E+00  -.107674E+01
0.726400E+00  -.110132E+01
0.722800E+00  -.112634E+01
0.719200E+00  -.115183E+01
0.715600E+00  -.117779E+01
0.712000E+00  -.120423E+01
0.708400E+00  -.123117E+01
0.704800E+00  -.125862E+01
0.701200E+00  -.128660E+01
0.697600E+00  -.131511E+01
0.694000E+00  -.134417E+01
0.690400E+00  -.137380E+01
0.686800E+00  -.140400E+01
0.683200E+00  -.143481E+01
0.679600E+00  -.146622E+01
0.676000E+00  -.149826E+01
0.672400E+00  -.153095E+01
0.668800E+00  -.156429E+01
0.665200E+00  -.159832E+01
0.661600E+00  -.163305E+01
0.658000E+00  -.166849E+01
0.654400E+00  -.170467E+01
0.650800E+00  -.174161E+01
0.647200E+00  -.177933E+01
0.643600E+00  -.181785E+01
0.640000E+00  -.185720E+01
