0.996400E+00  -.355875E-01
0.992800E+00  -.715642E-01
0.989200E+00  -.107937E+00
0.985600E+00  -.144714E+00
0.982000E+00  -.181902E+00
0.978400E+00  -.219508E+00
0.974800E+00  -.257541E+00
0.971200E+00  -.296008E+00
0.967600E+00  -.334917E+00
0.964000E+00  -.374277E+00
0.960400E+00  -.414097E+00
0.956800E+00  -.454384E+00
0.953200E+00  -.495148E+00
0.949600E+00  -.536398E+00
0.946000E+00  -.578143E+00
0.942400E+00  -.620392E+00
0.938800E+00  -.663156E+00
0.935200E+00  -.706444E+00
0.931600E+00  -.750266E+00
0.928000E+00  -.794633E+00
0.924400E+00  -.839556E+00
0.920800E+00  -.885045E+00
0.917200E+00  -.931111E+00
0.913600E+00  -.977767E+00
0.910000E+00  -.102502E+01
0.906400E+00  -.107289E+01
0.902800E+00  -.112138E+01
0.899200E+00  -.117052E+01
0.895600E+00  -.122030E+01
0.892000E+00  -.127074E+01
0.888400E+00  -.132186E+01
0.884800E+00  -.137368E+01
0.881200E+00  -.142619E+01
0.877600E+00  -.147943E+01
0.874000E+00  -.153340E+01
0.870400E+00  -.158812E+01
0.866800E+00  -.164361E+01
0.863200E+00  -.169988E+01
0.859600E+00  -.175694E+01
0.856000E+00  -.181482E+01
0.852400E+00  -.187353E+01
0.848800E+00  -.193309E+01
0.845200E+00  -.199352E+01
0.841600E+00  -.205483E+01
0.838000E+00  -.211706E+01
0.834400E+00  -.218020E+01
0.830800E+00  -.224429E+01
0.827200E+00  -.230935E+01
0.823600E+00  -.237539E+01
0.820000E+00  -.244244E+01
0.816400E+00  -.251053E+01
0.812800E+00  -.257966E+01
0.809200E+00  -.264988E+01
0.805600E+00  -.272120E+01
0.802000E+00  -.279364E+01
0.798400E+00  -.286723E+01
0.794800E+00  -.294201E+01
0.791200E+00  -.301799E+01
0.787600E+00  -.309520E+01
0.784000E+00  -.317367E+01
0.780400E+00  -.325344E+01
0.776800E+00  -.333452E+01
0.773200E+00  -.341696E+01
0.769600E+00  -.350078E+01
0.766000E+00  -.358602E+01
0.762400E+00  -.367270E+01
0.758800E+00  -.376087E+01
0.755200E+00  -.385056E+01
0.751600E+00  -.394181E+01
0.748000E+00  -.403465E+01
0.744400E+00  -.412912E+01
0.740800E+00  -.422526E+01
0.737200E+00  -.432312E+01
0.733600E+00  -.442274E+01
0.730000E+00  -.452415E+01
0.726400E+00  -.462741E+01
0.722800E+00  -.473256E+01
0.719200E+00  -.483964E+01
0.715600E+00  -.494871E+01
0.712000E+00  -.505982E+01
0.708400E+00  -.517302E+01
0.704800E+00  -.528836E+01
0.701200E+00  -.540590E+01
0.697600E+00  -.552570E+01
0.694000E+00  -.564781E+01
0.690400E+00  -.577229E+01
0.686800E+00  -.589921E+01
0.683200E+00  -.602863E+01
0.679600E+00  -.616063E+01
0.676000E+00  -.629525E+01
0.672400E+00  -.643259E+01
0.668800E+00  -.657271E+01
0.665200E+00  -.671568E+01
0.661600E+00  -.686159E+01
0.658000E+00  -.701052E+01
0.654400E+00  -.716254E+01
0.650800E+00  -.731775E+01
0.647200E+00  -.747624E+01
0.643600E+00  -.763809E+01
0.640000E+00  -.780341E+01
