0.996400E+00  -.110758E-01
0.992800E+00  -.222728E-01
0.989200E+00  -.335932E-01
0.985600E+00  -.450391E-01
0.982000E+00  -.566130E-01
0.978400E+00  -.683172E-01
0.974800E+00  -.801541E-01
0.971200E+00  -.921261E-01
0.967600E+00  -.104236E+00
0.964000E+00  -.116486E+00
0.960400E+00  -.128879E+00
0.956800E+00  -.141417E+00
0.953200E+00  -.154104E+00
0.949600E+00  -.166942E+00
0.946000E+00  -.179935E+00
0.942400E+00  -.193084E+00
0.938800E+00  -.206393E+00
0.935200E+00  -.219866E+00
0.931600E+00  -.233504E+00
0.928000E+00  -.247313E+00
0.924400E+00  -.261294E+00
0.920800E+00  -.275451E+00
0.917200E+00  -.289789E+00
0.913600E+00  -.304309E+00
0.910000E+00  -.319016E+00
0.906400E+00  -.333915E+00
0.902800E+00  -.349007E+00
0.899200E+00  -.364298E+00
0.895600E+00  -.379791E+00
0.892000E+00  -.395491E+00
0.888400E+00  -.411402E+00
0.884800E+00  -.427527E+00
0.881200E+00  -.443872E+00
0.877600E+00  -.460441E+00
0.874000E+00  -.477238E+00
0.870400E+00  -.494269E+00
0.866800E+00  -.511538E+00
0.863200E+00  -.529050E+00
0.859600E+00  -.546810E+00
0.856000E+00  -.564824E+00
0.852400E+00  -.583096E+00
0.848800E+00  -.601633E+00
0.845200E+00  -.620441E+00
0.841600E+00  -.639523E+00
0.838000E+00  -.658888E+00
0.834400E+00  -.678541E+00
0.830800E+00  -.698488E+00
0.827200E+00  -.718735E+00
0.823600E+00  -.739290E+00
0.820000E+00  -.760158E+00
0.816400E+00  -.781348E+00
0.812800E+00  -.802865E+00
0.809200E+00  -.824718E+00
0.805600E+00  -.846914E+00
0.802000E+00  -.869460E+00
0.798400E+00  -.892365E+00
0.794800E+00  -.915637E+00
0.791200E+00  -.939284E+00
0.787600E+00  -.963315E+00
0.784000E+00  -.987738E+00
0.780400E+00  -.101256E+01
0.776800E+00  -.103780E+01
0.773200E+00  -.106346E+01
0.769600E+00  -.108954E+01
0.766000E+00  -.111607E+01
0.762400E+00  -.114305E+01
0.758800E+00  -.117049E+01
0.755200E+00  -.119841E+01
0.751600E+00  -.122680E+01
0.748000E+00  -.125570E+01
0.744400E+00  -.128510E+01
0.740800E+00  -.131502E+01
0.737200E+00  -.134548E+01
0.733600E+00  -.137648E+01
0.730000E+00  -.140805E+01
0.726400E+00  -.144018E+01
0.722800E+00  -.147291E+01
0.719200E+00  -.150623E+01
0.715600E+00  -.154018E+01
0.712000E+00  -.157476E+01
0.708400E+00  -.160999E+01
0.704800E+00  -.164589E+01
0.701200E+00  -.168247E+01
0.697600E+00  -.171976E+01
0.694000E+00  -.175776E+01
0.690400E+00  -.179650E+01
0.686800E+00  -.183600E+01
0.683200E+00  -.187628E+01
0.679600E+00  -.191736E+01
0.676000E+00  -.195926E+01
0.672400E+00  -.200201E+01
0.668800E+00  -.204561E+01
0.665200E+00  -.209011E+01
0.661600E+00  -.213552E+01
0.658000E+00  -.218187E+01
0.654400E+00  -.222919E+01
0.650800E+00  -.227749E+01
0.647200E+00  -.232682E+01
0.643600E+00  -.237719E+01
0.640000E+00  -.242864E+01
