0.996400E+00  -.114016E-01
0.992800E+00  -.229279E-01
0.989200E+00  -.345812E-01
0.985600E+00  -.463638E-01
0.982000E+00  -.582781E-01
0.978400E+00  -.703265E-01
0.974800E+00  -.825115E-01
0.971200E+00  -.948357E-01
0.967600E+00  -.107302E+00
0.964000E+00  -.119912E+00
0.960400E+00  -.132669E+00
0.956800E+00  -.145577E+00
0.953200E+00  -.158637E+00
0.949600E+00  -.171852E+00
0.946000E+00  -.185227E+00
0.942400E+00  -.198763E+00
0.938800E+00  -.212463E+00
0.935200E+00  -.226332E+00
0.931600E+00  -.240372E+00
0.928000E+00  -.254587E+00
0.924400E+00  -.268979E+00
0.920800E+00  -.283553E+00
0.917200E+00  -.298312E+00
0.913600E+00  -.313259E+00
0.910000E+00  -.328399E+00
0.906400E+00  -.343736E+00
0.902800E+00  -.359272E+00
0.899200E+00  -.375013E+00
0.895600E+00  -.390962E+00
0.892000E+00  -.407123E+00
0.888400E+00  -.423502E+00
0.884800E+00  -.440102E+00
0.881200E+00  -.456927E+00
0.877600E+00  -.473983E+00
0.874000E+00  -.491275E+00
0.870400E+00  -.508806E+00
0.866800E+00  -.526583E+00
0.863200E+00  -.544610E+00
0.859600E+00  -.562893E+00
0.856000E+00  -.581436E+00
0.852400E+00  -.600246E+00
0.848800E+00  -.619329E+00
0.845200E+00  -.638689E+00
0.841600E+00  -.658333E+00
0.838000E+00  -.678267E+00
0.834400E+00  -.698498E+00
0.830800E+00  -.719031E+00
0.827200E+00  -.739874E+00
0.823600E+00  -.761033E+00
0.820000E+00  -.782516E+00
0.816400E+00  -.804328E+00
0.812800E+00  -.826479E+00
0.809200E+00  -.848974E+00
0.805600E+00  -.871823E+00
0.802000E+00  -.895033E+00
0.798400E+00  -.918611E+00
0.794800E+00  -.942568E+00
0.791200E+00  -.966910E+00
0.787600E+00  -.991648E+00
0.784000E+00  -.101679E+01
0.780400E+00  -.104234E+01
0.776800E+00  -.106832E+01
0.773200E+00  -.109473E+01
0.769600E+00  -.112159E+01
0.766000E+00  -.114890E+01
0.762400E+00  -.117667E+01
0.758800E+00  -.120492E+01
0.755200E+00  -.123365E+01
0.751600E+00  -.126289E+01
0.748000E+00  -.129263E+01
0.744400E+00  -.132290E+01
0.740800E+00  -.135370E+01
0.737200E+00  -.138505E+01
0.733600E+00  -.141697E+01
0.730000E+00  -.144946E+01
0.726400E+00  -.148254E+01
0.722800E+00  -.151623E+01
0.719200E+00  -.155054E+01
0.715600E+00  -.158548E+01
0.712000E+00  -.162108E+01
0.708400E+00  -.165735E+01
0.704800E+00  -.169430E+01
0.701200E+00  -.173196E+01
0.697600E+00  -.177034E+01
0.694000E+00  -.180946E+01
0.690400E+00  -.184934E+01
0.686800E+00  -.189000E+01
0.683200E+00  -.193147E+01
0.679600E+00  -.197376E+01
0.676000E+00  -.201689E+01
0.672400E+00  -.206089E+01
0.668800E+00  -.210578E+01
0.665200E+00  -.215159E+01
0.661600E+00  -.219833E+01
0.658000E+00  -.224605E+01
0.654400E+00  -.229475E+01
0.650800E+00  -.234448E+01
0.647200E+00  -.239526E+01
0.643600E+00  -.244711E+01
0.640000E+00  -.250007E+01
