0.996400E+00  -.391781E-01
0.992800E+00  -.787847E-01
0.989200E+00  -.118828E+00
0.985600E+00  -.159315E+00
0.982000E+00  -.200255E+00
0.978400E+00  -.241655E+00
0.974800E+00  -.283525E+00
0.971200E+00  -.325874E+00
0.967600E+00  -.368709E+00
0.964000E+00  -.412040E+00
0.960400E+00  -.455877E+00
0.956800E+00  -.500229E+00
0.953200E+00  -.545106E+00
0.949600E+00  -.590518E+00
0.946000E+00  -.636474E+00
0.942400E+00  -.682987E+00
0.938800E+00  -.730065E+00
0.935200E+00  -.777720E+00
0.931600E+00  -.825964E+00
0.928000E+00  -.874808E+00
0.924400E+00  -.924263E+00
0.920800E+00  -.974342E+00
0.917200E+00  -.102506E+01
0.913600E+00  -.107642E+01
0.910000E+00  -.112844E+01
0.906400E+00  -.118114E+01
0.902800E+00  -.123453E+01
0.899200E+00  -.128862E+01
0.895600E+00  -.134342E+01
0.892000E+00  -.139895E+01
0.888400E+00  -.145523E+01
0.884800E+00  -.151227E+01
0.881200E+00  -.157009E+01
0.877600E+00  -.162870E+01
0.874000E+00  -.168811E+01
0.870400E+00  -.174836E+01
0.866800E+00  -.180944E+01
0.863200E+00  -.187138E+01
0.859600E+00  -.193421E+01
0.856000E+00  -.199793E+01
0.852400E+00  -.206256E+01
0.848800E+00  -.212813E+01
0.845200E+00  -.219466E+01
0.841600E+00  -.226216E+01
0.838000E+00  -.233066E+01
0.834400E+00  -.240017E+01
0.830800E+00  -.247073E+01
0.827200E+00  -.254235E+01
0.823600E+00  -.261506E+01
0.820000E+00  -.268887E+01
0.816400E+00  -.276383E+01
0.812800E+00  -.283994E+01
0.809200E+00  -.291724E+01
0.805600E+00  -.299575E+01
0.802000E+00  -.307550E+01
0.798400E+00  -.315652E+01
0.794800E+00  -.323884E+01
0.791200E+00  -.332249E+01
0.787600E+00  -.340749E+01
0.784000E+00  -.349388E+01
0.780400E+00  -.358169E+01
0.776800E+00  -.367096E+01
0.773200E+00  -.376171E+01
0.769600E+00  -.385399E+01
0.766000E+00  -.394783E+01
0.762400E+00  -.404326E+01
0.758800E+00  -.414033E+01
0.755200E+00  -.423906E+01
0.751600E+00  -.433952E+01
0.748000E+00  -.444172E+01
0.744400E+00  -.454573E+01
0.740800E+00  -.465157E+01
0.737200E+00  -.475930E+01
0.733600E+00  -.486897E+01
0.730000E+00  -.498061E+01
0.726400E+00  -.509429E+01
0.722800E+00  -.521005E+01
0.719200E+00  -.532794E+01
0.715600E+00  -.544801E+01
0.712000E+00  -.557033E+01
0.708400E+00  -.569495E+01
0.704800E+00  -.582193E+01
0.701200E+00  -.595133E+01
0.697600E+00  -.608321E+01
0.694000E+00  -.621764E+01
0.690400E+00  -.635469E+01
0.686800E+00  -.649441E+01
0.683200E+00  -.663689E+01
0.679600E+00  -.678220E+01
0.676000E+00  -.693041E+01
0.672400E+00  -.708161E+01
0.668800E+00  -.723586E+01
0.665200E+00  -.739326E+01
0.661600E+00  -.755389E+01
0.658000E+00  -.771784E+01
0.654400E+00  -.788521E+01
0.650800E+00  -.805608E+01
0.647200E+00  -.823056E+01
0.643600E+00  -.840874E+01
0.640000E+00  -.859073E+01
