0.996400E+00  -.136819E-01
0.992800E+00  -.275135E-01
0.989200E+00  -.414974E-01
0.985600E+00  -.556366E-01
0.982000E+00  -.699337E-01
0.978400E+00  -.843918E-01
0.974800E+00  -.990138E-01
0.971200E+00  -.113803E+00
0.967600E+00  -.128762E+00
0.964000E+00  -.143894E+00
0.960400E+00  -.159203E+00
0.956800E+00  -.174692E+00
0.953200E+00  -.190364E+00
0.949600E+00  -.206223E+00
0.946000E+00  -.222272E+00
0.942400E+00  -.238515E+00
0.938800E+00  -.254956E+00
0.935200E+00  -.271599E+00
0.931600E+00  -.288447E+00
0.928000E+00  -.305504E+00
0.924400E+00  -.322775E+00
0.920800E+00  -.340263E+00
0.917200E+00  -.357974E+00
0.913600E+00  -.375911E+00
0.910000E+00  -.394079E+00
0.906400E+00  -.412483E+00
0.902800E+00  -.431126E+00
0.899200E+00  -.450015E+00
0.895600E+00  -.469154E+00
0.892000E+00  -.488548E+00
0.888400E+00  -.508202E+00
0.884800E+00  -.528122E+00
0.881200E+00  -.548313E+00
0.877600E+00  -.568780E+00
0.874000E+00  -.589530E+00
0.870400E+00  -.610568E+00
0.866800E+00  -.631900E+00
0.863200E+00  -.653532E+00
0.859600E+00  -.675471E+00
0.856000E+00  -.697724E+00
0.852400E+00  -.720296E+00
0.848800E+00  -.743194E+00
0.845200E+00  -.766427E+00
0.841600E+00  -.790000E+00
0.838000E+00  -.813921E+00
0.834400E+00  -.838197E+00
0.830800E+00  -.862838E+00
0.827200E+00  -.887849E+00
0.823600E+00  -.913240E+00
0.820000E+00  -.939019E+00
0.816400E+00  -.965194E+00
0.812800E+00  -.991775E+00
0.809200E+00  -.101877E+01
0.805600E+00  -.104619E+01
0.802000E+00  -.107404E+01
0.798400E+00  -.110233E+01
0.794800E+00  -.113108E+01
0.791200E+00  -.116029E+01
0.787600E+00  -.118998E+01
0.784000E+00  -.122015E+01
0.780400E+00  -.125081E+01
0.776800E+00  -.128199E+01
0.773200E+00  -.131368E+01
0.769600E+00  -.134591E+01
0.766000E+00  -.137868E+01
0.762400E+00  -.141200E+01
0.758800E+00  -.144590E+01
0.755200E+00  -.148038E+01
0.751600E+00  -.151546E+01
0.748000E+00  -.155116E+01
0.744400E+00  -.158748E+01
0.740800E+00  -.162444E+01
0.737200E+00  -.166206E+01
0.733600E+00  -.170036E+01
0.730000E+00  -.173935E+01
0.726400E+00  -.177905E+01
0.722800E+00  -.181947E+01
0.719200E+00  -.186064E+01
0.715600E+00  -.190258E+01
0.712000E+00  -.194529E+01
0.708400E+00  -.198881E+01
0.704800E+00  -.203316E+01
0.701200E+00  -.207835E+01
0.697600E+00  -.212440E+01
0.694000E+00  -.217135E+01
0.690400E+00  -.221921E+01
0.686800E+00  -.226800E+01
0.683200E+00  -.231776E+01
0.679600E+00  -.236851E+01
0.676000E+00  -.242027E+01
0.672400E+00  -.247307E+01
0.668800E+00  -.252694E+01
0.665200E+00  -.258190E+01
0.661600E+00  -.263800E+01
0.658000E+00  -.269526E+01
0.654400E+00  -.275370E+01
0.650800E+00  -.281338E+01
0.647200E+00  -.287431E+01
0.643600E+00  -.293653E+01
0.640000E+00  -.300009E+01
