0.996400E+00  -.670052E-01
0.992800E+00  -.134743E+00
0.989200E+00  -.203228E+00
0.985600E+00  -.272472E+00
0.982000E+00  -.342490E+00
0.978400E+00  -.413297E+00
0.974800E+00  -.484906E+00
0.971200E+00  -.557333E+00
0.967600E+00  -.630593E+00
0.964000E+00  -.704701E+00
0.960400E+00  -.779675E+00
0.956800E+00  -.855529E+00
0.953200E+00  -.932280E+00
0.949600E+00  -.100995E+01
0.946000E+00  -.108855E+01
0.942400E+00  -.116809E+01
0.938800E+00  -.124861E+01
0.935200E+00  -.133011E+01
0.931600E+00  -.141262E+01
0.928000E+00  -.149616E+01
0.924400E+00  -.158074E+01
0.920800E+00  -.166639E+01
0.917200E+00  -.175313E+01
0.913600E+00  -.184097E+01
0.910000E+00  -.192995E+01
0.906400E+00  -.202007E+01
0.902800E+00  -.211138E+01
0.899200E+00  -.220388E+01
0.895600E+00  -.229761E+01
0.892000E+00  -.239259E+01
0.888400E+00  -.248885E+01
0.884800E+00  -.258640E+01
0.881200E+00  -.268528E+01
0.877600E+00  -.278552E+01
0.874000E+00  -.288714E+01
0.870400E+00  -.299017E+01
0.866800E+00  -.309464E+01
0.863200E+00  -.320058E+01
0.859600E+00  -.330802E+01
0.856000E+00  -.341700E+01
0.852400E+00  -.352754E+01
0.848800E+00  -.363969E+01
0.845200E+00  -.375346E+01
0.841600E+00  -.386891E+01
0.838000E+00  -.398606E+01
0.834400E+00  -.410495E+01
0.830800E+00  -.422562E+01
0.827200E+00  -.434811E+01
0.823600E+00  -.447246E+01
0.820000E+00  -.459871E+01
0.816400E+00  -.472690E+01
0.812800E+00  -.485707E+01
0.809200E+00  -.498927E+01
0.805600E+00  -.512355E+01
0.802000E+00  -.525995E+01
0.798400E+00  -.539852E+01
0.794800E+00  -.553931E+01
0.791200E+00  -.568236E+01
0.787600E+00  -.582774E+01
0.784000E+00  -.597549E+01
0.780400E+00  -.612568E+01
0.776800E+00  -.627835E+01
0.773200E+00  -.643356E+01
0.769600E+00  -.659138E+01
0.766000E+00  -.675187E+01
0.762400E+00  -.691508E+01
0.758800E+00  -.708109E+01
0.755200E+00  -.724996E+01
0.751600E+00  -.742176E+01
0.748000E+00  -.759656E+01
0.744400E+00  -.777444E+01
0.740800E+00  -.795546E+01
0.737200E+00  -.813971E+01
0.733600E+00  -.832727E+01
0.730000E+00  -.851821E+01
0.726400E+00  -.871263E+01
0.722800E+00  -.891060E+01
0.719200E+00  -.911223E+01
0.715600E+00  -.931759E+01
0.712000E+00  -.952679E+01
0.708400E+00  -.973993E+01
0.704800E+00  -.995710E+01
0.701200E+00  -.101784E+02
0.697600E+00  -.104040E+02
0.694000E+00  -.106339E+02
0.690400E+00  -.108683E+02
0.686800E+00  -.111072E+02
0.683200E+00  -.113509E+02
0.679600E+00  -.115994E+02
0.676000E+00  -.118529E+02
0.672400E+00  -.121115E+02
0.668800E+00  -.123753E+02
0.665200E+00  -.126445E+02
0.661600E+00  -.129192E+02
0.658000E+00  -.131996E+02
0.654400E+00  -.134859E+02
0.650800E+00  -.137781E+02
0.647200E+00  -.140765E+02
0.643600E+00  -.143812E+02
0.640000E+00  -.146925E+02
