0.996400E+00  -.212251E-01
0.992800E+00  -.426823E-01
0.989200E+00  -.643759E-01
0.985600E+00  -.863103E-01
0.982000E+00  -.108490E+00
0.978400E+00  -.130919E+00
0.974800E+00  -.153602E+00
0.971200E+00  -.176545E+00
0.967600E+00  -.199751E+00
0.964000E+00  -.223226E+00
0.960400E+00  -.246976E+00
0.956800E+00  -.271004E+00
0.953200E+00  -.295316E+00
0.949600E+00  -.319918E+00
0.946000E+00  -.344816E+00
0.942400E+00  -.370014E+00
0.938800E+00  -.395519E+00
0.935200E+00  -.421337E+00
0.931600E+00  -.447474E+00
0.928000E+00  -.473935E+00
0.924400E+00  -.500728E+00
0.920800E+00  -.527858E+00
0.917200E+00  -.555333E+00
0.913600E+00  -.583160E+00
0.910000E+00  -.611344E+00
0.906400E+00  -.639894E+00
0.902800E+00  -.668816E+00
0.899200E+00  -.698119E+00
0.895600E+00  -.727809E+00
0.892000E+00  -.757896E+00
0.888400E+00  -.788386E+00
0.884800E+00  -.819287E+00
0.881200E+00  -.850610E+00
0.877600E+00  -.882361E+00
0.874000E+00  -.914551E+00
0.870400E+00  -.947187E+00
0.866800E+00  -.980280E+00
0.863200E+00  -.101384E+01
0.859600E+00  -.104787E+01
0.856000E+00  -.108239E+01
0.852400E+00  -.111741E+01
0.848800E+00  -.115293E+01
0.845200E+00  -.118897E+01
0.841600E+00  -.122554E+01
0.838000E+00  -.126265E+01
0.834400E+00  -.130031E+01
0.830800E+00  -.133854E+01
0.827200E+00  -.137734E+01
0.823600E+00  -.141673E+01
0.820000E+00  -.145672E+01
0.816400E+00  -.149733E+01
0.812800E+00  -.153856E+01
0.809200E+00  -.158044E+01
0.805600E+00  -.162297E+01
0.802000E+00  -.166618E+01
0.798400E+00  -.171008E+01
0.794800E+00  -.175467E+01
0.791200E+00  -.179999E+01
0.787600E+00  -.184604E+01
0.784000E+00  -.189284E+01
0.780400E+00  -.194042E+01
0.776800E+00  -.198878E+01
0.773200E+00  -.203794E+01
0.769600E+00  -.208793E+01
0.766000E+00  -.213877E+01
0.762400E+00  -.219047E+01
0.758800E+00  -.224306E+01
0.755200E+00  -.229655E+01
0.751600E+00  -.235097E+01
0.748000E+00  -.240634E+01
0.744400E+00  -.246269E+01
0.740800E+00  -.252003E+01
0.737200E+00  -.257840E+01
0.733600E+00  -.263781E+01
0.730000E+00  -.269829E+01
0.726400E+00  -.275988E+01
0.722800E+00  -.282259E+01
0.719200E+00  -.288646E+01
0.715600E+00  -.295151E+01
0.712000E+00  -.301778E+01
0.708400E+00  -.308529E+01
0.704800E+00  -.315408E+01
0.701200E+00  -.322419E+01
0.697600E+00  -.329564E+01
0.694000E+00  -.336846E+01
0.690400E+00  -.344271E+01
0.686800E+00  -.351841E+01
0.683200E+00  -.359560E+01
0.679600E+00  -.367432E+01
0.676000E+00  -.375461E+01
0.672400E+00  -.383652E+01
0.668800E+00  -.392009E+01
0.665200E+00  -.400537E+01
0.661600E+00  -.409239E+01
0.658000E+00  -.418121E+01
0.654400E+00  -.427188E+01
0.650800E+00  -.436445E+01
0.647200E+00  -.445898E+01
0.643600E+00  -.455551E+01
0.640000E+00  -.465411E+01
