0.101250E+01  0.375746E-01
0.102500E+01  0.846253E-01
0.103750E+01  0.143337E+00
0.105000E+01  0.200119E+00
0.106250E+01  0.255125E+00
0.107500E+01  0.309384E+00
0.108750E+01  0.362472E+00
0.110000E+01  0.415639E+00
0.111250E+01  0.468970E+00
0.112500E+01  0.522437E+00
0.113750E+01  0.576081E+00
0.115000E+01  0.629920E+00
0.116250E+01  0.683961E+00
0.117500E+01  0.738176E+00
0.118750E+01  0.792573E+00
0.120000E+01  0.847119E+00
0.121250E+01  0.901743E+00
0.122500E+01  0.956455E+00
0.123750E+01  0.101126E+01
0.125000E+01  0.106618E+01
0.126250E+01  0.112112E+01
0.127500E+01  0.117604E+01
0.128750E+01  0.123098E+01
0.130000E+01  0.128592E+01
0.131250E+01  0.134089E+01
0.132500E+01  0.139588E+01
0.133750E+01  0.145088E+01
0.135000E+01  0.150589E+01
0.136250E+01  0.156094E+01
0.137500E+01  0.161600E+01
0.138750E+01  0.167107E+01
0.140000E+01  0.172616E+01
0.141250E+01  0.178127E+01
0.142500E+01  0.183641E+01
0.143750E+01  0.189155E+01
0.145000E+01  0.194672E+01
0.146250E+01  0.200191E+01
0.147500E+01  0.205712E+01
0.148750E+01  0.211235E+01
0.150000E+01  0.216760E+01
0.151250E+01  0.222287E+01
0.152500E+01  0.227817E+01
0.153750E+01  0.233349E+01
0.155000E+01  0.238883E+01
0.156250E+01  0.244420E+01
0.157500E+01  0.249958E+01
0.158750E+01  0.255499E+01
0.160000E+01  0.261043E+01
0.161250E+01  0.266589E+01
0.162500E+01  0.272138E+01
0.163750E+01  0.277690E+01
0.165000E+01  0.283244E+01
0.166250E+01  0.288800E+01
0.167500E+01  0.294360E+01
0.168750E+01  0.299922E+01
0.170000E+01  0.305487E+01
0.171250E+01  0.311054E+01
0.172500E+01  0.316625E+01
0.173750E+01  0.322198E+01
0.175000E+01  0.327773E+01
0.176250E+01  0.333352E+01
0.177500E+01  0.338932E+01
0.178750E+01  0.344516E+01
0.180000E+01  0.350102E+01
0.181250E+01  0.355691E+01
0.182500E+01  0.361282E+01
0.183750E+01  0.366875E+01
0.185000E+01  0.372472E+01
0.186250E+01  0.378070E+01
0.187500E+01  0.383671E+01
0.188750E+01  0.389275E+01
0.190000E+01  0.394881E+01
0.191250E+01  0.400489E+01
0.192500E+01  0.406099E+01
0.193750E+01  0.411712E+01
0.195000E+01  0.417327E+01
0.196250E+01  0.422944E+01
0.197500E+01  0.428562E+01
0.198750E+01  0.434183E+01
0.200000E+01  0.439805E+01
0.201250E+01  0.445429E+01
0.202500E+01  0.451055E+01
0.203750E+01  0.456683E+01
0.205000E+01  0.462312E+01
0.206250E+01  0.467942E+01
0.207500E+01  0.473574E+01
0.208750E+01  0.479208E+01
0.210000E+01  0.484843E+01
0.211250E+01  0.490479E+01
0.212500E+01  0.496116E+01
0.213750E+01  0.501755E+01
0.215000E+01  0.507394E+01
0.216250E+01  0.513035E+01
0.217500E+01  0.518677E+01
0.218750E+01  0.524320E+01
0.220000E+01  0.529964E+01
0.221250E+01  0.535610E+01
0.222500E+01  0.541256E+01
0.223750E+01  0.546902E+01
0.225000E+01  0.552550E+01
