0.101250E+01  0.258385E-01
0.102500E+01  0.581973E-01
0.103750E+01  0.985746E-01
0.105000E+01  0.137624E+00
0.106250E+01  0.175451E+00
0.107500E+01  0.212760E+00
0.108750E+01  0.249249E+00
0.110000E+01  0.285765E+00
0.111250E+01  0.322403E+00
0.112500E+01  0.359147E+00
0.113750E+01  0.396008E+00
0.115000E+01  0.432984E+00
0.116250E+01  0.470101E+00
0.117500E+01  0.507338E+00
0.118750E+01  0.544695E+00
0.120000E+01  0.582180E+00
0.121250E+01  0.619723E+00
0.122500E+01  0.657316E+00
0.123750E+01  0.694982E+00
0.125000E+01  0.732745E+00
0.126250E+01  0.770515E+00
0.127500E+01  0.808291E+00
0.128750E+01  0.846076E+00
0.130000E+01  0.883864E+00
0.131250E+01  0.921666E+00
0.132500E+01  0.959475E+00
0.133750E+01  0.997300E+00
0.135000E+01  0.103514E+01
0.136250E+01  0.107299E+01
0.137500E+01  0.111086E+01
0.138750E+01  0.114874E+01
0.140000E+01  0.118664E+01
0.141250E+01  0.122455E+01
0.142500E+01  0.126247E+01
0.143750E+01  0.130040E+01
0.145000E+01  0.133834E+01
0.146250E+01  0.137630E+01
0.147500E+01  0.141427E+01
0.148750E+01  0.145226E+01
0.150000E+01  0.149026E+01
0.151250E+01  0.152828E+01
0.152500E+01  0.156631E+01
0.153750E+01  0.160436E+01
0.155000E+01  0.164242E+01
0.156250E+01  0.168049E+01
0.157500E+01  0.171859E+01
0.158750E+01  0.175669E+01
0.160000E+01  0.179482E+01
0.161250E+01  0.183296E+01
0.162500E+01  0.187112E+01
0.163750E+01  0.190930E+01
0.165000E+01  0.194750E+01
0.166250E+01  0.198571E+01
0.167500E+01  0.202394E+01
0.168750E+01  0.206219E+01
0.170000E+01  0.210045E+01
0.171250E+01  0.213874E+01
0.172500E+01  0.217704E+01
0.173750E+01  0.221536E+01
0.175000E+01  0.225370E+01
0.176250E+01  0.229205E+01
0.177500E+01  0.233042E+01
0.178750E+01  0.236881E+01
0.180000E+01  0.240722E+01
0.181250E+01  0.244565E+01
0.182500E+01  0.248409E+01
0.183750E+01  0.252255E+01
0.185000E+01  0.256103E+01
0.186250E+01  0.259952E+01
0.187500E+01  0.263804E+01
0.188750E+01  0.267656E+01
0.190000E+01  0.271511E+01
0.191250E+01  0.275367E+01
0.192500E+01  0.279224E+01
0.193750E+01  0.283084E+01
0.195000E+01  0.286944E+01
0.196250E+01  0.290806E+01
0.197500E+01  0.294669E+01
0.198750E+01  0.298534E+01
0.200000E+01  0.302399E+01
0.201250E+01  0.306266E+01
0.202500E+01  0.310135E+01
0.203750E+01  0.314004E+01
0.205000E+01  0.317874E+01
0.206250E+01  0.321746E+01
0.207500E+01  0.325618E+01
0.208750E+01  0.329491E+01
0.210000E+01  0.333366E+01
0.211250E+01  0.337241E+01
0.212500E+01  0.341117E+01
0.213750E+01  0.344994E+01
0.215000E+01  0.348872E+01
0.216250E+01  0.352750E+01
0.217500E+01  0.356629E+01
0.218750E+01  0.360509E+01
0.220000E+01  0.364390E+01
0.221250E+01  0.368271E+01
0.222500E+01  0.372154E+01
0.223750E+01  0.376036E+01
0.225000E+01  0.379919E+01
