0.101250E+01  0.990476E-01
0.102500E+01  0.200832E+00
0.103750E+01  0.305363E+00
0.105000E+01  0.415495E+00
0.106250E+01  0.530443E+00
0.107500E+01  0.648628E+00
0.108750E+01  0.770273E+00
0.110000E+01  0.894800E+00
0.111250E+01  0.102202E+01
0.112500E+01  0.115168E+01
0.113750E+01  0.128376E+01
0.115000E+01  0.141785E+01
0.116250E+01  0.155445E+01
0.117500E+01  0.169381E+01
0.118750E+01  0.183578E+01
0.120000E+01  0.197839E+01
0.121250E+01  0.212263E+01
0.122500E+01  0.226924E+01
0.123750E+01  0.241715E+01
0.125000E+01  0.256579E+01
0.126250E+01  0.271476E+01
0.127500E+01  0.286444E+01
0.128750E+01  0.301442E+01
0.130000E+01  0.316427E+01
0.131250E+01  0.331308E+01
0.132500E+01  0.346145E+01
0.133750E+01  0.360994E+01
0.135000E+01  0.375831E+01
0.136250E+01  0.390616E+01
0.137500E+01  0.405405E+01
0.138750E+01  0.420198E+01
0.140000E+01  0.434998E+01
0.141250E+01  0.449773E+01
0.142500E+01  0.464508E+01
0.143750E+01  0.479234E+01
0.145000E+01  0.493967E+01
0.146250E+01  0.508708E+01
0.147500E+01  0.523451E+01
0.148750E+01  0.538198E+01
0.150000E+01  0.552941E+01
0.151250E+01  0.567681E+01
0.152500E+01  0.582424E+01
0.153750E+01  0.597183E+01
0.155000E+01  0.611943E+01
0.156250E+01  0.626701E+01
0.157500E+01  0.641451E+01
0.158750E+01  0.656199E+01
0.160000E+01  0.670950E+01
0.161250E+01  0.685699E+01
0.162500E+01  0.700452E+01
0.163750E+01  0.715205E+01
0.165000E+01  0.729959E+01
0.166250E+01  0.744720E+01
0.167500E+01  0.759493E+01
0.168750E+01  0.774269E+01
0.170000E+01  0.789043E+01
0.171250E+01  0.803806E+01
0.172500E+01  0.818574E+01
0.173750E+01  0.833354E+01
0.175000E+01  0.848148E+01
0.176250E+01  0.862950E+01
0.177500E+01  0.877749E+01
0.178750E+01  0.892545E+01
0.180000E+01  0.907341E+01
0.181250E+01  0.922145E+01
0.182500E+01  0.936956E+01
0.183750E+01  0.951788E+01
0.185000E+01  0.966638E+01
0.186250E+01  0.981489E+01
0.187500E+01  0.996345E+01
0.188750E+01  0.101120E+02
0.190000E+01  0.102606E+02
0.191250E+01  0.104092E+02
0.192500E+01  0.105580E+02
0.193750E+01  0.107068E+02
0.195000E+01  0.108556E+02
0.196250E+01  0.110045E+02
0.197500E+01  0.111534E+02
0.198750E+01  0.113024E+02
0.200000E+01  0.114513E+02
0.201250E+01  0.116004E+02
0.202500E+01  0.117494E+02
0.203750E+01  0.118985E+02
0.205000E+01  0.120476E+02
0.206250E+01  0.121968E+02
0.207500E+01  0.123460E+02
0.208750E+01  0.124952E+02
0.210000E+01  0.126444E+02
0.211250E+01  0.127937E+02
0.212500E+01  0.129430E+02
0.213750E+01  0.130923E+02
0.215000E+01  0.132417E+02
0.216250E+01  0.133911E+02
0.217500E+01  0.135404E+02
0.218750E+01  0.136899E+02
0.220000E+01  0.138393E+02
0.221250E+01  0.139887E+02
0.222500E+01  0.141382E+02
0.223750E+01  0.142877E+02
0.225000E+01  0.144372E+02
