0.101250E+01  0.192514E+00
0.102500E+01  0.390519E+00
0.103750E+01  0.594183E+00
0.105000E+01  0.808585E+00
0.106250E+01  0.103360E+01
0.107500E+01  0.126625E+01
0.108750E+01  0.150472E+01
0.110000E+01  0.175050E+01
0.111250E+01  0.200293E+01
0.112500E+01  0.226201E+01
0.113750E+01  0.252702E+01
0.115000E+01  0.279902E+01
0.116250E+01  0.307767E+01
0.117500E+01  0.335707E+01
0.118750E+01  0.363664E+01
0.120000E+01  0.391906E+01
0.121250E+01  0.420502E+01
0.122500E+01  0.449402E+01
0.123750E+01  0.478303E+01
0.125000E+01  0.507175E+01
0.126250E+01  0.536066E+01
0.127500E+01  0.564874E+01
0.128750E+01  0.593654E+01
0.130000E+01  0.622364E+01
0.131250E+01  0.651018E+01
0.132500E+01  0.679630E+01
0.133750E+01  0.708218E+01
0.135000E+01  0.736791E+01
0.136250E+01  0.765349E+01
0.137500E+01  0.793922E+01
0.138750E+01  0.822495E+01
0.140000E+01  0.851049E+01
0.141250E+01  0.879587E+01
0.142500E+01  0.908091E+01
0.143750E+01  0.936610E+01
0.145000E+01  0.965134E+01
0.146250E+01  0.993677E+01
0.147500E+01  0.102223E+02
0.148750E+01  0.105077E+02
0.150000E+01  0.107932E+02
0.151250E+01  0.110785E+02
0.152500E+01  0.113638E+02
0.153750E+01  0.116491E+02
0.155000E+01  0.119347E+02
0.156250E+01  0.122206E+02
0.157500E+01  0.125066E+02
0.158750E+01  0.127926E+02
0.160000E+01  0.130786E+02
0.161250E+01  0.133647E+02
0.162500E+01  0.136507E+02
0.163750E+01  0.139368E+02
0.165000E+01  0.142231E+02
0.166250E+01  0.145095E+02
0.167500E+01  0.147959E+02
0.168750E+01  0.150825E+02
0.170000E+01  0.153692E+02
0.171250E+01  0.156560E+02
0.172500E+01  0.159430E+02
0.173750E+01  0.162301E+02
0.175000E+01  0.165172E+02
0.176250E+01  0.168044E+02
0.177500E+01  0.170916E+02
0.178750E+01  0.173790E+02
0.180000E+01  0.176665E+02
0.181250E+01  0.179542E+02
0.182500E+01  0.182419E+02
0.183750E+01  0.185300E+02
0.185000E+01  0.188182E+02
0.186250E+01  0.191066E+02
0.187500E+01  0.193951E+02
0.188750E+01  0.196837E+02
0.190000E+01  0.199723E+02
0.191250E+01  0.202611E+02
0.192500E+01  0.205500E+02
0.193750E+01  0.208392E+02
0.195000E+01  0.211284E+02
0.196250E+01  0.214176E+02
0.197500E+01  0.217069E+02
0.198750E+01  0.219962E+02
0.200000E+01  0.222855E+02
0.201250E+01  0.225751E+02
0.202500E+01  0.228647E+02
0.203750E+01  0.231543E+02
0.205000E+01  0.234440E+02
0.206250E+01  0.237338E+02
0.207500E+01  0.240238E+02
0.208750E+01  0.243139E+02
0.210000E+01  0.246040E+02
0.211250E+01  0.248940E+02
0.212500E+01  0.251841E+02
0.213750E+01  0.254743E+02
0.215000E+01  0.257644E+02
0.216250E+01  0.260547E+02
0.217500E+01  0.263450E+02
0.218750E+01  0.266354E+02
0.220000E+01  0.269258E+02
0.221250E+01  0.272163E+02
0.222500E+01  0.275067E+02
0.223750E+01  0.277973E+02
0.225000E+01  0.280878E+02
