0.101250E+01  0.622045E-01
0.102500E+01  0.140078E+00
0.103750E+01  0.237257E+00
0.105000E+01  0.331249E+00
0.106250E+01  0.422304E+00
0.107500E+01  0.512142E+00
0.108750E+01  0.600121E+00
0.110000E+01  0.688283E+00
0.111250E+01  0.776771E+00
0.112500E+01  0.865528E+00
0.113750E+01  0.954538E+00
0.115000E+01  0.104391E+01
0.116250E+01  0.113356E+01
0.117500E+01  0.122354E+01
0.118750E+01  0.131374E+01
0.120000E+01  0.140413E+01
0.121250E+01  0.149468E+01
0.122500E+01  0.158535E+01
0.123750E+01  0.167608E+01
0.125000E+01  0.176697E+01
0.126250E+01  0.185786E+01
0.127500E+01  0.194876E+01
0.128750E+01  0.203968E+01
0.130000E+01  0.213062E+01
0.131250E+01  0.222156E+01
0.132500E+01  0.231255E+01
0.133750E+01  0.240357E+01
0.135000E+01  0.249461E+01
0.136250E+01  0.258569E+01
0.137500E+01  0.267680E+01
0.138750E+01  0.276794E+01
0.140000E+01  0.285912E+01
0.141250E+01  0.295031E+01
0.142500E+01  0.304154E+01
0.143750E+01  0.313280E+01
0.145000E+01  0.322409E+01
0.146250E+01  0.331543E+01
0.147500E+01  0.340680E+01
0.148750E+01  0.349820E+01
0.150000E+01  0.358964E+01
0.151250E+01  0.368112E+01
0.152500E+01  0.377264E+01
0.153750E+01  0.386420E+01
0.155000E+01  0.395580E+01
0.156250E+01  0.404744E+01
0.157500E+01  0.413913E+01
0.158750E+01  0.423085E+01
0.160000E+01  0.432263E+01
0.161250E+01  0.441444E+01
0.162500E+01  0.450630E+01
0.163750E+01  0.459821E+01
0.165000E+01  0.469016E+01
0.166250E+01  0.478217E+01
0.167500E+01  0.487421E+01
0.168750E+01  0.496631E+01
0.170000E+01  0.505845E+01
0.171250E+01  0.515064E+01
0.172500E+01  0.524287E+01
0.173750E+01  0.533515E+01
0.175000E+01  0.542747E+01
0.176250E+01  0.551984E+01
0.177500E+01  0.561225E+01
0.178750E+01  0.570471E+01
0.180000E+01  0.579721E+01
0.181250E+01  0.588976E+01
0.182500E+01  0.598234E+01
0.183750E+01  0.607497E+01
0.185000E+01  0.616763E+01
0.186250E+01  0.626034E+01
0.187500E+01  0.635309E+01
0.188750E+01  0.644588E+01
0.190000E+01  0.653871E+01
0.191250E+01  0.663157E+01
0.192500E+01  0.672448E+01
0.193750E+01  0.681742E+01
0.195000E+01  0.691039E+01
0.196250E+01  0.700340E+01
0.197500E+01  0.709644E+01
0.198750E+01  0.718951E+01
0.200000E+01  0.728261E+01
0.201250E+01  0.737574E+01
0.202500E+01  0.746890E+01
0.203750E+01  0.756208E+01
0.205000E+01  0.765529E+01
0.206250E+01  0.774853E+01
0.207500E+01  0.784179E+01
0.208750E+01  0.793508E+01
0.210000E+01  0.802839E+01
0.211250E+01  0.812172E+01
0.212500E+01  0.821507E+01
0.213750E+01  0.830844E+01
0.215000E+01  0.840183E+01
0.216250E+01  0.849524E+01
0.217500E+01  0.858867E+01
0.218750E+01  0.868211E+01
0.220000E+01  0.877557E+01
0.221250E+01  0.886905E+01
0.222500E+01  0.896254E+01
0.223750E+01  0.905605E+01
0.225000E+01  0.914957E+01
