0.101250E+01  0.657214E-01
0.102500E+01  0.147995E+00
0.103750E+01  0.250665E+00
0.105000E+01  0.349970E+00
0.106250E+01  0.446173E+00
0.107500E+01  0.541093E+00
0.108750E+01  0.634060E+00
0.110000E+01  0.727237E+00
0.111250E+01  0.820758E+00
0.112500E+01  0.914561E+00
0.113750E+01  0.100864E+01
0.115000E+01  0.110309E+01
0.116250E+01  0.119785E+01
0.117500E+01  0.129295E+01
0.118750E+01  0.138825E+01
0.120000E+01  0.148377E+01
0.121250E+01  0.157946E+01
0.122500E+01  0.167523E+01
0.123750E+01  0.177111E+01
0.125000E+01  0.186712E+01
0.126250E+01  0.196314E+01
0.127500E+01  0.205918E+01
0.128750E+01  0.215524E+01
0.130000E+01  0.225130E+01
0.131250E+01  0.234739E+01
0.132500E+01  0.244351E+01
0.133750E+01  0.253966E+01
0.135000E+01  0.263585E+01
0.136250E+01  0.273207E+01
0.137500E+01  0.282833E+01
0.138750E+01  0.292462E+01
0.140000E+01  0.302094E+01
0.141250E+01  0.311729E+01
0.142500E+01  0.321367E+01
0.143750E+01  0.331009E+01
0.145000E+01  0.340654E+01
0.146250E+01  0.350303E+01
0.147500E+01  0.359956E+01
0.148750E+01  0.369613E+01
0.150000E+01  0.379274E+01
0.151250E+01  0.388939E+01
0.152500E+01  0.398608E+01
0.153750E+01  0.408282E+01
0.155000E+01  0.417960E+01
0.156250E+01  0.427642E+01
0.157500E+01  0.437328E+01
0.158750E+01  0.447020E+01
0.160000E+01  0.456716E+01
0.161250E+01  0.466417E+01
0.162500E+01  0.476122E+01
0.163750E+01  0.485833E+01
0.165000E+01  0.495548E+01
0.166250E+01  0.505269E+01
0.167500E+01  0.514994E+01
0.168750E+01  0.524725E+01
0.170000E+01  0.534460E+01
0.171250E+01  0.544200E+01
0.172500E+01  0.553945E+01
0.173750E+01  0.563695E+01
0.175000E+01  0.573450E+01
0.176250E+01  0.583209E+01
0.177500E+01  0.592973E+01
0.178750E+01  0.602742E+01
0.180000E+01  0.612515E+01
0.181250E+01  0.622293E+01
0.182500E+01  0.632076E+01
0.183750E+01  0.641862E+01
0.185000E+01  0.651653E+01
0.186250E+01  0.661449E+01
0.187500E+01  0.671248E+01
0.188750E+01  0.681052E+01
0.190000E+01  0.690860E+01
0.191250E+01  0.700672E+01
0.192500E+01  0.710488E+01
0.193750E+01  0.720307E+01
0.195000E+01  0.730131E+01
0.196250E+01  0.739958E+01
0.197500E+01  0.749788E+01
0.198750E+01  0.759622E+01
0.200000E+01  0.769458E+01
0.201250E+01  0.779298E+01
0.202500E+01  0.789141E+01
0.203750E+01  0.798987E+01
0.205000E+01  0.808835E+01
0.206250E+01  0.818686E+01
0.207500E+01  0.828540E+01
0.208750E+01  0.838397E+01
0.210000E+01  0.848255E+01
0.211250E+01  0.858116E+01
0.212500E+01  0.867980E+01
0.213750E+01  0.877845E+01
0.215000E+01  0.887712E+01
0.216250E+01  0.897582E+01
0.217500E+01  0.907453E+01
0.218750E+01  0.917326E+01
0.220000E+01  0.927201E+01
0.221250E+01  0.937078E+01
0.222500E+01  0.946956E+01
0.223750E+01  0.956835E+01
0.225000E+01  0.966716E+01
