0.101250E+01  0.166751E+00
0.102500E+01  0.338221E+00
0.103750E+01  0.514528E+00
0.105000E+01  0.700072E+00
0.106250E+01  0.894377E+00
0.107500E+01  0.109536E+01
0.108750E+01  0.130124E+01
0.110000E+01  0.151290E+01
0.111250E+01  0.173025E+01
0.112500E+01  0.195274E+01
0.113750E+01  0.218012E+01
0.115000E+01  0.241173E+01
0.116250E+01  0.264735E+01
0.117500E+01  0.288836E+01
0.118750E+01  0.313207E+01
0.120000E+01  0.337821E+01
0.121250E+01  0.362618E+01
0.122500E+01  0.387526E+01
0.123750E+01  0.412555E+01
0.125000E+01  0.437548E+01
0.126250E+01  0.462641E+01
0.127500E+01  0.487700E+01
0.128750E+01  0.512738E+01
0.130000E+01  0.537667E+01
0.131250E+01  0.562548E+01
0.132500E+01  0.587377E+01
0.133750E+01  0.612190E+01
0.135000E+01  0.636972E+01
0.136250E+01  0.661745E+01
0.137500E+01  0.686525E+01
0.138750E+01  0.711303E+01
0.140000E+01  0.736065E+01
0.141250E+01  0.760820E+01
0.142500E+01  0.785567E+01
0.143750E+01  0.810303E+01
0.145000E+01  0.835032E+01
0.146250E+01  0.859771E+01
0.147500E+01  0.884516E+01
0.148750E+01  0.909259E+01
0.150000E+01  0.934001E+01
0.151250E+01  0.958738E+01
0.152500E+01  0.983467E+01
0.153750E+01  0.100819E+02
0.155000E+01  0.103295E+02
0.156250E+01  0.105774E+02
0.157500E+01  0.108253E+02
0.158750E+01  0.110731E+02
0.160000E+01  0.113209E+02
0.161250E+01  0.115688E+02
0.162500E+01  0.118169E+02
0.163750E+01  0.120649E+02
0.165000E+01  0.123129E+02
0.166250E+01  0.125610E+02
0.167500E+01  0.128092E+02
0.168750E+01  0.130575E+02
0.170000E+01  0.133058E+02
0.171250E+01  0.135542E+02
0.172500E+01  0.138028E+02
0.173750E+01  0.140515E+02
0.175000E+01  0.143002E+02
0.176250E+01  0.145491E+02
0.177500E+01  0.147980E+02
0.178750E+01  0.150471E+02
0.180000E+01  0.152964E+02
0.181250E+01  0.155458E+02
0.182500E+01  0.157952E+02
0.183750E+01  0.160449E+02
0.185000E+01  0.162945E+02
0.186250E+01  0.165442E+02
0.187500E+01  0.167940E+02
0.188750E+01  0.170439E+02
0.190000E+01  0.172939E+02
0.191250E+01  0.175440E+02
0.192500E+01  0.177943E+02
0.193750E+01  0.180446E+02
0.195000E+01  0.182950E+02
0.196250E+01  0.185455E+02
0.197500E+01  0.187961E+02
0.198750E+01  0.190468E+02
0.200000E+01  0.192975E+02
0.201250E+01  0.195484E+02
0.202500E+01  0.197995E+02
0.203750E+01  0.200505E+02
0.205000E+01  0.203015E+02
0.206250E+01  0.205526E+02
0.207500E+01  0.208036E+02
0.208750E+01  0.210548E+02
0.210000E+01  0.213059E+02
0.211250E+01  0.215572E+02
0.212500E+01  0.218085E+02
0.213750E+01  0.220598E+02
0.215000E+01  0.223112E+02
0.216250E+01  0.225626E+02
0.217500E+01  0.228140E+02
0.218750E+01  0.230655E+02
0.220000E+01  0.233170E+02
0.221250E+01  0.235686E+02
0.222500E+01  0.238203E+02
0.223750E+01  0.240719E+02
0.225000E+01  0.243236E+02
