0.101250E+01  0.118404E+00
0.102500E+01  0.240103E+00
0.103750E+01  0.365133E+00
0.105000E+01  0.496773E+00
0.106250E+01  0.634214E+00
0.107500E+01  0.775975E+00
0.108750E+01  0.921799E+00
0.110000E+01  0.107082E+01
0.111250E+01  0.122348E+01
0.112500E+01  0.137936E+01
0.113750E+01  0.153780E+01
0.115000E+01  0.169954E+01
0.116250E+01  0.186398E+01
0.117500E+01  0.203101E+01
0.118750E+01  0.220036E+01
0.120000E+01  0.237266E+01
0.121250E+01  0.254714E+01
0.122500E+01  0.272348E+01
0.123750E+01  0.290151E+01
0.125000E+01  0.307947E+01
0.126250E+01  0.325749E+01
0.127500E+01  0.343675E+01
0.128750E+01  0.361588E+01
0.130000E+01  0.379396E+01
0.131250E+01  0.397164E+01
0.132500E+01  0.414899E+01
0.133750E+01  0.432587E+01
0.135000E+01  0.450268E+01
0.136250E+01  0.467915E+01
0.137500E+01  0.485571E+01
0.138750E+01  0.503230E+01
0.140000E+01  0.520883E+01
0.141250E+01  0.538515E+01
0.142500E+01  0.556132E+01
0.143750E+01  0.573724E+01
0.145000E+01  0.591316E+01
0.146250E+01  0.608915E+01
0.147500E+01  0.626518E+01
0.148750E+01  0.644124E+01
0.150000E+01  0.661725E+01
0.151250E+01  0.679322E+01
0.152500E+01  0.696924E+01
0.153750E+01  0.714532E+01
0.155000E+01  0.732165E+01
0.156250E+01  0.749803E+01
0.157500E+01  0.767437E+01
0.158750E+01  0.785053E+01
0.160000E+01  0.802671E+01
0.161250E+01  0.820292E+01
0.162500E+01  0.837919E+01
0.163750E+01  0.855547E+01
0.165000E+01  0.873180E+01
0.166250E+01  0.890807E+01
0.167500E+01  0.908439E+01
0.168750E+01  0.926080E+01
0.170000E+01  0.943735E+01
0.171250E+01  0.961399E+01
0.172500E+01  0.979071E+01
0.173750E+01  0.996745E+01
0.175000E+01  0.101442E+02
0.176250E+01  0.103210E+02
0.177500E+01  0.104978E+02
0.178750E+01  0.106747E+02
0.180000E+01  0.108516E+02
0.181250E+01  0.110286E+02
0.182500E+01  0.112057E+02
0.183750E+01  0.113829E+02
0.185000E+01  0.115601E+02
0.186250E+01  0.117374E+02
0.187500E+01  0.119148E+02
0.188750E+01  0.120923E+02
0.190000E+01  0.122701E+02
0.191250E+01  0.124479E+02
0.192500E+01  0.126257E+02
0.193750E+01  0.128036E+02
0.195000E+01  0.129815E+02
0.196250E+01  0.131595E+02
0.197500E+01  0.133375E+02
0.198750E+01  0.135156E+02
0.200000E+01  0.136936E+02
0.201250E+01  0.138718E+02
0.202500E+01  0.140499E+02
0.203750E+01  0.142281E+02
0.205000E+01  0.144064E+02
0.206250E+01  0.145847E+02
0.207500E+01  0.147630E+02
0.208750E+01  0.149414E+02
0.210000E+01  0.151198E+02
0.211250E+01  0.152982E+02
0.212500E+01  0.154767E+02
0.213750E+01  0.156551E+02
0.215000E+01  0.158337E+02
0.216250E+01  0.160122E+02
0.217500E+01  0.161908E+02
0.218750E+01  0.163694E+02
0.220000E+01  0.165480E+02
0.221250E+01  0.167266E+02
0.222500E+01  0.169053E+02
0.223750E+01  0.170840E+02
0.225000E+01  0.172627E+02
