0.101250E+01  0.829094E-01
0.102500E+01  0.168094E+00
0.103750E+01  0.255552E+00
0.105000E+01  0.347771E+00
0.106250E+01  0.443965E+00
0.107500E+01  0.542667E+00
0.108750E+01  0.644243E+00
0.110000E+01  0.748212E+00
0.111250E+01  0.854581E+00
0.112500E+01  0.962720E+00
0.113750E+01  0.107282E+01
0.115000E+01  0.118447E+01
0.116250E+01  0.129798E+01
0.117500E+01  0.141331E+01
0.118750E+01  0.153109E+01
0.120000E+01  0.165140E+01
0.121250E+01  0.177161E+01
0.122500E+01  0.189341E+01
0.123750E+01  0.201655E+01
0.125000E+01  0.214031E+01
0.126250E+01  0.226454E+01
0.127500E+01  0.238945E+01
0.128750E+01  0.251512E+01
0.130000E+01  0.264075E+01
0.131250E+01  0.276573E+01
0.132500E+01  0.289043E+01
0.133750E+01  0.301466E+01
0.135000E+01  0.313888E+01
0.136250E+01  0.326309E+01
0.137500E+01  0.338705E+01
0.138750E+01  0.351111E+01
0.140000E+01  0.363519E+01
0.141250E+01  0.375902E+01
0.142500E+01  0.388267E+01
0.143750E+01  0.400613E+01
0.145000E+01  0.412956E+01
0.146250E+01  0.425304E+01
0.147500E+01  0.437657E+01
0.148750E+01  0.450009E+01
0.150000E+01  0.462364E+01
0.151250E+01  0.474716E+01
0.152500E+01  0.487077E+01
0.153750E+01  0.499448E+01
0.155000E+01  0.511809E+01
0.156250E+01  0.524162E+01
0.157500E+01  0.536520E+01
0.158750E+01  0.548873E+01
0.160000E+01  0.561226E+01
0.161250E+01  0.573579E+01
0.162500E+01  0.585935E+01
0.163750E+01  0.598295E+01
0.165000E+01  0.610662E+01
0.166250E+01  0.623028E+01
0.167500E+01  0.635391E+01
0.168750E+01  0.647750E+01
0.170000E+01  0.660111E+01
0.171250E+01  0.672478E+01
0.172500E+01  0.684851E+01
0.173750E+01  0.697228E+01
0.175000E+01  0.709614E+01
0.176250E+01  0.722004E+01
0.177500E+01  0.734400E+01
0.178750E+01  0.746795E+01
0.180000E+01  0.759200E+01
0.181250E+01  0.771606E+01
0.182500E+01  0.784013E+01
0.183750E+01  0.796424E+01
0.185000E+01  0.808844E+01
0.186250E+01  0.821262E+01
0.187500E+01  0.833693E+01
0.188750E+01  0.846126E+01
0.190000E+01  0.858566E+01
0.191250E+01  0.871013E+01
0.192500E+01  0.883465E+01
0.193750E+01  0.895919E+01
0.195000E+01  0.908381E+01
0.196250E+01  0.920845E+01
0.197500E+01  0.933312E+01
0.198750E+01  0.945783E+01
0.200000E+01  0.958257E+01
0.201250E+01  0.970732E+01
0.202500E+01  0.983216E+01
0.203750E+01  0.995705E+01
0.205000E+01  0.100820E+02
0.206250E+01  0.102069E+02
0.207500E+01  0.103319E+02
0.208750E+01  0.104568E+02
0.210000E+01  0.105817E+02
0.211250E+01  0.107067E+02
0.212500E+01  0.108316E+02
0.213750E+01  0.109566E+02
0.215000E+01  0.110817E+02
0.216250E+01  0.112067E+02
0.217500E+01  0.113318E+02
0.218750E+01  0.114569E+02
0.220000E+01  0.115820E+02
0.221250E+01  0.117071E+02
0.222500E+01  0.118322E+02
0.223750E+01  0.119574E+02
0.225000E+01  0.120825E+02
