0.101250E+01  0.861376E-01
0.102500E+01  0.174643E+00
0.103750E+01  0.265515E+00
0.105000E+01  0.361314E+00
0.106250E+01  0.461263E+00
0.107500E+01  0.563863E+00
0.108750E+01  0.669432E+00
0.110000E+01  0.777521E+00
0.111250E+01  0.888046E+00
0.112500E+01  0.100046E+01
0.113750E+01  0.111493E+01
0.115000E+01  0.123103E+01
0.116250E+01  0.134907E+01
0.117500E+01  0.146935E+01
0.118750E+01  0.159211E+01
0.120000E+01  0.171658E+01
0.121250E+01  0.184173E+01
0.122500E+01  0.196843E+01
0.123750E+01  0.209648E+01
0.125000E+01  0.222516E+01
0.126250E+01  0.235442E+01
0.127500E+01  0.248422E+01
0.128750E+01  0.261487E+01
0.130000E+01  0.274513E+01
0.131250E+01  0.287503E+01
0.132500E+01  0.300450E+01
0.133750E+01  0.313356E+01
0.135000E+01  0.326262E+01
0.136250E+01  0.339154E+01
0.137500E+01  0.352037E+01
0.138750E+01  0.364920E+01
0.140000E+01  0.377804E+01
0.141250E+01  0.390663E+01
0.142500E+01  0.403505E+01
0.143750E+01  0.416327E+01
0.145000E+01  0.429148E+01
0.146250E+01  0.441977E+01
0.147500E+01  0.454810E+01
0.148750E+01  0.467641E+01
0.150000E+01  0.480474E+01
0.151250E+01  0.493302E+01
0.152500E+01  0.506138E+01
0.153750E+01  0.518989E+01
0.155000E+01  0.531834E+01
0.156250E+01  0.544669E+01
0.157500E+01  0.557501E+01
0.158750E+01  0.570329E+01
0.160000E+01  0.583162E+01
0.161250E+01  0.595995E+01
0.162500E+01  0.608830E+01
0.163750E+01  0.621672E+01
0.165000E+01  0.634518E+01
0.166250E+01  0.647367E+01
0.167500E+01  0.660213E+01
0.168750E+01  0.673052E+01
0.170000E+01  0.685893E+01
0.171250E+01  0.698740E+01
0.172500E+01  0.711593E+01
0.173750E+01  0.724450E+01
0.175000E+01  0.737318E+01
0.176250E+01  0.750190E+01
0.177500E+01  0.763065E+01
0.178750E+01  0.775942E+01
0.180000E+01  0.788826E+01
0.181250E+01  0.801712E+01
0.182500E+01  0.814606E+01
0.183750E+01  0.827501E+01
0.185000E+01  0.840403E+01
0.186250E+01  0.853308E+01
0.187500E+01  0.866223E+01
0.188750E+01  0.879142E+01
0.190000E+01  0.892065E+01
0.191250E+01  0.904996E+01
0.192500E+01  0.917932E+01
0.193750E+01  0.930871E+01
0.195000E+01  0.943817E+01
0.196250E+01  0.956766E+01
0.197500E+01  0.969718E+01
0.198750E+01  0.982674E+01
0.200000E+01  0.995631E+01
0.201250E+01  0.100859E+02
0.202500E+01  0.102156E+02
0.203750E+01  0.103452E+02
0.205000E+01  0.104750E+02
0.206250E+01  0.106047E+02
0.207500E+01  0.107345E+02
0.208750E+01  0.108643E+02
0.210000E+01  0.109942E+02
0.211250E+01  0.111241E+02
0.212500E+01  0.112540E+02
0.213750E+01  0.113839E+02
0.215000E+01  0.115138E+02
0.216250E+01  0.116437E+02
0.217500E+01  0.117736E+02
0.218750E+01  0.119035E+02
0.220000E+01  0.120335E+02
0.221250E+01  0.121635E+02
0.222500E+01  0.122935E+02
0.223750E+01  0.124236E+02
0.225000E+01  0.125536E+02
