0.101250E+01  0.215045E+00
0.102500E+01  0.436277E+00
0.103750E+01  0.663868E+00
0.105000E+01  0.903587E+00
0.106250E+01  0.115569E+01
0.107500E+01  0.141609E+01
0.108750E+01  0.168365E+01
0.110000E+01  0.195923E+01
0.111250E+01  0.224304E+01
0.112500E+01  0.253476E+01
0.113750E+01  0.283296E+01
0.115000E+01  0.314268E+01
0.116250E+01  0.345449E+01
0.117500E+01  0.376413E+01
0.118750E+01  0.407642E+01
0.120000E+01  0.439377E+01
0.121250E+01  0.471541E+01
0.122500E+01  0.503796E+01
0.123750E+01  0.535992E+01
0.125000E+01  0.568270E+01
0.126250E+01  0.600366E+01
0.127500E+01  0.632531E+01
0.128750E+01  0.664530E+01
0.130000E+01  0.696528E+01
0.131250E+01  0.728487E+01
0.132500E+01  0.760414E+01
0.133750E+01  0.792311E+01
0.135000E+01  0.824189E+01
0.136250E+01  0.856062E+01
0.137500E+01  0.887954E+01
0.138750E+01  0.919840E+01
0.140000E+01  0.951701E+01
0.141250E+01  0.983539E+01
0.142500E+01  0.101537E+02
0.143750E+01  0.104720E+02
0.145000E+01  0.107904E+02
0.146250E+01  0.111089E+02
0.147500E+01  0.114275E+02
0.148750E+01  0.117461E+02
0.150000E+01  0.120648E+02
0.151250E+01  0.123834E+02
0.152500E+01  0.127020E+02
0.153750E+01  0.130206E+02
0.155000E+01  0.133394E+02
0.156250E+01  0.136585E+02
0.157500E+01  0.139778E+02
0.158750E+01  0.142972E+02
0.160000E+01  0.146166E+02
0.161250E+01  0.149360E+02
0.162500E+01  0.152555E+02
0.163750E+01  0.155751E+02
0.165000E+01  0.158947E+02
0.166250E+01  0.162144E+02
0.167500E+01  0.165342E+02
0.168750E+01  0.168543E+02
0.170000E+01  0.171745E+02
0.171250E+01  0.174949E+02
0.172500E+01  0.178155E+02
0.173750E+01  0.181362E+02
0.175000E+01  0.184569E+02
0.176250E+01  0.187776E+02
0.177500E+01  0.190985E+02
0.178750E+01  0.194195E+02
0.180000E+01  0.197406E+02
0.181250E+01  0.200619E+02
0.182500E+01  0.203833E+02
0.183750E+01  0.207049E+02
0.185000E+01  0.210266E+02
0.186250E+01  0.213484E+02
0.187500E+01  0.216705E+02
0.188750E+01  0.219928E+02
0.190000E+01  0.223153E+02
0.191250E+01  0.226380E+02
0.192500E+01  0.229608E+02
0.193750E+01  0.232836E+02
0.195000E+01  0.236065E+02
0.196250E+01  0.239295E+02
0.197500E+01  0.242526E+02
0.198750E+01  0.245757E+02
0.200000E+01  0.248990E+02
0.201250E+01  0.252223E+02
0.202500E+01  0.255458E+02
0.203750E+01  0.258693E+02
0.205000E+01  0.261928E+02
0.206250E+01  0.265165E+02
0.207500E+01  0.268404E+02
0.208750E+01  0.271643E+02
0.210000E+01  0.274885E+02
0.211250E+01  0.278126E+02
0.212500E+01  0.281367E+02
0.213750E+01  0.284610E+02
0.215000E+01  0.287852E+02
0.216250E+01  0.291093E+02
0.217500E+01  0.294335E+02
0.218750E+01  0.297578E+02
0.220000E+01  0.300822E+02
0.221250E+01  0.304067E+02
0.222500E+01  0.307312E+02
0.223750E+01  0.310557E+02
0.225000E+01  0.313803E+02
