0.101250E+01  0.305336E-01
0.102500E+01  0.687703E-01
0.103750E+01  0.116483E+00
0.105000E+01  0.162626E+00
0.106250E+01  0.207326E+00
0.107500E+01  0.251417E+00
0.108750E+01  0.294545E+00
0.110000E+01  0.337719E+00
0.111250E+01  0.381028E+00
0.112500E+01  0.424460E+00
0.113750E+01  0.468028E+00
0.115000E+01  0.511746E+00
0.116250E+01  0.555629E+00
0.117500E+01  0.599652E+00
0.118750E+01  0.643821E+00
0.120000E+01  0.688130E+00
0.121250E+01  0.732507E+00
0.122500E+01  0.776943E+00
0.123750E+01  0.821460E+00
0.125000E+01  0.866087E+00
0.126250E+01  0.910728E+00
0.127500E+01  0.955371E+00
0.128750E+01  0.100001E+01
0.130000E+01  0.104467E+01
0.131250E+01  0.108934E+01
0.132500E+01  0.113402E+01
0.133750E+01  0.117872E+01
0.135000E+01  0.122343E+01
0.136250E+01  0.126816E+01
0.137500E+01  0.131291E+01
0.138750E+01  0.135767E+01
0.140000E+01  0.140244E+01
0.141250E+01  0.144724E+01
0.142500E+01  0.149204E+01
0.143750E+01  0.153686E+01
0.145000E+01  0.158170E+01
0.146250E+01  0.162655E+01
0.147500E+01  0.167142E+01
0.148750E+01  0.171630E+01
0.150000E+01  0.176121E+01
0.151250E+01  0.180613E+01
0.152500E+01  0.185107E+01
0.153750E+01  0.189602E+01
0.155000E+01  0.194100E+01
0.156250E+01  0.198599E+01
0.157500E+01  0.203100E+01
0.158750E+01  0.207603E+01
0.160000E+01  0.212109E+01
0.161250E+01  0.216616E+01
0.162500E+01  0.221125E+01
0.163750E+01  0.225636E+01
0.165000E+01  0.230150E+01
0.166250E+01  0.234665E+01
0.167500E+01  0.239183E+01
0.168750E+01  0.243703E+01
0.170000E+01  0.248224E+01
0.171250E+01  0.252749E+01
0.172500E+01  0.257275E+01
0.173750E+01  0.261803E+01
0.175000E+01  0.266334E+01
0.176250E+01  0.270866E+01
0.177500E+01  0.275401E+01
0.178750E+01  0.279938E+01
0.180000E+01  0.284477E+01
0.181250E+01  0.289018E+01
0.182500E+01  0.293561E+01
0.183750E+01  0.298106E+01
0.185000E+01  0.302653E+01
0.186250E+01  0.307203E+01
0.187500E+01  0.311754E+01
0.188750E+01  0.316307E+01
0.190000E+01  0.320862E+01
0.191250E+01  0.325419E+01
0.192500E+01  0.329978E+01
0.193750E+01  0.334538E+01
0.195000E+01  0.339101E+01
0.196250E+01  0.343664E+01
0.197500E+01  0.348230E+01
0.198750E+01  0.352797E+01
0.200000E+01  0.357365E+01
0.201250E+01  0.361935E+01
0.202500E+01  0.366507E+01
0.203750E+01  0.371079E+01
0.205000E+01  0.375653E+01
0.206250E+01  0.380228E+01
0.207500E+01  0.384804E+01
0.208750E+01  0.389382E+01
0.210000E+01  0.393960E+01
0.211250E+01  0.398540E+01
0.212500E+01  0.403120E+01
0.213750E+01  0.407702E+01
0.215000E+01  0.412285E+01
0.216250E+01  0.416868E+01
0.217500E+01  0.421453E+01
0.218750E+01  0.426038E+01
0.220000E+01  0.430624E+01
0.221250E+01  0.435211E+01
0.222500E+01  0.439799E+01
0.223750E+01  0.444387E+01
0.225000E+01  0.448976E+01
