0.101250E+01  0.633768E-01
0.102500E+01  0.142717E+00
0.103750E+01  0.241726E+00
0.105000E+01  0.337490E+00
0.106250E+01  0.430261E+00
0.107500E+01  0.521793E+00
0.108750E+01  0.611434E+00
0.110000E+01  0.701267E+00
0.111250E+01  0.791432E+00
0.112500E+01  0.881871E+00
0.113750E+01  0.972570E+00
0.115000E+01  0.106363E+01
0.116250E+01  0.115499E+01
0.117500E+01  0.124667E+01
0.118750E+01  0.133858E+01
0.120000E+01  0.143067E+01
0.121250E+01  0.152294E+01
0.122500E+01  0.161531E+01
0.123750E+01  0.170776E+01
0.125000E+01  0.180035E+01
0.126250E+01  0.189295E+01
0.127500E+01  0.198557E+01
0.128750E+01  0.207820E+01
0.130000E+01  0.217084E+01
0.131250E+01  0.226351E+01
0.132500E+01  0.235620E+01
0.133750E+01  0.244893E+01
0.135000E+01  0.254169E+01
0.136250E+01  0.263448E+01
0.137500E+01  0.272731E+01
0.138750E+01  0.282017E+01
0.140000E+01  0.291306E+01
0.141250E+01  0.300597E+01
0.142500E+01  0.309892E+01
0.143750E+01  0.319190E+01
0.145000E+01  0.328491E+01
0.146250E+01  0.337796E+01
0.147500E+01  0.347105E+01
0.148750E+01  0.356418E+01
0.150000E+01  0.365734E+01
0.151250E+01  0.375055E+01
0.152500E+01  0.384379E+01
0.153750E+01  0.393708E+01
0.155000E+01  0.403040E+01
0.156250E+01  0.412377E+01
0.157500E+01  0.421718E+01
0.158750E+01  0.431064E+01
0.160000E+01  0.440414E+01
0.161250E+01  0.449768E+01
0.162500E+01  0.459128E+01
0.163750E+01  0.468492E+01
0.165000E+01  0.477861E+01
0.166250E+01  0.487234E+01
0.167500E+01  0.496612E+01
0.168750E+01  0.505996E+01
0.170000E+01  0.515383E+01
0.171250E+01  0.524776E+01
0.172500E+01  0.534173E+01
0.173750E+01  0.543575E+01
0.175000E+01  0.552982E+01
0.176250E+01  0.562393E+01
0.177500E+01  0.571808E+01
0.178750E+01  0.581228E+01
0.180000E+01  0.590653E+01
0.181250E+01  0.600082E+01
0.182500E+01  0.609515E+01
0.183750E+01  0.618952E+01
0.185000E+01  0.628394E+01
0.186250E+01  0.637839E+01
0.187500E+01  0.647289E+01
0.188750E+01  0.656743E+01
0.190000E+01  0.666201E+01
0.191250E+01  0.675663E+01
0.192500E+01  0.685128E+01
0.193750E+01  0.694597E+01
0.195000E+01  0.704070E+01
0.196250E+01  0.713546E+01
0.197500E+01  0.723026E+01
0.198750E+01  0.732508E+01
0.200000E+01  0.741994E+01
0.201250E+01  0.751482E+01
0.202500E+01  0.760974E+01
0.203750E+01  0.770468E+01
0.205000E+01  0.779965E+01
0.206250E+01  0.789465E+01
0.207500E+01  0.798967E+01
0.208750E+01  0.808471E+01
0.210000E+01  0.817978E+01
0.211250E+01  0.827487E+01
0.212500E+01  0.836998E+01
0.213750E+01  0.846511E+01
0.215000E+01  0.856027E+01
0.216250E+01  0.865544E+01
0.217500E+01  0.875063E+01
0.218750E+01  0.884583E+01
0.220000E+01  0.894105E+01
0.221250E+01  0.903630E+01
0.222500E+01  0.913155E+01
0.223750E+01  0.922682E+01
0.225000E+01  0.932210E+01
