0.101250E+01  0.925932E-01
0.102500E+01  0.187738E+00
0.103750E+01  0.285439E+00
0.105000E+01  0.388405E+00
0.106250E+01  0.495855E+00
0.107500E+01  0.606265E+00
0.108750E+01  0.719829E+00
0.110000E+01  0.836154E+00
0.111250E+01  0.955008E+00
0.112500E+01  0.107603E+01
0.113750E+01  0.119929E+01
0.115000E+01  0.132424E+01
0.116250E+01  0.145160E+01
0.117500E+01  0.158126E+01
0.118750E+01  0.171324E+01
0.120000E+01  0.184724E+01
0.121250E+01  0.198226E+01
0.122500E+01  0.211900E+01
0.123750E+01  0.225679E+01
0.125000E+01  0.239534E+01
0.126250E+01  0.253440E+01
0.127500E+01  0.267426E+01
0.128750E+01  0.281462E+01
0.130000E+01  0.295463E+01
0.131250E+01  0.309398E+01
0.132500E+01  0.323296E+01
0.133750E+01  0.337167E+01
0.135000E+01  0.351032E+01
0.136250E+01  0.364875E+01
0.137500E+01  0.378710E+01
0.138750E+01  0.392554E+01
0.140000E+01  0.406400E+01
0.141250E+01  0.420206E+01
0.142500E+01  0.434000E+01
0.143750E+01  0.447771E+01
0.145000E+01  0.461550E+01
0.146250E+01  0.475335E+01
0.147500E+01  0.489123E+01
0.148750E+01  0.502916E+01
0.150000E+01  0.516704E+01
0.151250E+01  0.530486E+01
0.152500E+01  0.544273E+01
0.153750E+01  0.558074E+01
0.155000E+01  0.571880E+01
0.156250E+01  0.585681E+01
0.157500E+01  0.599473E+01
0.158750E+01  0.613261E+01
0.160000E+01  0.627053E+01
0.161250E+01  0.640844E+01
0.162500E+01  0.654636E+01
0.163750E+01  0.668433E+01
0.165000E+01  0.682231E+01
0.166250E+01  0.696037E+01
0.167500E+01  0.709853E+01
0.168750E+01  0.723662E+01
0.170000E+01  0.737469E+01
0.171250E+01  0.751271E+01
0.172500E+01  0.765080E+01
0.173750E+01  0.778900E+01
0.175000E+01  0.792733E+01
0.176250E+01  0.806569E+01
0.177500E+01  0.820403E+01
0.178750E+01  0.834237E+01
0.180000E+01  0.848076E+01
0.181250E+01  0.861919E+01
0.182500E+01  0.875777E+01
0.183750E+01  0.889651E+01
0.185000E+01  0.903527E+01
0.186250E+01  0.917402E+01
0.187500E+01  0.931284E+01
0.188750E+01  0.945171E+01
0.190000E+01  0.959062E+01
0.191250E+01  0.972962E+01
0.192500E+01  0.986865E+01
0.193750E+01  0.100077E+02
0.195000E+01  0.101469E+02
0.196250E+01  0.102861E+02
0.197500E+01  0.104253E+02
0.198750E+01  0.105646E+02
0.200000E+01  0.107038E+02
0.201250E+01  0.108432E+02
0.202500E+01  0.109825E+02
0.203750E+01  0.111219E+02
0.205000E+01  0.112613E+02
0.206250E+01  0.114007E+02
0.207500E+01  0.115402E+02
0.208750E+01  0.116797E+02
0.210000E+01  0.118192E+02
0.211250E+01  0.119588E+02
0.212500E+01  0.120983E+02
0.213750E+01  0.122380E+02
0.215000E+01  0.123776E+02
0.216250E+01  0.125172E+02
0.217500E+01  0.126569E+02
0.218750E+01  0.127966E+02
0.220000E+01  0.129363E+02
0.221250E+01  0.130760E+02
0.222500E+01  0.132157E+02
0.223750E+01  0.133555E+02
0.225000E+01  0.134952E+02
