0.101250E+01  0.176414E+00
0.102500E+01  0.357835E+00
0.103750E+01  0.544400E+00
0.105000E+01  0.740764E+00
0.106250E+01  0.946539E+00
0.107500E+01  0.115938E+01
0.108750E+01  0.137741E+01
0.110000E+01  0.160186E+01
0.111250E+01  0.183228E+01
0.112500E+01  0.206846E+01
0.113750E+01  0.230986E+01
0.115000E+01  0.255583E+01
0.116250E+01  0.280800E+01
0.117500E+01  0.306480E+01
0.118750E+01  0.332097E+01
0.120000E+01  0.358069E+01
0.121250E+01  0.384307E+01
0.122500E+01  0.410765E+01
0.123750E+01  0.437213E+01
0.125000E+01  0.463652E+01
0.126250E+01  0.490150E+01
0.127500E+01  0.516626E+01
0.128750E+01  0.543073E+01
0.130000E+01  0.569424E+01
0.131250E+01  0.595709E+01
0.132500E+01  0.621960E+01
0.133750E+01  0.648184E+01
0.135000E+01  0.674393E+01
0.136250E+01  0.700588E+01
0.137500E+01  0.726789E+01
0.138750E+01  0.752988E+01
0.140000E+01  0.779173E+01
0.141250E+01  0.805338E+01
0.142500E+01  0.831498E+01
0.143750E+01  0.857654E+01
0.145000E+01  0.883817E+01
0.146250E+01  0.909986E+01
0.147500E+01  0.936156E+01
0.148750E+01  0.962324E+01
0.150000E+01  0.988491E+01
0.151250E+01  0.101465E+02
0.152500E+01  0.104081E+02
0.153750E+01  0.106696E+02
0.155000E+01  0.109315E+02
0.156250E+01  0.111935E+02
0.157500E+01  0.114557E+02
0.158750E+01  0.117179E+02
0.160000E+01  0.119800E+02
0.161250E+01  0.122422E+02
0.162500E+01  0.125045E+02
0.163750E+01  0.127668E+02
0.165000E+01  0.130292E+02
0.166250E+01  0.132917E+02
0.167500E+01  0.135542E+02
0.168750E+01  0.138169E+02
0.170000E+01  0.140796E+02
0.171250E+01  0.143424E+02
0.172500E+01  0.146054E+02
0.173750E+01  0.148684E+02
0.175000E+01  0.151316E+02
0.176250E+01  0.153948E+02
0.177500E+01  0.156581E+02
0.178750E+01  0.159214E+02
0.180000E+01  0.161851E+02
0.181250E+01  0.164489E+02
0.182500E+01  0.167128E+02
0.183750E+01  0.169768E+02
0.185000E+01  0.172409E+02
0.186250E+01  0.175051E+02
0.187500E+01  0.177696E+02
0.188750E+01  0.180340E+02
0.190000E+01  0.182986E+02
0.191250E+01  0.185631E+02
0.192500E+01  0.188279E+02
0.193750E+01  0.190927E+02
0.195000E+01  0.193576E+02
0.196250E+01  0.196226E+02
0.197500E+01  0.198877E+02
0.198750E+01  0.201529E+02
0.200000E+01  0.204181E+02
0.201250E+01  0.206834E+02
0.202500E+01  0.209488E+02
0.203750E+01  0.212144E+02
0.205000E+01  0.214800E+02
0.206250E+01  0.217458E+02
0.207500E+01  0.220115E+02
0.208750E+01  0.222771E+02
0.210000E+01  0.225428E+02
0.211250E+01  0.228086E+02
0.212500E+01  0.230744E+02
0.213750E+01  0.233404E+02
0.215000E+01  0.236063E+02
0.216250E+01  0.238723E+02
0.217500E+01  0.241383E+02
0.218750E+01  0.244044E+02
0.220000E+01  0.246705E+02
0.221250E+01  0.249366E+02
0.222500E+01  0.252028E+02
0.223750E+01  0.254691E+02
0.225000E+01  0.257353E+02
