0.101250E+01  0.163530E+00
0.102500E+01  0.331683E+00
0.103750E+01  0.504569E+00
0.105000E+01  0.686512E+00
0.106250E+01  0.877002E+00
0.107500E+01  0.107403E+01
0.108750E+01  0.127590E+01
0.110000E+01  0.148328E+01
0.111250E+01  0.169630E+01
0.112500E+01  0.191427E+01
0.113750E+01  0.213699E+01
0.115000E+01  0.236386E+01
0.116250E+01  0.259462E+01
0.117500E+01  0.283001E+01
0.118750E+01  0.306876E+01
0.120000E+01  0.331050E+01
0.121250E+01  0.355380E+01
0.122500E+01  0.379771E+01
0.123750E+01  0.404318E+01
0.125000E+01  0.428866E+01
0.126250E+01  0.453449E+01
0.127500E+01  0.478122E+01
0.128750E+01  0.502663E+01
0.130000E+01  0.527092E+01
0.131250E+01  0.551496E+01
0.132500E+01  0.575853E+01
0.133750E+01  0.600192E+01
0.135000E+01  0.624501E+01
0.136250E+01  0.648806E+01
0.137500E+01  0.673106E+01
0.138750E+01  0.697412E+01
0.140000E+01  0.721706E+01
0.141250E+01  0.745992E+01
0.142500E+01  0.770256E+01
0.143750E+01  0.794516E+01
0.145000E+01  0.818773E+01
0.146250E+01  0.843037E+01
0.147500E+01  0.867305E+01
0.148750E+01  0.891573E+01
0.150000E+01  0.915840E+01
0.151250E+01  0.940103E+01
0.152500E+01  0.964353E+01
0.153750E+01  0.988605E+01
0.155000E+01  0.101288E+02
0.156250E+01  0.103719E+02
0.157500E+01  0.106151E+02
0.158750E+01  0.108582E+02
0.160000E+01  0.111012E+02
0.161250E+01  0.113444E+02
0.162500E+01  0.115877E+02
0.163750E+01  0.118309E+02
0.165000E+01  0.120741E+02
0.166250E+01  0.123174E+02
0.167500E+01  0.125609E+02
0.168750E+01  0.128044E+02
0.170000E+01  0.130479E+02
0.171250E+01  0.132915E+02
0.172500E+01  0.135353E+02
0.173750E+01  0.137791E+02
0.175000E+01  0.140231E+02
0.176250E+01  0.142671E+02
0.177500E+01  0.145113E+02
0.178750E+01  0.147557E+02
0.180000E+01  0.150002E+02
0.181250E+01  0.152448E+02
0.182500E+01  0.154895E+02
0.183750E+01  0.157342E+02
0.185000E+01  0.159790E+02
0.186250E+01  0.162237E+02
0.187500E+01  0.164687E+02
0.188750E+01  0.167138E+02
0.190000E+01  0.169590E+02
0.191250E+01  0.172043E+02
0.192500E+01  0.174497E+02
0.193750E+01  0.176952E+02
0.195000E+01  0.179408E+02
0.196250E+01  0.181865E+02
0.197500E+01  0.184322E+02
0.198750E+01  0.186781E+02
0.200000E+01  0.189240E+02
0.201250E+01  0.191701E+02
0.202500E+01  0.194163E+02
0.203750E+01  0.196625E+02
0.205000E+01  0.199086E+02
0.206250E+01  0.201548E+02
0.207500E+01  0.204010E+02
0.208750E+01  0.206473E+02
0.210000E+01  0.208936E+02
0.211250E+01  0.211400E+02
0.212500E+01  0.213864E+02
0.213750E+01  0.216329E+02
0.215000E+01  0.218794E+02
0.216250E+01  0.221260E+02
0.217500E+01  0.223726E+02
0.218750E+01  0.226192E+02
0.220000E+01  0.228659E+02
0.221250E+01  0.231126E+02
0.222500E+01  0.233593E+02
0.223750E+01  0.236061E+02
0.225000E+01  0.238530E+02
