0.101250E+01  0.173194E+00
0.102500E+01  0.351298E+00
0.103750E+01  0.534443E+00
0.105000E+01  0.727200E+00
0.106250E+01  0.929144E+00
0.107500E+01  0.113803E+01
0.108750E+01  0.135200E+01
0.110000E+01  0.157218E+01
0.111250E+01  0.179824E+01
0.112500E+01  0.202983E+01
0.113750E+01  0.226656E+01
0.115000E+01  0.250774E+01
0.116250E+01  0.275425E+01
0.117500E+01  0.300551E+01
0.118750E+01  0.325815E+01
0.120000E+01  0.351328E+01
0.121250E+01  0.377040E+01
0.122500E+01  0.402928E+01
0.123750E+01  0.428945E+01
0.125000E+01  0.454946E+01
0.126250E+01  0.480982E+01
0.127500E+01  0.506991E+01
0.128750E+01  0.532958E+01
0.130000E+01  0.558862E+01
0.131250E+01  0.584660E+01
0.132500E+01  0.610429E+01
0.133750E+01  0.636184E+01
0.135000E+01  0.661916E+01
0.136250E+01  0.687645E+01
0.137500E+01  0.713366E+01
0.138750E+01  0.739090E+01
0.140000E+01  0.764808E+01
0.141250E+01  0.790505E+01
0.142500E+01  0.816186E+01
0.143750E+01  0.841868E+01
0.145000E+01  0.867554E+01
0.146250E+01  0.893245E+01
0.147500E+01  0.918943E+01
0.148750E+01  0.944633E+01
0.150000E+01  0.970328E+01
0.151250E+01  0.996018E+01
0.152500E+01  0.102170E+02
0.153750E+01  0.104737E+02
0.155000E+01  0.107308E+02
0.156250E+01  0.109882E+02
0.157500E+01  0.112456E+02
0.158750E+01  0.115030E+02
0.160000E+01  0.117603E+02
0.161250E+01  0.120177E+02
0.162500E+01  0.122753E+02
0.163750E+01  0.125329E+02
0.165000E+01  0.127905E+02
0.166250E+01  0.130481E+02
0.167500E+01  0.133059E+02
0.168750E+01  0.135637E+02
0.170000E+01  0.138217E+02
0.171250E+01  0.140797E+02
0.172500E+01  0.143378E+02
0.173750E+01  0.145961E+02
0.175000E+01  0.148544E+02
0.176250E+01  0.151129E+02
0.177500E+01  0.153714E+02
0.178750E+01  0.156300E+02
0.180000E+01  0.158888E+02
0.181250E+01  0.161479E+02
0.182500E+01  0.164070E+02
0.183750E+01  0.166662E+02
0.185000E+01  0.169255E+02
0.186250E+01  0.171849E+02
0.187500E+01  0.174444E+02
0.188750E+01  0.177040E+02
0.190000E+01  0.179637E+02
0.191250E+01  0.182234E+02
0.192500E+01  0.184833E+02
0.193750E+01  0.187433E+02
0.195000E+01  0.190034E+02
0.196250E+01  0.192636E+02
0.197500E+01  0.195239E+02
0.198750E+01  0.197842E+02
0.200000E+01  0.200446E+02
0.201250E+01  0.203051E+02
0.202500E+01  0.205657E+02
0.203750E+01  0.208265E+02
0.205000E+01  0.210873E+02
0.206250E+01  0.213481E+02
0.207500E+01  0.216089E+02
0.208750E+01  0.218696E+02
0.210000E+01  0.221305E+02
0.211250E+01  0.223915E+02
0.212500E+01  0.226524E+02
0.213750E+01  0.229135E+02
0.215000E+01  0.231746E+02
0.216250E+01  0.234357E+02
0.217500E+01  0.236969E+02
0.218750E+01  0.239581E+02
0.220000E+01  0.242193E+02
0.221250E+01  0.244806E+02
0.222500E+01  0.247420E+02
0.223750E+01  0.250034E+02
0.225000E+01  0.252648E+02
