0.101250E+01  0.645491E-01
0.102500E+01  0.145356E+00
0.103750E+01  0.246196E+00
0.105000E+01  0.343730E+00
0.106250E+01  0.438217E+00
0.107500E+01  0.531443E+00
0.108750E+01  0.622747E+00
0.110000E+01  0.714252E+00
0.111250E+01  0.806094E+00
0.112500E+01  0.898216E+00
0.113750E+01  0.990605E+00
0.115000E+01  0.108336E+01
0.116250E+01  0.117642E+01
0.117500E+01  0.126981E+01
0.118750E+01  0.136341E+01
0.120000E+01  0.145722E+01
0.121250E+01  0.155120E+01
0.122500E+01  0.164527E+01
0.123750E+01  0.173943E+01
0.125000E+01  0.183374E+01
0.126250E+01  0.192805E+01
0.127500E+01  0.202238E+01
0.128750E+01  0.211672E+01
0.130000E+01  0.221107E+01
0.131250E+01  0.230545E+01
0.132500E+01  0.239986E+01
0.133750E+01  0.249430E+01
0.135000E+01  0.258877E+01
0.136250E+01  0.268328E+01
0.137500E+01  0.277782E+01
0.138750E+01  0.287240E+01
0.140000E+01  0.296700E+01
0.141250E+01  0.306163E+01
0.142500E+01  0.315630E+01
0.143750E+01  0.325099E+01
0.145000E+01  0.334573E+01
0.146250E+01  0.344050E+01
0.147500E+01  0.353531E+01
0.148750E+01  0.363016E+01
0.150000E+01  0.372504E+01
0.151250E+01  0.381997E+01
0.152500E+01  0.391494E+01
0.153750E+01  0.400995E+01
0.155000E+01  0.410500E+01
0.156250E+01  0.420009E+01
0.157500E+01  0.429523E+01
0.158750E+01  0.439042E+01
0.160000E+01  0.448565E+01
0.161250E+01  0.458093E+01
0.162500E+01  0.467625E+01
0.163750E+01  0.477162E+01
0.165000E+01  0.486705E+01
0.166250E+01  0.496252E+01
0.167500E+01  0.505803E+01
0.168750E+01  0.515360E+01
0.170000E+01  0.524922E+01
0.171250E+01  0.534488E+01
0.172500E+01  0.544059E+01
0.173750E+01  0.553635E+01
0.175000E+01  0.563216E+01
0.176250E+01  0.572801E+01
0.177500E+01  0.582391E+01
0.178750E+01  0.591985E+01
0.180000E+01  0.601584E+01
0.181250E+01  0.611188E+01
0.182500E+01  0.620795E+01
0.183750E+01  0.630407E+01
0.185000E+01  0.640024E+01
0.186250E+01  0.649644E+01
0.187500E+01  0.659269E+01
0.188750E+01  0.668898E+01
0.190000E+01  0.678531E+01
0.191250E+01  0.688167E+01
0.192500E+01  0.697808E+01
0.193750E+01  0.707452E+01
0.195000E+01  0.717100E+01
0.196250E+01  0.726752E+01
0.197500E+01  0.736407E+01
0.198750E+01  0.746065E+01
0.200000E+01  0.755726E+01
0.201250E+01  0.765391E+01
0.202500E+01  0.775058E+01
0.203750E+01  0.784728E+01
0.205000E+01  0.794400E+01
0.206250E+01  0.804076E+01
0.207500E+01  0.813754E+01
0.208750E+01  0.823434E+01
0.210000E+01  0.833117E+01
0.211250E+01  0.842802E+01
0.212500E+01  0.852489E+01
0.213750E+01  0.862178E+01
0.215000E+01  0.871870E+01
0.216250E+01  0.881563E+01
0.217500E+01  0.891258E+01
0.218750E+01  0.900955E+01
0.220000E+01  0.910653E+01
0.221250E+01  0.920354E+01
0.222500E+01  0.930056E+01
0.223750E+01  0.939759E+01
0.225000E+01  0.949463E+01
