0.101250E+01  0.410945E-01
0.102500E+01  0.925508E-01
0.103750E+01  0.156760E+00
0.105000E+01  0.218861E+00
0.106250E+01  0.279019E+00
0.107500E+01  0.338361E+00
0.108750E+01  0.396430E+00
0.110000E+01  0.454592E+00
0.111250E+01  0.512940E+00
0.112500E+01  0.571433E+00
0.113750E+01  0.630117E+00
0.115000E+01  0.689026E+00
0.116250E+01  0.748146E+00
0.117500E+01  0.807465E+00
0.118750E+01  0.866980E+00
0.120000E+01  0.926638E+00
0.121250E+01  0.986390E+00
0.122500E+01  0.104625E+01
0.123750E+01  0.110619E+01
0.125000E+01  0.116626E+01
0.126250E+01  0.122633E+01
0.127500E+01  0.128640E+01
0.128750E+01  0.134648E+01
0.130000E+01  0.140657E+01
0.131250E+01  0.146669E+01
0.132500E+01  0.152682E+01
0.133750E+01  0.158696E+01
0.135000E+01  0.164714E+01
0.136250E+01  0.170733E+01
0.137500E+01  0.176755E+01
0.138750E+01  0.182777E+01
0.140000E+01  0.188802E+01
0.141250E+01  0.194829E+01
0.142500E+01  0.200858E+01
0.143750E+01  0.206889E+01
0.145000E+01  0.212922E+01
0.146250E+01  0.218958E+01
0.147500E+01  0.224996E+01
0.148750E+01  0.231036E+01
0.150000E+01  0.237078E+01
0.151250E+01  0.243123E+01
0.152500E+01  0.249171E+01
0.153750E+01  0.255221E+01
0.155000E+01  0.261273E+01
0.156250E+01  0.267328E+01
0.157500E+01  0.273385E+01
0.158750E+01  0.279445E+01
0.160000E+01  0.285508E+01
0.161250E+01  0.291574E+01
0.162500E+01  0.297642E+01
0.163750E+01  0.303714E+01
0.165000E+01  0.309788E+01
0.166250E+01  0.315865E+01
0.167500E+01  0.321945E+01
0.168750E+01  0.328029E+01
0.170000E+01  0.334115E+01
0.171250E+01  0.340204E+01
0.172500E+01  0.346297E+01
0.173750E+01  0.352392E+01
0.175000E+01  0.358490E+01
0.176250E+01  0.364591E+01
0.177500E+01  0.370695E+01
0.178750E+01  0.376802E+01
0.180000E+01  0.382911E+01
0.181250E+01  0.389024E+01
0.182500E+01  0.395139E+01
0.183750E+01  0.401257E+01
0.185000E+01  0.407377E+01
0.186250E+01  0.413501E+01
0.187500E+01  0.419627E+01
0.188750E+01  0.425755E+01
0.190000E+01  0.431887E+01
0.191250E+01  0.438020E+01
0.192500E+01  0.444157E+01
0.193750E+01  0.450295E+01
0.195000E+01  0.456436E+01
0.196250E+01  0.462579E+01
0.197500E+01  0.468725E+01
0.198750E+01  0.474872E+01
0.200000E+01  0.481021E+01
0.201250E+01  0.487172E+01
0.202500E+01  0.493325E+01
0.203750E+01  0.499480E+01
0.205000E+01  0.505637E+01
0.206250E+01  0.511795E+01
0.207500E+01  0.517955E+01
0.208750E+01  0.524117E+01
0.210000E+01  0.530279E+01
0.211250E+01  0.536444E+01
0.212500E+01  0.542609E+01
0.213750E+01  0.548776E+01
0.215000E+01  0.554945E+01
0.216250E+01  0.561114E+01
0.217500E+01  0.567285E+01
0.218750E+01  0.573457E+01
0.220000E+01  0.579630E+01
0.221250E+01  0.585804E+01
0.222500E+01  0.591979E+01
0.223750E+01  0.598155E+01
0.225000E+01  0.604332E+01
