0.101250E+01  0.446139E-01
0.102500E+01  0.100475E+00
0.103750E+01  0.170182E+00
0.105000E+01  0.237599E+00
0.106250E+01  0.302909E+00
0.107500E+01  0.367334E+00
0.108750E+01  0.430386E+00
0.110000E+01  0.493541E+00
0.111250E+01  0.556910E+00
0.112500E+01  0.620434E+00
0.113750E+01  0.684164E+00
0.115000E+01  0.748148E+00
0.116250E+01  0.812345E+00
0.117500E+01  0.876777E+00
0.118750E+01  0.941402E+00
0.120000E+01  0.100617E+01
0.121250E+01  0.107106E+01
0.122500E+01  0.113606E+01
0.123750E+01  0.120114E+01
0.125000E+01  0.126635E+01
0.126250E+01  0.133155E+01
0.127500E+01  0.139677E+01
0.128750E+01  0.146199E+01
0.130000E+01  0.152723E+01
0.131250E+01  0.159249E+01
0.132500E+01  0.165776E+01
0.133750E+01  0.172306E+01
0.135000E+01  0.178839E+01
0.136250E+01  0.185373E+01
0.137500E+01  0.191910E+01
0.138750E+01  0.198448E+01
0.140000E+01  0.204988E+01
0.141250E+01  0.211531E+01
0.142500E+01  0.218076E+01
0.143750E+01  0.224623E+01
0.145000E+01  0.231172E+01
0.146250E+01  0.237724E+01
0.147500E+01  0.244279E+01
0.148750E+01  0.250836E+01
0.150000E+01  0.257395E+01
0.151250E+01  0.263958E+01
0.152500E+01  0.270523E+01
0.153750E+01  0.277091E+01
0.155000E+01  0.283661E+01
0.156250E+01  0.290234E+01
0.157500E+01  0.296810E+01
0.158750E+01  0.303389E+01
0.160000E+01  0.309971E+01
0.161250E+01  0.316556E+01
0.162500E+01  0.323144E+01
0.163750E+01  0.329736E+01
0.165000E+01  0.336330E+01
0.166250E+01  0.342928E+01
0.167500E+01  0.349529E+01
0.168750E+01  0.356134E+01
0.170000E+01  0.362742E+01
0.171250E+01  0.369352E+01
0.172500E+01  0.375967E+01
0.173750E+01  0.382584E+01
0.175000E+01  0.389204E+01
0.176250E+01  0.395828E+01
0.177500E+01  0.402455E+01
0.178750E+01  0.409085E+01
0.180000E+01  0.415718E+01
0.181250E+01  0.422354E+01
0.182500E+01  0.428993E+01
0.183750E+01  0.435635E+01
0.185000E+01  0.442281E+01
0.186250E+01  0.448929E+01
0.187500E+01  0.455580E+01
0.188750E+01  0.462233E+01
0.190000E+01  0.468890E+01
0.191250E+01  0.475549E+01
0.192500E+01  0.482211E+01
0.193750E+01  0.488876E+01
0.195000E+01  0.495543E+01
0.196250E+01  0.502212E+01
0.197500E+01  0.508884E+01
0.198750E+01  0.515558E+01
0.200000E+01  0.522234E+01
0.201250E+01  0.528912E+01
0.202500E+01  0.535593E+01
0.203750E+01  0.542275E+01
0.205000E+01  0.548959E+01
0.206250E+01  0.555645E+01
0.207500E+01  0.562333E+01
0.208750E+01  0.569022E+01
0.210000E+01  0.575713E+01
0.211250E+01  0.582406E+01
0.212500E+01  0.589100E+01
0.213750E+01  0.595795E+01
0.215000E+01  0.602492E+01
0.216250E+01  0.609190E+01
0.217500E+01  0.615890E+01
0.218750E+01  0.622590E+01
0.220000E+01  0.629292E+01
0.221250E+01  0.635995E+01
0.222500E+01  0.642700E+01
0.223750E+01  0.649405E+01
0.225000E+01  0.656111E+01
