0.101250E+01  0.153864E+00
0.102500E+01  0.312065E+00
0.103750E+01  0.474694E+00
0.105000E+01  0.645837E+00
0.106250E+01  0.824929E+00
0.107500E+01  0.101002E+01
0.108750E+01  0.119996E+01
0.110000E+01  0.139458E+01
0.111250E+01  0.159456E+01
0.112500E+01  0.179903E+01
0.113750E+01  0.200787E+01
0.115000E+01  0.222050E+01
0.116250E+01  0.243671E+01
0.117500E+01  0.265646E+01
0.118750E+01  0.288019E+01
0.120000E+01  0.310767E+01
0.121250E+01  0.333698E+01
0.122500E+01  0.356729E+01
0.123750E+01  0.379804E+01
0.125000E+01  0.402873E+01
0.126250E+01  0.425997E+01
0.127500E+01  0.449198E+01
0.128750E+01  0.472371E+01
0.130000E+01  0.495415E+01
0.131250E+01  0.518369E+01
0.132500E+01  0.541307E+01
0.133750E+01  0.564220E+01
0.135000E+01  0.587109E+01
0.136250E+01  0.609988E+01
0.137500E+01  0.632869E+01
0.138750E+01  0.655748E+01
0.140000E+01  0.678626E+01
0.141250E+01  0.701494E+01
0.142500E+01  0.724344E+01
0.143750E+01  0.747173E+01
0.145000E+01  0.770001E+01
0.146250E+01  0.792838E+01
0.147500E+01  0.815680E+01
0.148750E+01  0.838526E+01
0.150000E+01  0.861369E+01
0.151250E+01  0.884202E+01
0.152500E+01  0.907026E+01
0.153750E+01  0.929852E+01
0.155000E+01  0.952712E+01
0.156250E+01  0.975595E+01
0.157500E+01  0.998477E+01
0.158750E+01  0.102135E+02
0.160000E+01  0.104423E+02
0.161250E+01  0.106712E+02
0.162500E+01  0.109000E+02
0.163750E+01  0.111289E+02
0.165000E+01  0.113578E+02
0.166250E+01  0.115868E+02
0.167500E+01  0.118159E+02
0.168750E+01  0.120450E+02
0.170000E+01  0.122741E+02
0.171250E+01  0.125033E+02
0.172500E+01  0.127327E+02
0.173750E+01  0.129622E+02
0.175000E+01  0.131918E+02
0.176250E+01  0.134215E+02
0.177500E+01  0.136514E+02
0.178750E+01  0.138813E+02
0.180000E+01  0.141115E+02
0.181250E+01  0.143415E+02
0.182500E+01  0.145717E+02
0.183750E+01  0.148019E+02
0.185000E+01  0.150321E+02
0.186250E+01  0.152624E+02
0.187500E+01  0.154929E+02
0.188750E+01  0.157236E+02
0.190000E+01  0.159543E+02
0.191250E+01  0.161851E+02
0.192500E+01  0.164160E+02
0.193750E+01  0.166470E+02
0.195000E+01  0.168781E+02
0.196250E+01  0.171093E+02
0.197500E+01  0.173406E+02
0.198750E+01  0.175720E+02
0.200000E+01  0.178036E+02
0.201250E+01  0.180351E+02
0.202500E+01  0.182666E+02
0.203750E+01  0.184981E+02
0.205000E+01  0.187297E+02
0.206250E+01  0.189614E+02
0.207500E+01  0.191931E+02
0.208750E+01  0.194248E+02
0.210000E+01  0.196566E+02
0.211250E+01  0.198884E+02
0.212500E+01  0.201203E+02
0.213750E+01  0.203522E+02
0.215000E+01  0.205842E+02
0.216250E+01  0.208161E+02
0.217500E+01  0.210482E+02
0.218750E+01  0.212803E+02
0.220000E+01  0.215124E+02
0.221250E+01  0.217446E+02
0.222500E+01  0.219767E+02
0.223750E+01  0.222089E+02
0.225000E+01  0.224412E+02
