0.101250E+01  0.111953E+00
0.102500E+01  0.227015E+00
0.103750E+01  0.345211E+00
0.105000E+01  0.469681E+00
0.106250E+01  0.599615E+00
0.107500E+01  0.733506E+00
0.108750E+01  0.871261E+00
0.110000E+01  0.101212E+01
0.111250E+01  0.115625E+01
0.112500E+01  0.130336E+01
0.113750E+01  0.145304E+01
0.115000E+01  0.160538E+01
0.116250E+01  0.176055E+01
0.117500E+01  0.191835E+01
0.118750E+01  0.207848E+01
0.120000E+01  0.224075E+01
0.121250E+01  0.240526E+01
0.122500E+01  0.257150E+01
0.123750E+01  0.273960E+01
0.125000E+01  0.290788E+01
0.126250E+01  0.307641E+01
0.127500E+01  0.324569E+01
0.128750E+01  0.341483E+01
0.130000E+01  0.358382E+01
0.131250E+01  0.375169E+01
0.132500E+01  0.391959E+01
0.133750E+01  0.408716E+01
0.135000E+01  0.425436E+01
0.136250E+01  0.442135E+01
0.137500E+01  0.458840E+01
0.138750E+01  0.475541E+01
0.140000E+01  0.492239E+01
0.141250E+01  0.508926E+01
0.142500E+01  0.525576E+01
0.143750E+01  0.542212E+01
0.145000E+01  0.558855E+01
0.146250E+01  0.575500E+01
0.147500E+01  0.592151E+01
0.148750E+01  0.608802E+01
0.150000E+01  0.625455E+01
0.151250E+01  0.642103E+01
0.152500E+01  0.658748E+01
0.153750E+01  0.675407E+01
0.155000E+01  0.692081E+01
0.156250E+01  0.708763E+01
0.157500E+01  0.725439E+01
0.158750E+01  0.742097E+01
0.160000E+01  0.758759E+01
0.161250E+01  0.775424E+01
0.162500E+01  0.792093E+01
0.163750E+01  0.808764E+01
0.165000E+01  0.825434E+01
0.166250E+01  0.842104E+01
0.167500E+01  0.858781E+01
0.168750E+01  0.875470E+01
0.170000E+01  0.892173E+01
0.171250E+01  0.908875E+01
0.172500E+01  0.925579E+01
0.173750E+01  0.942280E+01
0.175000E+01  0.958993E+01
0.176250E+01  0.975708E+01
0.177500E+01  0.992432E+01
0.178750E+01  0.100916E+02
0.180000E+01  0.102589E+02
0.181250E+01  0.104262E+02
0.182500E+01  0.105936E+02
0.183750E+01  0.107612E+02
0.185000E+01  0.109287E+02
0.186250E+01  0.110964E+02
0.187500E+01  0.112643E+02
0.188750E+01  0.114323E+02
0.190000E+01  0.116003E+02
0.191250E+01  0.117684E+02
0.192500E+01  0.119365E+02
0.193750E+01  0.121047E+02
0.195000E+01  0.122729E+02
0.196250E+01  0.124412E+02
0.197500E+01  0.126095E+02
0.198750E+01  0.127779E+02
0.200000E+01  0.129462E+02
0.201250E+01  0.131147E+02
0.202500E+01  0.132831E+02
0.203750E+01  0.134516E+02
0.205000E+01  0.136202E+02
0.206250E+01  0.137888E+02
0.207500E+01  0.139574E+02
0.208750E+01  0.141260E+02
0.210000E+01  0.142947E+02
0.211250E+01  0.144634E+02
0.212500E+01  0.146322E+02
0.213750E+01  0.148009E+02
0.215000E+01  0.149697E+02
0.216250E+01  0.151386E+02
0.217500E+01  0.153074E+02
0.218750E+01  0.154763E+02
0.220000E+01  0.156452E+02
0.221250E+01  0.158141E+02
0.222500E+01  0.159830E+02
0.223750E+01  0.161520E+02
0.225000E+01  0.163210E+02
