0.101250E+01  0.270124E-01
0.102500E+01  0.608407E-01
0.103750E+01  0.103052E+00
0.105000E+01  0.143875E+00
0.106250E+01  0.183420E+00
0.107500E+01  0.222425E+00
0.108750E+01  0.260574E+00
0.110000E+01  0.298754E+00
0.111250E+01  0.337059E+00
0.112500E+01  0.375475E+00
0.113750E+01  0.414012E+00
0.115000E+01  0.452673E+00
0.116250E+01  0.491481E+00
0.117500E+01  0.530414E+00
0.118750E+01  0.569474E+00
0.120000E+01  0.608665E+00
0.121250E+01  0.647915E+00
0.122500E+01  0.687220E+00
0.123750E+01  0.726599E+00
0.125000E+01  0.766076E+00
0.126250E+01  0.805564E+00
0.127500E+01  0.845058E+00
0.128750E+01  0.884558E+00
0.130000E+01  0.924063E+00
0.131250E+01  0.963583E+00
0.132500E+01  0.100311E+01
0.133750E+01  0.104265E+01
0.135000E+01  0.108221E+01
0.136250E+01  0.112178E+01
0.137500E+01  0.116137E+01
0.138750E+01  0.120097E+01
0.140000E+01  0.124059E+01
0.141250E+01  0.128022E+01
0.142500E+01  0.131986E+01
0.143750E+01  0.135952E+01
0.145000E+01  0.139918E+01
0.146250E+01  0.143887E+01
0.147500E+01  0.147856E+01
0.148750E+01  0.151827E+01
0.150000E+01  0.155800E+01
0.151250E+01  0.159774E+01
0.152500E+01  0.163750E+01
0.153750E+01  0.167727E+01
0.155000E+01  0.171706E+01
0.156250E+01  0.175687E+01
0.157500E+01  0.179669E+01
0.158750E+01  0.183653E+01
0.160000E+01  0.187639E+01
0.161250E+01  0.191626E+01
0.162500E+01  0.195616E+01
0.163750E+01  0.199607E+01
0.165000E+01  0.203600E+01
0.166250E+01  0.207595E+01
0.167500E+01  0.211592E+01
0.168750E+01  0.215590E+01
0.170000E+01  0.219590E+01
0.171250E+01  0.223593E+01
0.172500E+01  0.227597E+01
0.173750E+01  0.231603E+01
0.175000E+01  0.235611E+01
0.176250E+01  0.239621E+01
0.177500E+01  0.243632E+01
0.178750E+01  0.247646E+01
0.180000E+01  0.251661E+01
0.181250E+01  0.255678E+01
0.182500E+01  0.259698E+01
0.183750E+01  0.263718E+01
0.185000E+01  0.267741E+01
0.186250E+01  0.271765E+01
0.187500E+01  0.275792E+01
0.188750E+01  0.279819E+01
0.190000E+01  0.283849E+01
0.191250E+01  0.287880E+01
0.192500E+01  0.291913E+01
0.193750E+01  0.295948E+01
0.195000E+01  0.299984E+01
0.196250E+01  0.304021E+01
0.197500E+01  0.308060E+01
0.198750E+01  0.312100E+01
0.200000E+01  0.316141E+01
0.201250E+01  0.320184E+01
0.202500E+01  0.324228E+01
0.203750E+01  0.328273E+01
0.205000E+01  0.332319E+01
0.206250E+01  0.336367E+01
0.207500E+01  0.340415E+01
0.208750E+01  0.344464E+01
0.210000E+01  0.348515E+01
0.211250E+01  0.352566E+01
0.212500E+01  0.356618E+01
0.213750E+01  0.360671E+01
0.215000E+01  0.364725E+01
0.216250E+01  0.368780E+01
0.217500E+01  0.372836E+01
0.218750E+01  0.376892E+01
0.220000E+01  0.380949E+01
0.221250E+01  0.385007E+01
0.222500E+01  0.389065E+01
0.223750E+01  0.393124E+01
0.225000E+01  0.397184E+01
