0.101250E+01  0.205390E+00
0.102500E+01  0.416668E+00
0.103750E+01  0.634003E+00
0.105000E+01  0.862849E+00
0.106250E+01  0.110334E+01
0.107500E+01  0.135181E+01
0.108750E+01  0.160691E+01
0.110000E+01  0.186969E+01
0.111250E+01  0.213999E+01
0.112500E+01  0.241758E+01
0.113750E+01  0.270132E+01
0.115000E+01  0.299400E+01
0.116250E+01  0.329328E+01
0.117500E+01  0.358836E+01
0.118750E+01  0.388669E+01
0.120000E+01  0.418987E+01
0.121250E+01  0.449648E+01
0.122500E+01  0.480517E+01
0.123750E+01  0.511259E+01
0.125000E+01  0.542089E+01
0.126250E+01  0.572826E+01
0.127500E+01  0.603494E+01
0.128750E+01  0.634147E+01
0.130000E+01  0.664733E+01
0.131250E+01  0.695282E+01
0.132500E+01  0.725785E+01
0.133750E+01  0.756267E+01
0.135000E+01  0.786728E+01
0.136250E+01  0.817184E+01
0.137500E+01  0.847653E+01
0.138750E+01  0.878115E+01
0.140000E+01  0.908566E+01
0.141250E+01  0.938993E+01
0.142500E+01  0.969392E+01
0.143750E+01  0.999802E+01
0.145000E+01  0.103022E+02
0.146250E+01  0.106065E+02
0.147500E+01  0.109109E+02
0.148750E+01  0.112154E+02
0.150000E+01  0.115198E+02
0.151250E+01  0.118242E+02
0.152500E+01  0.121285E+02
0.153750E+01  0.124328E+02
0.155000E+01  0.127374E+02
0.156250E+01  0.130423E+02
0.157500E+01  0.133473E+02
0.158750E+01  0.136524E+02
0.160000E+01  0.139575E+02
0.161250E+01  0.142626E+02
0.162500E+01  0.145678E+02
0.163750E+01  0.148730E+02
0.165000E+01  0.151782E+02
0.166250E+01  0.154837E+02
0.167500E+01  0.157893E+02
0.168750E+01  0.160950E+02
0.170000E+01  0.164008E+02
0.171250E+01  0.167068E+02
0.172500E+01  0.170130E+02
0.173750E+01  0.173193E+02
0.175000E+01  0.176256E+02
0.176250E+01  0.179320E+02
0.177500E+01  0.182384E+02
0.178750E+01  0.185450E+02
0.180000E+01  0.188518E+02
0.181250E+01  0.191586E+02
0.182500E+01  0.194656E+02
0.183750E+01  0.197727E+02
0.185000E+01  0.200800E+02
0.186250E+01  0.203875E+02
0.187500E+01  0.206953E+02
0.188750E+01  0.210033E+02
0.190000E+01  0.213114E+02
0.191250E+01  0.216195E+02
0.192500E+01  0.219277E+02
0.193750E+01  0.222359E+02
0.195000E+01  0.225443E+02
0.196250E+01  0.228528E+02
0.197500E+01  0.231614E+02
0.198750E+01  0.234701E+02
0.200000E+01  0.237790E+02
0.201250E+01  0.240880E+02
0.202500E+01  0.243971E+02
0.203750E+01  0.247061E+02
0.205000E+01  0.250152E+02
0.206250E+01  0.253243E+02
0.207500E+01  0.256335E+02
0.208750E+01  0.259428E+02
0.210000E+01  0.262522E+02
0.211250E+01  0.265619E+02
0.212500E+01  0.268715E+02
0.213750E+01  0.271812E+02
0.215000E+01  0.274907E+02
0.216250E+01  0.278003E+02
0.217500E+01  0.281100E+02
0.218750E+01  0.284198E+02
0.220000E+01  0.287297E+02
0.221250E+01  0.290395E+02
0.222500E+01  0.293495E+02
0.223750E+01  0.296594E+02
0.225000E+01  0.299693E+02
