0.101250E+01  0.237565E+00
0.102500E+01  0.482033E+00
0.103750E+01  0.733562E+00
0.105000E+01  0.998785E+00
0.106250E+01  0.127794E+01
0.107500E+01  0.156637E+01
0.108750E+01  0.186329E+01
0.110000E+01  0.216896E+01
0.111250E+01  0.248469E+01
0.112500E+01  0.280890E+01
0.113750E+01  0.314349E+01
0.115000E+01  0.348507E+01
0.116250E+01  0.382913E+01
0.117500E+01  0.417231E+01
0.118750E+01  0.451982E+01
0.120000E+01  0.487241E+01
0.121250E+01  0.522737E+01
0.122500E+01  0.558302E+01
0.123750E+01  0.593775E+01
0.125000E+01  0.629318E+01
0.126250E+01  0.664761E+01
0.127500E+01  0.700154E+01
0.128750E+01  0.735488E+01
0.130000E+01  0.770767E+01
0.131250E+01  0.806018E+01
0.132500E+01  0.841237E+01
0.133750E+01  0.876436E+01
0.135000E+01  0.911618E+01
0.136250E+01  0.946799E+01
0.137500E+01  0.981989E+01
0.138750E+01  0.101719E+02
0.140000E+01  0.105236E+02
0.141250E+01  0.108751E+02
0.142500E+01  0.112266E+02
0.143750E+01  0.115781E+02
0.145000E+01  0.119296E+02
0.146250E+01  0.122812E+02
0.147500E+01  0.126329E+02
0.148750E+01  0.129846E+02
0.150000E+01  0.133363E+02
0.151250E+01  0.136882E+02
0.152500E+01  0.140401E+02
0.153750E+01  0.143920E+02
0.155000E+01  0.147440E+02
0.156250E+01  0.150963E+02
0.157500E+01  0.154488E+02
0.158750E+01  0.158015E+02
0.160000E+01  0.161543E+02
0.161250E+01  0.165071E+02
0.162500E+01  0.168601E+02
0.163750E+01  0.172131E+02
0.165000E+01  0.175660E+02
0.166250E+01  0.179192E+02
0.167500E+01  0.182724E+02
0.168750E+01  0.186259E+02
0.170000E+01  0.189795E+02
0.171250E+01  0.193335E+02
0.172500E+01  0.196876E+02
0.173750E+01  0.200419E+02
0.175000E+01  0.203962E+02
0.176250E+01  0.207506E+02
0.177500E+01  0.211050E+02
0.178750E+01  0.214595E+02
0.180000E+01  0.218142E+02
0.181250E+01  0.221692E+02
0.182500E+01  0.225242E+02
0.183750E+01  0.228795E+02
0.185000E+01  0.232349E+02
0.186250E+01  0.235903E+02
0.187500E+01  0.239461E+02
0.188750E+01  0.243021E+02
0.190000E+01  0.246581E+02
0.191250E+01  0.250144E+02
0.192500E+01  0.253707E+02
0.193750E+01  0.257273E+02
0.195000E+01  0.260841E+02
0.196250E+01  0.264409E+02
0.197500E+01  0.267979E+02
0.198750E+01  0.271549E+02
0.200000E+01  0.275120E+02
0.201250E+01  0.278692E+02
0.202500E+01  0.282265E+02
0.203750E+01  0.285839E+02
0.205000E+01  0.289413E+02
0.206250E+01  0.292990E+02
0.207500E+01  0.296566E+02
0.208750E+01  0.300143E+02
0.210000E+01  0.303721E+02
0.211250E+01  0.307300E+02
0.212500E+01  0.310879E+02
0.213750E+01  0.314459E+02
0.215000E+01  0.318039E+02
0.216250E+01  0.321622E+02
0.217500E+01  0.325205E+02
0.218750E+01  0.328791E+02
0.220000E+01  0.332375E+02
0.221250E+01  0.335960E+02
0.222500E+01  0.339544E+02
0.223750E+01  0.343129E+02
0.225000E+01  0.346715E+02
