0.101250E+01  0.539968E-01
0.102500E+01  0.121600E+00
0.103750E+01  0.205961E+00
0.105000E+01  0.287555E+00
0.106250E+01  0.366597E+00
0.107500E+01  0.444576E+00
0.108750E+01  0.520919E+00
0.110000E+01  0.597403E+00
0.111250E+01  0.674160E+00
0.112500E+01  0.751133E+00
0.113750E+01  0.828337E+00
0.115000E+01  0.905852E+00
0.116250E+01  0.983621E+00
0.117500E+01  0.106167E+01
0.118750E+01  0.113993E+01
0.120000E+01  0.121837E+01
0.121250E+01  0.129694E+01
0.122500E+01  0.137564E+01
0.123750E+01  0.145440E+01
0.125000E+01  0.153331E+01
0.126250E+01  0.161222E+01
0.127500E+01  0.169114E+01
0.128750E+01  0.177008E+01
0.130000E+01  0.184902E+01
0.131250E+01  0.192799E+01
0.132500E+01  0.200697E+01
0.133750E+01  0.208599E+01
0.135000E+01  0.216504E+01
0.136250E+01  0.224412E+01
0.137500E+01  0.232322E+01
0.138750E+01  0.240235E+01
0.140000E+01  0.248149E+01
0.141250E+01  0.256066E+01
0.142500E+01  0.263986E+01
0.143750E+01  0.271909E+01
0.145000E+01  0.279835E+01
0.146250E+01  0.287764E+01
0.147500E+01  0.295696E+01
0.148750E+01  0.303631E+01
0.150000E+01  0.311570E+01
0.151250E+01  0.319511E+01
0.152500E+01  0.327456E+01
0.153750E+01  0.335405E+01
0.155000E+01  0.343356E+01
0.156250E+01  0.351311E+01
0.157500E+01  0.359270E+01
0.158750E+01  0.367232E+01
0.160000E+01  0.375198E+01
0.161250E+01  0.383168E+01
0.162500E+01  0.391142E+01
0.163750E+01  0.399120E+01
0.165000E+01  0.407102E+01
0.166250E+01  0.415087E+01
0.167500E+01  0.423077E+01
0.168750E+01  0.431071E+01
0.170000E+01  0.439069E+01
0.171250E+01  0.447071E+01
0.172500E+01  0.455077E+01
0.173750E+01  0.463087E+01
0.175000E+01  0.471100E+01
0.176250E+01  0.479118E+01
0.177500E+01  0.487139E+01
0.178750E+01  0.495164E+01
0.180000E+01  0.503193E+01
0.181250E+01  0.511226E+01
0.182500E+01  0.519262E+01
0.183750E+01  0.527302E+01
0.185000E+01  0.535345E+01
0.186250E+01  0.543392E+01
0.187500E+01  0.551443E+01
0.188750E+01  0.559497E+01
0.190000E+01  0.567554E+01
0.191250E+01  0.575614E+01
0.192500E+01  0.583678E+01
0.193750E+01  0.591745E+01
0.195000E+01  0.599815E+01
0.196250E+01  0.607888E+01
0.197500E+01  0.615964E+01
0.198750E+01  0.624042E+01
0.200000E+01  0.632123E+01
0.201250E+01  0.640207E+01
0.202500E+01  0.648293E+01
0.203750E+01  0.656381E+01
0.205000E+01  0.664472E+01
0.206250E+01  0.672565E+01
0.207500E+01  0.680660E+01
0.208750E+01  0.688757E+01
0.210000E+01  0.696856E+01
0.211250E+01  0.704957E+01
0.212500E+01  0.713059E+01
0.213750E+01  0.721164E+01
0.215000E+01  0.729270E+01
0.216250E+01  0.737378E+01
0.217500E+01  0.745487E+01
0.218750E+01  0.753598E+01
0.220000E+01  0.761710E+01
0.221250E+01  0.769824E+01
0.222500E+01  0.777939E+01
0.223750E+01  0.786055E+01
0.225000E+01  0.794172E+01
