0.101250E+01  0.179635E+00
0.102500E+01  0.364372E+00
0.103750E+01  0.554357E+00
0.105000E+01  0.754329E+00
0.106250E+01  0.963941E+00
0.107500E+01  0.118074E+01
0.108750E+01  0.140282E+01
0.110000E+01  0.163155E+01
0.111250E+01  0.186635E+01
0.112500E+01  0.210711E+01
0.113750E+01  0.235328E+01
0.115000E+01  0.260435E+01
0.116250E+01  0.286230E+01
0.117500E+01  0.312288E+01
0.118750E+01  0.338348E+01
0.120000E+01  0.364789E+01
0.121250E+01  0.391504E+01
0.122500E+01  0.418471E+01
0.123750E+01  0.445381E+01
0.125000E+01  0.472329E+01
0.126250E+01  0.499286E+01
0.127500E+01  0.526294E+01
0.128750E+01  0.553231E+01
0.130000E+01  0.580044E+01
0.131250E+01  0.606763E+01
0.132500E+01  0.633487E+01
0.133750E+01  0.660185E+01
0.135000E+01  0.686870E+01
0.136250E+01  0.713545E+01
0.137500E+01  0.740216E+01
0.138750E+01  0.766884E+01
0.140000E+01  0.793550E+01
0.141250E+01  0.820195E+01
0.142500E+01  0.846813E+01
0.143750E+01  0.873440E+01
0.145000E+01  0.900076E+01
0.146250E+01  0.926722E+01
0.147500E+01  0.953371E+01
0.148750E+01  0.980014E+01
0.150000E+01  0.100666E+02
0.151250E+01  0.103329E+02
0.152500E+01  0.105992E+02
0.153750E+01  0.108655E+02
0.155000E+01  0.111320E+02
0.156250E+01  0.113990E+02
0.157500E+01  0.116659E+02
0.158750E+01  0.119329E+02
0.160000E+01  0.121997E+02
0.161250E+01  0.124667E+02
0.162500E+01  0.127337E+02
0.163750E+01  0.130009E+02
0.165000E+01  0.132680E+02
0.166250E+01  0.135352E+02
0.167500E+01  0.138026E+02
0.168750E+01  0.140700E+02
0.170000E+01  0.143375E+02
0.171250E+01  0.146051E+02
0.172500E+01  0.148729E+02
0.173750E+01  0.151407E+02
0.175000E+01  0.154087E+02
0.176250E+01  0.156767E+02
0.177500E+01  0.159448E+02
0.178750E+01  0.162130E+02
0.180000E+01  0.164813E+02
0.181250E+01  0.167499E+02
0.182500E+01  0.170186E+02
0.183750E+01  0.172875E+02
0.185000E+01  0.175564E+02
0.186250E+01  0.178254E+02
0.187500E+01  0.180946E+02
0.188750E+01  0.183640E+02
0.190000E+01  0.186334E+02
0.191250E+01  0.189029E+02
0.192500E+01  0.191724E+02
0.193750E+01  0.194420E+02
0.195000E+01  0.197118E+02
0.196250E+01  0.199817E+02
0.197500E+01  0.202516E+02
0.198750E+01  0.205216E+02
0.200000E+01  0.207917E+02
0.201250E+01  0.210618E+02
0.202500E+01  0.213320E+02
0.203750E+01  0.216023E+02
0.205000E+01  0.218729E+02
0.206250E+01  0.221435E+02
0.207500E+01  0.224140E+02
0.208750E+01  0.226846E+02
0.210000E+01  0.229551E+02
0.211250E+01  0.232257E+02
0.212500E+01  0.234964E+02
0.213750E+01  0.237672E+02
0.215000E+01  0.240380E+02
0.216250E+01  0.243088E+02
0.217500E+01  0.245797E+02
0.218750E+01  0.248506E+02
0.220000E+01  0.251216E+02
0.221250E+01  0.253926E+02
0.222500E+01  0.256636E+02
0.223750E+01  0.259347E+02
0.225000E+01  0.262059E+02
