0.101250E+01  0.399212E-01
0.102500E+01  0.899091E-01
0.103750E+01  0.152286E+00
0.105000E+01  0.212614E+00
0.106250E+01  0.271055E+00
0.107500E+01  0.328703E+00
0.108750E+01  0.385111E+00
0.110000E+01  0.441608E+00
0.111250E+01  0.498283E+00
0.112500E+01  0.555100E+00
0.113750E+01  0.612104E+00
0.115000E+01  0.669323E+00
0.116250E+01  0.726747E+00
0.117500E+01  0.784365E+00
0.118750E+01  0.842176E+00
0.120000E+01  0.900130E+00
0.121250E+01  0.958172E+00
0.122500E+01  0.101632E+01
0.123750E+01  0.107455E+01
0.125000E+01  0.113290E+01
0.126250E+01  0.119126E+01
0.127500E+01  0.124961E+01
0.128750E+01  0.130797E+01
0.130000E+01  0.136635E+01
0.131250E+01  0.142475E+01
0.132500E+01  0.148317E+01
0.133750E+01  0.154160E+01
0.135000E+01  0.160006E+01
0.136250E+01  0.165854E+01
0.137500E+01  0.171703E+01
0.138750E+01  0.177554E+01
0.140000E+01  0.183407E+01
0.141250E+01  0.189262E+01
0.142500E+01  0.195119E+01
0.143750E+01  0.200978E+01
0.145000E+01  0.206839E+01
0.146250E+01  0.212702E+01
0.147500E+01  0.218568E+01
0.148750E+01  0.224436E+01
0.150000E+01  0.230305E+01
0.151250E+01  0.236178E+01
0.152500E+01  0.242053E+01
0.153750E+01  0.247930E+01
0.155000E+01  0.253810E+01
0.156250E+01  0.259692E+01
0.157500E+01  0.265576E+01
0.158750E+01  0.271463E+01
0.160000E+01  0.277353E+01
0.161250E+01  0.283246E+01
0.162500E+01  0.289141E+01
0.163750E+01  0.295039E+01
0.165000E+01  0.300940E+01
0.166250E+01  0.306844E+01
0.167500E+01  0.312750E+01
0.168750E+01  0.318660E+01
0.170000E+01  0.324573E+01
0.171250E+01  0.330488E+01
0.172500E+01  0.336406E+01
0.173750E+01  0.342327E+01
0.175000E+01  0.348251E+01
0.176250E+01  0.354178E+01
0.177500E+01  0.360108E+01
0.178750E+01  0.366040E+01
0.180000E+01  0.371975E+01
0.181250E+01  0.377913E+01
0.182500E+01  0.383853E+01
0.183750E+01  0.389796E+01
0.185000E+01  0.395742E+01
0.186250E+01  0.401691E+01
0.187500E+01  0.407642E+01
0.188750E+01  0.413596E+01
0.190000E+01  0.419552E+01
0.191250E+01  0.425510E+01
0.192500E+01  0.431471E+01
0.193750E+01  0.437434E+01
0.195000E+01  0.443400E+01
0.196250E+01  0.449368E+01
0.197500E+01  0.455337E+01
0.198750E+01  0.461309E+01
0.200000E+01  0.467283E+01
0.201250E+01  0.473258E+01
0.202500E+01  0.479236E+01
0.203750E+01  0.485215E+01
0.205000E+01  0.491196E+01
0.206250E+01  0.497178E+01
0.207500E+01  0.503162E+01
0.208750E+01  0.509147E+01
0.210000E+01  0.515134E+01
0.211250E+01  0.521122E+01
0.212500E+01  0.527112E+01
0.213750E+01  0.533103E+01
0.215000E+01  0.539095E+01
0.216250E+01  0.545088E+01
0.217500E+01  0.551083E+01
0.218750E+01  0.557078E+01
0.220000E+01  0.563075E+01
0.221250E+01  0.569073E+01
0.222500E+01  0.575072E+01
0.223750E+01  0.581071E+01
0.225000E+01  0.587072E+01
