0.101250E+01  0.692378E-01
0.102500E+01  0.155911E+00
0.103750E+01  0.264072E+00
0.105000E+01  0.368689E+00
0.106250E+01  0.470038E+00
0.107500E+01  0.570041E+00
0.108750E+01  0.667997E+00
0.110000E+01  0.766191E+00
0.111250E+01  0.864754E+00
0.112500E+01  0.963605E+00
0.113750E+01  0.106275E+01
0.115000E+01  0.116229E+01
0.116250E+01  0.126216E+01
0.117500E+01  0.136236E+01
0.118750E+01  0.146278E+01
0.120000E+01  0.156343E+01
0.121250E+01  0.166424E+01
0.122500E+01  0.176514E+01
0.123750E+01  0.186615E+01
0.125000E+01  0.196729E+01
0.126250E+01  0.206843E+01
0.127500E+01  0.216961E+01
0.128750E+01  0.227080E+01
0.130000E+01  0.237199E+01
0.131250E+01  0.247322E+01
0.132500E+01  0.257447E+01
0.133750E+01  0.267576E+01
0.135000E+01  0.277709E+01
0.136250E+01  0.287845E+01
0.137500E+01  0.297985E+01
0.138750E+01  0.308128E+01
0.140000E+01  0.318276E+01
0.141250E+01  0.328426E+01
0.142500E+01  0.338579E+01
0.143750E+01  0.348736E+01
0.145000E+01  0.358897E+01
0.146250E+01  0.369063E+01
0.147500E+01  0.379232E+01
0.148750E+01  0.389405E+01
0.150000E+01  0.399583E+01
0.151250E+01  0.409765E+01
0.152500E+01  0.419951E+01
0.153750E+01  0.430142E+01
0.155000E+01  0.440337E+01
0.156250E+01  0.450538E+01
0.157500E+01  0.460743E+01
0.158750E+01  0.470953E+01
0.160000E+01  0.481168E+01
0.161250E+01  0.491388E+01
0.162500E+01  0.501613E+01
0.163750E+01  0.511843E+01
0.165000E+01  0.522079E+01
0.166250E+01  0.532319E+01
0.167500E+01  0.542565E+01
0.168750E+01  0.552817E+01
0.170000E+01  0.563073E+01
0.171250E+01  0.573335E+01
0.172500E+01  0.583602E+01
0.173750E+01  0.593873E+01
0.175000E+01  0.604150E+01
0.176250E+01  0.614432E+01
0.177500E+01  0.624719E+01
0.178750E+01  0.635011E+01
0.180000E+01  0.645307E+01
0.181250E+01  0.655609E+01
0.182500E+01  0.665915E+01
0.183750E+01  0.676226E+01
0.185000E+01  0.686541E+01
0.186250E+01  0.696861E+01
0.187500E+01  0.707185E+01
0.188750E+01  0.717514E+01
0.190000E+01  0.727847E+01
0.191250E+01  0.738184E+01
0.192500E+01  0.748525E+01
0.193750E+01  0.758871E+01
0.195000E+01  0.769220E+01
0.196250E+01  0.779573E+01
0.197500E+01  0.789930E+01
0.198750E+01  0.800290E+01
0.200000E+01  0.810653E+01
0.201250E+01  0.821020E+01
0.202500E+01  0.831390E+01
0.203750E+01  0.841763E+01
0.205000E+01  0.852138E+01
0.206250E+01  0.862517E+01
0.207500E+01  0.872898E+01
0.208750E+01  0.883282E+01
0.210000E+01  0.893669E+01
0.211250E+01  0.904058E+01
0.212500E+01  0.914449E+01
0.213750E+01  0.924843E+01
0.215000E+01  0.935239E+01
0.216250E+01  0.945636E+01
0.217500E+01  0.956036E+01
0.218750E+01  0.966438E+01
0.220000E+01  0.976842E+01
0.221250E+01  0.987247E+01
0.222500E+01  0.997654E+01
0.223750E+01  0.100806E+02
0.225000E+01  0.101847E+02
