0.101250E+01  0.668936E-01
0.102500E+01  0.150634E+00
0.103750E+01  0.255135E+00
0.105000E+01  0.356210E+00
0.106250E+01  0.454128E+00
0.107500E+01  0.550743E+00
0.108750E+01  0.645373E+00
0.110000E+01  0.740221E+00
0.111250E+01  0.835423E+00
0.112500E+01  0.930908E+00
0.113750E+01  0.102667E+01
0.115000E+01  0.112282E+01
0.116250E+01  0.121928E+01
0.117500E+01  0.131608E+01
0.118750E+01  0.141310E+01
0.120000E+01  0.151032E+01
0.121250E+01  0.160772E+01
0.122500E+01  0.170520E+01
0.123750E+01  0.180279E+01
0.125000E+01  0.190051E+01
0.126250E+01  0.199824E+01
0.127500E+01  0.209599E+01
0.128750E+01  0.219376E+01
0.130000E+01  0.229153E+01
0.131250E+01  0.238933E+01
0.132500E+01  0.248716E+01
0.133750E+01  0.258503E+01
0.135000E+01  0.268293E+01
0.136250E+01  0.278086E+01
0.137500E+01  0.287883E+01
0.138750E+01  0.297684E+01
0.140000E+01  0.307488E+01
0.141250E+01  0.317295E+01
0.142500E+01  0.327105E+01
0.143750E+01  0.336918E+01
0.145000E+01  0.346735E+01
0.146250E+01  0.356556E+01
0.147500E+01  0.366382E+01
0.148750E+01  0.376211E+01
0.150000E+01  0.386044E+01
0.151250E+01  0.395881E+01
0.152500E+01  0.405723E+01
0.153750E+01  0.415569E+01
0.155000E+01  0.425419E+01
0.156250E+01  0.435274E+01
0.157500E+01  0.445133E+01
0.158750E+01  0.454998E+01
0.160000E+01  0.464867E+01
0.161250E+01  0.474740E+01
0.162500E+01  0.484619E+01
0.163750E+01  0.494503E+01
0.165000E+01  0.504392E+01
0.166250E+01  0.514286E+01
0.167500E+01  0.524185E+01
0.168750E+01  0.534089E+01
0.170000E+01  0.543998E+01
0.171250E+01  0.553912E+01
0.172500E+01  0.563831E+01
0.173750E+01  0.573755E+01
0.175000E+01  0.583684E+01
0.176250E+01  0.593617E+01
0.177500E+01  0.603555E+01
0.178750E+01  0.613499E+01
0.180000E+01  0.623446E+01
0.181250E+01  0.633399E+01
0.182500E+01  0.643356E+01
0.183750E+01  0.653317E+01
0.185000E+01  0.663283E+01
0.186250E+01  0.673253E+01
0.187500E+01  0.683227E+01
0.188750E+01  0.693206E+01
0.190000E+01  0.703189E+01
0.191250E+01  0.713176E+01
0.192500E+01  0.723167E+01
0.193750E+01  0.733162E+01
0.195000E+01  0.743161E+01
0.196250E+01  0.753163E+01
0.197500E+01  0.763169E+01
0.198750E+01  0.773178E+01
0.200000E+01  0.783190E+01
0.201250E+01  0.793206E+01
0.202500E+01  0.803224E+01
0.203750E+01  0.813246E+01
0.205000E+01  0.823270E+01
0.206250E+01  0.833297E+01
0.207500E+01  0.843327E+01
0.208750E+01  0.853359E+01
0.210000E+01  0.863394E+01
0.211250E+01  0.873431E+01
0.212500E+01  0.883470E+01
0.213750E+01  0.893511E+01
0.215000E+01  0.903555E+01
0.216250E+01  0.913600E+01
0.217500E+01  0.923648E+01
0.218750E+01  0.933697E+01
0.220000E+01  0.943748E+01
0.221250E+01  0.953801E+01
0.222500E+01  0.963855E+01
0.223750E+01  0.973911E+01
0.225000E+01  0.983969E+01
