0.101250E+01  0.328808E-01
0.102500E+01  0.740558E-01
0.103750E+01  0.125435E+00
0.105000E+01  0.175125E+00
0.106250E+01  0.223261E+00
0.107500E+01  0.270742E+00
0.108750E+01  0.317189E+00
0.110000E+01  0.363695E+00
0.111250E+01  0.410341E+00
0.112500E+01  0.457117E+00
0.113750E+01  0.504042E+00
0.115000E+01  0.551132E+00
0.116250E+01  0.598402E+00
0.117500E+01  0.645818E+00
0.118750E+01  0.693395E+00
0.120000E+01  0.741117E+00
0.121250E+01  0.788912E+00
0.122500E+01  0.836770E+00
0.123750E+01  0.884715E+00
0.125000E+01  0.932776E+00
0.126250E+01  0.980849E+00
0.127500E+01  0.102892E+01
0.128750E+01  0.107699E+01
0.130000E+01  0.112508E+01
0.131250E+01  0.117318E+01
0.132500E+01  0.122130E+01
0.133750E+01  0.126944E+01
0.135000E+01  0.131758E+01
0.136250E+01  0.136575E+01
0.137500E+01  0.141393E+01
0.138750E+01  0.146213E+01
0.140000E+01  0.151035E+01
0.141250E+01  0.155858E+01
0.142500E+01  0.160683E+01
0.143750E+01  0.165509E+01
0.145000E+01  0.170338E+01
0.146250E+01  0.175167E+01
0.147500E+01  0.179999E+01
0.148750E+01  0.184832E+01
0.150000E+01  0.189667E+01
0.151250E+01  0.194505E+01
0.152500E+01  0.199344E+01
0.153750E+01  0.204185E+01
0.155000E+01  0.209028E+01
0.156250E+01  0.213873E+01
0.157500E+01  0.218720E+01
0.158750E+01  0.223569E+01
0.160000E+01  0.228421E+01
0.161250E+01  0.233274E+01
0.162500E+01  0.238130E+01
0.163750E+01  0.242988E+01
0.165000E+01  0.247848E+01
0.166250E+01  0.252711E+01
0.167500E+01  0.257576E+01
0.168750E+01  0.262443E+01
0.170000E+01  0.267313E+01
0.171250E+01  0.272185E+01
0.172500E+01  0.277059E+01
0.173750E+01  0.281936E+01
0.175000E+01  0.286815E+01
0.176250E+01  0.291696E+01
0.177500E+01  0.296579E+01
0.178750E+01  0.301465E+01
0.180000E+01  0.306353E+01
0.181250E+01  0.311243E+01
0.182500E+01  0.316136E+01
0.183750E+01  0.321030E+01
0.185000E+01  0.325927E+01
0.186250E+01  0.330826E+01
0.187500E+01  0.335727E+01
0.188750E+01  0.340631E+01
0.190000E+01  0.345536E+01
0.191250E+01  0.350443E+01
0.192500E+01  0.355353E+01
0.193750E+01  0.360264E+01
0.195000E+01  0.365177E+01
0.196250E+01  0.370092E+01
0.197500E+01  0.375009E+01
0.198750E+01  0.379927E+01
0.200000E+01  0.384846E+01
0.201250E+01  0.389768E+01
0.202500E+01  0.394691E+01
0.203750E+01  0.399615E+01
0.205000E+01  0.404541E+01
0.206250E+01  0.409467E+01
0.207500E+01  0.414396E+01
0.208750E+01  0.419325E+01
0.210000E+01  0.424256E+01
0.211250E+01  0.429187E+01
0.212500E+01  0.434120E+01
0.213750E+01  0.439054E+01
0.215000E+01  0.443989E+01
0.216250E+01  0.448925E+01
0.217500E+01  0.453862E+01
0.218750E+01  0.458800E+01
0.220000E+01  0.463739E+01
0.221250E+01  0.468679E+01
0.222500E+01  0.473619E+01
0.223750E+01  0.478560E+01
0.225000E+01  0.483502E+01
