0.101250E+01  0.144196E+00
0.102500E+01  0.292443E+00
0.103750E+01  0.444815E+00
0.105000E+01  0.605168E+00
0.106250E+01  0.772878E+00
0.107500E+01  0.946112E+00
0.108750E+01  0.112407E+01
0.110000E+01  0.130609E+01
0.111250E+01  0.149306E+01
0.112500E+01  0.168423E+01
0.113750E+01  0.187909E+01
0.115000E+01  0.207765E+01
0.116250E+01  0.227980E+01
0.117500E+01  0.248491E+01
0.118750E+01  0.269258E+01
0.120000E+01  0.290474E+01
0.121250E+01  0.312052E+01
0.122500E+01  0.333763E+01
0.123750E+01  0.355440E+01
0.125000E+01  0.377020E+01
0.126250E+01  0.398612E+01
0.127500E+01  0.420326E+01
0.128750E+01  0.442033E+01
0.130000E+01  0.463712E+01
0.131250E+01  0.485260E+01
0.132500E+01  0.506795E+01
0.133750E+01  0.528277E+01
0.135000E+01  0.549748E+01
0.136250E+01  0.571202E+01
0.137500E+01  0.592653E+01
0.138750E+01  0.614111E+01
0.140000E+01  0.635571E+01
0.141250E+01  0.657024E+01
0.142500E+01  0.678439E+01
0.143750E+01  0.699844E+01
0.145000E+01  0.721247E+01
0.146250E+01  0.742659E+01
0.147500E+01  0.764071E+01
0.148750E+01  0.785487E+01
0.150000E+01  0.806902E+01
0.151250E+01  0.828307E+01
0.152500E+01  0.849703E+01
0.153750E+01  0.871109E+01
0.155000E+01  0.892539E+01
0.156250E+01  0.913997E+01
0.157500E+01  0.935450E+01
0.158750E+01  0.956896E+01
0.160000E+01  0.978342E+01
0.161250E+01  0.999795E+01
0.162500E+01  0.102125E+02
0.163750E+01  0.104270E+02
0.165000E+01  0.106416E+02
0.166250E+01  0.108563E+02
0.167500E+01  0.110710E+02
0.168750E+01  0.112857E+02
0.170000E+01  0.115004E+02
0.171250E+01  0.117152E+02
0.172500E+01  0.119301E+02
0.173750E+01  0.121453E+02
0.175000E+01  0.123606E+02
0.176250E+01  0.125761E+02
0.177500E+01  0.127916E+02
0.178750E+01  0.130071E+02
0.180000E+01  0.132225E+02
0.181250E+01  0.134381E+02
0.182500E+01  0.136537E+02
0.183750E+01  0.138694E+02
0.185000E+01  0.140852E+02
0.186250E+01  0.143011E+02
0.187500E+01  0.145171E+02
0.188750E+01  0.147333E+02
0.190000E+01  0.149495E+02
0.191250E+01  0.151659E+02
0.192500E+01  0.153823E+02
0.193750E+01  0.155988E+02
0.195000E+01  0.158154E+02
0.196250E+01  0.160322E+02
0.197500E+01  0.162491E+02
0.198750E+01  0.164660E+02
0.200000E+01  0.166828E+02
0.201250E+01  0.168997E+02
0.202500E+01  0.171167E+02
0.203750E+01  0.173337E+02
0.205000E+01  0.175507E+02
0.206250E+01  0.177678E+02
0.207500E+01  0.179850E+02
0.208750E+01  0.182022E+02
0.210000E+01  0.184194E+02
0.211250E+01  0.186367E+02
0.212500E+01  0.188540E+02
0.213750E+01  0.190714E+02
0.215000E+01  0.192888E+02
0.216250E+01  0.195063E+02
0.217500E+01  0.197237E+02
0.218750E+01  0.199412E+02
0.220000E+01  0.201587E+02
0.221250E+01  0.203763E+02
0.222500E+01  0.205939E+02
0.223750E+01  0.208115E+02
0.225000E+01  0.210291E+02
