0.101250E+01  0.493057E-01
0.102500E+01  0.111039E+00
0.103750E+01  0.188073E+00
0.105000E+01  0.262580E+00
0.106250E+01  0.334756E+00
0.107500E+01  0.405959E+00
0.108750E+01  0.475655E+00
0.110000E+01  0.545473E+00
0.111250E+01  0.615536E+00
0.112500E+01  0.685777E+00
0.113750E+01  0.756249E+00
0.115000E+01  0.826991E+00
0.116250E+01  0.897974E+00
0.117500E+01  0.969209E+00
0.118750E+01  0.104065E+01
0.120000E+01  0.111226E+01
0.121250E+01  0.118398E+01
0.122500E+01  0.125583E+01
0.123750E+01  0.132776E+01
0.125000E+01  0.139982E+01
0.126250E+01  0.147187E+01
0.127500E+01  0.154395E+01
0.128750E+01  0.161603E+01
0.130000E+01  0.168812E+01
0.131250E+01  0.176024E+01
0.132500E+01  0.183237E+01
0.133750E+01  0.190452E+01
0.135000E+01  0.197671E+01
0.136250E+01  0.204893E+01
0.137500E+01  0.212116E+01
0.138750E+01  0.219342E+01
0.140000E+01  0.226569E+01
0.141250E+01  0.233799E+01
0.142500E+01  0.241031E+01
0.143750E+01  0.248267E+01
0.145000E+01  0.255504E+01
0.146250E+01  0.262745E+01
0.147500E+01  0.269988E+01
0.148750E+01  0.277234E+01
0.150000E+01  0.284484E+01
0.151250E+01  0.291736E+01
0.152500E+01  0.298991E+01
0.153750E+01  0.306249E+01
0.155000E+01  0.313510E+01
0.156250E+01  0.320774E+01
0.157500E+01  0.328042E+01
0.158750E+01  0.335312E+01
0.160000E+01  0.342586E+01
0.161250E+01  0.349864E+01
0.162500E+01  0.357145E+01
0.163750E+01  0.364429E+01
0.165000E+01  0.371717E+01
0.166250E+01  0.379009E+01
0.167500E+01  0.386305E+01
0.168750E+01  0.393604E+01
0.170000E+01  0.400907E+01
0.171250E+01  0.408214E+01
0.172500E+01  0.415523E+01
0.173750E+01  0.422837E+01
0.175000E+01  0.430154E+01
0.176250E+01  0.437475E+01
0.177500E+01  0.444799E+01
0.178750E+01  0.452127E+01
0.180000E+01  0.459458E+01
0.181250E+01  0.466792E+01
0.182500E+01  0.474130E+01
0.183750E+01  0.481471E+01
0.185000E+01  0.488815E+01
0.186250E+01  0.496163E+01
0.187500E+01  0.503513E+01
0.188750E+01  0.510867E+01
0.190000E+01  0.518224E+01
0.191250E+01  0.525584E+01
0.192500E+01  0.532947E+01
0.193750E+01  0.540313E+01
0.195000E+01  0.547681E+01
0.196250E+01  0.555053E+01
0.197500E+01  0.562426E+01
0.198750E+01  0.569803E+01
0.200000E+01  0.577181E+01
0.201250E+01  0.584562E+01
0.202500E+01  0.591945E+01
0.203750E+01  0.599330E+01
0.205000E+01  0.606718E+01
0.206250E+01  0.614108E+01
0.207500E+01  0.621499E+01
0.208750E+01  0.628892E+01
0.210000E+01  0.636287E+01
0.211250E+01  0.643684E+01
0.212500E+01  0.651082E+01
0.213750E+01  0.658482E+01
0.215000E+01  0.665884E+01
0.216250E+01  0.673287E+01
0.217500E+01  0.680691E+01
0.218750E+01  0.688097E+01
0.220000E+01  0.695504E+01
0.221250E+01  0.702912E+01
0.222500E+01  0.710322E+01
0.223750E+01  0.717733E+01
0.225000E+01  0.725144E+01
