0.101250E+01  0.102274E+00
0.102500E+01  0.207378E+00
0.103750E+01  0.315326E+00
0.105000E+01  0.429041E+00
0.106250E+01  0.547736E+00
0.107500E+01  0.669840E+00
0.108750E+01  0.795536E+00
0.110000E+01  0.924111E+00
0.111250E+01  0.105554E+01
0.112500E+01  0.118957E+01
0.113750E+01  0.132605E+01
0.115000E+01  0.146467E+01
0.116250E+01  0.160590E+01
0.117500E+01  0.174987E+01
0.118750E+01  0.189644E+01
0.120000E+01  0.204396E+01
0.121250E+01  0.219335E+01
0.122500E+01  0.234461E+01
0.123750E+01  0.249769E+01
0.125000E+01  0.265150E+01
0.126250E+01  0.280522E+01
0.127500E+01  0.295963E+01
0.128750E+01  0.311439E+01
0.130000E+01  0.326905E+01
0.131250E+01  0.342282E+01
0.132500E+01  0.357584E+01
0.133750E+01  0.372916E+01
0.135000E+01  0.388226E+01
0.136250E+01  0.403490E+01
0.137500E+01  0.418759E+01
0.138750E+01  0.434026E+01
0.140000E+01  0.449298E+01
0.141250E+01  0.464554E+01
0.142500E+01  0.479778E+01
0.143750E+01  0.494982E+01
0.145000E+01  0.510186E+01
0.146250E+01  0.525400E+01
0.147500E+01  0.540619E+01
0.148750E+01  0.555843E+01
0.150000E+01  0.571066E+01
0.151250E+01  0.586283E+01
0.152500E+01  0.601501E+01
0.153750E+01  0.616733E+01
0.155000E+01  0.631975E+01
0.156250E+01  0.647215E+01
0.157500E+01  0.662444E+01
0.158750E+01  0.677671E+01
0.160000E+01  0.692899E+01
0.161250E+01  0.708128E+01
0.162500E+01  0.723361E+01
0.163750E+01  0.738592E+01
0.165000E+01  0.753823E+01
0.166250E+01  0.769061E+01
0.167500E+01  0.784311E+01
0.168750E+01  0.799568E+01
0.170000E+01  0.814823E+01
0.171250E+01  0.830074E+01
0.172500E+01  0.845328E+01
0.173750E+01  0.860585E+01
0.175000E+01  0.875860E+01
0.176250E+01  0.891139E+01
0.177500E+01  0.906419E+01
0.178750E+01  0.921699E+01
0.180000E+01  0.936976E+01
0.181250E+01  0.952263E+01
0.182500E+01  0.967557E+01
0.183750E+01  0.982860E+01
0.185000E+01  0.998184E+01
0.186250E+01  0.101352E+02
0.187500E+01  0.102887E+02
0.188750E+01  0.104421E+02
0.190000E+01  0.105956E+02
0.191250E+01  0.107491E+02
0.192500E+01  0.109026E+02
0.193750E+01  0.110563E+02
0.195000E+01  0.112100E+02
0.196250E+01  0.113637E+02
0.197500E+01  0.115174E+02
0.198750E+01  0.116712E+02
0.200000E+01  0.118251E+02
0.201250E+01  0.119790E+02
0.202500E+01  0.121329E+02
0.203750E+01  0.122868E+02
0.205000E+01  0.124408E+02
0.206250E+01  0.125948E+02
0.207500E+01  0.127488E+02
0.208750E+01  0.129029E+02
0.210000E+01  0.130570E+02
0.211250E+01  0.132112E+02
0.212500E+01  0.133653E+02
0.213750E+01  0.135195E+02
0.215000E+01  0.136737E+02
0.216250E+01  0.138280E+02
0.217500E+01  0.139822E+02
0.218750E+01  0.141365E+02
0.220000E+01  0.142908E+02
0.221250E+01  0.144451E+02
0.222500E+01  0.145994E+02
0.223750E+01  0.147538E+02
0.225000E+01  0.149082E+02
