0.101250E+01  0.256860E+00
0.102500E+01  0.521243E+00
0.103750E+01  0.793317E+00
0.105000E+01  0.108047E+01
0.106250E+01  0.138288E+01
0.107500E+01  0.169553E+01
0.108750E+01  0.201752E+01
0.110000E+01  0.234964E+01
0.111250E+01  0.269270E+01
0.112500E+01  0.304599E+01
0.113750E+01  0.340950E+01
0.115000E+01  0.377854E+01
0.116250E+01  0.415131E+01
0.117500E+01  0.452344E+01
0.118750E+01  0.490052E+01
0.120000E+01  0.528322E+01
0.121250E+01  0.566903E+01
0.122500E+01  0.605007E+01
0.123750E+01  0.643303E+01
0.125000E+01  0.681698E+01
0.126250E+01  0.719919E+01
0.127500E+01  0.758161E+01
0.128750E+01  0.796303E+01
0.130000E+01  0.834419E+01
0.131250E+01  0.872492E+01
0.132500E+01  0.910532E+01
0.133750E+01  0.948553E+01
0.135000E+01  0.986566E+01
0.136250E+01  0.102458E+02
0.137500E+01  0.106261E+02
0.138750E+01  0.110064E+02
0.140000E+01  0.113865E+02
0.141250E+01  0.117664E+02
0.142500E+01  0.121462E+02
0.143750E+01  0.125260E+02
0.145000E+01  0.129060E+02
0.146250E+01  0.132861E+02
0.147500E+01  0.136661E+02
0.148750E+01  0.140461E+02
0.150000E+01  0.144263E+02
0.151250E+01  0.148065E+02
0.152500E+01  0.151868E+02
0.153750E+01  0.155672E+02
0.155000E+01  0.159478E+02
0.156250E+01  0.163286E+02
0.157500E+01  0.167095E+02
0.158750E+01  0.170908E+02
0.160000E+01  0.174721E+02
0.161250E+01  0.178535E+02
0.162500E+01  0.182351E+02
0.163750E+01  0.186167E+02
0.165000E+01  0.189984E+02
0.166250E+01  0.193801E+02
0.167500E+01  0.197621E+02
0.168750E+01  0.201442E+02
0.170000E+01  0.205265E+02
0.171250E+01  0.209091E+02
0.172500E+01  0.212920E+02
0.173750E+01  0.216750E+02
0.175000E+01  0.220581E+02
0.176250E+01  0.224411E+02
0.177500E+01  0.228244E+02
0.178750E+01  0.232078E+02
0.180000E+01  0.235914E+02
0.181250E+01  0.239751E+02
0.182500E+01  0.243590E+02
0.183750E+01  0.247431E+02
0.185000E+01  0.251272E+02
0.186250E+01  0.255116E+02
0.187500E+01  0.258963E+02
0.188750E+01  0.262811E+02
0.190000E+01  0.266660E+02
0.191250E+01  0.270511E+02
0.192500E+01  0.274364E+02
0.193750E+01  0.278218E+02
0.195000E+01  0.282074E+02
0.196250E+01  0.285931E+02
0.197500E+01  0.289789E+02
0.198750E+01  0.293651E+02
0.200000E+01  0.297512E+02
0.201250E+01  0.301375E+02
0.202500E+01  0.305237E+02
0.203750E+01  0.309101E+02
0.205000E+01  0.312966E+02
0.206250E+01  0.316832E+02
0.207500E+01  0.320698E+02
0.208750E+01  0.324566E+02
0.210000E+01  0.328435E+02
0.211250E+01  0.332304E+02
0.212500E+01  0.336175E+02
0.213750E+01  0.340045E+02
0.215000E+01  0.343918E+02
0.216250E+01  0.347790E+02
0.217500E+01  0.351663E+02
0.218750E+01  0.355537E+02
0.220000E+01  0.359413E+02
0.221250E+01  0.363289E+02
0.222500E+01  0.367168E+02
0.223750E+01  0.371045E+02
0.225000E+01  0.374922E+02
