0.101250E+01  0.231132E+00
0.102500E+01  0.468961E+00
0.103750E+01  0.713647E+00
0.105000E+01  0.971568E+00
0.106250E+01  0.124300E+01
0.107500E+01  0.152341E+01
0.108750E+01  0.181184E+01
0.110000E+01  0.210888E+01
0.111250E+01  0.241546E+01
0.112500E+01  0.273044E+01
0.113750E+01  0.305440E+01
0.115000E+01  0.338711E+01
0.116250E+01  0.372121E+01
0.117500E+01  0.405565E+01
0.118750E+01  0.439339E+01
0.120000E+01  0.473562E+01
0.121250E+01  0.508113E+01
0.122500E+01  0.542706E+01
0.123750E+01  0.577267E+01
0.125000E+01  0.611857E+01
0.126250E+01  0.646425E+01
0.127500E+01  0.680807E+01
0.128750E+01  0.715212E+01
0.130000E+01  0.749551E+01
0.131250E+01  0.783862E+01
0.132500E+01  0.818141E+01
0.133750E+01  0.852400E+01
0.135000E+01  0.886636E+01
0.136250E+01  0.920873E+01
0.137500E+01  0.955117E+01
0.138750E+01  0.989378E+01
0.140000E+01  0.102360E+02
0.141250E+01  0.105781E+02
0.142500E+01  0.109201E+02
0.143750E+01  0.112621E+02
0.145000E+01  0.116042E+02
0.146250E+01  0.119463E+02
0.147500E+01  0.122885E+02
0.148750E+01  0.126307E+02
0.150000E+01  0.129731E+02
0.151250E+01  0.133155E+02
0.152500E+01  0.136578E+02
0.153750E+01  0.140001E+02
0.155000E+01  0.143428E+02
0.156250E+01  0.146855E+02
0.157500E+01  0.150286E+02
0.158750E+01  0.153718E+02
0.160000E+01  0.157150E+02
0.161250E+01  0.160583E+02
0.162500E+01  0.164017E+02
0.163750E+01  0.167451E+02
0.165000E+01  0.170885E+02
0.166250E+01  0.174321E+02
0.167500E+01  0.177758E+02
0.168750E+01  0.181198E+02
0.170000E+01  0.184639E+02
0.171250E+01  0.188082E+02
0.172500E+01  0.191528E+02
0.173750E+01  0.194975E+02
0.175000E+01  0.198422E+02
0.176250E+01  0.201869E+02
0.177500E+01  0.205317E+02
0.178750E+01  0.208767E+02
0.180000E+01  0.212218E+02
0.181250E+01  0.215671E+02
0.182500E+01  0.219126E+02
0.183750E+01  0.222582E+02
0.185000E+01  0.226040E+02
0.186250E+01  0.229498E+02
0.187500E+01  0.232960E+02
0.188750E+01  0.236423E+02
0.190000E+01  0.239888E+02
0.191250E+01  0.243354E+02
0.192500E+01  0.246821E+02
0.193750E+01  0.250292E+02
0.195000E+01  0.253763E+02
0.196250E+01  0.257235E+02
0.197500E+01  0.260708E+02
0.198750E+01  0.264181E+02
0.200000E+01  0.267656E+02
0.201250E+01  0.271132E+02
0.202500E+01  0.274607E+02
0.203750E+01  0.278085E+02
0.205000E+01  0.281562E+02
0.206250E+01  0.285041E+02
0.207500E+01  0.288520E+02
0.208750E+01  0.292000E+02
0.210000E+01  0.295481E+02
0.211250E+01  0.298963E+02
0.212500E+01  0.302445E+02
0.213750E+01  0.305929E+02
0.215000E+01  0.309414E+02
0.216250E+01  0.312900E+02
0.217500E+01  0.316387E+02
0.218750E+01  0.319873E+02
0.220000E+01  0.323360E+02
0.221250E+01  0.326847E+02
0.222500E+01  0.330335E+02
0.223750E+01  0.333824E+02
0.225000E+01  0.337316E+02
