0.101250E+01  0.575147E-01
0.102500E+01  0.129520E+00
0.103750E+01  0.219375E+00
0.105000E+01  0.306282E+00
0.106250E+01  0.390474E+00
0.107500E+01  0.473535E+00
0.108750E+01  0.554864E+00
0.110000E+01  0.636351E+00
0.111250E+01  0.718133E+00
0.112500E+01  0.800156E+00
0.113750E+01  0.882418E+00
0.115000E+01  0.965013E+00
0.116250E+01  0.104787E+01
0.117500E+01  0.113102E+01
0.118750E+01  0.121441E+01
0.120000E+01  0.129797E+01
0.121250E+01  0.138167E+01
0.122500E+01  0.146550E+01
0.123750E+01  0.154940E+01
0.125000E+01  0.163344E+01
0.126250E+01  0.171748E+01
0.127500E+01  0.180155E+01
0.128750E+01  0.188562E+01
0.130000E+01  0.196970E+01
0.131250E+01  0.205380E+01
0.132500E+01  0.213794E+01
0.133750E+01  0.222210E+01
0.135000E+01  0.230629E+01
0.136250E+01  0.239051E+01
0.137500E+01  0.247476E+01
0.138750E+01  0.255904E+01
0.140000E+01  0.264334E+01
0.141250E+01  0.272766E+01
0.142500E+01  0.281201E+01
0.143750E+01  0.289640E+01
0.145000E+01  0.298082E+01
0.146250E+01  0.306527E+01
0.147500E+01  0.314975E+01
0.148750E+01  0.323427E+01
0.150000E+01  0.331883E+01
0.151250E+01  0.340341E+01
0.152500E+01  0.348804E+01
0.153750E+01  0.357269E+01
0.155000E+01  0.365739E+01
0.156250E+01  0.374212E+01
0.157500E+01  0.382689E+01
0.158750E+01  0.391170E+01
0.160000E+01  0.399656E+01
0.161250E+01  0.408145E+01
0.162500E+01  0.416638E+01
0.163750E+01  0.425136E+01
0.165000E+01  0.433638E+01
0.166250E+01  0.442144E+01
0.167500E+01  0.450655E+01
0.168750E+01  0.459169E+01
0.170000E+01  0.467689E+01
0.171250E+01  0.476212E+01
0.172500E+01  0.484740E+01
0.173750E+01  0.493271E+01
0.175000E+01  0.501807E+01
0.176250E+01  0.510348E+01
0.177500E+01  0.518892E+01
0.178750E+01  0.527440E+01
0.180000E+01  0.535992E+01
0.181250E+01  0.544549E+01
0.182500E+01  0.553109E+01
0.183750E+01  0.561672E+01
0.185000E+01  0.570240E+01
0.186250E+01  0.578812E+01
0.187500E+01  0.587387E+01
0.188750E+01  0.595966E+01
0.190000E+01  0.604549E+01
0.191250E+01  0.613135E+01
0.192500E+01  0.621724E+01
0.193750E+01  0.630317E+01
0.195000E+01  0.638913E+01
0.196250E+01  0.647512E+01
0.197500E+01  0.656114E+01
0.198750E+01  0.664719E+01
0.200000E+01  0.673327E+01
0.201250E+01  0.681937E+01
0.202500E+01  0.690550E+01
0.203750E+01  0.699166E+01
0.205000E+01  0.707784E+01
0.206250E+01  0.716404E+01
0.207500E+01  0.725027E+01
0.208750E+01  0.733652E+01
0.210000E+01  0.742279E+01
0.211250E+01  0.750908E+01
0.212500E+01  0.759539E+01
0.213750E+01  0.768172E+01
0.215000E+01  0.776806E+01
0.216250E+01  0.785443E+01
0.217500E+01  0.794080E+01
0.218750E+01  0.802720E+01
0.220000E+01  0.811361E+01
0.221250E+01  0.820003E+01
0.222500E+01  0.828647E+01
0.223750E+01  0.837293E+01
0.225000E+01  0.845939E+01
