0.101250E+01  0.221480E+00
0.102500E+01  0.449351E+00
0.103750E+01  0.683777E+00
0.105000E+01  0.930770E+00
0.106250E+01  0.119061E+01
0.107500E+01  0.145899E+01
0.108750E+01  0.173489E+01
0.110000E+01  0.201899E+01
0.111250E+01  0.231192E+01
0.112500E+01  0.261294E+01
0.113750E+01  0.292152E+01
0.115000E+01  0.324064E+01
0.116250E+01  0.356176E+01
0.117500E+01  0.387962E+01
0.118750E+01  0.420237E+01
0.120000E+01  0.453034E+01
0.121250E+01  0.486179E+01
0.122500E+01  0.519316E+01
0.123750E+01  0.552594E+01
0.125000E+01  0.585677E+01
0.126250E+01  0.618749E+01
0.127500E+01  0.651823E+01
0.128750E+01  0.684813E+01
0.130000E+01  0.717738E+01
0.131250E+01  0.750633E+01
0.132500E+01  0.783502E+01
0.133750E+01  0.816347E+01
0.135000E+01  0.849165E+01
0.136250E+01  0.881986E+01
0.137500E+01  0.914816E+01
0.138750E+01  0.947657E+01
0.140000E+01  0.980460E+01
0.141250E+01  0.101325E+02
0.142500E+01  0.104603E+02
0.143750E+01  0.107881E+02
0.145000E+01  0.111159E+02
0.146250E+01  0.114438E+02
0.147500E+01  0.117719E+02
0.148750E+01  0.120999E+02
0.150000E+01  0.124281E+02
0.151250E+01  0.127563E+02
0.152500E+01  0.130843E+02
0.153750E+01  0.134124E+02
0.155000E+01  0.137407E+02
0.156250E+01  0.140693E+02
0.157500E+01  0.143981E+02
0.158750E+01  0.147270E+02
0.160000E+01  0.150560E+02
0.161250E+01  0.153849E+02
0.162500E+01  0.157140E+02
0.163750E+01  0.160431E+02
0.165000E+01  0.163722E+02
0.166250E+01  0.167014E+02
0.167500E+01  0.170309E+02
0.168750E+01  0.173605E+02
0.170000E+01  0.176902E+02
0.171250E+01  0.180203E+02
0.172500E+01  0.183505E+02
0.173750E+01  0.186807E+02
0.175000E+01  0.190110E+02
0.176250E+01  0.193414E+02
0.177500E+01  0.196718E+02
0.178750E+01  0.200024E+02
0.180000E+01  0.203331E+02
0.181250E+01  0.206640E+02
0.182500E+01  0.209950E+02
0.183750E+01  0.213262E+02
0.185000E+01  0.216575E+02
0.186250E+01  0.219890E+02
0.187500E+01  0.223207E+02
0.188750E+01  0.226526E+02
0.190000E+01  0.229846E+02
0.191250E+01  0.233169E+02
0.192500E+01  0.236493E+02
0.193750E+01  0.239819E+02
0.195000E+01  0.243145E+02
0.196250E+01  0.246472E+02
0.197500E+01  0.249799E+02
0.198750E+01  0.253128E+02
0.200000E+01  0.256457E+02
0.201250E+01  0.259787E+02
0.202500E+01  0.263118E+02
0.203750E+01  0.266450E+02
0.205000E+01  0.269782E+02
0.206250E+01  0.273116E+02
0.207500E+01  0.276450E+02
0.208750E+01  0.279785E+02
0.210000E+01  0.283121E+02
0.211250E+01  0.286458E+02
0.212500E+01  0.289796E+02
0.213750E+01  0.293135E+02
0.215000E+01  0.296476E+02
0.216250E+01  0.299815E+02
0.217500E+01  0.303157E+02
0.218750E+01  0.306499E+02
0.220000E+01  0.309841E+02
0.221250E+01  0.313182E+02
0.222500E+01  0.316523E+02
0.223750E+01  0.319866E+02
0.225000E+01  0.323208E+02
