0.101250E+01  0.457869E-01
0.102500E+01  0.103116E+00
0.103750E+01  0.174655E+00
0.105000E+01  0.243845E+00
0.106250E+01  0.310871E+00
0.107500E+01  0.376991E+00
0.108750E+01  0.441703E+00
0.110000E+01  0.506524E+00
0.111250E+01  0.571567E+00
0.112500E+01  0.636769E+00
0.113750E+01  0.702182E+00
0.115000E+01  0.767856E+00
0.116250E+01  0.833749E+00
0.117500E+01  0.899883E+00
0.118750E+01  0.966211E+00
0.120000E+01  0.103269E+01
0.121250E+01  0.109929E+01
0.122500E+01  0.116600E+01
0.123750E+01  0.123279E+01
0.125000E+01  0.129971E+01
0.126250E+01  0.136663E+01
0.127500E+01  0.143356E+01
0.128750E+01  0.150050E+01
0.130000E+01  0.156745E+01
0.131250E+01  0.163442E+01
0.132500E+01  0.170141E+01
0.133750E+01  0.176842E+01
0.135000E+01  0.183547E+01
0.136250E+01  0.190253E+01
0.137500E+01  0.196962E+01
0.138750E+01  0.203672E+01
0.140000E+01  0.210383E+01
0.141250E+01  0.217098E+01
0.142500E+01  0.223815E+01
0.143750E+01  0.230534E+01
0.145000E+01  0.237255E+01
0.146250E+01  0.243979E+01
0.147500E+01  0.250706E+01
0.148750E+01  0.257436E+01
0.150000E+01  0.264168E+01
0.151250E+01  0.270902E+01
0.152500E+01  0.277640E+01
0.153750E+01  0.284381E+01
0.155000E+01  0.291124E+01
0.156250E+01  0.297870E+01
0.157500E+01  0.304618E+01
0.158750E+01  0.311370E+01
0.160000E+01  0.318125E+01
0.161250E+01  0.324883E+01
0.162500E+01  0.331645E+01
0.163750E+01  0.338409E+01
0.165000E+01  0.345177E+01
0.166250E+01  0.351949E+01
0.167500E+01  0.358723E+01
0.168750E+01  0.365502E+01
0.170000E+01  0.372283E+01
0.171250E+01  0.379068E+01
0.172500E+01  0.385856E+01
0.173750E+01  0.392647E+01
0.175000E+01  0.399442E+01
0.176250E+01  0.406240E+01
0.177500E+01  0.413041E+01
0.178750E+01  0.419846E+01
0.180000E+01  0.426654E+01
0.181250E+01  0.433464E+01
0.182500E+01  0.440278E+01
0.183750E+01  0.447095E+01
0.185000E+01  0.453915E+01
0.186250E+01  0.460738E+01
0.187500E+01  0.467563E+01
0.188750E+01  0.474392E+01
0.190000E+01  0.481224E+01
0.191250E+01  0.488058E+01
0.192500E+01  0.494896E+01
0.193750E+01  0.501735E+01
0.195000E+01  0.508578E+01
0.196250E+01  0.515423E+01
0.197500E+01  0.522270E+01
0.198750E+01  0.529120E+01
0.200000E+01  0.535971E+01
0.201250E+01  0.542825E+01
0.202500E+01  0.549681E+01
0.203750E+01  0.556539E+01
0.205000E+01  0.563399E+01
0.206250E+01  0.570261E+01
0.207500E+01  0.577125E+01
0.208750E+01  0.583990E+01
0.210000E+01  0.590857E+01
0.211250E+01  0.597726E+01
0.212500E+01  0.604596E+01
0.213750E+01  0.611467E+01
0.215000E+01  0.618340E+01
0.216250E+01  0.625215E+01
0.217500E+01  0.632091E+01
0.218750E+01  0.638967E+01
0.220000E+01  0.645846E+01
0.221250E+01  0.652725E+01
0.222500E+01  0.659606E+01
0.223750E+01  0.666487E+01
0.225000E+01  0.673370E+01
