0.101250E+01  0.852179E-02
0.102500E+01  0.172854E-01
0.103750E+01  0.263235E-01
0.105000E+01  0.359720E-01
0.106250E+01  0.460873E-01
0.107500E+01  0.566290E-01
0.108750E+01  0.676838E-01
0.110000E+01  0.791907E-01
0.111250E+01  0.912205E-01
0.112500E+01  0.103898E+00
0.113750E+01  0.117205E+00
0.115000E+01  0.131172E+00
0.116250E+01  0.145849E+00
0.117500E+01  0.161291E+00
0.118750E+01  0.177678E+00
0.120000E+01  0.195158E+00
0.121250E+01  0.214002E+00
0.122500E+01  0.234506E+00
0.123750E+01  0.257019E+00
0.125000E+01  0.281375E+00
0.126250E+01  0.307322E+00
0.127500E+01  0.336171E+00
0.128750E+01  0.366382E+00
0.130000E+01  0.401091E+00
0.131250E+01  0.435408E+00
0.132500E+01  0.470614E+00
0.133750E+01  0.507689E+00
0.135000E+01  0.547686E+00
0.136250E+01  0.590151E+00
0.137500E+01  0.635001E+00
0.138750E+01  0.681744E+00
0.140000E+01  0.733495E+00
0.141250E+01  0.786023E+00
0.142500E+01  0.841038E+00
0.143750E+01  0.899300E+00
0.145000E+01  0.960521E+00
0.146250E+01  0.102600E+01
0.147500E+01  0.109489E+01
0.148750E+01  0.116746E+01
0.150000E+01  0.124353E+01
0.151250E+01  0.132352E+01
0.152500E+01  0.140790E+01
0.153750E+01  0.149658E+01
0.155000E+01  0.158990E+01
0.156250E+01  0.168797E+01
0.157500E+01  0.179101E+01
0.158750E+01  0.189950E+01
0.160000E+01  0.201353E+01
0.161250E+01  0.213286E+01
0.162500E+01  0.225814E+01
0.163750E+01  0.238966E+01
0.165000E+01  0.252730E+01
0.166250E+01  0.267141E+01
0.167500E+01  0.282261E+01
0.168750E+01  0.298070E+01
0.170000E+01  0.314617E+01
0.171250E+01  0.331941E+01
0.172500E+01  0.350031E+01
0.173750E+01  0.368932E+01
0.175000E+01  0.388688E+01
0.176250E+01  0.409297E+01
0.177500E+01  0.430800E+01
0.178750E+01  0.453261E+01
0.180000E+01  0.476683E+01
0.181250E+01  0.501106E+01
0.182500E+01  0.526544E+01
0.183750E+01  0.553014E+01
0.185000E+01  0.580613E+01
0.186250E+01  0.609323E+01
0.187500E+01  0.639164E+01
0.188750E+01  0.670259E+01
0.190000E+01  0.702528E+01
0.191250E+01  0.735950E+01
0.192500E+01  0.770770E+01
0.193750E+01  0.806915E+01
0.195000E+01  0.844419E+01
0.196250E+01  0.883263E+01
0.197500E+01  0.923571E+01
0.198750E+01  0.965236E+01
0.200000E+01  0.100831E+02
0.201250E+01  0.105305E+02
0.202500E+01  0.109947E+02
0.203750E+01  0.114753E+02
0.205000E+01  0.119724E+02
0.206250E+01  0.124856E+02
0.207500E+01  0.130166E+02
0.208750E+01  0.135664E+02
0.210000E+01  0.141310E+02
0.211250E+01  0.147176E+02
0.212500E+01  0.153255E+02
0.213750E+01  0.159522E+02
0.215000E+01  0.165970E+02
0.216250E+01  0.172611E+02
0.217500E+01  0.179461E+02
0.218750E+01  0.186462E+02
0.220000E+01  0.193785E+02
0.221250E+01  0.201348E+02
0.222500E+01  0.209140E+02
0.223750E+01  0.217155E+02
0.225000E+01  0.225360E+02
