0.101250E+01  0.311351E+00
0.102500E+01  0.631910E+00
0.103750E+01  0.961963E+00
0.105000E+01  0.131111E+01
0.106250E+01  0.167817E+01
0.107500E+01  0.205832E+01
0.108750E+01  0.245085E+01
0.110000E+01  0.285666E+01
0.111250E+01  0.327652E+01
0.112500E+01  0.371480E+01
0.113750E+01  0.417063E+01
0.115000E+01  0.464146E+01
0.116250E+01  0.512449E+01
0.117500E+01  0.561850E+01
0.118750E+01  0.612080E+01
0.120000E+01  0.663273E+01
0.121250E+01  0.715655E+01
0.122500E+01  0.769298E+01
0.123750E+01  0.826033E+01
0.125000E+01  0.881707E+01
0.126250E+01  0.938546E+01
0.127500E+01  0.996221E+01
0.128750E+01  0.105493E+02
0.130000E+01  0.111473E+02
0.131250E+01  0.117564E+02
0.132500E+01  0.123778E+02
0.133750E+01  0.130150E+02
0.135000E+01  0.136647E+02
0.136250E+01  0.143263E+02
0.137500E+01  0.150050E+02
0.138750E+01  0.157001E+02
0.140000E+01  0.164122E+02
0.141250E+01  0.171416E+02
0.142500E+01  0.178924E+02
0.143750E+01  0.186601E+02
0.145000E+01  0.194445E+02
0.146250E+01  0.202493E+02
0.147500E+01  0.210740E+02
0.148750E+01  0.219188E+02
0.150000E+01  0.227833E+02
0.151250E+01  0.236689E+02
0.152500E+01  0.245777E+02
0.153750E+01  0.255098E+02
0.155000E+01  0.264655E+02
0.156250E+01  0.274468E+02
0.157500E+01  0.284537E+02
0.158750E+01  0.294868E+02
0.160000E+01  0.305470E+02
0.161250E+01  0.316355E+02
0.162500E+01  0.327510E+02
0.163750E+01  0.338950E+02
0.165000E+01  0.350671E+02
0.166250E+01  0.362691E+02
0.167500E+01  0.375004E+02
0.168750E+01  0.387652E+02
0.170000E+01  0.400606E+02
0.171250E+01  0.413884E+02
0.172500E+01  0.427475E+02
0.173750E+01  0.441421E+02
0.175000E+01  0.455698E+02
0.176250E+01  0.470318E+02
0.177500E+01  0.485284E+02
0.178750E+01  0.500643E+02
0.180000E+01  0.516347E+02
0.181250E+01  0.532441E+02
0.182500E+01  0.548894E+02
0.183750E+01  0.565720E+02
0.185000E+01  0.582946E+02
0.186250E+01  0.600554E+02
0.187500E+01  0.618555E+02
0.188750E+01  0.636969E+02
0.190000E+01  0.655785E+02
0.191250E+01  0.675051E+02
0.192500E+01  0.694715E+02
0.193750E+01  0.714791E+02
0.195000E+01  0.735336E+02
0.196250E+01  0.756284E+02
0.197500E+01  0.777661E+02
0.198750E+01  0.799490E+02
0.200000E+01  0.821767E+02
0.201250E+01  0.844489E+02
0.202500E+01  0.867671E+02
0.203750E+01  0.891311E+02
0.205000E+01  0.915413E+02
0.206250E+01  0.939982E+02
0.207500E+01  0.965025E+02
0.208750E+01  0.990543E+02
0.210000E+01  0.101654E+03
0.211250E+01  0.104302E+03
0.212500E+01  0.106999E+03
0.213750E+01  0.109746E+03
0.215000E+01  0.112541E+03
0.216250E+01  0.115385E+03
0.217500E+01  0.118281E+03
0.218750E+01  0.121227E+03
0.220000E+01  0.124224E+03
0.221250E+01  0.127271E+03
0.222500E+01  0.130369E+03
0.223750E+01  0.133516E+03
0.225000E+01  0.136719E+03
