0.101250E+01  0.132047E+00
0.102500E+01  0.267899E+00
0.103750E+01  0.407767E+00
0.105000E+01  0.555300E+00
0.106250E+01  0.710618E+00
0.107500E+01  0.872469E+00
0.108750E+01  0.104014E+01
0.110000E+01  0.121536E+01
0.111250E+01  0.139827E+01
0.112500E+01  0.159017E+01
0.113750E+01  0.179169E+01
0.115000E+01  0.201192E+01
0.116250E+01  0.224007E+01
0.117500E+01  0.247202E+01
0.118750E+01  0.270071E+01
0.120000E+01  0.293268E+01
0.121250E+01  0.317034E+01
0.122500E+01  0.340946E+01
0.123750E+01  0.365250E+01
0.125000E+01  0.389929E+01
0.126250E+01  0.415160E+01
0.127500E+01  0.440904E+01
0.128750E+01  0.467216E+01
0.130000E+01  0.494117E+01
0.131250E+01  0.521660E+01
0.132500E+01  0.549894E+01
0.133750E+01  0.578820E+01
0.135000E+01  0.608525E+01
0.136250E+01  0.638990E+01
0.137500E+01  0.670272E+01
0.138750E+01  0.702420E+01
0.140000E+01  0.735454E+01
0.141250E+01  0.769408E+01
0.142500E+01  0.804330E+01
0.143750E+01  0.840241E+01
0.145000E+01  0.877189E+01
0.146250E+01  0.915210E+01
0.147500E+01  0.954332E+01
0.148750E+01  0.994599E+01
0.150000E+01  0.103605E+02
0.151250E+01  0.107872E+02
0.152500E+01  0.112264E+02
0.153750E+01  0.116787E+02
0.155000E+01  0.121442E+02
0.156250E+01  0.126236E+02
0.157500E+01  0.131169E+02
0.158750E+01  0.136253E+02
0.160000E+01  0.141483E+02
0.161250E+01  0.146866E+02
0.162500E+01  0.152410E+02
0.163750E+01  0.158114E+02
0.165000E+01  0.163985E+02
0.166250E+01  0.170028E+02
0.167500E+01  0.176246E+02
0.168750E+01  0.182644E+02
0.170000E+01  0.189226E+02
0.171250E+01  0.196000E+02
0.172500E+01  0.202964E+02
0.173750E+01  0.210130E+02
0.175000E+01  0.217502E+02
0.176250E+01  0.225078E+02
0.177500E+01  0.232871E+02
0.178750E+01  0.240878E+02
0.180000E+01  0.249110E+02
0.181250E+01  0.257576E+02
0.182500E+01  0.266269E+02
0.183750E+01  0.275203E+02
0.185000E+01  0.284386E+02
0.186250E+01  0.293813E+02
0.187500E+01  0.303495E+02
0.188750E+01  0.313445E+02
0.190000E+01  0.323649E+02
0.191250E+01  0.334131E+02
0.192500E+01  0.344894E+02
0.193750E+01  0.355932E+02
0.195000E+01  0.367263E+02
0.196250E+01  0.378894E+02
0.197500E+01  0.390815E+02
0.198750E+01  0.403050E+02
0.200000E+01  0.415601E+02
0.201250E+01  0.428458E+02
0.202500E+01  0.441651E+02
0.203750E+01  0.455178E+02
0.205000E+01  0.469032E+02
0.206250E+01  0.483234E+02
0.207500E+01  0.497798E+02
0.208750E+01  0.512710E+02
0.210000E+01  0.527990E+02
0.211250E+01  0.543663E+02
0.212500E+01  0.559735E+02
0.213750E+01  0.576227E+02
0.215000E+01  0.593120E+02
0.216250E+01  0.610390E+02
0.217500E+01  0.628068E+02
0.218750E+01  0.646138E+02
0.220000E+01  0.664590E+02
0.221250E+01  0.683480E+02
0.222500E+01  0.702795E+02
0.223750E+01  0.722558E+02
0.225000E+01  0.742765E+02
