0.101250E+01  0.536630E+00
0.102500E+01  0.109013E+01
0.103750E+01  0.166297E+01
0.105000E+01  0.227544E+01
0.106250E+01  0.292724E+01
0.107500E+01  0.361457E+01
0.108750E+01  0.432798E+01
0.110000E+01  0.506343E+01
0.111250E+01  0.582411E+01
0.112500E+01  0.660217E+01
0.113750E+01  0.739604E+01
0.115000E+01  0.820657E+01
0.116250E+01  0.902319E+01
0.117500E+01  0.984335E+01
0.118750E+01  0.106658E+02
0.120000E+01  0.114963E+02
0.121250E+01  0.123251E+02
0.122500E+01  0.131606E+02
0.123750E+01  0.140000E+02
0.125000E+01  0.148424E+02
0.126250E+01  0.156909E+02
0.127500E+01  0.165443E+02
0.128750E+01  0.174035E+02
0.130000E+01  0.182687E+02
0.131250E+01  0.191399E+02
0.132500E+01  0.200181E+02
0.133750E+01  0.209035E+02
0.135000E+01  0.217962E+02
0.136250E+01  0.226969E+02
0.137500E+01  0.236055E+02
0.138750E+01  0.245230E+02
0.140000E+01  0.254489E+02
0.141250E+01  0.263844E+02
0.142500E+01  0.273292E+02
0.143750E+01  0.282837E+02
0.145000E+01  0.292487E+02
0.146250E+01  0.302239E+02
0.147500E+01  0.312100E+02
0.148750E+01  0.322074E+02
0.150000E+01  0.332161E+02
0.151250E+01  0.342367E+02
0.152500E+01  0.352695E+02
0.153750E+01  0.363147E+02
0.155000E+01  0.373725E+02
0.156250E+01  0.384431E+02
0.157500E+01  0.395276E+02
0.158750E+01  0.406251E+02
0.160000E+01  0.417367E+02
0.161250E+01  0.428629E+02
0.162500E+01  0.440042E+02
0.163750E+01  0.451605E+02
0.165000E+01  0.463320E+02
0.166250E+01  0.475192E+02
0.167500E+01  0.487227E+02
0.168750E+01  0.499420E+02
0.170000E+01  0.511785E+02
0.171250E+01  0.524313E+02
0.172500E+01  0.537015E+02
0.173750E+01  0.549897E+02
0.175000E+01  0.562952E+02
0.176250E+01  0.576191E+02
0.177500E+01  0.589620E+02
0.178750E+01  0.603230E+02
0.180000E+01  0.617035E+02
0.181250E+01  0.631039E+02
0.182500E+01  0.645233E+02
0.183750E+01  0.659635E+02
0.185000E+01  0.674243E+02
0.186250E+01  0.689053E+02
0.187500E+01  0.704078E+02
0.188750E+01  0.719324E+02
0.190000E+01  0.734781E+02
0.191250E+01  0.750461E+02
0.192500E+01  0.766374E+02
0.193750E+01  0.782510E+02
0.195000E+01  0.798881E+02
0.196250E+01  0.815493E+02
0.197500E+01  0.832336E+02
0.198750E+01  0.849425E+02
0.200000E+01  0.866767E+02
0.201250E+01  0.884349E+02
0.202500E+01  0.902195E+02
0.203750E+01  0.920290E+02
0.205000E+01  0.938653E+02
0.206250E+01  0.957271E+02
0.207500E+01  0.976161E+02
0.208750E+01  0.995328E+02
0.210000E+01  0.101476E+03
0.211250E+01  0.103448E+03
0.212500E+01  0.105448E+03
0.213750E+01  0.107476E+03
0.215000E+01  0.109534E+03
0.216250E+01  0.111621E+03
0.217500E+01  0.113736E+03
0.218750E+01  0.115883E+03
0.220000E+01  0.118060E+03
0.221250E+01  0.120267E+03
0.222500E+01  0.122505E+03
0.223750E+01  0.124776E+03
0.225000E+01  0.127078E+03
