0.101250E+01  0.229130E+00
0.102500E+01  0.464823E+00
0.103750E+01  0.707190E+00
0.105000E+01  0.962607E+00
0.106250E+01  0.123063E+01
0.107500E+01  0.150722E+01
0.108750E+01  0.179167E+01
0.110000E+01  0.208456E+01
0.111250E+01  0.238450E+01
0.112500E+01  0.269355E+01
0.113750E+01  0.301222E+01
0.115000E+01  0.334153E+01
0.116250E+01  0.367805E+01
0.117500E+01  0.402361E+01
0.118750E+01  0.437699E+01
0.120000E+01  0.473334E+01
0.121250E+01  0.509355E+01
0.122500E+01  0.546043E+01
0.123750E+01  0.583582E+01
0.125000E+01  0.621314E+01
0.126250E+01  0.659401E+01
0.127500E+01  0.698616E+01
0.128750E+01  0.737697E+01
0.130000E+01  0.776760E+01
0.131250E+01  0.816192E+01
0.132500E+01  0.855955E+01
0.133750E+01  0.895934E+01
0.135000E+01  0.936373E+01
0.136250E+01  0.977434E+01
0.137500E+01  0.101911E+02
0.138750E+01  0.106108E+02
0.140000E+01  0.110362E+02
0.141250E+01  0.114687E+02
0.142500E+01  0.119083E+02
0.143750E+01  0.123553E+02
0.145000E+01  0.128051E+02
0.146250E+01  0.132604E+02
0.147500E+01  0.137202E+02
0.148750E+01  0.141866E+02
0.150000E+01  0.146616E+02
0.151250E+01  0.151433E+02
0.152500E+01  0.156322E+02
0.153750E+01  0.161287E+02
0.155000E+01  0.166354E+02
0.156250E+01  0.171484E+02
0.157500E+01  0.176676E+02
0.158750E+01  0.181953E+02
0.160000E+01  0.187315E+02
0.161250E+01  0.192784E+02
0.162500E+01  0.198340E+02
0.163750E+01  0.203953E+02
0.165000E+01  0.209629E+02
0.166250E+01  0.215398E+02
0.167500E+01  0.221256E+02
0.168750E+01  0.227212E+02
0.170000E+01  0.233253E+02
0.171250E+01  0.239389E+02
0.172500E+01  0.245626E+02
0.173750E+01  0.251961E+02
0.175000E+01  0.258383E+02
0.176250E+01  0.264887E+02
0.177500E+01  0.271489E+02
0.178750E+01  0.278197E+02
0.180000E+01  0.285011E+02
0.181250E+01  0.291931E+02
0.182500E+01  0.298952E+02
0.183750E+01  0.306070E+02
0.185000E+01  0.313304E+02
0.186250E+01  0.320648E+02
0.187500E+01  0.328104E+02
0.188750E+01  0.335676E+02
0.190000E+01  0.343360E+02
0.191250E+01  0.351149E+02
0.192500E+01  0.359030E+02
0.193750E+01  0.367027E+02
0.195000E+01  0.375136E+02
0.196250E+01  0.383360E+02
0.197500E+01  0.391694E+02
0.198750E+01  0.400150E+02
0.200000E+01  0.408717E+02
0.201250E+01  0.417401E+02
0.202500E+01  0.426202E+02
0.203750E+01  0.435114E+02
0.205000E+01  0.444145E+02
0.206250E+01  0.453295E+02
0.207500E+01  0.462567E+02
0.208750E+01  0.471960E+02
0.210000E+01  0.481478E+02
0.211250E+01  0.491131E+02
0.212500E+01  0.500892E+02
0.213750E+01  0.510770E+02
0.215000E+01  0.520769E+02
0.216250E+01  0.530887E+02
0.217500E+01  0.541142E+02
0.218750E+01  0.551523E+02
0.220000E+01  0.562027E+02
0.221250E+01  0.572655E+02
0.222500E+01  0.583403E+02
0.223750E+01  0.594276E+02
0.225000E+01  0.605277E+02
