0.101250E+01  0.209706E+00
0.102500E+01  0.425637E+00
0.103750E+01  0.648228E+00
0.105000E+01  0.883519E+00
0.106250E+01  0.113247E+01
0.107500E+01  0.139160E+01
0.108750E+01  0.166063E+01
0.110000E+01  0.194086E+01
0.111250E+01  0.223488E+01
0.112500E+01  0.254314E+01
0.113750E+01  0.286815E+01
0.115000E+01  0.320927E+01
0.116250E+01  0.355880E+01
0.117500E+01  0.391624E+01
0.118750E+01  0.428654E+01
0.120000E+01  0.467322E+01
0.121250E+01  0.507100E+01
0.122500E+01  0.547830E+01
0.123750E+01  0.589580E+01
0.125000E+01  0.632409E+01
0.126250E+01  0.676471E+01
0.127500E+01  0.721781E+01
0.128750E+01  0.768476E+01
0.130000E+01  0.816668E+01
0.131250E+01  0.866431E+01
0.132500E+01  0.917878E+01
0.133750E+01  0.971064E+01
0.135000E+01  0.102611E+02
0.136250E+01  0.108309E+02
0.137500E+01  0.114211E+02
0.138750E+01  0.120324E+02
0.140000E+01  0.126661E+02
0.141250E+01  0.133225E+02
0.142500E+01  0.140036E+02
0.143750E+01  0.147098E+02
0.145000E+01  0.154417E+02
0.146250E+01  0.162011E+02
0.147500E+01  0.169888E+02
0.148750E+01  0.178058E+02
0.150000E+01  0.186531E+02
0.151250E+01  0.195320E+02
0.152500E+01  0.204437E+02
0.153750E+01  0.213892E+02
0.155000E+01  0.223699E+02
0.156250E+01  0.233866E+02
0.157500E+01  0.244410E+02
0.158750E+01  0.255350E+02
0.160000E+01  0.266670E+02
0.161250E+01  0.278415E+02
0.162500E+01  0.290591E+02
0.163750E+01  0.303202E+02
0.165000E+01  0.316276E+02
0.166250E+01  0.329809E+02
0.167500E+01  0.343828E+02
0.168750E+01  0.358373E+02
0.170000E+01  0.373402E+02
0.171250E+01  0.388972E+02
0.172500E+01  0.405098E+02
0.173750E+01  0.421787E+02
0.175000E+01  0.439047E+02
0.176250E+01  0.456902E+02
0.177500E+01  0.475400E+02
0.178750E+01  0.494521E+02
0.180000E+01  0.514290E+02
0.181250E+01  0.534729E+02
0.182500E+01  0.555909E+02
0.183750E+01  0.577796E+02
0.185000E+01  0.600386E+02
0.186250E+01  0.623732E+02
0.187500E+01  0.647855E+02
0.188750E+01  0.672755E+02
0.190000E+01  0.698458E+02
0.191250E+01  0.725029E+02
0.192500E+01  0.752444E+02
0.193750E+01  0.780715E+02
0.195000E+01  0.809960E+02
0.196250E+01  0.840075E+02
0.197500E+01  0.871098E+02
0.198750E+01  0.903138E+02
0.200000E+01  0.936132E+02
0.201250E+01  0.970142E+02
0.202500E+01  0.100525E+03
0.203750E+01  0.104143E+03
0.205000E+01  0.107867E+03
0.206250E+01  0.111713E+03
0.207500E+01  0.115667E+03
0.208750E+01  0.119736E+03
0.210000E+01  0.123929E+03
0.211250E+01  0.128250E+03
0.212500E+01  0.132691E+03
0.213750E+01  0.137274E+03
0.215000E+01  0.141986E+03
0.216250E+01  0.146832E+03
0.217500E+01  0.151814E+03
0.218750E+01  0.156940E+03
0.220000E+01  0.162209E+03
0.221250E+01  0.167622E+03
0.222500E+01  0.173182E+03
0.223750E+01  0.178906E+03
0.225000E+01  0.184790E+03
