0.101250E+01  0.452593E+00
0.102500E+01  0.918915E+00
0.103750E+01  0.140017E+01
0.105000E+01  0.191276E+01
0.106250E+01  0.245456E+01
0.107500E+01  0.301823E+01
0.108750E+01  0.360263E+01
0.110000E+01  0.420691E+01
0.111250E+01  0.482655E+01
0.112500E+01  0.545907E+01
0.113750E+01  0.610177E+01
0.115000E+01  0.675128E+01
0.116250E+01  0.741077E+01
0.117500E+01  0.807399E+01
0.118750E+01  0.874123E+01
0.120000E+01  0.941185E+01
0.121250E+01  0.100848E+02
0.122500E+01  0.107596E+02
0.123750E+01  0.114387E+02
0.125000E+01  0.121200E+02
0.126250E+01  0.128015E+02
0.127500E+01  0.134848E+02
0.128750E+01  0.141691E+02
0.130000E+01  0.148547E+02
0.131250E+01  0.155410E+02
0.132500E+01  0.162290E+02
0.133750E+01  0.169188E+02
0.135000E+01  0.176100E+02
0.136250E+01  0.183025E+02
0.137500E+01  0.189966E+02
0.138750E+01  0.196924E+02
0.140000E+01  0.203899E+02
0.141250E+01  0.210897E+02
0.142500E+01  0.217917E+02
0.143750E+01  0.224963E+02
0.145000E+01  0.232042E+02
0.146250E+01  0.239138E+02
0.147500E+01  0.246258E+02
0.148750E+01  0.253401E+02
0.150000E+01  0.260576E+02
0.151250E+01  0.267787E+02
0.152500E+01  0.275047E+02
0.153750E+01  0.282348E+02
0.155000E+01  0.289676E+02
0.156250E+01  0.297022E+02
0.157500E+01  0.304398E+02
0.158750E+01  0.311798E+02
0.160000E+01  0.319225E+02
0.161250E+01  0.326685E+02
0.162500E+01  0.334179E+02
0.163750E+01  0.341711E+02
0.165000E+01  0.349273E+02
0.166250E+01  0.356874E+02
0.167500E+01  0.364509E+02
0.168750E+01  0.372185E+02
0.170000E+01  0.379900E+02
0.171250E+01  0.387652E+02
0.172500E+01  0.395449E+02
0.173750E+01  0.403284E+02
0.175000E+01  0.411165E+02
0.176250E+01  0.419085E+02
0.177500E+01  0.427049E+02
0.178750E+01  0.435056E+02
0.180000E+01  0.443109E+02
0.181250E+01  0.451218E+02
0.182500E+01  0.459374E+02
0.183750E+01  0.467583E+02
0.185000E+01  0.475832E+02
0.186250E+01  0.484125E+02
0.187500E+01  0.492463E+02
0.188750E+01  0.500856E+02
0.190000E+01  0.509309E+02
0.191250E+01  0.517808E+02
0.192500E+01  0.526356E+02
0.193750E+01  0.534951E+02
0.195000E+01  0.543605E+02
0.196250E+01  0.552318E+02
0.197500E+01  0.561075E+02
0.198750E+01  0.569880E+02
0.200000E+01  0.578742E+02
0.201250E+01  0.587660E+02
0.202500E+01  0.596636E+02
0.203750E+01  0.605672E+02
0.205000E+01  0.614762E+02
0.206250E+01  0.623911E+02
0.207500E+01  0.633118E+02
0.208750E+01  0.642385E+02
0.210000E+01  0.651712E+02
0.211250E+01  0.661101E+02
0.212500E+01  0.670553E+02
0.213750E+01  0.680065E+02
0.215000E+01  0.689642E+02
0.216250E+01  0.699285E+02
0.217500E+01  0.708990E+02
0.218750E+01  0.718764E+02
0.220000E+01  0.728603E+02
0.221250E+01  0.738510E+02
0.222500E+01  0.748493E+02
0.223750E+01  0.758547E+02
0.225000E+01  0.768674E+02
