0.101250E+01  0.180108E+00
0.102500E+01  0.365330E+00
0.103750E+01  0.555810E+00
0.105000E+01  0.756408E+00
0.106250E+01  0.966502E+00
0.107500E+01  0.118366E+01
0.108750E+01  0.140683E+01
0.110000E+01  0.163597E+01
0.111250E+01  0.187094E+01
0.112500E+01  0.211192E+01
0.113750E+01  0.235894E+01
0.115000E+01  0.261018E+01
0.116250E+01  0.286682E+01
0.117500E+01  0.312679E+01
0.118750E+01  0.339302E+01
0.120000E+01  0.366478E+01
0.121250E+01  0.393933E+01
0.122500E+01  0.421767E+01
0.123750E+01  0.450409E+01
0.125000E+01  0.479332E+01
0.126250E+01  0.508320E+01
0.127500E+01  0.537547E+01
0.128750E+01  0.567067E+01
0.130000E+01  0.596813E+01
0.131250E+01  0.626613E+01
0.132500E+01  0.656567E+01
0.133750E+01  0.686795E+01
0.135000E+01  0.717352E+01
0.136250E+01  0.748295E+01
0.137500E+01  0.779502E+01
0.138750E+01  0.810936E+01
0.140000E+01  0.842661E+01
0.141250E+01  0.874675E+01
0.142500E+01  0.907056E+01
0.143750E+01  0.939795E+01
0.145000E+01  0.972888E+01
0.146250E+01  0.100635E+02
0.147500E+01  0.104017E+02
0.148750E+01  0.107429E+02
0.150000E+01  0.110896E+02
0.151250E+01  0.114418E+02
0.152500E+01  0.117974E+02
0.153750E+01  0.121565E+02
0.155000E+01  0.125205E+02
0.156250E+01  0.128895E+02
0.157500E+01  0.132650E+02
0.158750E+01  0.136451E+02
0.160000E+01  0.140304E+02
0.161250E+01  0.144201E+02
0.162500E+01  0.148151E+02
0.163750E+01  0.152162E+02
0.165000E+01  0.156227E+02
0.166250E+01  0.160344E+02
0.167500E+01  0.164521E+02
0.168750E+01  0.168762E+02
0.170000E+01  0.173056E+02
0.171250E+01  0.177408E+02
0.172500E+01  0.181826E+02
0.173750E+01  0.186308E+02
0.175000E+01  0.190863E+02
0.176250E+01  0.195484E+02
0.177500E+01  0.200172E+02
0.178750E+01  0.204932E+02
0.180000E+01  0.209758E+02
0.181250E+01  0.214643E+02
0.182500E+01  0.219597E+02
0.183750E+01  0.224621E+02
0.185000E+01  0.229721E+02
0.186250E+01  0.234899E+02
0.187500E+01  0.240149E+02
0.188750E+01  0.245479E+02
0.190000E+01  0.250883E+02
0.191250E+01  0.256372E+02
0.192500E+01  0.261937E+02
0.193750E+01  0.267582E+02
0.195000E+01  0.273313E+02
0.196250E+01  0.279127E+02
0.197500E+01  0.285025E+02
0.198750E+01  0.291016E+02
0.200000E+01  0.297092E+02
0.201250E+01  0.303254E+02
0.202500E+01  0.309507E+02
0.203750E+01  0.315848E+02
0.205000E+01  0.322283E+02
0.206250E+01  0.328811E+02
0.207500E+01  0.335434E+02
0.208750E+01  0.342153E+02
0.210000E+01  0.348969E+02
0.211250E+01  0.355882E+02
0.212500E+01  0.362896E+02
0.213750E+01  0.370010E+02
0.215000E+01  0.377225E+02
0.216250E+01  0.384549E+02
0.217500E+01  0.391976E+02
0.218750E+01  0.399506E+02
0.220000E+01  0.407145E+02
0.221250E+01  0.414889E+02
0.222500E+01  0.422745E+02
0.223750E+01  0.430710E+02
0.225000E+01  0.438786E+02
