0.101250E+01  0.295250E-01
0.102500E+01  0.600366E-01
0.103750E+01  0.918218E-01
0.105000E+01  0.126243E+00
0.106250E+01  0.165299E+00
0.107500E+01  0.212096E+00
0.108750E+01  0.265285E+00
0.110000E+01  0.323190E+00
0.111250E+01  0.391472E+00
0.112500E+01  0.464974E+00
0.113750E+01  0.543108E+00
0.115000E+01  0.628434E+00
0.116250E+01  0.721888E+00
0.117500E+01  0.824551E+00
0.118750E+01  0.937004E+00
0.120000E+01  0.105968E+01
0.121250E+01  0.119412E+01
0.122500E+01  0.134099E+01
0.123750E+01  0.150132E+01
0.125000E+01  0.167583E+01
0.126250E+01  0.186536E+01
0.127500E+01  0.207148E+01
0.128750E+01  0.229568E+01
0.130000E+01  0.253947E+01
0.131250E+01  0.280391E+01
0.132500E+01  0.308965E+01
0.133750E+01  0.339814E+01
0.135000E+01  0.373091E+01
0.136250E+01  0.408875E+01
0.137500E+01  0.447321E+01
0.138750E+01  0.488560E+01
0.140000E+01  0.532786E+01
0.141250E+01  0.580109E+01
0.142500E+01  0.630797E+01
0.143750E+01  0.684867E+01
0.145000E+01  0.742794E+01
0.146250E+01  0.804624E+01
0.147500E+01  0.870510E+01
0.148750E+01  0.940869E+01
0.150000E+01  0.101636E+02
0.151250E+01  0.109621E+02
0.152500E+01  0.118117E+02
0.153750E+01  0.127129E+02
0.155000E+01  0.136772E+02
0.156250E+01  0.146954E+02
0.157500E+01  0.157752E+02
0.158750E+01  0.169200E+02
0.160000E+01  0.181293E+02
0.161250E+01  0.194125E+02
0.162500E+01  0.207699E+02
0.163750E+01  0.222059E+02
0.165000E+01  0.237254E+02
0.166250E+01  0.253274E+02
0.167500E+01  0.270207E+02
0.168750E+01  0.288044E+02
0.170000E+01  0.306884E+02
0.171250E+01  0.326720E+02
0.172500E+01  0.347608E+02
0.173750E+01  0.369612E+02
0.175000E+01  0.392795E+02
0.176250E+01  0.417172E+02
0.177500E+01  0.442828E+02
0.178750E+01  0.469801E+02
0.180000E+01  0.498169E+02
0.181250E+01  0.527938E+02
0.182500E+01  0.559206E+02
0.183750E+01  0.592158E+02
0.185000E+01  0.626666E+02
0.186250E+01  0.662798E+02
0.187500E+01  0.700781E+02
0.188750E+01  0.740542E+02
0.190000E+01  0.782159E+02
0.191250E+01  0.825899E+02
0.192500E+01  0.871641E+02
0.193750E+01  0.919539E+02
0.195000E+01  0.969598E+02
0.196250E+01  0.102214E+03
0.197500E+01  0.107694E+03
0.198750E+01  0.113419E+03
0.200000E+01  0.119392E+03
0.201250E+01  0.125667E+03
0.202500E+01  0.132217E+03
0.203750E+01  0.139059E+03
0.205000E+01  0.146204E+03
0.206250E+01  0.153642E+03
0.207500E+01  0.161397E+03
0.208750E+01  0.169473E+03
0.210000E+01  0.177888E+03
0.211250E+01  0.186655E+03
0.212500E+01  0.195796E+03
0.213750E+01  0.205309E+03
0.215000E+01  0.215213E+03
0.216250E+01  0.225552E+03
0.217500E+01  0.236328E+03
0.218750E+01  0.247537E+03
0.220000E+01  0.259199E+03
0.221250E+01  0.271295E+03
0.222500E+01  0.283884E+03
0.223750E+01  0.296968E+03
0.225000E+01  0.310537E+03
