0.101250E+01  0.692428E-01
0.102500E+01  0.140473E+00
0.103750E+01  0.213836E+00
0.105000E+01  0.291343E+00
0.106250E+01  0.373300E+00
0.107500E+01  0.459707E+00
0.108750E+01  0.551836E+00
0.110000E+01  0.651333E+00
0.111250E+01  0.759031E+00
0.112500E+01  0.873732E+00
0.113750E+01  0.995830E+00
0.115000E+01  0.112327E+01
0.116250E+01  0.124790E+01
0.117500E+01  0.137334E+01
0.118750E+01  0.150247E+01
0.120000E+01  0.163463E+01
0.121250E+01  0.177070E+01
0.122500E+01  0.191093E+01
0.123750E+01  0.205553E+01
0.125000E+01  0.220514E+01
0.126250E+01  0.236013E+01
0.127500E+01  0.252101E+01
0.128750E+01  0.268823E+01
0.130000E+01  0.286231E+01
0.131250E+01  0.304377E+01
0.132500E+01  0.323298E+01
0.133750E+01  0.343051E+01
0.135000E+01  0.363677E+01
0.136250E+01  0.385227E+01
0.137500E+01  0.407751E+01
0.138750E+01  0.431301E+01
0.140000E+01  0.455928E+01
0.141250E+01  0.481688E+01
0.142500E+01  0.508636E+01
0.143750E+01  0.536829E+01
0.145000E+01  0.566324E+01
0.146250E+01  0.597178E+01
0.147500E+01  0.629446E+01
0.148750E+01  0.663190E+01
0.150000E+01  0.698464E+01
0.151250E+01  0.735327E+01
0.152500E+01  0.773838E+01
0.153750E+01  0.814051E+01
0.155000E+01  0.856050E+01
0.156250E+01  0.899885E+01
0.157500E+01  0.945610E+01
0.158750E+01  0.993267E+01
0.160000E+01  0.104297E+02
0.161250E+01  0.109476E+02
0.162500E+01  0.114875E+02
0.163750E+01  0.120490E+02
0.165000E+01  0.126349E+02
0.166250E+01  0.132440E+02
0.167500E+01  0.138808E+02
0.168750E+01  0.145457E+02
0.170000E+01  0.152406E+02
0.171250E+01  0.159706E+02
0.172500E+01  0.167380E+02
0.173750E+01  0.175369E+02
0.175000E+01  0.183692E+02
0.176250E+01  0.192489E+02
0.177500E+01  0.201684E+02
0.178750E+01  0.211286E+02
0.180000E+01  0.221447E+02
0.181250E+01  0.231925E+02
0.182500E+01  0.242785E+02
0.183750E+01  0.254063E+02
0.185000E+01  0.265812E+02
0.186250E+01  0.278056E+02
0.187500E+01  0.290819E+02
0.188750E+01  0.304202E+02
0.190000E+01  0.318030E+02
0.191250E+01  0.332349E+02
0.192500E+01  0.347214E+02
0.193750E+01  0.362537E+02
0.195000E+01  0.378268E+02
0.196250E+01  0.394558E+02
0.197500E+01  0.411414E+02
0.198750E+01  0.428838E+02
0.200000E+01  0.446838E+02
0.201250E+01  0.465434E+02
0.202500E+01  0.484639E+02
0.203750E+01  0.504468E+02
0.205000E+01  0.524893E+02
0.206250E+01  0.545938E+02
0.207500E+01  0.567661E+02
0.208750E+01  0.589994E+02
0.210000E+01  0.613136E+02
0.211250E+01  0.636955E+02
0.212500E+01  0.661520E+02
0.213750E+01  0.686829E+02
0.215000E+01  0.712879E+02
0.216250E+01  0.739674E+02
0.217500E+01  0.767226E+02
0.218750E+01  0.795608E+02
0.220000E+01  0.824768E+02
0.221250E+01  0.854748E+02
0.222500E+01  0.885621E+02
0.223750E+01  0.917294E+02
0.225000E+01  0.949737E+02
