0.101250E+01  0.149134E+00
0.102500E+01  0.302519E+00
0.103750E+01  0.460315E+00
0.105000E+01  0.626877E+00
0.106250E+01  0.801283E+00
0.107500E+01  0.982030E+00
0.108750E+01  0.116891E+01
0.110000E+01  0.136186E+01
0.111250E+01  0.156018E+01
0.112500E+01  0.176456E+01
0.113750E+01  0.197569E+01
0.115000E+01  0.219482E+01
0.116250E+01  0.242301E+01
0.117500E+01  0.265990E+01
0.118750E+01  0.290518E+01
0.120000E+01  0.316171E+01
0.121250E+01  0.342869E+01
0.122500E+01  0.370240E+01
0.123750E+01  0.398140E+01
0.125000E+01  0.426835E+01
0.126250E+01  0.456733E+01
0.127500E+01  0.488180E+01
0.128750E+01  0.520288E+01
0.130000E+01  0.553027E+01
0.131250E+01  0.586367E+01
0.132500E+01  0.620851E+01
0.133750E+01  0.656402E+01
0.135000E+01  0.692982E+01
0.136250E+01  0.730912E+01
0.137500E+01  0.769960E+01
0.138750E+01  0.810426E+01
0.140000E+01  0.851970E+01
0.141250E+01  0.894764E+01
0.142500E+01  0.939016E+01
0.143750E+01  0.984846E+01
0.145000E+01  0.103270E+02
0.146250E+01  0.108281E+02
0.147500E+01  0.113421E+02
0.148750E+01  0.118700E+02
0.150000E+01  0.124178E+02
0.151250E+01  0.129846E+02
0.152500E+01  0.135710E+02
0.153750E+01  0.141795E+02
0.155000E+01  0.148135E+02
0.156250E+01  0.154695E+02
0.157500E+01  0.161452E+02
0.158750E+01  0.168426E+02
0.160000E+01  0.175634E+02
0.161250E+01  0.183096E+02
0.162500E+01  0.190817E+02
0.163750E+01  0.198815E+02
0.165000E+01  0.207086E+02
0.166250E+01  0.215637E+02
0.167500E+01  0.224480E+02
0.168750E+01  0.233631E+02
0.170000E+01  0.243078E+02
0.171250E+01  0.252856E+02
0.172500E+01  0.262958E+02
0.173750E+01  0.273397E+02
0.175000E+01  0.284194E+02
0.176250E+01  0.295338E+02
0.177500E+01  0.306844E+02
0.178750E+01  0.318706E+02
0.180000E+01  0.330957E+02
0.181250E+01  0.343591E+02
0.182500E+01  0.356624E+02
0.183750E+01  0.370068E+02
0.185000E+01  0.383964E+02
0.186250E+01  0.398266E+02
0.187500E+01  0.412985E+02
0.188750E+01  0.428160E+02
0.190000E+01  0.443804E+02
0.191250E+01  0.459898E+02
0.192500E+01  0.476469E+02
0.193750E+01  0.493510E+02
0.195000E+01  0.511051E+02
0.196250E+01  0.529095E+02
0.197500E+01  0.547638E+02
0.198750E+01  0.566710E+02
0.200000E+01  0.586297E+02
0.201250E+01  0.606417E+02
0.202500E+01  0.627122E+02
0.203750E+01  0.648373E+02
0.205000E+01  0.670121E+02
0.206250E+01  0.692482E+02
0.207500E+01  0.715442E+02
0.208750E+01  0.739020E+02
0.210000E+01  0.763168E+02
0.211250E+01  0.787913E+02
0.212500E+01  0.813291E+02
0.213750E+01  0.839303E+02
0.215000E+01  0.865899E+02
0.216250E+01  0.893146E+02
0.217500E+01  0.921025E+02
0.218750E+01  0.949556E+02
0.220000E+01  0.978733E+02
0.221250E+01  0.100857E+03
0.222500E+01  0.103908E+03
0.223750E+01  0.107029E+03
0.225000E+01  0.110217E+03
