0.101250E+01  0.154029E+00
0.102500E+01  0.312459E+00
0.103750E+01  0.475466E+00
0.105000E+01  0.647215E+00
0.106250E+01  0.827458E+00
0.107500E+01  0.101456E+01
0.108750E+01  0.120670E+01
0.110000E+01  0.140534E+01
0.111250E+01  0.161117E+01
0.112500E+01  0.182386E+01
0.113750E+01  0.204332E+01
0.115000E+01  0.226864E+01
0.116250E+01  0.250271E+01
0.117500E+01  0.274614E+01
0.118750E+01  0.299089E+01
0.120000E+01  0.324231E+01
0.121250E+01  0.349840E+01
0.122500E+01  0.375764E+01
0.123750E+01  0.401741E+01
0.125000E+01  0.427865E+01
0.126250E+01  0.454196E+01
0.127500E+01  0.480777E+01
0.128750E+01  0.507626E+01
0.130000E+01  0.534776E+01
0.131250E+01  0.562272E+01
0.132500E+01  0.590138E+01
0.133750E+01  0.618400E+01
0.135000E+01  0.647082E+01
0.136250E+01  0.676209E+01
0.137500E+01  0.705802E+01
0.138750E+01  0.735885E+01
0.140000E+01  0.766482E+01
0.141250E+01  0.797613E+01
0.142500E+01  0.829306E+01
0.143750E+01  0.861577E+01
0.145000E+01  0.894457E+01
0.146250E+01  0.927977E+01
0.147500E+01  0.962145E+01
0.148750E+01  0.996975E+01
0.150000E+01  0.103252E+02
0.151250E+01  0.106879E+02
0.152500E+01  0.110580E+02
0.153750E+01  0.114360E+02
0.155000E+01  0.118218E+02
0.156250E+01  0.122160E+02
0.157500E+01  0.126184E+02
0.158750E+01  0.130296E+02
0.160000E+01  0.134499E+02
0.161250E+01  0.138793E+02
0.162500E+01  0.143185E+02
0.163750E+01  0.147672E+02
0.165000E+01  0.152264E+02
0.166250E+01  0.156958E+02
0.167500E+01  0.161759E+02
0.168750E+01  0.166671E+02
0.170000E+01  0.171692E+02
0.171250E+01  0.176830E+02
0.172500E+01  0.182087E+02
0.173750E+01  0.187462E+02
0.175000E+01  0.192966E+02
0.176250E+01  0.198596E+02
0.177500E+01  0.204358E+02
0.178750E+01  0.210254E+02
0.180000E+01  0.216288E+02
0.181250E+01  0.222463E+02
0.182500E+01  0.228783E+02
0.183750E+01  0.235250E+02
0.185000E+01  0.241870E+02
0.186250E+01  0.248644E+02
0.187500E+01  0.255581E+02
0.188750E+01  0.262676E+02
0.190000E+01  0.269939E+02
0.191250E+01  0.277376E+02
0.192500E+01  0.284981E+02
0.193750E+01  0.292769E+02
0.195000E+01  0.300742E+02
0.196250E+01  0.308896E+02
0.197500E+01  0.317243E+02
0.198750E+01  0.325790E+02
0.200000E+01  0.334528E+02
0.201250E+01  0.343474E+02
0.202500E+01  0.352632E+02
0.203750E+01  0.361996E+02
0.205000E+01  0.371579E+02
0.206250E+01  0.381388E+02
0.207500E+01  0.391415E+02
0.208750E+01  0.401677E+02
0.210000E+01  0.412181E+02
0.211250E+01  0.422916E+02
0.212500E+01  0.433903E+02
0.213750E+01  0.445145E+02
0.215000E+01  0.456634E+02
0.216250E+01  0.468387E+02
0.217500E+01  0.480412E+02
0.218750E+01  0.492698E+02
0.220000E+01  0.505263E+02
0.221250E+01  0.518119E+02
0.222500E+01  0.531257E+02
0.223750E+01  0.544694E+02
0.225000E+01  0.558425E+02
