0.101250E+01  0.191226E+00
0.102500E+01  0.387858E+00
0.103750E+01  0.590016E+00
0.105000E+01  0.802938E+00
0.106250E+01  0.102568E+01
0.107500E+01  0.125592E+01
0.108750E+01  0.149242E+01
0.110000E+01  0.173568E+01
0.111250E+01  0.198438E+01
0.112500E+01  0.223941E+01
0.113750E+01  0.250283E+01
0.115000E+01  0.277495E+01
0.116250E+01  0.305342E+01
0.117500E+01  0.333799E+01
0.118750E+01  0.363000E+01
0.120000E+01  0.392633E+01
0.121250E+01  0.422603E+01
0.122500E+01  0.453151E+01
0.123750E+01  0.484170E+01
0.125000E+01  0.515600E+01
0.126250E+01  0.548371E+01
0.127500E+01  0.580868E+01
0.128750E+01  0.613262E+01
0.130000E+01  0.645489E+01
0.131250E+01  0.678099E+01
0.132500E+01  0.711038E+01
0.133750E+01  0.744516E+01
0.135000E+01  0.778203E+01
0.136250E+01  0.812077E+01
0.137500E+01  0.846295E+01
0.138750E+01  0.881054E+01
0.140000E+01  0.916495E+01
0.141250E+01  0.952322E+01
0.142500E+01  0.988697E+01
0.143750E+01  0.102538E+02
0.145000E+01  0.106257E+02
0.146250E+01  0.110020E+02
0.147500E+01  0.113845E+02
0.148750E+01  0.117725E+02
0.150000E+01  0.121650E+02
0.151250E+01  0.125618E+02
0.152500E+01  0.129663E+02
0.153750E+01  0.133781E+02
0.155000E+01  0.137952E+02
0.156250E+01  0.142165E+02
0.157500E+01  0.146430E+02
0.158750E+01  0.150753E+02
0.160000E+01  0.155139E+02
0.161250E+01  0.159596E+02
0.162500E+01  0.164119E+02
0.163750E+01  0.168710E+02
0.165000E+01  0.173367E+02
0.166250E+01  0.178095E+02
0.167500E+01  0.182894E+02
0.168750E+01  0.187765E+02
0.170000E+01  0.192718E+02
0.171250E+01  0.197737E+02
0.172500E+01  0.202823E+02
0.173750E+01  0.207983E+02
0.175000E+01  0.213220E+02
0.176250E+01  0.218530E+02
0.177500E+01  0.223919E+02
0.178750E+01  0.229383E+02
0.180000E+01  0.234927E+02
0.181250E+01  0.240554E+02
0.182500E+01  0.246249E+02
0.183750E+01  0.252027E+02
0.185000E+01  0.257888E+02
0.186250E+01  0.263829E+02
0.187500E+01  0.269847E+02
0.188750E+01  0.275949E+02
0.190000E+01  0.282129E+02
0.191250E+01  0.288392E+02
0.192500E+01  0.294730E+02
0.193750E+01  0.301160E+02
0.195000E+01  0.307680E+02
0.196250E+01  0.314248E+02
0.197500E+01  0.320914E+02
0.198750E+01  0.327668E+02
0.200000E+01  0.334500E+02
0.201250E+01  0.341418E+02
0.202500E+01  0.348418E+02
0.203750E+01  0.355501E+02
0.205000E+01  0.362668E+02
0.206250E+01  0.369933E+02
0.207500E+01  0.377286E+02
0.208750E+01  0.384705E+02
0.210000E+01  0.392194E+02
0.211250E+01  0.399776E+02
0.212500E+01  0.407433E+02
0.213750E+01  0.415170E+02
0.215000E+01  0.422983E+02
0.216250E+01  0.430878E+02
0.217500E+01  0.438852E+02
0.218750E+01  0.446905E+02
0.220000E+01  0.455039E+02
0.221250E+01  0.463248E+02
0.222500E+01  0.471535E+02
0.223750E+01  0.479898E+02
0.225000E+01  0.488335E+02
