0.101250E+01  0.610596E+00
0.102500E+01  0.124064E+01
0.103750E+01  0.189348E+01
0.105000E+01  0.259269E+01
0.106250E+01  0.333522E+01
0.107500E+01  0.411364E+01
0.108750E+01  0.492040E+01
0.110000E+01  0.575237E+01
0.111250E+01  0.661246E+01
0.112500E+01  0.750108E+01
0.113750E+01  0.841185E+01
0.115000E+01  0.934649E+01
0.116250E+01  0.103059E+02
0.117500E+01  0.112960E+02
0.118750E+01  0.123106E+02
0.120000E+01  0.133457E+02
0.121250E+01  0.144108E+02
0.122500E+01  0.155015E+02
0.123750E+01  0.166118E+02
0.125000E+01  0.177439E+02
0.126250E+01  0.188980E+02
0.127500E+01  0.200781E+02
0.128750E+01  0.212911E+02
0.130000E+01  0.225376E+02
0.131250E+01  0.238192E+02
0.132500E+01  0.251361E+02
0.133750E+01  0.264866E+02
0.135000E+01  0.278783E+02
0.136250E+01  0.293131E+02
0.137500E+01  0.307902E+02
0.138750E+01  0.323149E+02
0.140000E+01  0.338873E+02
0.141250E+01  0.355054E+02
0.142500E+01  0.371744E+02
0.143750E+01  0.388957E+02
0.145000E+01  0.406711E+02
0.146250E+01  0.425075E+02
0.147500E+01  0.444030E+02
0.148750E+01  0.463586E+02
0.150000E+01  0.483916E+02
0.151250E+01  0.504984E+02
0.152500E+01  0.526666E+02
0.153750E+01  0.548999E+02
0.155000E+01  0.572084E+02
0.156250E+01  0.595990E+02
0.157500E+01  0.620701E+02
0.158750E+01  0.646283E+02
0.160000E+01  0.672691E+02
0.161250E+01  0.699990E+02
0.162500E+01  0.728272E+02
0.163750E+01  0.757487E+02
0.165000E+01  0.787689E+02
0.166250E+01  0.818923E+02
0.167500E+01  0.851190E+02
0.168750E+01  0.884637E+02
0.170000E+01  0.919155E+02
0.171250E+01  0.955009E+02
0.172500E+01  0.992040E+02
0.173750E+01  0.103021E+03
0.175000E+01  0.106960E+03
0.176250E+01  0.111035E+03
0.177500E+01  0.115242E+03
0.178750E+01  0.119590E+03
0.180000E+01  0.124088E+03
0.181250E+01  0.128731E+03
0.182500E+01  0.133519E+03
0.183750E+01  0.138470E+03
0.185000E+01  0.143576E+03
0.186250E+01  0.148842E+03
0.187500E+01  0.154289E+03
0.188750E+01  0.159907E+03
0.190000E+01  0.165716E+03
0.191250E+01  0.171688E+03
0.192500E+01  0.177853E+03
0.193750E+01  0.184204E+03
0.195000E+01  0.190752E+03
0.196250E+01  0.197494E+03
0.197500E+01  0.204434E+03
0.198750E+01  0.211597E+03
0.200000E+01  0.218969E+03
0.201250E+01  0.226560E+03
0.202500E+01  0.234389E+03
0.203750E+01  0.242434E+03
0.205000E+01  0.250708E+03
0.206250E+01  0.259230E+03
0.207500E+01  0.267992E+03
0.208750E+01  0.276998E+03
0.210000E+01  0.286269E+03
0.211250E+01  0.295789E+03
0.212500E+01  0.305569E+03
0.213750E+01  0.315609E+03
0.215000E+01  0.325922E+03
0.216250E+01  0.336508E+03
0.217500E+01  0.347382E+03
0.218750E+01  0.358548E+03
0.220000E+01  0.369995E+03
0.221250E+01  0.381750E+03
0.222500E+01  0.393789E+03
0.223750E+01  0.406136E+03
0.225000E+01  0.418788E+03
