0.101250E+01  0.121792E+00
0.102500E+01  0.247174E+00
0.103750E+01  0.376460E+00
0.105000E+01  0.513214E+00
0.106250E+01  0.657844E+00
0.107500E+01  0.809548E+00
0.108750E+01  0.968200E+00
0.110000E+01  0.113624E+01
0.111250E+01  0.131401E+01
0.112500E+01  0.150358E+01
0.113750E+01  0.171522E+01
0.115000E+01  0.193927E+01
0.116250E+01  0.217193E+01
0.117500E+01  0.240815E+01
0.118750E+01  0.264902E+01
0.120000E+01  0.289882E+01
0.121250E+01  0.315839E+01
0.122500E+01  0.342527E+01
0.123750E+01  0.370179E+01
0.125000E+01  0.398952E+01
0.126250E+01  0.428912E+01
0.127500E+01  0.460145E+01
0.128750E+01  0.492748E+01
0.130000E+01  0.526817E+01
0.131250E+01  0.562439E+01
0.132500E+01  0.599709E+01
0.133750E+01  0.638729E+01
0.135000E+01  0.679599E+01
0.136250E+01  0.722421E+01
0.137500E+01  0.767299E+01
0.138750E+01  0.814345E+01
0.140000E+01  0.863673E+01
0.141250E+01  0.915399E+01
0.142500E+01  0.969643E+01
0.143750E+01  0.102653E+02
0.145000E+01  0.108619E+02
0.146250E+01  0.114875E+02
0.147500E+01  0.121434E+02
0.148750E+01  0.128312E+02
0.150000E+01  0.135523E+02
0.151250E+01  0.143081E+02
0.152500E+01  0.151002E+02
0.153750E+01  0.159305E+02
0.155000E+01  0.168002E+02
0.156250E+01  0.177115E+02
0.157500E+01  0.186663E+02
0.158750E+01  0.196660E+02
0.160000E+01  0.207130E+02
0.161250E+01  0.218104E+02
0.162500E+01  0.229565E+02
0.163750E+01  0.241581E+02
0.165000E+01  0.254158E+02
0.166250E+01  0.267284E+02
0.167500E+01  0.281054E+02
0.168750E+01  0.295407E+02
0.170000E+01  0.310436E+02
0.171250E+01  0.326158E+02
0.172500E+01  0.342567E+02
0.173750E+01  0.359692E+02
0.175000E+01  0.377604E+02
0.176250E+01  0.396328E+02
0.177500E+01  0.415830E+02
0.178750E+01  0.436203E+02
0.180000E+01  0.457503E+02
0.181250E+01  0.479676E+02
0.182500E+01  0.502798E+02
0.183750E+01  0.526970E+02
0.185000E+01  0.552081E+02
0.186250E+01  0.578298E+02
0.187500E+01  0.605665E+02
0.188750E+01  0.634136E+02
0.190000E+01  0.663875E+02
0.191250E+01  0.694906E+02
0.192500E+01  0.727309E+02
0.193750E+01  0.761107E+02
0.195000E+01  0.796375E+02
0.196250E+01  0.832925E+02
0.197500E+01  0.870913E+02
0.198750E+01  0.910418E+02
0.200000E+01  0.951477E+02
0.201250E+01  0.994215E+02
0.202500E+01  0.103857E+03
0.203750E+01  0.108467E+03
0.205000E+01  0.113251E+03
0.206250E+01  0.118225E+03
0.207500E+01  0.123383E+03
0.208750E+01  0.128746E+03
0.210000E+01  0.134297E+03
0.211250E+01  0.140066E+03
0.212500E+01  0.146061E+03
0.213750E+01  0.152270E+03
0.215000E+01  0.158710E+03
0.216250E+01  0.165382E+03
0.217500E+01  0.172299E+03
0.218750E+01  0.179517E+03
0.220000E+01  0.186987E+03
0.221250E+01  0.194718E+03
0.222500E+01  0.202733E+03
0.223750E+01  0.211037E+03
0.225000E+01  0.219619E+03
