0.101250E+01  0.205662E+00
0.102500E+01  0.417247E+00
0.103750E+01  0.634974E+00
0.105000E+01  0.864484E+00
0.106250E+01  0.110566E+01
0.107500E+01  0.135501E+01
0.108750E+01  0.161181E+01
0.110000E+01  0.187655E+01
0.111250E+01  0.214863E+01
0.112500E+01  0.242911E+01
0.113750E+01  0.271718E+01
0.115000E+01  0.301293E+01
0.116250E+01  0.331748E+01
0.117500E+01  0.362759E+01
0.118750E+01  0.394334E+01
0.120000E+01  0.426428E+01
0.121250E+01  0.459086E+01
0.122500E+01  0.492435E+01
0.123750E+01  0.526485E+01
0.125000E+01  0.561436E+01
0.126250E+01  0.596922E+01
0.127500E+01  0.632858E+01
0.128750E+01  0.669368E+01
0.130000E+01  0.706500E+01
0.131250E+01  0.744158E+01
0.132500E+01  0.782418E+01
0.133750E+01  0.821263E+01
0.135000E+01  0.860804E+01
0.136250E+01  0.901114E+01
0.137500E+01  0.942194E+01
0.138750E+01  0.984098E+01
0.140000E+01  0.102697E+02
0.141250E+01  0.107082E+02
0.142500E+01  0.111559E+02
0.143750E+01  0.116149E+02
0.145000E+01  0.120836E+02
0.146250E+01  0.125643E+02
0.147500E+01  0.130560E+02
0.148750E+01  0.135596E+02
0.150000E+01  0.140776E+02
0.151250E+01  0.146078E+02
0.152500E+01  0.151515E+02
0.153750E+01  0.157099E+02
0.155000E+01  0.162832E+02
0.156250E+01  0.168717E+02
0.157500E+01  0.174776E+02
0.158750E+01  0.180996E+02
0.160000E+01  0.187392E+02
0.161250E+01  0.193985E+02
0.162500E+01  0.200769E+02
0.163750E+01  0.207748E+02
0.165000E+01  0.214940E+02
0.166250E+01  0.222337E+02
0.167500E+01  0.229947E+02
0.168750E+01  0.237799E+02
0.170000E+01  0.245887E+02
0.171250E+01  0.254223E+02
0.172500E+01  0.262813E+02
0.173750E+01  0.271673E+02
0.175000E+01  0.280807E+02
0.176250E+01  0.290229E+02
0.177500E+01  0.299947E+02
0.178750E+01  0.309966E+02
0.180000E+01  0.320314E+02
0.181250E+01  0.330977E+02
0.182500E+01  0.341989E+02
0.183750E+01  0.353350E+02
0.185000E+01  0.365069E+02
0.186250E+01  0.377183E+02
0.187500E+01  0.389672E+02
0.188750E+01  0.402565E+02
0.190000E+01  0.415884E+02
0.191250E+01  0.429619E+02
0.192500E+01  0.443812E+02
0.193750E+01  0.458452E+02
0.195000E+01  0.473568E+02
0.196250E+01  0.489185E+02
0.197500E+01  0.505290E+02
0.198750E+01  0.521928E+02
0.200000E+01  0.539129E+02
0.201250E+01  0.556877E+02
0.202500E+01  0.575210E+02
0.203750E+01  0.594128E+02
0.205000E+01  0.613670E+02
0.206250E+01  0.633841E+02
0.207500E+01  0.654671E+02
0.208750E+01  0.676166E+02
0.210000E+01  0.698363E+02
0.211250E+01  0.721271E+02
0.212500E+01  0.744929E+02
0.213750E+01  0.769336E+02
0.215000E+01  0.794541E+02
0.216250E+01  0.820533E+02
0.217500E+01  0.847357E+02
0.218750E+01  0.875074E+02
0.220000E+01  0.903655E+02
0.221250E+01  0.933147E+02
0.222500E+01  0.963604E+02
0.223750E+01  0.994997E+02
0.225000E+01  0.102740E+03
