0.101250E+01  0.441808E+00
0.102500E+01  0.896843E+00
0.103750E+01  0.136634E+01
0.105000E+01  0.186608E+01
0.106250E+01  0.239216E+01
0.107500E+01  0.293871E+01
0.108750E+01  0.350512E+01
0.110000E+01  0.409036E+01
0.111250E+01  0.469639E+01
0.112500E+01  0.532279E+01
0.113750E+01  0.597190E+01
0.115000E+01  0.663698E+01
0.116250E+01  0.732117E+01
0.117500E+01  0.802271E+01
0.118750E+01  0.873466E+01
0.120000E+01  0.945604E+01
0.121250E+01  0.101874E+02
0.122500E+01  0.109293E+02
0.123750E+01  0.116850E+02
0.125000E+01  0.124550E+02
0.126250E+01  0.132553E+02
0.127500E+01  0.140497E+02
0.128750E+01  0.148511E+02
0.130000E+01  0.156716E+02
0.131250E+01  0.165070E+02
0.132500E+01  0.173604E+02
0.133750E+01  0.182309E+02
0.135000E+01  0.191199E+02
0.136250E+01  0.200228E+02
0.137500E+01  0.209420E+02
0.138750E+01  0.218805E+02
0.140000E+01  0.228425E+02
0.141250E+01  0.238246E+02
0.142500E+01  0.248291E+02
0.143750E+01  0.258547E+02
0.145000E+01  0.269051E+02
0.146250E+01  0.279832E+02
0.147500E+01  0.290912E+02
0.148750E+01  0.302299E+02
0.150000E+01  0.313948E+02
0.151250E+01  0.325807E+02
0.152500E+01  0.337890E+02
0.153750E+01  0.350245E+02
0.155000E+01  0.362950E+02
0.156250E+01  0.375949E+02
0.157500E+01  0.389269E+02
0.158750E+01  0.402904E+02
0.160000E+01  0.416905E+02
0.161250E+01  0.431224E+02
0.162500E+01  0.445873E+02
0.163750E+01  0.460869E+02
0.165000E+01  0.476258E+02
0.166250E+01  0.492020E+02
0.167500E+01  0.508150E+02
0.168750E+01  0.524627E+02
0.170000E+01  0.541492E+02
0.171250E+01  0.558756E+02
0.172500E+01  0.576412E+02
0.173750E+01  0.594505E+02
0.175000E+01  0.612994E+02
0.176250E+01  0.631916E+02
0.177500E+01  0.651266E+02
0.178750E+01  0.671057E+02
0.180000E+01  0.691335E+02
0.181250E+01  0.712052E+02
0.182500E+01  0.733234E+02
0.183750E+01  0.754853E+02
0.185000E+01  0.776958E+02
0.186250E+01  0.799516E+02
0.187500E+01  0.822581E+02
0.188750E+01  0.846121E+02
0.190000E+01  0.870172E+02
0.191250E+01  0.894730E+02
0.192500E+01  0.919775E+02
0.193750E+01  0.945309E+02
0.195000E+01  0.971400E+02
0.196250E+01  0.997988E+02
0.197500E+01  0.102511E+03
0.198750E+01  0.105276E+03
0.200000E+01  0.108093E+03
0.201250E+01  0.110963E+03
0.202500E+01  0.113887E+03
0.203750E+01  0.116866E+03
0.205000E+01  0.119898E+03
0.206250E+01  0.122986E+03
0.207500E+01  0.126130E+03
0.208750E+01  0.129329E+03
0.210000E+01  0.132583E+03
0.211250E+01  0.135893E+03
0.212500E+01  0.139258E+03
0.213750E+01  0.142679E+03
0.215000E+01  0.146158E+03
0.216250E+01  0.149707E+03
0.217500E+01  0.153297E+03
0.218750E+01  0.156969E+03
0.220000E+01  0.160677E+03
0.221250E+01  0.164437E+03
0.222500E+01  0.168248E+03
0.223750E+01  0.172118E+03
0.225000E+01  0.176043E+03
