0.101250E+01  0.202264E+00
0.102500E+01  0.410257E+00
0.103750E+01  0.624082E+00
0.105000E+01  0.849165E+00
0.106250E+01  0.108488E+01
0.107500E+01  0.132804E+01
0.108750E+01  0.157747E+01
0.110000E+01  0.183354E+01
0.111250E+01  0.209526E+01
0.112500E+01  0.236300E+01
0.113750E+01  0.263649E+01
0.115000E+01  0.291513E+01
0.116250E+01  0.319920E+01
0.117500E+01  0.348916E+01
0.118750E+01  0.378619E+01
0.120000E+01  0.408732E+01
0.121250E+01  0.439038E+01
0.122500E+01  0.469813E+01
0.123750E+01  0.500681E+01
0.125000E+01  0.531336E+01
0.126250E+01  0.562171E+01
0.127500E+01  0.592979E+01
0.128750E+01  0.623762E+01
0.130000E+01  0.654508E+01
0.131250E+01  0.685487E+01
0.132500E+01  0.716882E+01
0.133750E+01  0.748333E+01
0.135000E+01  0.779763E+01
0.136250E+01  0.811064E+01
0.137500E+01  0.842349E+01
0.138750E+01  0.873619E+01
0.140000E+01  0.904943E+01
0.141250E+01  0.936454E+01
0.142500E+01  0.968093E+01
0.143750E+01  0.999939E+01
0.145000E+01  0.103196E+02
0.146250E+01  0.106406E+02
0.147500E+01  0.109613E+02
0.148750E+01  0.112824E+02
0.150000E+01  0.116056E+02
0.151250E+01  0.119314E+02
0.152500E+01  0.122596E+02
0.153750E+01  0.125898E+02
0.155000E+01  0.129213E+02
0.156250E+01  0.132558E+02
0.157500E+01  0.135938E+02
0.158750E+01  0.139342E+02
0.160000E+01  0.142766E+02
0.161250E+01  0.146218E+02
0.162500E+01  0.149696E+02
0.163750E+01  0.153211E+02
0.165000E+01  0.156758E+02
0.166250E+01  0.160323E+02
0.167500E+01  0.163923E+02
0.168750E+01  0.167554E+02
0.170000E+01  0.171226E+02
0.171250E+01  0.174936E+02
0.172500E+01  0.178687E+02
0.173750E+01  0.182488E+02
0.175000E+01  0.186336E+02
0.176250E+01  0.190228E+02
0.177500E+01  0.194173E+02
0.178750E+01  0.198164E+02
0.180000E+01  0.202203E+02
0.181250E+01  0.206293E+02
0.182500E+01  0.210440E+02
0.183750E+01  0.214645E+02
0.185000E+01  0.218912E+02
0.186250E+01  0.223237E+02
0.187500E+01  0.227629E+02
0.188750E+01  0.232096E+02
0.190000E+01  0.236624E+02
0.191250E+01  0.241222E+02
0.192500E+01  0.245892E+02
0.193750E+01  0.250640E+02
0.195000E+01  0.255465E+02
0.196250E+01  0.260372E+02
0.197500E+01  0.265366E+02
0.198750E+01  0.270447E+02
0.200000E+01  0.275617E+02
0.201250E+01  0.280879E+02
0.202500E+01  0.286235E+02
0.203750E+01  0.291688E+02
0.205000E+01  0.297244E+02
0.206250E+01  0.302899E+02
0.207500E+01  0.308665E+02
0.208750E+01  0.314543E+02
0.210000E+01  0.320535E+02
0.211250E+01  0.326650E+02
0.212500E+01  0.332881E+02
0.213750E+01  0.339238E+02
0.215000E+01  0.345722E+02
0.216250E+01  0.352334E+02
0.217500E+01  0.359083E+02
0.218750E+01  0.365975E+02
0.220000E+01  0.373008E+02
0.221250E+01  0.380188E+02
0.222500E+01  0.387519E+02
0.223750E+01  0.395005E+02
0.225000E+01  0.402650E+02
