0.101250E+01  0.244720E+00
0.102500E+01  0.496942E+00
0.103750E+01  0.757277E+00
0.105000E+01  0.103344E+01
0.106250E+01  0.132749E+01
0.107500E+01  0.163605E+01
0.108750E+01  0.196157E+01
0.110000E+01  0.230652E+01
0.111250E+01  0.268565E+01
0.112500E+01  0.307761E+01
0.113750E+01  0.349038E+01
0.115000E+01  0.392872E+01
0.116250E+01  0.436622E+01
0.117500E+01  0.481462E+01
0.118750E+01  0.527805E+01
0.120000E+01  0.575791E+01
0.121250E+01  0.624853E+01
0.122500E+01  0.675523E+01
0.123750E+01  0.727961E+01
0.125000E+01  0.782324E+01
0.126250E+01  0.838735E+01
0.127500E+01  0.897387E+01
0.128750E+01  0.958391E+01
0.130000E+01  0.102187E+02
0.131250E+01  0.108820E+02
0.132500E+01  0.115724E+02
0.133750E+01  0.122945E+02
0.135000E+01  0.130482E+02
0.136250E+01  0.138354E+02
0.137500E+01  0.146589E+02
0.138750E+01  0.155206E+02
0.140000E+01  0.164219E+02
0.141250E+01  0.173652E+02
0.142500E+01  0.183535E+02
0.143750E+01  0.193879E+02
0.145000E+01  0.204717E+02
0.146250E+01  0.216071E+02
0.147500E+01  0.227963E+02
0.148750E+01  0.240425E+02
0.150000E+01  0.253483E+02
0.151250E+01  0.267166E+02
0.152500E+01  0.281504E+02
0.153750E+01  0.296527E+02
0.155000E+01  0.312273E+02
0.156250E+01  0.328765E+02
0.157500E+01  0.346051E+02
0.158750E+01  0.364170E+02
0.160000E+01  0.383151E+02
0.161250E+01  0.403049E+02
0.162500E+01  0.423869E+02
0.163750E+01  0.445682E+02
0.165000E+01  0.468568E+02
0.166250E+01  0.492496E+02
0.167500E+01  0.517559E+02
0.168750E+01  0.543849E+02
0.170000E+01  0.571307E+02
0.171250E+01  0.600072E+02
0.172500E+01  0.630209E+02
0.173750E+01  0.661671E+02
0.175000E+01  0.694628E+02
0.176250E+01  0.729127E+02
0.177500E+01  0.765122E+02
0.178750E+01  0.802803E+02
0.180000E+01  0.842246E+02
0.181250E+01  0.883382E+02
0.182500E+01  0.926404E+02
0.183750E+01  0.971423E+02
0.185000E+01  0.101833E+03
0.186250E+01  0.106736E+03
0.187500E+01  0.111872E+03
0.188750E+01  0.117227E+03
0.190000E+01  0.122827E+03
0.191250E+01  0.128669E+03
0.192500E+01  0.134758E+03
0.193750E+01  0.141102E+03
0.195000E+01  0.147725E+03
0.196250E+01  0.154631E+03
0.197500E+01  0.161827E+03
0.198750E+01  0.169333E+03
0.200000E+01  0.177139E+03
0.201250E+01  0.185280E+03
0.202500E+01  0.193743E+03
0.203750E+01  0.202556E+03
0.205000E+01  0.211752E+03
0.206250E+01  0.221316E+03
0.207500E+01  0.231266E+03
0.208750E+01  0.241631E+03
0.210000E+01  0.252379E+03
0.211250E+01  0.263557E+03
0.212500E+01  0.275211E+03
0.213750E+01  0.287321E+03
0.215000E+01  0.299905E+03
0.216250E+01  0.312940E+03
0.217500E+01  0.326472E+03
0.218750E+01  0.340492E+03
0.220000E+01  0.355070E+03
0.221250E+01  0.370303E+03
0.222500E+01  0.386099E+03
0.223750E+01  0.402429E+03
0.225000E+01  0.419388E+03
