0.101250E+01  0.358628E+00
0.102500E+01  0.728224E+00
0.103750E+01  0.110918E+01
0.105000E+01  0.151376E+01
0.106250E+01  0.194104E+01
0.107500E+01  0.238519E+01
0.108750E+01  0.284489E+01
0.110000E+01  0.332378E+01
0.111250E+01  0.382012E+01
0.112500E+01  0.432882E+01
0.113750E+01  0.484955E+01
0.115000E+01  0.537990E+01
0.116250E+01  0.591968E+01
0.117500E+01  0.646874E+01
0.118750E+01  0.702312E+01
0.120000E+01  0.758503E+01
0.121250E+01  0.815587E+01
0.122500E+01  0.873365E+01
0.123750E+01  0.931818E+01
0.125000E+01  0.990793E+01
0.126250E+01  0.105063E+02
0.127500E+01  0.111116E+02
0.128750E+01  0.117240E+02
0.130000E+01  0.123455E+02
0.131250E+01  0.129762E+02
0.132500E+01  0.136156E+02
0.133750E+01  0.142636E+02
0.135000E+01  0.149213E+02
0.136250E+01  0.155904E+02
0.137500E+01  0.162694E+02
0.138750E+01  0.169594E+02
0.140000E+01  0.176616E+02
0.141250E+01  0.183754E+02
0.142500E+01  0.191024E+02
0.143750E+01  0.198431E+02
0.145000E+01  0.205976E+02
0.146250E+01  0.213673E+02
0.147500E+01  0.221509E+02
0.148750E+01  0.229491E+02
0.150000E+01  0.237640E+02
0.151250E+01  0.245952E+02
0.152500E+01  0.254433E+02
0.153750E+01  0.263085E+02
0.155000E+01  0.271927E+02
0.156250E+01  0.280948E+02
0.157500E+01  0.290164E+02
0.158750E+01  0.299574E+02
0.160000E+01  0.309187E+02
0.161250E+01  0.319020E+02
0.162500E+01  0.329062E+02
0.163750E+01  0.339328E+02
0.165000E+01  0.349826E+02
0.166250E+01  0.360553E+02
0.167500E+01  0.371526E+02
0.168750E+01  0.382747E+02
0.170000E+01  0.394216E+02
0.171250E+01  0.405964E+02
0.172500E+01  0.417983E+02
0.173750E+01  0.430274E+02
0.175000E+01  0.442848E+02
0.176250E+01  0.455701E+02
0.177500E+01  0.468872E+02
0.178750E+01  0.482339E+02
0.180000E+01  0.496117E+02
0.181250E+01  0.510230E+02
0.182500E+01  0.524655E+02
0.183750E+01  0.539414E+02
0.185000E+01  0.554525E+02
0.186250E+01  0.569986E+02
0.187500E+01  0.585807E+02
0.188750E+01  0.602007E+02
0.190000E+01  0.618574E+02
0.191250E+01  0.635533E+02
0.192500E+01  0.652900E+02
0.193750E+01  0.670660E+02
0.195000E+01  0.688837E+02
0.196250E+01  0.707448E+02
0.197500E+01  0.726482E+02
0.198750E+01  0.745962E+02
0.200000E+01  0.765907E+02
0.201250E+01  0.786303E+02
0.202500E+01  0.807174E+02
0.203750E+01  0.828541E+02
0.205000E+01  0.850384E+02
0.206250E+01  0.872740E+02
0.207500E+01  0.895622E+02
0.208750E+01  0.919016E+02
0.210000E+01  0.942955E+02
0.211250E+01  0.967460E+02
0.212500E+01  0.992512E+02
0.213750E+01  0.101814E+03
0.215000E+01  0.104435E+03
0.216250E+01  0.107116E+03
0.217500E+01  0.109856E+03
0.218750E+01  0.112660E+03
0.220000E+01  0.115525E+03
0.221250E+01  0.118456E+03
0.222500E+01  0.121452E+03
0.223750E+01  0.124516E+03
0.225000E+01  0.127646E+03
