0.101250E+01  0.273346E+00
0.102500E+01  0.554685E+00
0.103750E+01  0.844186E+00
0.105000E+01  0.114987E+01
0.106250E+01  0.147127E+01
0.107500E+01  0.180324E+01
0.108750E+01  0.214540E+01
0.110000E+01  0.249827E+01
0.111250E+01  0.286047E+01
0.112500E+01  0.323437E+01
0.113750E+01  0.361831E+01
0.115000E+01  0.401399E+01
0.116250E+01  0.442054E+01
0.117500E+01  0.483699E+01
0.118750E+01  0.526111E+01
0.120000E+01  0.569172E+01
0.121250E+01  0.613002E+01
0.122500E+01  0.657141E+01
0.123750E+01  0.701593E+01
0.125000E+01  0.746686E+01
0.126250E+01  0.792738E+01
0.127500E+01  0.839177E+01
0.128750E+01  0.886181E+01
0.130000E+01  0.934287E+01
0.131250E+01  0.982528E+01
0.132500E+01  0.103131E+02
0.133750E+01  0.108069E+02
0.135000E+01  0.113055E+02
0.136250E+01  0.118098E+02
0.137500E+01  0.123215E+02
0.138750E+01  0.128418E+02
0.140000E+01  0.133696E+02
0.141250E+01  0.139032E+02
0.142500E+01  0.144448E+02
0.143750E+01  0.149963E+02
0.145000E+01  0.155565E+02
0.146250E+01  0.161264E+02
0.147500E+01  0.167081E+02
0.148750E+01  0.173000E+02
0.150000E+01  0.178993E+02
0.151250E+01  0.185073E+02
0.152500E+01  0.191272E+02
0.153750E+01  0.197584E+02
0.155000E+01  0.204030E+02
0.156250E+01  0.210570E+02
0.157500E+01  0.217209E+02
0.158750E+01  0.223956E+02
0.160000E+01  0.230823E+02
0.161250E+01  0.237819E+02
0.162500E+01  0.244938E+02
0.163750E+01  0.252187E+02
0.165000E+01  0.259563E+02
0.166250E+01  0.267077E+02
0.167500E+01  0.274712E+02
0.168750E+01  0.282495E+02
0.170000E+01  0.290411E+02
0.171250E+01  0.298476E+02
0.172500E+01  0.306661E+02
0.173750E+01  0.314986E+02
0.175000E+01  0.323453E+02
0.176250E+01  0.332069E+02
0.177500E+01  0.340867E+02
0.178750E+01  0.349835E+02
0.180000E+01  0.358928E+02
0.181250E+01  0.368151E+02
0.182500E+01  0.377524E+02
0.183750E+01  0.387054E+02
0.185000E+01  0.396739E+02
0.186250E+01  0.406592E+02
0.187500E+01  0.416600E+02
0.188750E+01  0.426772E+02
0.190000E+01  0.437110E+02
0.191250E+01  0.447616E+02
0.192500E+01  0.458293E+02
0.193750E+01  0.469132E+02
0.195000E+01  0.480140E+02
0.196250E+01  0.491300E+02
0.197500E+01  0.502629E+02
0.198750E+01  0.514132E+02
0.200000E+01  0.525802E+02
0.201250E+01  0.537641E+02
0.202500E+01  0.549658E+02
0.203750E+01  0.561842E+02
0.205000E+01  0.574196E+02
0.206250E+01  0.586734E+02
0.207500E+01  0.599439E+02
0.208750E+01  0.612321E+02
0.210000E+01  0.625379E+02
0.211250E+01  0.638611E+02
0.212500E+01  0.652013E+02
0.213750E+01  0.665593E+02
0.215000E+01  0.679347E+02
0.216250E+01  0.693272E+02
0.217500E+01  0.707373E+02
0.218750E+01  0.721647E+02
0.220000E+01  0.736126E+02
0.221250E+01  0.750899E+02
0.222500E+01  0.765693E+02
0.223750E+01  0.780671E+02
0.225000E+01  0.795825E+02
