0.101250E+01  0.289425E+00
0.102500E+01  0.587639E+00
0.103750E+01  0.895118E+00
0.105000E+01  0.122118E+01
0.106250E+01  0.156608E+01
0.107500E+01  0.192531E+01
0.108750E+01  0.229807E+01
0.110000E+01  0.268673E+01
0.111250E+01  0.309398E+01
0.112500E+01  0.351857E+01
0.113750E+01  0.396010E+01
0.115000E+01  0.441518E+01
0.116250E+01  0.488173E+01
0.117500E+01  0.535812E+01
0.118750E+01  0.585017E+01
0.120000E+01  0.635734E+01
0.121250E+01  0.687807E+01
0.122500E+01  0.741402E+01
0.123750E+01  0.796365E+01
0.125000E+01  0.853015E+01
0.126250E+01  0.911392E+01
0.127500E+01  0.971290E+01
0.128750E+01  0.103282E+02
0.130000E+01  0.109623E+02
0.131250E+01  0.116149E+02
0.132500E+01  0.122891E+02
0.133750E+01  0.129859E+02
0.135000E+01  0.137052E+02
0.136250E+01  0.144493E+02
0.137500E+01  0.152179E+02
0.138750E+01  0.160129E+02
0.140000E+01  0.168366E+02
0.141250E+01  0.176890E+02
0.142500E+01  0.185720E+02
0.143750E+01  0.194871E+02
0.145000E+01  0.204362E+02
0.146250E+01  0.214202E+02
0.147500E+01  0.224409E+02
0.148750E+01  0.234973E+02
0.150000E+01  0.245918E+02
0.151250E+01  0.257251E+02
0.152500E+01  0.268998E+02
0.153750E+01  0.281207E+02
0.155000E+01  0.293840E+02
0.156250E+01  0.306940E+02
0.157500E+01  0.320529E+02
0.158750E+01  0.334618E+02
0.160000E+01  0.349209E+02
0.161250E+01  0.364335E+02
0.162500E+01  0.380043E+02
0.163750E+01  0.396297E+02
0.165000E+01  0.413156E+02
0.166250E+01  0.430604E+02
0.167500E+01  0.448698E+02
0.168750E+01  0.467456E+02
0.170000E+01  0.486898E+02
0.171250E+01  0.507005E+02
0.172500E+01  0.527834E+02
0.173750E+01  0.549414E+02
0.175000E+01  0.571777E+02
0.176250E+01  0.594934E+02
0.177500E+01  0.618929E+02
0.178750E+01  0.643737E+02
0.180000E+01  0.669394E+02
0.181250E+01  0.695991E+02
0.182500E+01  0.723496E+02
0.183750E+01  0.751945E+02
0.185000E+01  0.781340E+02
0.186250E+01  0.811808E+02
0.187500E+01  0.843246E+02
0.188750E+01  0.875748E+02
0.190000E+01  0.909406E+02
0.191250E+01  0.944147E+02
0.192500E+01  0.980053E+02
0.193750E+01  0.101721E+03
0.195000E+01  0.105560E+03
0.196250E+01  0.109521E+03
0.197500E+01  0.113624E+03
0.198750E+01  0.117852E+03
0.200000E+01  0.122211E+03
0.201250E+01  0.126716E+03
0.202500E+01  0.131359E+03
0.203750E+01  0.136154E+03
0.205000E+01  0.141108E+03
0.206250E+01  0.146214E+03
0.207500E+01  0.151483E+03
0.208750E+01  0.156923E+03
0.210000E+01  0.162527E+03
0.211250E+01  0.168303E+03
0.212500E+01  0.174266E+03
0.213750E+01  0.180403E+03
0.215000E+01  0.186735E+03
0.216250E+01  0.193249E+03
0.217500E+01  0.199965E+03
0.218750E+01  0.206889E+03
0.220000E+01  0.214013E+03
0.221250E+01  0.221352E+03
0.222500E+01  0.228911E+03
0.223750E+01  0.236696E+03
0.225000E+01  0.244709E+03
