0.101250E+01  0.251179E+00
0.102500E+01  0.509991E+00
0.103750E+01  0.776973E+00
0.105000E+01  0.105994E+01
0.106250E+01  0.136029E+01
0.107500E+01  0.167401E+01
0.108750E+01  0.200196E+01
0.110000E+01  0.234569E+01
0.111250E+01  0.271016E+01
0.112500E+01  0.309925E+01
0.113750E+01  0.350324E+01
0.115000E+01  0.392133E+01
0.116250E+01  0.435597E+01
0.117500E+01  0.481240E+01
0.118750E+01  0.527351E+01
0.120000E+01  0.574595E+01
0.121250E+01  0.623262E+01
0.122500E+01  0.673492E+01
0.123750E+01  0.725210E+01
0.125000E+01  0.778493E+01
0.126250E+01  0.833459E+01
0.127500E+01  0.890374E+01
0.128750E+01  0.949352E+01
0.130000E+01  0.101062E+02
0.131250E+01  0.107416E+02
0.132500E+01  0.114035E+02
0.133750E+01  0.120907E+02
0.135000E+01  0.128078E+02
0.136250E+01  0.135542E+02
0.137500E+01  0.143319E+02
0.138750E+01  0.151438E+02
0.140000E+01  0.159911E+02
0.141250E+01  0.168754E+02
0.142500E+01  0.177989E+02
0.143750E+01  0.187645E+02
0.145000E+01  0.197719E+02
0.146250E+01  0.208282E+02
0.147500E+01  0.219308E+02
0.148750E+01  0.230834E+02
0.150000E+01  0.242906E+02
0.151250E+01  0.255526E+02
0.152500E+01  0.268728E+02
0.153750E+01  0.282548E+02
0.155000E+01  0.297009E+02
0.156250E+01  0.312138E+02
0.157500E+01  0.327975E+02
0.158750E+01  0.344549E+02
0.160000E+01  0.361893E+02
0.161250E+01  0.380048E+02
0.162500E+01  0.399045E+02
0.163750E+01  0.418946E+02
0.165000E+01  0.439734E+02
0.166250E+01  0.461517E+02
0.167500E+01  0.484324E+02
0.168750E+01  0.508152E+02
0.170000E+01  0.533106E+02
0.171250E+01  0.559245E+02
0.172500E+01  0.586536E+02
0.173750E+01  0.615147E+02
0.175000E+01  0.645006E+02
0.176250E+01  0.676266E+02
0.177500E+01  0.708998E+02
0.178750E+01  0.743147E+02
0.180000E+01  0.778873E+02
0.181250E+01  0.816269E+02
0.182500E+01  0.855278E+02
0.183750E+01  0.896078E+02
0.185000E+01  0.938763E+02
0.186250E+01  0.983265E+02
0.187500E+01  0.102977E+03
0.188750E+01  0.107840E+03
0.190000E+01  0.112908E+03
0.191250E+01  0.118206E+03
0.192500E+01  0.123749E+03
0.193750E+01  0.129524E+03
0.195000E+01  0.135553E+03
0.196250E+01  0.141840E+03
0.197500E+01  0.148392E+03
0.198750E+01  0.155226E+03
0.200000E+01  0.162356E+03
0.201250E+01  0.169785E+03
0.202500E+01  0.177519E+03
0.203750E+01  0.185599E+03
0.205000E+01  0.193990E+03
0.206250E+01  0.202732E+03
0.207500E+01  0.211846E+03
0.208750E+01  0.221317E+03
0.210000E+01  0.231189E+03
0.211250E+01  0.241457E+03
0.212500E+01  0.252147E+03
0.213750E+01  0.263254E+03
0.215000E+01  0.274799E+03
0.216250E+01  0.286799E+03
0.217500E+01  0.299250E+03
0.218750E+01  0.312184E+03
0.220000E+01  0.325631E+03
0.221250E+01  0.339595E+03
0.222500E+01  0.354113E+03
0.223750E+01  0.369188E+03
0.225000E+01  0.384832E+03
