0.101250E+01  0.213342E+00
0.102500E+01  0.432841E+00
0.103750E+01  0.658716E+00
0.105000E+01  0.896918E+00
0.106250E+01  0.114724E+01
0.107500E+01  0.140606E+01
0.108750E+01  0.167285E+01
0.110000E+01  0.194815E+01
0.111250E+01  0.223110E+01
0.112500E+01  0.252324E+01
0.113750E+01  0.282356E+01
0.115000E+01  0.313215E+01
0.116250E+01  0.344929E+01
0.117500E+01  0.377706E+01
0.118750E+01  0.411531E+01
0.120000E+01  0.446437E+01
0.121250E+01  0.481840E+01
0.122500E+01  0.518277E+01
0.123750E+01  0.555537E+01
0.125000E+01  0.593197E+01
0.126250E+01  0.631567E+01
0.127500E+01  0.670798E+01
0.128750E+01  0.710776E+01
0.130000E+01  0.751427E+01
0.131250E+01  0.792818E+01
0.132500E+01  0.835346E+01
0.133750E+01  0.879638E+01
0.135000E+01  0.925011E+01
0.136250E+01  0.971235E+01
0.137500E+01  0.101823E+02
0.138750E+01  0.106621E+02
0.140000E+01  0.111542E+02
0.141250E+01  0.116603E+02
0.142500E+01  0.121837E+02
0.143750E+01  0.127196E+02
0.145000E+01  0.132684E+02
0.146250E+01  0.138318E+02
0.147500E+01  0.144134E+02
0.148750E+01  0.150127E+02
0.150000E+01  0.156351E+02
0.151250E+01  0.162779E+02
0.152500E+01  0.169377E+02
0.153750E+01  0.176148E+02
0.155000E+01  0.183114E+02
0.156250E+01  0.190310E+02
0.157500E+01  0.197739E+02
0.158750E+01  0.205398E+02
0.160000E+01  0.213310E+02
0.161250E+01  0.221495E+02
0.162500E+01  0.230019E+02
0.163750E+01  0.238760E+02
0.165000E+01  0.247766E+02
0.166250E+01  0.257055E+02
0.167500E+01  0.266650E+02
0.168750E+01  0.276590E+02
0.170000E+01  0.286855E+02
0.171250E+01  0.297484E+02
0.172500E+01  0.308417E+02
0.173750E+01  0.319702E+02
0.175000E+01  0.331351E+02
0.176250E+01  0.343373E+02
0.177500E+01  0.355805E+02
0.178750E+01  0.368648E+02
0.180000E+01  0.381902E+02
0.181250E+01  0.395577E+02
0.182500E+01  0.409709E+02
0.183750E+01  0.424265E+02
0.185000E+01  0.439274E+02
0.186250E+01  0.454797E+02
0.187500E+01  0.470768E+02
0.188750E+01  0.487285E+02
0.190000E+01  0.504283E+02
0.191250E+01  0.521796E+02
0.192500E+01  0.539900E+02
0.193750E+01  0.558521E+02
0.195000E+01  0.577749E+02
0.196250E+01  0.597516E+02
0.197500E+01  0.617875E+02
0.198750E+01  0.638818E+02
0.200000E+01  0.660382E+02
0.201250E+01  0.682622E+02
0.202500E+01  0.705507E+02
0.203750E+01  0.728984E+02
0.205000E+01  0.753145E+02
0.206250E+01  0.778026E+02
0.207500E+01  0.803616E+02
0.208750E+01  0.829905E+02
0.210000E+01  0.856939E+02
0.211250E+01  0.884692E+02
0.212500E+01  0.913199E+02
0.213750E+01  0.942584E+02
0.215000E+01  0.972695E+02
0.216250E+01  0.100360E+03
0.217500E+01  0.103523E+03
0.218750E+01  0.106771E+03
0.220000E+01  0.110097E+03
0.221250E+01  0.113509E+03
0.222500E+01  0.117003E+03
0.223750E+01  0.120586E+03
0.225000E+01  0.124254E+03
