0.101250E+01  0.264874E+00
0.102500E+01  0.537654E+00
0.103750E+01  0.818683E+00
0.105000E+01  0.111599E+01
0.106250E+01  0.142994E+01
0.107500E+01  0.175585E+01
0.108750E+01  0.209298E+01
0.110000E+01  0.244274E+01
0.111250E+01  0.280692E+01
0.112500E+01  0.318564E+01
0.113750E+01  0.357926E+01
0.115000E+01  0.398382E+01
0.116250E+01  0.439412E+01
0.117500E+01  0.481077E+01
0.118750E+01  0.523919E+01
0.120000E+01  0.567760E+01
0.121250E+01  0.612398E+01
0.122500E+01  0.658148E+01
0.123750E+01  0.704867E+01
0.125000E+01  0.752430E+01
0.126250E+01  0.801098E+01
0.127500E+01  0.850682E+01
0.128750E+01  0.901237E+01
0.130000E+01  0.952849E+01
0.131250E+01  0.100564E+02
0.132500E+01  0.105962E+02
0.133750E+01  0.111490E+02
0.135000E+01  0.117165E+02
0.136250E+01  0.122992E+02
0.137500E+01  0.128980E+02
0.138750E+01  0.135117E+02
0.140000E+01  0.141418E+02
0.141250E+01  0.147883E+02
0.142500E+01  0.154521E+02
0.143750E+01  0.161368E+02
0.145000E+01  0.168396E+02
0.146250E+01  0.175621E+02
0.147500E+01  0.183064E+02
0.148750E+01  0.190723E+02
0.150000E+01  0.198609E+02
0.151250E+01  0.206749E+02
0.152500E+01  0.215112E+02
0.153750E+01  0.223736E+02
0.155000E+01  0.232593E+02
0.156250E+01  0.241710E+02
0.157500E+01  0.251129E+02
0.158750E+01  0.260812E+02
0.160000E+01  0.270783E+02
0.161250E+01  0.281074E+02
0.162500E+01  0.291654E+02
0.163750E+01  0.302588E+02
0.165000E+01  0.313865E+02
0.166250E+01  0.325493E+02
0.167500E+01  0.337448E+02
0.168750E+01  0.349797E+02
0.170000E+01  0.362495E+02
0.171250E+01  0.375584E+02
0.172500E+01  0.389094E+02
0.173750E+01  0.402983E+02
0.175000E+01  0.417263E+02
0.176250E+01  0.431993E+02
0.177500E+01  0.447156E+02
0.178750E+01  0.462795E+02
0.180000E+01  0.478866E+02
0.181250E+01  0.495421E+02
0.182500E+01  0.512435E+02
0.183750E+01  0.529921E+02
0.185000E+01  0.547966E+02
0.186250E+01  0.566531E+02
0.187500E+01  0.585662E+02
0.188750E+01  0.605322E+02
0.190000E+01  0.625530E+02
0.191250E+01  0.646287E+02
0.192500E+01  0.667676E+02
0.193750E+01  0.689629E+02
0.195000E+01  0.712269E+02
0.196250E+01  0.735533E+02
0.197500E+01  0.759422E+02
0.198750E+01  0.783946E+02
0.200000E+01  0.809136E+02
0.201250E+01  0.835018E+02
0.202500E+01  0.861626E+02
0.203750E+01  0.888950E+02
0.205000E+01  0.916987E+02
0.206250E+01  0.945780E+02
0.207500E+01  0.975317E+02
0.208750E+01  0.100564E+03
0.210000E+01  0.103679E+03
0.211250E+01  0.106876E+03
0.212500E+01  0.110156E+03
0.213750E+01  0.113521E+03
0.215000E+01  0.116969E+03
0.216250E+01  0.120505E+03
0.217500E+01  0.124131E+03
0.218750E+01  0.127848E+03
0.220000E+01  0.131657E+03
0.221250E+01  0.135564E+03
0.222500E+01  0.139565E+03
0.223750E+01  0.143665E+03
0.225000E+01  0.147869E+03
