0.101250E+01  0.309535E+00
0.102500E+01  0.628446E+00
0.103750E+01  0.957231E+00
0.105000E+01  0.130592E+01
0.106250E+01  0.167402E+01
0.107500E+01  0.205682E+01
0.108750E+01  0.245359E+01
0.110000E+01  0.286665E+01
0.111250E+01  0.329628E+01
0.112500E+01  0.374325E+01
0.113750E+01  0.420878E+01
0.115000E+01  0.468909E+01
0.116250E+01  0.518393E+01
0.117500E+01  0.569479E+01
0.118750E+01  0.622478E+01
0.120000E+01  0.677413E+01
0.121250E+01  0.734033E+01
0.122500E+01  0.792642E+01
0.123750E+01  0.853465E+01
0.125000E+01  0.916414E+01
0.126250E+01  0.981169E+01
0.127500E+01  0.104772E+02
0.128750E+01  0.111647E+02
0.130000E+01  0.118748E+02
0.131250E+01  0.126108E+02
0.132500E+01  0.133781E+02
0.133750E+01  0.141717E+02
0.135000E+01  0.149988E+02
0.136250E+01  0.158574E+02
0.137500E+01  0.167494E+02
0.138750E+01  0.176777E+02
0.140000E+01  0.186470E+02
0.141250E+01  0.196576E+02
0.142500E+01  0.207112E+02
0.143750E+01  0.218076E+02
0.145000E+01  0.229572E+02
0.146250E+01  0.241547E+02
0.147500E+01  0.254047E+02
0.148750E+01  0.267142E+02
0.150000E+01  0.280781E+02
0.151250E+01  0.295029E+02
0.152500E+01  0.309983E+02
0.153750E+01  0.325609E+02
0.155000E+01  0.341929E+02
0.156250E+01  0.359066E+02
0.157500E+01  0.376940E+02
0.158750E+01  0.395614E+02
0.160000E+01  0.415191E+02
0.161250E+01  0.435646E+02
0.162500E+01  0.457054E+02
0.163750E+01  0.479440E+02
0.165000E+01  0.502869E+02
0.166250E+01  0.527363E+02
0.167500E+01  0.552996E+02
0.168750E+01  0.579848E+02
0.170000E+01  0.607935E+02
0.171250E+01  0.637290E+02
0.172500E+01  0.668011E+02
0.173750E+01  0.700207E+02
0.175000E+01  0.733908E+02
0.176250E+01  0.769190E+02
0.177500E+01  0.806063E+02
0.178750E+01  0.844554E+02
0.180000E+01  0.884802E+02
0.181250E+01  0.926865E+02
0.182500E+01  0.970863E+02
0.183750E+01  0.101694E+03
0.185000E+01  0.106503E+03
0.186250E+01  0.111534E+03
0.187500E+01  0.116784E+03
0.188750E+01  0.122287E+03
0.190000E+01  0.128030E+03
0.191250E+01  0.134023E+03
0.192500E+01  0.140279E+03
0.193750E+01  0.146803E+03
0.195000E+01  0.153617E+03
0.196250E+01  0.160726E+03
0.197500E+01  0.168144E+03
0.198750E+01  0.175879E+03
0.200000E+01  0.183950E+03
0.201250E+01  0.192367E+03
0.202500E+01  0.201142E+03
0.203750E+01  0.210291E+03
0.205000E+01  0.219830E+03
0.206250E+01  0.229768E+03
0.207500E+01  0.240105E+03
0.208750E+01  0.250872E+03
0.210000E+01  0.262073E+03
0.211250E+01  0.273750E+03
0.212500E+01  0.285895E+03
0.213750E+01  0.298526E+03
0.215000E+01  0.311688E+03
0.216250E+01  0.325351E+03
0.217500E+01  0.339535E+03
0.218750E+01  0.354309E+03
0.220000E+01  0.369619E+03
0.221250E+01  0.385517E+03
0.222500E+01  0.401999E+03
0.223750E+01  0.419114E+03
0.225000E+01  0.436898E+03
