0.101250E+01  0.341092E+00
0.102500E+01  0.692416E+00
0.103750E+01  0.105421E+01
0.105000E+01  0.143754E+01
0.106250E+01  0.184093E+01
0.107500E+01  0.225845E+01
0.108750E+01  0.268923E+01
0.110000E+01  0.313410E+01
0.111250E+01  0.359289E+01
0.112500E+01  0.406403E+01
0.113750E+01  0.454312E+01
0.115000E+01  0.502906E+01
0.116250E+01  0.552031E+01
0.117500E+01  0.601611E+01
0.118750E+01  0.651682E+01
0.120000E+01  0.702146E+01
0.121250E+01  0.753296E+01
0.122500E+01  0.805096E+01
0.123750E+01  0.857026E+01
0.125000E+01  0.909102E+01
0.126250E+01  0.961405E+01
0.127500E+01  0.101379E+02
0.128750E+01  0.106612E+02
0.130000E+01  0.111839E+02
0.131250E+01  0.117078E+02
0.132500E+01  0.122334E+02
0.133750E+01  0.127609E+02
0.135000E+01  0.132900E+02
0.136250E+01  0.138203E+02
0.137500E+01  0.143530E+02
0.138750E+01  0.148892E+02
0.140000E+01  0.154285E+02
0.141250E+01  0.159695E+02
0.142500E+01  0.165135E+02
0.143750E+01  0.170603E+02
0.145000E+01  0.176093E+02
0.146250E+01  0.181603E+02
0.147500E+01  0.187131E+02
0.148750E+01  0.192683E+02
0.150000E+01  0.198262E+02
0.151250E+01  0.203876E+02
0.152500E+01  0.209531E+02
0.153750E+01  0.215221E+02
0.155000E+01  0.220943E+02
0.156250E+01  0.226693E+02
0.157500E+01  0.232491E+02
0.158750E+01  0.238327E+02
0.160000E+01  0.244202E+02
0.161250E+01  0.250106E+02
0.162500E+01  0.256049E+02
0.163750E+01  0.262032E+02
0.165000E+01  0.268050E+02
0.166250E+01  0.274111E+02
0.167500E+01  0.280209E+02
0.168750E+01  0.286349E+02
0.170000E+01  0.292561E+02
0.171250E+01  0.298822E+02
0.172500E+01  0.305116E+02
0.173750E+01  0.311477E+02
0.175000E+01  0.317883E+02
0.176250E+01  0.324326E+02
0.177500E+01  0.330804E+02
0.178750E+01  0.337336E+02
0.180000E+01  0.343914E+02
0.181250E+01  0.350543E+02
0.182500E+01  0.357220E+02
0.183750E+01  0.363949E+02
0.185000E+01  0.370733E+02
0.186250E+01  0.377573E+02
0.187500E+01  0.384467E+02
0.188750E+01  0.391420E+02
0.190000E+01  0.398429E+02
0.191250E+01  0.405494E+02
0.192500E+01  0.412624E+02
0.193750E+01  0.419814E+02
0.195000E+01  0.427061E+02
0.196250E+01  0.434369E+02
0.197500E+01  0.441738E+02
0.198750E+01  0.449165E+02
0.200000E+01  0.456645E+02
0.201250E+01  0.464193E+02
0.202500E+01  0.471804E+02
0.203750E+01  0.479471E+02
0.205000E+01  0.487192E+02
0.206250E+01  0.494973E+02
0.207500E+01  0.502816E+02
0.208750E+01  0.510721E+02
0.210000E+01  0.518690E+02
0.211250E+01  0.526719E+02
0.212500E+01  0.534809E+02
0.213750E+01  0.542961E+02
0.215000E+01  0.551173E+02
0.216250E+01  0.559449E+02
0.217500E+01  0.567789E+02
0.218750E+01  0.576201E+02
0.220000E+01  0.584667E+02
0.221250E+01  0.593193E+02
0.222500E+01  0.601766E+02
0.223750E+01  0.610403E+02
0.225000E+01  0.619100E+02
