0.101250E+01  0.764324E-01
0.102500E+01  0.155034E+00
0.103750E+01  0.235905E+00
0.105000E+01  0.321489E+00
0.106250E+01  0.411246E+00
0.107500E+01  0.504156E+00
0.108750E+01  0.600555E+00
0.110000E+01  0.700569E+00
0.111250E+01  0.804326E+00
0.112500E+01  0.911614E+00
0.113750E+01  0.102374E+01
0.115000E+01  0.114041E+01
0.116250E+01  0.126171E+01
0.117500E+01  0.138802E+01
0.118750E+01  0.151965E+01
0.120000E+01  0.165747E+01
0.121250E+01  0.180154E+01
0.122500E+01  0.195361E+01
0.123750E+01  0.211597E+01
0.125000E+01  0.228300E+01
0.126250E+01  0.245379E+01
0.127500E+01  0.263090E+01
0.128750E+01  0.281298E+01
0.130000E+01  0.300003E+01
0.131250E+01  0.319328E+01
0.132500E+01  0.339339E+01
0.133750E+01  0.360138E+01
0.135000E+01  0.381751E+01
0.136250E+01  0.404250E+01
0.137500E+01  0.427662E+01
0.138750E+01  0.452057E+01
0.140000E+01  0.477490E+01
0.141250E+01  0.504011E+01
0.142500E+01  0.531686E+01
0.143750E+01  0.560582E+01
0.145000E+01  0.590752E+01
0.146250E+01  0.622271E+01
0.147500E+01  0.655200E+01
0.148750E+01  0.689608E+01
0.150000E+01  0.725596E+01
0.151250E+01  0.763217E+01
0.152500E+01  0.802557E+01
0.153750E+01  0.843704E+01
0.155000E+01  0.886768E+01
0.156250E+01  0.931796E+01
0.157500E+01  0.978940E+01
0.158750E+01  0.102826E+02
0.160000E+01  0.107986E+02
0.161250E+01  0.113387E+02
0.162500E+01  0.119044E+02
0.163750E+01  0.124960E+02
0.165000E+01  0.131163E+02
0.166250E+01  0.137637E+02
0.167500E+01  0.144421E+02
0.168750E+01  0.151528E+02
0.170000E+01  0.158969E+02
0.171250E+01  0.166743E+02
0.172500E+01  0.174888E+02
0.173750E+01  0.183441E+02
0.175000E+01  0.192360E+02
0.176250E+01  0.201733E+02
0.177500E+01  0.211534E+02
0.178750E+01  0.221779E+02
0.180000E+01  0.232484E+02
0.181250E+01  0.243687E+02
0.182500E+01  0.255383E+02
0.183750E+01  0.267679E+02
0.185000E+01  0.280496E+02
0.186250E+01  0.293910E+02
0.187500E+01  0.307905E+02
0.188750E+01  0.322563E+02
0.190000E+01  0.337865E+02
0.191250E+01  0.353846E+02
0.192500E+01  0.370609E+02
0.193750E+01  0.388107E+02
0.195000E+01  0.406367E+02
0.196250E+01  0.425521E+02
0.197500E+01  0.445486E+02
0.198750E+01  0.466325E+02
0.200000E+01  0.488040E+02
0.201250E+01  0.510711E+02
0.202500E+01  0.534433E+02
0.203750E+01  0.559247E+02
0.205000E+01  0.585111E+02
0.206250E+01  0.612074E+02
0.207500E+01  0.640135E+02
0.208750E+01  0.669386E+02
0.210000E+01  0.699883E+02
0.211250E+01  0.731691E+02
0.212500E+01  0.764838E+02
0.213750E+01  0.799402E+02
0.215000E+01  0.835405E+02
0.216250E+01  0.872968E+02
0.217500E+01  0.912038E+02
0.218750E+01  0.952779E+02
0.220000E+01  0.995101E+02
0.221250E+01  0.103920E+03
0.222500E+01  0.108503E+03
0.223750E+01  0.113272E+03
0.225000E+01  0.118242E+03
