0.101250E+01  0.281994E+00
0.102500E+01  0.572304E+00
0.103750E+01  0.871150E+00
0.105000E+01  0.118702E+01
0.106250E+01  0.151936E+01
0.107500E+01  0.186313E+01
0.108750E+01  0.221777E+01
0.110000E+01  0.258420E+01
0.111250E+01  0.296093E+01
0.112500E+01  0.335012E+01
0.113750E+01  0.375033E+01
0.115000E+01  0.416168E+01
0.116250E+01  0.458161E+01
0.117500E+01  0.501000E+01
0.118750E+01  0.544927E+01
0.120000E+01  0.589767E+01
0.121250E+01  0.635307E+01
0.122500E+01  0.681867E+01
0.123750E+01  0.729207E+01
0.125000E+01  0.777029E+01
0.126250E+01  0.825459E+01
0.127500E+01  0.874438E+01
0.128750E+01  0.924180E+01
0.130000E+01  0.974837E+01
0.131250E+01  0.102632E+02
0.132500E+01  0.107873E+02
0.133750E+01  0.113230E+02
0.135000E+01  0.118678E+02
0.136250E+01  0.124216E+02
0.137500E+01  0.129870E+02
0.138750E+01  0.135656E+02
0.140000E+01  0.141560E+02
0.141250E+01  0.147599E+02
0.142500E+01  0.153777E+02
0.143750E+01  0.160135E+02
0.145000E+01  0.166655E+02
0.146250E+01  0.173319E+02
0.147500E+01  0.180134E+02
0.148750E+01  0.187121E+02
0.150000E+01  0.194292E+02
0.151250E+01  0.201646E+02
0.152500E+01  0.209193E+02
0.153750E+01  0.216952E+02
0.155000E+01  0.224940E+02
0.156250E+01  0.233149E+02
0.157500E+01  0.241597E+02
0.158750E+01  0.250291E+02
0.160000E+01  0.259243E+02
0.161250E+01  0.268483E+02
0.162500E+01  0.277998E+02
0.163750E+01  0.287811E+02
0.165000E+01  0.297921E+02
0.166250E+01  0.308373E+02
0.167500E+01  0.319138E+02
0.168750E+01  0.330256E+02
0.170000E+01  0.341708E+02
0.171250E+01  0.353526E+02
0.172500E+01  0.365725E+02
0.173750E+01  0.378344E+02
0.175000E+01  0.391363E+02
0.176250E+01  0.404823E+02
0.177500E+01  0.418715E+02
0.178750E+01  0.433075E+02
0.180000E+01  0.447907E+02
0.181250E+01  0.463247E+02
0.182500E+01  0.479083E+02
0.183750E+01  0.495486E+02
0.185000E+01  0.512405E+02
0.186250E+01  0.529914E+02
0.187500E+01  0.548022E+02
0.188750E+01  0.566761E+02
0.190000E+01  0.586145E+02
0.191250E+01  0.606183E+02
0.192500E+01  0.626911E+02
0.193750E+01  0.648343E+02
0.195000E+01  0.670506E+02
0.196250E+01  0.693434E+02
0.197500E+01  0.717151E+02
0.198750E+01  0.741682E+02
0.200000E+01  0.767051E+02
0.201250E+01  0.793287E+02
0.202500E+01  0.820420E+02
0.203750E+01  0.848477E+02
0.205000E+01  0.877493E+02
0.206250E+01  0.907508E+02
0.207500E+01  0.938546E+02
0.208750E+01  0.970628E+02
0.210000E+01  0.100381E+03
0.211250E+01  0.103811E+03
0.212500E+01  0.107358E+03
0.213750E+01  0.111023E+03
0.215000E+01  0.114813E+03
0.216250E+01  0.118729E+03
0.217500E+01  0.122777E+03
0.218750E+01  0.126961E+03
0.220000E+01  0.131284E+03
0.221250E+01  0.135750E+03
0.222500E+01  0.140365E+03
0.223750E+01  0.145131E+03
0.225000E+01  0.150051E+03
