0.101250E+01  0.743814E-01
0.102500E+01  0.150787E+00
0.103750E+01  0.229201E+00
0.105000E+01  0.311958E+00
0.106250E+01  0.398182E+00
0.107500E+01  0.486403E+00
0.108750E+01  0.577195E+00
0.110000E+01  0.670064E+00
0.111250E+01  0.764770E+00
0.112500E+01  0.861243E+00
0.113750E+01  0.959131E+00
0.115000E+01  0.105810E+01
0.116250E+01  0.115843E+01
0.117500E+01  0.125991E+01
0.118750E+01  0.136252E+01
0.120000E+01  0.146668E+01
0.121250E+01  0.157178E+01
0.122500E+01  0.167799E+01
0.123750E+01  0.178578E+01
0.125000E+01  0.189560E+01
0.126250E+01  0.200811E+01
0.127500E+01  0.212177E+01
0.128750E+01  0.223244E+01
0.130000E+01  0.234253E+01
0.131250E+01  0.245366E+01
0.132500E+01  0.256433E+01
0.133750E+01  0.267479E+01
0.135000E+01  0.278448E+01
0.136250E+01  0.289354E+01
0.137500E+01  0.300249E+01
0.138750E+01  0.311149E+01
0.140000E+01  0.322076E+01
0.141250E+01  0.333057E+01
0.142500E+01  0.343986E+01
0.143750E+01  0.354757E+01
0.145000E+01  0.365505E+01
0.146250E+01  0.376263E+01
0.147500E+01  0.387046E+01
0.148750E+01  0.397819E+01
0.150000E+01  0.408636E+01
0.151250E+01  0.419491E+01
0.152500E+01  0.430323E+01
0.153750E+01  0.441076E+01
0.155000E+01  0.451785E+01
0.156250E+01  0.462752E+01
0.157500E+01  0.473635E+01
0.158750E+01  0.484436E+01
0.160000E+01  0.495221E+01
0.161250E+01  0.505964E+01
0.162500E+01  0.516677E+01
0.163750E+01  0.527369E+01
0.165000E+01  0.538058E+01
0.166250E+01  0.548752E+01
0.167500E+01  0.559461E+01
0.168750E+01  0.570195E+01
0.170000E+01  0.580968E+01
0.171250E+01  0.591748E+01
0.172500E+01  0.602532E+01
0.173750E+01  0.613330E+01
0.175000E+01  0.624143E+01
0.176250E+01  0.634966E+01
0.177500E+01  0.645830E+01
0.178750E+01  0.656742E+01
0.180000E+01  0.667671E+01
0.181250E+01  0.678583E+01
0.182500E+01  0.689501E+01
0.183750E+01  0.700450E+01
0.185000E+01  0.711450E+01
0.186250E+01  0.722488E+01
0.187500E+01  0.733582E+01
0.188750E+01  0.744727E+01
0.190000E+01  0.755910E+01
0.191250E+01  0.767126E+01
0.192500E+01  0.778381E+01
0.193750E+01  0.789689E+01
0.195000E+01  0.801049E+01
0.196250E+01  0.812467E+01
0.197500E+01  0.823943E+01
0.198750E+01  0.835481E+01
0.200000E+01  0.847082E+01
0.201250E+01  0.858750E+01
0.202500E+01  0.870487E+01
0.203750E+01  0.882298E+01
0.205000E+01  0.894181E+01
0.206250E+01  0.906142E+01
0.207500E+01  0.918189E+01
0.208750E+01  0.930331E+01
0.210000E+01  0.942557E+01
0.211250E+01  0.954875E+01
0.212500E+01  0.967279E+01
0.213750E+01  0.979778E+01
0.215000E+01  0.992383E+01
0.216250E+01  0.100507E+02
0.217500E+01  0.101786E+02
0.218750E+01  0.103075E+02
0.220000E+01  0.104375E+02
0.221250E+01  0.105687E+02
0.222500E+01  0.107011E+02
0.223750E+01  0.108345E+02
0.225000E+01  0.109693E+02
