0.101250E+01  0.472447E+00
0.102500E+01  0.959366E+00
0.103750E+01  0.146216E+01
0.105000E+01  0.199828E+01
0.106250E+01  0.256611E+01
0.107500E+01  0.315933E+01
0.108750E+01  0.377504E+01
0.110000E+01  0.440953E+01
0.111250E+01  0.506086E+01
0.112500E+01  0.572747E+01
0.113750E+01  0.640300E+01
0.115000E+01  0.708788E+01
0.116250E+01  0.778357E+01
0.117500E+01  0.848149E+01
0.118750E+01  0.918258E+01
0.120000E+01  0.987772E+01
0.121250E+01  0.105784E+02
0.122500E+01  0.112797E+02
0.123750E+01  0.119796E+02
0.125000E+01  0.126796E+02
0.126250E+01  0.133802E+02
0.127500E+01  0.140802E+02
0.128750E+01  0.147799E+02
0.130000E+01  0.154800E+02
0.131250E+01  0.161801E+02
0.132500E+01  0.168804E+02
0.133750E+01  0.175814E+02
0.135000E+01  0.182832E+02
0.136250E+01  0.189856E+02
0.137500E+01  0.196884E+02
0.138750E+01  0.203911E+02
0.140000E+01  0.210946E+02
0.141250E+01  0.217988E+02
0.142500E+01  0.225038E+02
0.143750E+01  0.232094E+02
0.145000E+01  0.239158E+02
0.146250E+01  0.246230E+02
0.147500E+01  0.253309E+02
0.148750E+01  0.260399E+02
0.150000E+01  0.267496E+02
0.151250E+01  0.274603E+02
0.152500E+01  0.281720E+02
0.153750E+01  0.288847E+02
0.155000E+01  0.295987E+02
0.156250E+01  0.303136E+02
0.157500E+01  0.310295E+02
0.158750E+01  0.317468E+02
0.160000E+01  0.324650E+02
0.161250E+01  0.331842E+02
0.162500E+01  0.339050E+02
0.163750E+01  0.346274E+02
0.165000E+01  0.353512E+02
0.166250E+01  0.360765E+02
0.167500E+01  0.368027E+02
0.168750E+01  0.375299E+02
0.170000E+01  0.382584E+02
0.171250E+01  0.389881E+02
0.172500E+01  0.397194E+02
0.173750E+01  0.404521E+02
0.175000E+01  0.411863E+02
0.176250E+01  0.419218E+02
0.177500E+01  0.426591E+02
0.178750E+01  0.433978E+02
0.180000E+01  0.441381E+02
0.181250E+01  0.448800E+02
0.182500E+01  0.456234E+02
0.183750E+01  0.463684E+02
0.185000E+01  0.471153E+02
0.186250E+01  0.478636E+02
0.187500E+01  0.486135E+02
0.188750E+01  0.493654E+02
0.190000E+01  0.501186E+02
0.191250E+01  0.508741E+02
0.192500E+01  0.516311E+02
0.193750E+01  0.523898E+02
0.195000E+01  0.531507E+02
0.196250E+01  0.539133E+02
0.197500E+01  0.546776E+02
0.198750E+01  0.554440E+02
0.200000E+01  0.562121E+02
0.201250E+01  0.569821E+02
0.202500E+01  0.577538E+02
0.203750E+01  0.585276E+02
0.205000E+01  0.593032E+02
0.206250E+01  0.600808E+02
0.207500E+01  0.608604E+02
0.208750E+01  0.616418E+02
0.210000E+01  0.624254E+02
0.211250E+01  0.632110E+02
0.212500E+01  0.639986E+02
0.213750E+01  0.647883E+02
0.215000E+01  0.655800E+02
0.216250E+01  0.663738E+02
0.217500E+01  0.671698E+02
0.218750E+01  0.679679E+02
0.220000E+01  0.687682E+02
0.221250E+01  0.695706E+02
0.222500E+01  0.703753E+02
0.223750E+01  0.711823E+02
0.225000E+01  0.719914E+02
