0.101250E+01  0.542438E+00
0.102500E+01  0.110186E+01
0.103750E+01  0.168093E+01
0.105000E+01  0.230028E+01
0.106250E+01  0.295760E+01
0.107500E+01  0.364688E+01
0.108750E+01  0.436245E+01
0.110000E+01  0.510085E+01
0.111250E+01  0.586557E+01
0.112500E+01  0.665352E+01
0.113750E+01  0.745949E+01
0.115000E+01  0.828253E+01
0.116250E+01  0.912508E+01
0.117500E+01  0.998438E+01
0.118750E+01  0.108636E+02
0.120000E+01  0.117624E+02
0.121250E+01  0.126832E+02
0.122500E+01  0.136244E+02
0.123750E+01  0.145855E+02
0.125000E+01  0.155663E+02
0.126250E+01  0.165691E+02
0.127500E+01  0.175942E+02
0.128750E+01  0.186426E+02
0.130000E+01  0.197166E+02
0.131250E+01  0.208142E+02
0.132500E+01  0.219366E+02
0.133750E+01  0.230872E+02
0.135000E+01  0.242698E+02
0.136250E+01  0.254833E+02
0.137500E+01  0.267299E+02
0.138750E+01  0.280119E+02
0.140000E+01  0.293309E+02
0.141250E+01  0.306854E+02
0.142500E+01  0.320793E+02
0.143750E+01  0.335157E+02
0.145000E+01  0.350037E+02
0.146250E+01  0.365338E+02
0.147500E+01  0.381119E+02
0.148750E+01  0.397346E+02
0.150000E+01  0.414073E+02
0.151250E+01  0.431354E+02
0.152500E+01  0.449168E+02
0.153750E+01  0.467517E+02
0.155000E+01  0.486473E+02
0.156250E+01  0.506003E+02
0.157500E+01  0.526240E+02
0.158750E+01  0.547081E+02
0.160000E+01  0.568609E+02
0.161250E+01  0.590753E+02
0.162500E+01  0.613600E+02
0.163750E+01  0.637243E+02
0.165000E+01  0.661620E+02
0.166250E+01  0.686876E+02
0.167500E+01  0.712986E+02
0.168750E+01  0.739925E+02
0.170000E+01  0.767672E+02
0.171250E+01  0.796271E+02
0.172500E+01  0.825770E+02
0.173750E+01  0.856224E+02
0.175000E+01  0.887648E+02
0.176250E+01  0.920080E+02
0.177500E+01  0.953532E+02
0.178750E+01  0.988155E+02
0.180000E+01  0.102387E+03
0.181250E+01  0.106070E+03
0.182500E+01  0.109862E+03
0.183750E+01  0.113773E+03
0.185000E+01  0.117815E+03
0.186250E+01  0.121979E+03
0.187500E+01  0.126276E+03
0.188750E+01  0.130705E+03
0.190000E+01  0.135270E+03
0.191250E+01  0.139976E+03
0.192500E+01  0.144826E+03
0.193750E+01  0.149827E+03
0.195000E+01  0.154978E+03
0.196250E+01  0.160288E+03
0.197500E+01  0.165768E+03
0.198750E+01  0.171420E+03
0.200000E+01  0.177242E+03
0.201250E+01  0.183224E+03
0.202500E+01  0.189382E+03
0.203750E+01  0.195723E+03
0.205000E+01  0.202251E+03
0.206250E+01  0.208978E+03
0.207500E+01  0.215895E+03
0.208750E+01  0.223015E+03
0.210000E+01  0.230340E+03
0.211250E+01  0.237881E+03
0.212500E+01  0.245634E+03
0.213750E+01  0.253606E+03
0.215000E+01  0.261814E+03
0.216250E+01  0.270260E+03
0.217500E+01  0.278934E+03
0.218750E+01  0.287845E+03
0.220000E+01  0.296993E+03
0.221250E+01  0.306399E+03
0.222500E+01  0.316063E+03
0.223750E+01  0.326002E+03
0.225000E+01  0.336204E+03
