0.101250E+01  0.361084E+00
0.102500E+01  0.733257E+00
0.103750E+01  0.111691E+01
0.105000E+01  0.152448E+01
0.106250E+01  0.195560E+01
0.107500E+01  0.240441E+01
0.108750E+01  0.287025E+01
0.110000E+01  0.335641E+01
0.111250E+01  0.385887E+01
0.112500E+01  0.437502E+01
0.113750E+01  0.490386E+01
0.115000E+01  0.544201E+01
0.116250E+01  0.599096E+01
0.117500E+01  0.654595E+01
0.118750E+01  0.710607E+01
0.120000E+01  0.767017E+01
0.121250E+01  0.824084E+01
0.122500E+01  0.881266E+01
0.123750E+01  0.938828E+01
0.125000E+01  0.996936E+01
0.126250E+01  0.105551E+02
0.127500E+01  0.111456E+02
0.128750E+01  0.117411E+02
0.130000E+01  0.123421E+02
0.131250E+01  0.129489E+02
0.132500E+01  0.135619E+02
0.133750E+01  0.141814E+02
0.135000E+01  0.148079E+02
0.136250E+01  0.154416E+02
0.137500E+01  0.160830E+02
0.138750E+01  0.167324E+02
0.140000E+01  0.173899E+02
0.141250E+01  0.180561E+02
0.142500E+01  0.187313E+02
0.143750E+01  0.194156E+02
0.145000E+01  0.201096E+02
0.146250E+01  0.208135E+02
0.147500E+01  0.215276E+02
0.148750E+01  0.222524E+02
0.150000E+01  0.229880E+02
0.151250E+01  0.237351E+02
0.152500E+01  0.244936E+02
0.153750E+01  0.252641E+02
0.155000E+01  0.260470E+02
0.156250E+01  0.268424E+02
0.157500E+01  0.276510E+02
0.158750E+01  0.284728E+02
0.160000E+01  0.293081E+02
0.161250E+01  0.301573E+02
0.162500E+01  0.310215E+02
0.163750E+01  0.319004E+02
0.165000E+01  0.327944E+02
0.166250E+01  0.337040E+02
0.167500E+01  0.346296E+02
0.168750E+01  0.355714E+02
0.170000E+01  0.365302E+02
0.171250E+01  0.375056E+02
0.172500E+01  0.384989E+02
0.173750E+01  0.395096E+02
0.175000E+01  0.405387E+02
0.176250E+01  0.415868E+02
0.177500E+01  0.426536E+02
0.178750E+01  0.437401E+02
0.180000E+01  0.448463E+02
0.181250E+01  0.459727E+02
0.182500E+01  0.471206E+02
0.183750E+01  0.482893E+02
0.185000E+01  0.494799E+02
0.186250E+01  0.506923E+02
0.187500E+01  0.519278E+02
0.188750E+01  0.531859E+02
0.190000E+01  0.544677E+02
0.191250E+01  0.557739E+02
0.192500E+01  0.571041E+02
0.193750E+01  0.584592E+02
0.195000E+01  0.598406E+02
0.196250E+01  0.612467E+02
0.197500E+01  0.626800E+02
0.198750E+01  0.641404E+02
0.200000E+01  0.656284E+02
0.201250E+01  0.671442E+02
0.202500E+01  0.686889E+02
0.203750E+01  0.702623E+02
0.205000E+01  0.718661E+02
0.206250E+01  0.734993E+02
0.207500E+01  0.751636E+02
0.208750E+01  0.768597E+02
0.210000E+01  0.785877E+02
0.211250E+01  0.803479E+02
0.212500E+01  0.821417E+02
0.213750E+01  0.839687E+02
0.215000E+01  0.858307E+02
0.216250E+01  0.877273E+02
0.217500E+01  0.896602E+02
0.218750E+01  0.916286E+02
0.220000E+01  0.936342E+02
0.221250E+01  0.956784E+02
0.222500E+01  0.977596E+02
0.223750E+01  0.998802E+02
0.225000E+01  0.102041E+03
