0.101250E+01  0.165477E+00
0.102500E+01  0.335626E+00
0.103750E+01  0.510551E+00
0.105000E+01  0.694727E+00
0.106250E+01  0.887411E+00
0.107500E+01  0.108641E+01
0.108750E+01  0.129108E+01
0.110000E+01  0.150064E+01
0.111250E+01  0.171541E+01
0.112500E+01  0.193534E+01
0.113750E+01  0.216030E+01
0.115000E+01  0.238925E+01
0.116250E+01  0.262260E+01
0.117500E+01  0.285913E+01
0.118750E+01  0.309958E+01
0.120000E+01  0.334512E+01
0.121250E+01  0.359456E+01
0.122500E+01  0.384844E+01
0.123750E+01  0.410938E+01
0.125000E+01  0.437079E+01
0.126250E+01  0.463423E+01
0.127500E+01  0.490018E+01
0.128750E+01  0.516812E+01
0.130000E+01  0.543702E+01
0.131250E+01  0.570509E+01
0.132500E+01  0.597487E+01
0.133750E+01  0.624847E+01
0.135000E+01  0.652475E+01
0.136250E+01  0.680314E+01
0.137500E+01  0.708333E+01
0.138750E+01  0.736584E+01
0.140000E+01  0.765163E+01
0.141250E+01  0.794035E+01
0.142500E+01  0.823147E+01
0.143750E+01  0.852603E+01
0.145000E+01  0.882346E+01
0.146250E+01  0.912877E+01
0.147500E+01  0.943948E+01
0.148750E+01  0.975279E+01
0.150000E+01  0.100671E+02
0.151250E+01  0.103861E+02
0.152500E+01  0.107110E+02
0.153750E+01  0.110428E+02
0.155000E+01  0.113798E+02
0.156250E+01  0.117210E+02
0.157500E+01  0.120672E+02
0.158750E+01  0.124195E+02
0.160000E+01  0.127779E+02
0.161250E+01  0.131444E+02
0.162500E+01  0.135176E+02
0.163750E+01  0.138978E+02
0.165000E+01  0.142853E+02
0.166250E+01  0.146806E+02
0.167500E+01  0.150837E+02
0.168750E+01  0.154945E+02
0.170000E+01  0.159126E+02
0.171250E+01  0.163413E+02
0.172500E+01  0.167792E+02
0.173750E+01  0.172242E+02
0.175000E+01  0.176781E+02
0.176250E+01  0.181418E+02
0.177500E+01  0.186181E+02
0.178750E+01  0.191061E+02
0.180000E+01  0.196014E+02
0.181250E+01  0.201084E+02
0.182500E+01  0.206283E+02
0.183750E+01  0.211630E+02
0.185000E+01  0.217108E+02
0.186250E+01  0.222705E+02
0.187500E+01  0.228422E+02
0.188750E+01  0.234265E+02
0.190000E+01  0.240239E+02
0.191250E+01  0.246357E+02
0.192500E+01  0.252618E+02
0.193750E+01  0.259026E+02
0.195000E+01  0.265598E+02
0.196250E+01  0.272306E+02
0.197500E+01  0.279173E+02
0.198750E+01  0.286205E+02
0.200000E+01  0.293393E+02
0.201250E+01  0.300755E+02
0.202500E+01  0.308293E+02
0.203750E+01  0.316013E+02
0.205000E+01  0.323904E+02
0.206250E+01  0.331971E+02
0.207500E+01  0.340216E+02
0.208750E+01  0.348648E+02
0.210000E+01  0.357269E+02
0.211250E+01  0.366083E+02
0.212500E+01  0.375096E+02
0.213750E+01  0.384293E+02
0.215000E+01  0.393692E+02
0.216250E+01  0.403296E+02
0.217500E+01  0.413103E+02
0.218750E+01  0.423116E+02
0.220000E+01  0.433340E+02
0.221250E+01  0.443774E+02
0.222500E+01  0.454426E+02
0.223750E+01  0.465317E+02
0.225000E+01  0.476382E+02
