0.101250E+01  0.236250E+00
0.102500E+01  0.479593E+00
0.103750E+01  0.730536E+00
0.105000E+01  0.996419E+00
0.106250E+01  0.127750E+01
0.107500E+01  0.157024E+01
0.108750E+01  0.187508E+01
0.110000E+01  0.219337E+01
0.111250E+01  0.252551E+01
0.112500E+01  0.287414E+01
0.113750E+01  0.323955E+01
0.115000E+01  0.362404E+01
0.116250E+01  0.402862E+01
0.117500E+01  0.445773E+01
0.118750E+01  0.490894E+01
0.120000E+01  0.538032E+01
0.121250E+01  0.587851E+01
0.122500E+01  0.640398E+01
0.123750E+01  0.695154E+01
0.125000E+01  0.752277E+01
0.126250E+01  0.812150E+01
0.127500E+01  0.874822E+01
0.128750E+01  0.940429E+01
0.130000E+01  0.100938E+02
0.131250E+01  0.108255E+02
0.132500E+01  0.115931E+02
0.133750E+01  0.123996E+02
0.135000E+01  0.132479E+02
0.136250E+01  0.141482E+02
0.137500E+01  0.150973E+02
0.138750E+01  0.160936E+02
0.140000E+01  0.171594E+02
0.141250E+01  0.182791E+02
0.142500E+01  0.194512E+02
0.143750E+01  0.206839E+02
0.145000E+01  0.219834E+02
0.146250E+01  0.233561E+02
0.147500E+01  0.248019E+02
0.148750E+01  0.263351E+02
0.150000E+01  0.279511E+02
0.151250E+01  0.296488E+02
0.152500E+01  0.314382E+02
0.153750E+01  0.333399E+02
0.155000E+01  0.353410E+02
0.156250E+01  0.374378E+02
0.157500E+01  0.396506E+02
0.158750E+01  0.419778E+02
0.160000E+01  0.444396E+02
0.161250E+01  0.470336E+02
0.162500E+01  0.497553E+02
0.163750E+01  0.526323E+02
0.165000E+01  0.556499E+02
0.166250E+01  0.588271E+02
0.167500E+01  0.621721E+02
0.168750E+01  0.656831E+02
0.170000E+01  0.693769E+02
0.171250E+01  0.732644E+02
0.172500E+01  0.773499E+02
0.173750E+01  0.816349E+02
0.175000E+01  0.861384E+02
0.176250E+01  0.908749E+02
0.177500E+01  0.958396E+02
0.178750E+01  0.101057E+03
0.180000E+01  0.106552E+03
0.181250E+01  0.112305E+03
0.182500E+01  0.118330E+03
0.183750E+01  0.124632E+03
0.185000E+01  0.131246E+03
0.186250E+01  0.138161E+03
0.187500E+01  0.145416E+03
0.188750E+01  0.152995E+03
0.190000E+01  0.160931E+03
0.191250E+01  0.169247E+03
0.192500E+01  0.177935E+03
0.193750E+01  0.187019E+03
0.195000E+01  0.196520E+03
0.196250E+01  0.206440E+03
0.197500E+01  0.216799E+03
0.198750E+01  0.227617E+03
0.200000E+01  0.238893E+03
0.201250E+01  0.250659E+03
0.202500E+01  0.262926E+03
0.203750E+01  0.275719E+03
0.205000E+01  0.289060E+03
0.206250E+01  0.302961E+03
0.207500E+01  0.317449E+03
0.208750E+01  0.332511E+03
0.210000E+01  0.348179E+03
0.211250E+01  0.364468E+03
0.212500E+01  0.381418E+03
0.213750E+01  0.399008E+03
0.215000E+01  0.417264E+03
0.216250E+01  0.436223E+03
0.217500E+01  0.455890E+03
0.218750E+01  0.476290E+03
0.220000E+01  0.497471E+03
0.221250E+01  0.519404E+03
0.222500E+01  0.542110E+03
0.223750E+01  0.565617E+03
0.225000E+01  0.589956E+03
