0.101250E+01  0.121617E+00
0.102500E+01  0.246729E+00
0.103750E+01  0.375566E+00
0.105000E+01  0.512239E+00
0.106250E+01  0.656221E+00
0.107500E+01  0.806064E+00
0.108750E+01  0.963058E+00
0.110000E+01  0.113031E+01
0.111250E+01  0.130836E+01
0.112500E+01  0.149586E+01
0.113750E+01  0.169456E+01
0.115000E+01  0.190774E+01
0.116250E+01  0.213963E+01
0.117500E+01  0.238164E+01
0.118750E+01  0.263118E+01
0.120000E+01  0.289553E+01
0.121250E+01  0.318725E+01
0.122188E+01  0.341112E+01
0.123125E+01  0.363952E+01
0.124375E+01  0.395289E+01
0.125625E+01  0.428543E+01
0.126875E+01  0.465254E+01
0.128125E+01  0.503462E+01
0.129375E+01  0.543405E+01
0.130625E+01  0.584735E+01
0.131875E+01  0.628272E+01
0.133125E+01  0.674248E+01
0.134375E+01  0.722735E+01
0.135625E+01  0.774106E+01
0.136875E+01  0.828304E+01
0.138125E+01  0.884922E+01
0.139375E+01  0.945502E+01
0.140625E+01  0.100951E+02
0.141875E+01  0.107814E+02
0.143125E+01  0.114957E+02
0.144375E+01  0.122464E+02
0.145625E+01  0.130402E+02
0.146875E+01  0.138806E+02
0.148125E+01  0.147666E+02
0.149375E+01  0.156999E+02
0.150625E+01  0.166837E+02
0.151875E+01  0.177190E+02
0.153125E+01  0.188092E+02
0.154375E+01  0.199618E+02
0.155625E+01  0.211755E+02
0.156875E+01  0.224516E+02
0.158125E+01  0.237936E+02
0.159375E+01  0.251954E+02
0.160625E+01  0.266843E+02
0.161875E+01  0.282495E+02
0.163125E+01  0.298941E+02
0.164375E+01  0.316183E+02
0.165625E+01  0.334208E+02
0.166875E+01  0.353208E+02
0.168125E+01  0.373131E+02
0.169375E+01  0.394130E+02
0.170625E+01  0.416117E+02
0.171875E+01  0.439187E+02
0.173125E+01  0.463343E+02
0.174375E+01  0.488690E+02
0.175625E+01  0.515242E+02
0.176875E+01  0.543056E+02
0.178125E+01  0.572176E+02
0.179375E+01  0.602646E+02
0.180625E+01  0.634552E+02
0.181875E+01  0.667892E+02
0.183125E+01  0.702745E+02
0.184375E+01  0.739208E+02
0.185625E+01  0.777257E+02
0.186875E+01  0.817018E+02
0.188125E+01  0.858503E+02
0.189375E+01  0.901797E+02
0.190625E+01  0.947009E+02
0.191875E+01  0.994135E+02
0.193125E+01  0.104331E+03
0.194375E+01  0.109454E+03
0.195625E+01  0.114791E+03
0.196875E+01  0.120352E+03
0.198125E+01  0.126142E+03
0.199375E+01  0.132167E+03
0.200625E+01  0.138437E+03
0.201875E+01  0.144958E+03
0.203125E+01  0.151751E+03
0.204375E+01  0.158805E+03
0.205625E+01  0.166135E+03
0.206875E+01  0.173752E+03
0.208125E+01  0.181665E+03
0.209375E+01  0.189878E+03
0.210625E+01  0.198402E+03
0.211875E+01  0.207245E+03
0.213125E+01  0.216418E+03
0.214375E+01  0.225928E+03
0.215625E+01  0.235784E+03
0.216875E+01  0.246000E+03
0.218125E+01  0.256572E+03
0.219375E+01  0.267524E+03
0.220625E+01  0.278856E+03
0.221875E+01  0.290579E+03
0.223125E+01  0.302711E+03
0.224375E+01  0.315248E+03
0.225000E+01  0.321677E+03
