0.101250E+01  0.350104E+00
0.102500E+01  0.710971E+00
0.103750E+01  0.108301E+01
0.105000E+01  0.147824E+01
0.106250E+01  0.189668E+01
0.107500E+01  0.233272E+01
0.108750E+01  0.278626E+01
0.110000E+01  0.326048E+01
0.111250E+01  0.375188E+01
0.112500E+01  0.425907E+01
0.113750E+01  0.478112E+01
0.115000E+01  0.531075E+01
0.116250E+01  0.585290E+01
0.117500E+01  0.640410E+01
0.118750E+01  0.696034E+01
0.120000E+01  0.752494E+01
0.121250E+01  0.808940E+01
0.122500E+01  0.866141E+01
0.123750E+01  0.923838E+01
0.125000E+01  0.982168E+01
0.126250E+01  0.104114E+02
0.127500E+01  0.110081E+02
0.128750E+01  0.116125E+02
0.130000E+01  0.122248E+02
0.131250E+01  0.128459E+02
0.132500E+01  0.134761E+02
0.133750E+01  0.141160E+02
0.135000E+01  0.147662E+02
0.136250E+01  0.154271E+02
0.137500E+01  0.160993E+02
0.138750E+01  0.167837E+02
0.140000E+01  0.174803E+02
0.141250E+01  0.181899E+02
0.142500E+01  0.189132E+02
0.143750E+01  0.196508E+02
0.145000E+01  0.204031E+02
0.146250E+01  0.211707E+02
0.147500E+01  0.219544E+02
0.148750E+01  0.227547E+02
0.150000E+01  0.235721E+02
0.151250E+01  0.244075E+02
0.152500E+01  0.252615E+02
0.153750E+01  0.261348E+02
0.155000E+01  0.270278E+02
0.156250E+01  0.279416E+02
0.157500E+01  0.288768E+02
0.158750E+01  0.298343E+02
0.160000E+01  0.308141E+02
0.161250E+01  0.318185E+02
0.162500E+01  0.328463E+02
0.163750E+01  0.338999E+02
0.165000E+01  0.349800E+02
0.166250E+01  0.360860E+02
0.167500E+01  0.372209E+02
0.168750E+01  0.383838E+02
0.170000E+01  0.395773E+02
0.171250E+01  0.408009E+02
0.172500E+01  0.420561E+02
0.173750E+01  0.433450E+02
0.175000E+01  0.446670E+02
0.176250E+01  0.460231E+02
0.177500E+01  0.474155E+02
0.178750E+01  0.488454E+02
0.180000E+01  0.503116E+02
0.181250E+01  0.518177E+02
0.182500E+01  0.533645E+02
0.183750E+01  0.549514E+02
0.185000E+01  0.565811E+02
0.186250E+01  0.582557E+02
0.187500E+01  0.599741E+02
0.188750E+01  0.617395E+02
0.190000E+01  0.635539E+02
0.191250E+01  0.654162E+02
0.192500E+01  0.673293E+02
0.193750E+01  0.692964E+02
0.195000E+01  0.713148E+02
0.196250E+01  0.733883E+02
0.197500E+01  0.755200E+02
0.198750E+01  0.777090E+02
0.200000E+01  0.799595E+02
0.201250E+01  0.822702E+02
0.202500E+01  0.846456E+02
0.203750E+01  0.870833E+02
0.205000E+01  0.895890E+02
0.206250E+01  0.921643E+02
0.207500E+01  0.948079E+02
0.208750E+01  0.975242E+02
0.210000E+01  0.100316E+03
0.211250E+01  0.103181E+03
0.212500E+01  0.106125E+03
0.213750E+01  0.109151E+03
0.215000E+01  0.112255E+03
0.216250E+01  0.115444E+03
0.217500E+01  0.118722E+03
0.218750E+01  0.122084E+03
0.220000E+01  0.125538E+03
0.221250E+01  0.129087E+03
0.222500E+01  0.132728E+03
0.223750E+01  0.136467E+03
0.225000E+01  0.140307E+03
