0.101250E+01  0.485803E+00
0.102500E+01  0.986307E+00
0.103750E+01  0.150300E+01
0.105000E+01  0.205349E+01
0.106250E+01  0.263407E+01
0.107500E+01  0.323769E+01
0.108750E+01  0.386227E+01
0.110000E+01  0.450468E+01
0.111250E+01  0.516346E+01
0.112500E+01  0.583632E+01
0.113750E+01  0.652157E+01
0.115000E+01  0.721649E+01
0.116250E+01  0.792062E+01
0.117500E+01  0.863424E+01
0.118750E+01  0.936047E+01
0.120000E+01  0.100881E+02
0.121250E+01  0.108268E+02
0.122500E+01  0.115674E+02
0.123750E+01  0.123056E+02
0.125000E+01  0.130444E+02
0.126250E+01  0.137813E+02
0.127500E+01  0.145205E+02
0.128750E+01  0.152633E+02
0.130000E+01  0.160086E+02
0.131250E+01  0.167559E+02
0.132500E+01  0.175052E+02
0.133750E+01  0.182579E+02
0.135000E+01  0.190130E+02
0.136250E+01  0.197716E+02
0.137500E+01  0.205330E+02
0.138750E+01  0.212957E+02
0.140000E+01  0.220621E+02
0.141250E+01  0.228322E+02
0.142500E+01  0.236072E+02
0.143750E+01  0.243863E+02
0.145000E+01  0.251684E+02
0.146250E+01  0.259533E+02
0.147500E+01  0.267409E+02
0.148750E+01  0.275310E+02
0.150000E+01  0.283258E+02
0.151250E+01  0.291260E+02
0.152500E+01  0.299303E+02
0.153750E+01  0.307394E+02
0.155000E+01  0.315538E+02
0.156250E+01  0.323729E+02
0.157500E+01  0.331988E+02
0.158750E+01  0.340296E+02
0.160000E+01  0.348650E+02
0.161250E+01  0.357050E+02
0.162500E+01  0.365498E+02
0.163750E+01  0.374021E+02
0.165000E+01  0.382622E+02
0.166250E+01  0.391273E+02
0.167500E+01  0.399982E+02
0.168750E+01  0.408776E+02
0.170000E+01  0.417623E+02
0.171250E+01  0.426508E+02
0.172500E+01  0.435462E+02
0.173750E+01  0.444492E+02
0.175000E+01  0.453592E+02
0.176250E+01  0.462758E+02
0.177500E+01  0.471997E+02
0.178750E+01  0.481308E+02
0.180000E+01  0.490698E+02
0.181250E+01  0.500164E+02
0.182500E+01  0.509708E+02
0.183750E+01  0.519336E+02
0.185000E+01  0.529045E+02
0.186250E+01  0.538835E+02
0.187500E+01  0.548715E+02
0.188750E+01  0.558681E+02
0.190000E+01  0.568736E+02
0.191250E+01  0.578887E+02
0.192500E+01  0.589133E+02
0.193750E+01  0.599481E+02
0.195000E+01  0.609920E+02
0.196250E+01  0.620459E+02
0.197500E+01  0.631097E+02
0.198750E+01  0.641844E+02
0.200000E+01  0.652695E+02
0.201250E+01  0.663653E+02
0.202500E+01  0.674720E+02
0.203750E+01  0.685908E+02
0.205000E+01  0.697213E+02
0.206250E+01  0.708661E+02
0.207500E+01  0.720224E+02
0.208750E+01  0.731899E+02
0.210000E+01  0.743690E+02
0.211250E+01  0.755612E+02
0.212500E+01  0.767686E+02
0.213750E+01  0.779900E+02
0.215000E+01  0.792249E+02
0.216250E+01  0.804735E+02
0.217500E+01  0.817365E+02
0.218750E+01  0.830136E+02
0.220000E+01  0.843062E+02
0.221250E+01  0.856155E+02
0.222500E+01  0.869429E+02
0.223750E+01  0.882852E+02
0.225000E+01  0.896432E+02
