0.101250E+01  0.308945E+00
0.102500E+01  0.627165E+00
0.103750E+01  0.955114E+00
0.105000E+01  0.130261E+01
0.106250E+01  0.166889E+01
0.107500E+01  0.204932E+01
0.108750E+01  0.244356E+01
0.110000E+01  0.285295E+01
0.111250E+01  0.327889E+01
0.112500E+01  0.372225E+01
0.113750E+01  0.418625E+01
0.115000E+01  0.466957E+01
0.116250E+01  0.517039E+01
0.117500E+01  0.568881E+01
0.118750E+01  0.622562E+01
0.120000E+01  0.677785E+01
0.121250E+01  0.734574E+01
0.122500E+01  0.792986E+01
0.123750E+01  0.853253E+01
0.125000E+01  0.915651E+01
0.126250E+01  0.980134E+01
0.127500E+01  0.104666E+02
0.128750E+01  0.111684E+02
0.130000E+01  0.118826E+02
0.131250E+01  0.126168E+02
0.132500E+01  0.133773E+02
0.133750E+01  0.141641E+02
0.135000E+01  0.149782E+02
0.136250E+01  0.158256E+02
0.137500E+01  0.167042E+02
0.138750E+01  0.176156E+02
0.140000E+01  0.185619E+02
0.141250E+01  0.195442E+02
0.142500E+01  0.205687E+02
0.143750E+01  0.216334E+02
0.145000E+01  0.227405E+02
0.146250E+01  0.238915E+02
0.147500E+01  0.250882E+02
0.148750E+01  0.263372E+02
0.150000E+01  0.276405E+02
0.151250E+01  0.290024E+02
0.152500E+01  0.304177E+02
0.153750E+01  0.318868E+02
0.155000E+01  0.334165E+02
0.156250E+01  0.350091E+02
0.157500E+01  0.366760E+02
0.158750E+01  0.384105E+02
0.160000E+01  0.402258E+02
0.161250E+01  0.421127E+02
0.162500E+01  0.440731E+02
0.163750E+01  0.461125E+02
0.165000E+01  0.482422E+02
0.166250E+01  0.504566E+02
0.167500E+01  0.527654E+02
0.168750E+01  0.551743E+02
0.170000E+01  0.576787E+02
0.171250E+01  0.602892E+02
0.172500E+01  0.630117E+02
0.173750E+01  0.658416E+02
0.175000E+01  0.687942E+02
0.176250E+01  0.718652E+02
0.177500E+01  0.750615E+02
0.178750E+01  0.783950E+02
0.180000E+01  0.818621E+02
0.181250E+01  0.854719E+02
0.182500E+01  0.892300E+02
0.183750E+01  0.931407E+02
0.185000E+01  0.972122E+02
0.186250E+01  0.101446E+03
0.187500E+01  0.105849E+03
0.188750E+01  0.110437E+03
0.190000E+01  0.115202E+03
0.191250E+01  0.120159E+03
0.192500E+01  0.125311E+03
0.193750E+01  0.130670E+03
0.195000E+01  0.136236E+03
0.196250E+01  0.142020E+03
0.197500E+01  0.148040E+03
0.198750E+01  0.154288E+03
0.200000E+01  0.160779E+03
0.201250E+01  0.167517E+03
0.202500E+01  0.174517E+03
0.203750E+01  0.181781E+03
0.205000E+01  0.189324E+03
0.206250E+01  0.197150E+03
0.207500E+01  0.205274E+03
0.208750E+01  0.213699E+03
0.210000E+01  0.222442E+03
0.211250E+01  0.231507E+03
0.212500E+01  0.240903E+03
0.213750E+01  0.250660E+03
0.215000E+01  0.260762E+03
0.216250E+01  0.271243E+03
0.217500E+01  0.282096E+03
0.218750E+01  0.293339E+03
0.220000E+01  0.304983E+03
0.221250E+01  0.317033E+03
0.222500E+01  0.329499E+03
0.223750E+01  0.342418E+03
0.225000E+01  0.355773E+03
