0.101250E+01  0.397111E+00
0.102500E+01  0.806091E+00
0.103750E+01  0.122788E+01
0.105000E+01  0.167633E+01
0.106250E+01  0.214929E+01
0.107500E+01  0.264006E+01
0.108750E+01  0.314865E+01
0.110000E+01  0.367560E+01
0.111250E+01  0.422051E+01
0.112500E+01  0.477921E+01
0.113750E+01  0.535054E+01
0.115000E+01  0.593350E+01
0.116250E+01  0.652849E+01
0.117500E+01  0.713285E+01
0.118750E+01  0.774812E+01
0.120000E+01  0.837923E+01
0.121250E+01  0.901838E+01
0.122500E+01  0.966914E+01
0.123750E+01  0.103320E+02
0.125000E+01  0.110008E+02
0.126250E+01  0.116760E+02
0.127500E+01  0.123565E+02
0.128750E+01  0.130456E+02
0.130000E+01  0.137466E+02
0.131250E+01  0.144599E+02
0.132500E+01  0.151831E+02
0.133750E+01  0.159168E+02
0.135000E+01  0.166640E+02
0.136250E+01  0.174267E+02
0.137500E+01  0.182034E+02
0.138750E+01  0.189936E+02
0.140000E+01  0.197977E+02
0.141250E+01  0.206187E+02
0.142500E+01  0.214568E+02
0.143750E+01  0.223116E+02
0.145000E+01  0.231843E+02
0.146250E+01  0.240763E+02
0.147500E+01  0.249869E+02
0.148750E+01  0.259181E+02
0.150000E+01  0.268712E+02
0.151250E+01  0.278439E+02
0.152500E+01  0.288355E+02
0.153750E+01  0.298481E+02
0.155000E+01  0.308848E+02
0.156250E+01  0.319450E+02
0.157500E+01  0.330311E+02
0.158750E+01  0.341420E+02
0.160000E+01  0.352828E+02
0.161250E+01  0.364500E+02
0.162500E+01  0.376453E+02
0.163750E+01  0.388751E+02
0.165000E+01  0.401352E+02
0.166250E+01  0.414239E+02
0.167500E+01  0.427412E+02
0.168750E+01  0.440905E+02
0.170000E+01  0.454747E+02
0.171250E+01  0.468957E+02
0.172500E+01  0.483517E+02
0.173750E+01  0.498426E+02
0.175000E+01  0.513712E+02
0.176250E+01  0.529384E+02
0.177500E+01  0.545480E+02
0.178750E+01  0.561972E+02
0.180000E+01  0.578898E+02
0.181250E+01  0.596249E+02
0.182500E+01  0.614073E+02
0.183750E+01  0.632339E+02
0.185000E+01  0.651089E+02
0.186250E+01  0.670314E+02
0.187500E+01  0.690014E+02
0.188750E+01  0.710206E+02
0.190000E+01  0.730919E+02
0.191250E+01  0.752159E+02
0.192500E+01  0.773946E+02
0.193750E+01  0.796292E+02
0.195000E+01  0.819199E+02
0.196250E+01  0.842671E+02
0.197500E+01  0.866785E+02
0.198750E+01  0.891523E+02
0.200000E+01  0.916844E+02
0.201250E+01  0.942796E+02
0.202500E+01  0.969354E+02
0.203750E+01  0.996634E+02
0.205000E+01  0.102455E+03
0.206250E+01  0.105315E+03
0.207500E+01  0.108247E+03
0.208750E+01  0.111247E+03
0.210000E+01  0.114320E+03
0.211250E+01  0.117470E+03
0.212500E+01  0.120695E+03
0.213750E+01  0.124003E+03
0.215000E+01  0.127385E+03
0.216250E+01  0.130848E+03
0.217500E+01  0.134389E+03
0.218750E+01  0.138013E+03
0.220000E+01  0.141725E+03
0.221250E+01  0.145518E+03
0.222500E+01  0.149402E+03
0.223750E+01  0.153372E+03
0.225000E+01  0.157432E+03
