0.101250E+01  0.634203E-01
0.102500E+01  0.128572E+00
0.103750E+01  0.195455E+00
0.105000E+01  0.266151E+00
0.106250E+01  0.339818E+00
0.107500E+01  0.415325E+00
0.108750E+01  0.493061E+00
0.110000E+01  0.572722E+00
0.111250E+01  0.654293E+00
0.112500E+01  0.737662E+00
0.113750E+01  0.822566E+00
0.115000E+01  0.908866E+00
0.116250E+01  0.996363E+00
0.117500E+01  0.108538E+01
0.118750E+01  0.117591E+01
0.120000E+01  0.126822E+01
0.121250E+01  0.136206E+01
0.122500E+01  0.145756E+01
0.123750E+01  0.155478E+01
0.125000E+01  0.165349E+01
0.126250E+01  0.175432E+01
0.127500E+01  0.185748E+01
0.128750E+01  0.196195E+01
0.130000E+01  0.206746E+01
0.131250E+01  0.217368E+01
0.132500E+01  0.228170E+01
0.133750E+01  0.239051E+01
0.135000E+01  0.249960E+01
0.136250E+01  0.260885E+01
0.137500E+01  0.271885E+01
0.138750E+01  0.283069E+01
0.140000E+01  0.294428E+01
0.141250E+01  0.305948E+01
0.142500E+01  0.317572E+01
0.143750E+01  0.329306E+01
0.145000E+01  0.341186E+01
0.146250E+01  0.353212E+01
0.147500E+01  0.365397E+01
0.148750E+01  0.377728E+01
0.150000E+01  0.390255E+01
0.151250E+01  0.402962E+01
0.152500E+01  0.415859E+01
0.153750E+01  0.428958E+01
0.155000E+01  0.442280E+01
0.156250E+01  0.455809E+01
0.157500E+01  0.469540E+01
0.158750E+01  0.483463E+01
0.160000E+01  0.497606E+01
0.161250E+01  0.511972E+01
0.162500E+01  0.526573E+01
0.163750E+01  0.541459E+01
0.165000E+01  0.556598E+01
0.166250E+01  0.572004E+01
0.167500E+01  0.587694E+01
0.168750E+01  0.603632E+01
0.170000E+01  0.619898E+01
0.171250E+01  0.636493E+01
0.172500E+01  0.653375E+01
0.173750E+01  0.670522E+01
0.175000E+01  0.687915E+01
0.176250E+01  0.705620E+01
0.177500E+01  0.723680E+01
0.178750E+01  0.742077E+01
0.180000E+01  0.760830E+01
0.181250E+01  0.779971E+01
0.182500E+01  0.799460E+01
0.183750E+01  0.819322E+01
0.185000E+01  0.839575E+01
0.186250E+01  0.860209E+01
0.187500E+01  0.881252E+01
0.188750E+01  0.902702E+01
0.190000E+01  0.924595E+01
0.191250E+01  0.946913E+01
0.192500E+01  0.969703E+01
0.193750E+01  0.992948E+01
0.195000E+01  0.101668E+02
0.196250E+01  0.104087E+02
0.197500E+01  0.106555E+02
0.198750E+01  0.109074E+02
0.200000E+01  0.111642E+02
0.201250E+01  0.114263E+02
0.202500E+01  0.116937E+02
0.203750E+01  0.119670E+02
0.205000E+01  0.122456E+02
0.206250E+01  0.125301E+02
0.207500E+01  0.128206E+02
0.208750E+01  0.131171E+02
0.210000E+01  0.134198E+02
0.211250E+01  0.137288E+02
0.212500E+01  0.140440E+02
0.213750E+01  0.143660E+02
0.215000E+01  0.146945E+02
0.216250E+01  0.150301E+02
0.217500E+01  0.153726E+02
0.218750E+01  0.157222E+02
0.220000E+01  0.160793E+02
0.221250E+01  0.164437E+02
0.222500E+01  0.168157E+02
0.223750E+01  0.171952E+02
0.225000E+01  0.175827E+02
