0.101250E+01  0.115127E+00
0.102500E+01  0.233623E+00
0.103750E+01  0.355761E+00
0.105000E+01  0.484832E+00
0.106250E+01  0.621343E+00
0.107500E+01  0.764601E+00
0.108750E+01  0.915023E+00
0.110000E+01  0.107499E+01
0.111250E+01  0.124435E+01
0.112500E+01  0.143068E+01
0.113750E+01  0.163538E+01
0.115000E+01  0.184475E+01
0.116250E+01  0.205752E+01
0.117500E+01  0.227091E+01
0.118750E+01  0.249001E+01
0.120000E+01  0.271673E+01
0.121250E+01  0.294861E+01
0.122500E+01  0.318781E+01
0.123750E+01  0.343497E+01
0.125000E+01  0.369093E+01
0.126250E+01  0.395620E+01
0.127500E+01  0.423163E+01
0.128750E+01  0.451791E+01
0.130000E+01  0.481587E+01
0.131250E+01  0.512614E+01
0.132500E+01  0.544955E+01
0.133750E+01  0.578689E+01
0.135000E+01  0.613906E+01
0.136250E+01  0.650685E+01
0.137500E+01  0.689111E+01
0.138750E+01  0.729305E+01
0.140000E+01  0.771321E+01
0.141250E+01  0.815287E+01
0.142500E+01  0.861290E+01
0.143750E+01  0.909436E+01
0.145000E+01  0.959845E+01
0.146250E+01  0.101262E+02
0.147500E+01  0.106788E+02
0.148750E+01  0.112576E+02
0.150000E+01  0.118638E+02
0.151250E+01  0.124990E+02
0.152500E+01  0.131640E+02
0.153750E+01  0.138602E+02
0.155000E+01  0.145898E+02
0.156250E+01  0.153531E+02
0.157500E+01  0.161535E+02
0.158750E+01  0.169915E+02
0.160000E+01  0.178710E+02
0.161250E+01  0.187903E+02
0.162500E+01  0.197545E+02
0.163750E+01  0.207640E+02
0.165000E+01  0.218205E+02
0.166250E+01  0.229253E+02
0.167500E+01  0.240837E+02
0.168750E+01  0.252949E+02
0.170000E+01  0.265618E+02
0.171250E+01  0.278885E+02
0.172500E+01  0.292759E+02
0.173750E+01  0.307271E+02
0.175000E+01  0.322447E+02
0.176250E+01  0.338320E+02
0.177500E+01  0.354912E+02
0.178750E+01  0.372254E+02
0.180000E+01  0.390379E+02
0.181250E+01  0.409320E+02
0.182500E+01  0.429111E+02
0.183750E+01  0.449777E+02
0.185000E+01  0.471381E+02
0.186250E+01  0.493909E+02
0.187500E+01  0.517440E+02
0.188750E+01  0.542035E+02
0.190000E+01  0.567654E+02
0.191250E+01  0.594406E+02
0.192500E+01  0.622354E+02
0.193750E+01  0.651449E+02
0.195000E+01  0.681891E+02
0.196250E+01  0.713638E+02
0.197500E+01  0.747098E+02
0.198750E+01  0.781884E+02
0.200000E+01  0.817880E+02
0.201250E+01  0.855239E+02
0.202500E+01  0.894088E+02
0.203750E+01  0.934521E+02
0.205000E+01  0.976624E+02
0.206250E+01  0.102045E+03
0.207500E+01  0.106609E+03
0.208750E+01  0.111362E+03
0.210000E+01  0.116306E+03
0.211250E+01  0.121443E+03
0.212500E+01  0.126802E+03
0.213750E+01  0.132360E+03
0.215000E+01  0.138139E+03
0.216250E+01  0.144142E+03
0.217500E+01  0.150373E+03
0.218750E+01  0.156848E+03
0.220000E+01  0.163570E+03
0.221250E+01  0.170572E+03
0.222500E+01  0.177820E+03
0.223750E+01  0.185363E+03
0.225000E+01  0.193188E+03
