0.101250E+01  0.454724E+00
0.102500E+01  0.923178E+00
0.103750E+01  0.140654E+01
0.105000E+01  0.192116E+01
0.106250E+01  0.246444E+01
0.107500E+01  0.302863E+01
0.108750E+01  0.361413E+01
0.110000E+01  0.421660E+01
0.111250E+01  0.483471E+01
0.112500E+01  0.546512E+01
0.113750E+01  0.610532E+01
0.115000E+01  0.675164E+01
0.116250E+01  0.740396E+01
0.117500E+01  0.806069E+01
0.118750E+01  0.872287E+01
0.120000E+01  0.939066E+01
0.121250E+01  0.100615E+02
0.122500E+01  0.107351E+02
0.123750E+01  0.114088E+02
0.125000E+01  0.120792E+02
0.126250E+01  0.127529E+02
0.127500E+01  0.134266E+02
0.128750E+01  0.141002E+02
0.130000E+01  0.147719E+02
0.131250E+01  0.154433E+02
0.132500E+01  0.161131E+02
0.133750E+01  0.167810E+02
0.135000E+01  0.174496E+02
0.136250E+01  0.181187E+02
0.137500E+01  0.187870E+02
0.138750E+01  0.194545E+02
0.140000E+01  0.201215E+02
0.141250E+01  0.207890E+02
0.142500E+01  0.214598E+02
0.143750E+01  0.221301E+02
0.145000E+01  0.227992E+02
0.146250E+01  0.234670E+02
0.147500E+01  0.241338E+02
0.148750E+01  0.248004E+02
0.150000E+01  0.254670E+02
0.151250E+01  0.261332E+02
0.152500E+01  0.267988E+02
0.153750E+01  0.274640E+02
0.155000E+01  0.281294E+02
0.156250E+01  0.287951E+02
0.157500E+01  0.294605E+02
0.158750E+01  0.301256E+02
0.160000E+01  0.307909E+02
0.161250E+01  0.314576E+02
0.162500E+01  0.321239E+02
0.163750E+01  0.327889E+02
0.165000E+01  0.334533E+02
0.166250E+01  0.341192E+02
0.167500E+01  0.347848E+02
0.168750E+01  0.354488E+02
0.170000E+01  0.361126E+02
0.171250E+01  0.367771E+02
0.172500E+01  0.374424E+02
0.173750E+01  0.381083E+02
0.175000E+01  0.387727E+02
0.176250E+01  0.394354E+02
0.177500E+01  0.400981E+02
0.178750E+01  0.407609E+02
0.180000E+01  0.414229E+02
0.181250E+01  0.420844E+02
0.182500E+01  0.427459E+02
0.183750E+01  0.434088E+02
0.185000E+01  0.440706E+02
0.186250E+01  0.447307E+02
0.187500E+01  0.453909E+02
0.188750E+01  0.460502E+02
0.190000E+01  0.467089E+02
0.191250E+01  0.473669E+02
0.192500E+01  0.480246E+02
0.193750E+01  0.486815E+02
0.195000E+01  0.493380E+02
0.196250E+01  0.499939E+02
0.197500E+01  0.506492E+02
0.198750E+01  0.513040E+02
0.200000E+01  0.519581E+02
0.201250E+01  0.526118E+02
0.202500E+01  0.532650E+02
0.203750E+01  0.539177E+02
0.205000E+01  0.545698E+02
0.206250E+01  0.552211E+02
0.207500E+01  0.558714E+02
0.208750E+01  0.565210E+02
0.210000E+01  0.571699E+02
0.211250E+01  0.578181E+02
0.212500E+01  0.584654E+02
0.213750E+01  0.591120E+02
0.215000E+01  0.597577E+02
0.216250E+01  0.604026E+02
0.217500E+01  0.610471E+02
0.218750E+01  0.616907E+02
0.220000E+01  0.623333E+02
0.221250E+01  0.629747E+02
0.222500E+01  0.636154E+02
0.223750E+01  0.642552E+02
0.225000E+01  0.648940E+02
