0.101250E+01  0.153839E+00
0.102500E+01  0.311988E+00
0.103750E+01  0.474516E+00
0.105000E+01  0.645803E+00
0.106250E+01  0.824695E+00
0.107500E+01  0.100963E+01
0.108750E+01  0.120024E+01
0.110000E+01  0.139613E+01
0.111250E+01  0.159691E+01
0.112500E+01  0.180370E+01
0.113750E+01  0.201987E+01
0.115000E+01  0.224158E+01
0.116250E+01  0.247042E+01
0.117500E+01  0.270443E+01
0.118750E+01  0.294370E+01
0.120000E+01  0.318787E+01
0.121250E+01  0.344369E+01
0.122500E+01  0.370613E+01
0.123750E+01  0.397552E+01
0.125000E+01  0.424824E+01
0.126250E+01  0.452064E+01
0.127500E+01  0.479709E+01
0.128750E+01  0.507850E+01
0.130000E+01  0.536695E+01
0.131250E+01  0.565968E+01
0.132500E+01  0.595584E+01
0.133750E+01  0.625869E+01
0.135000E+01  0.656893E+01
0.136250E+01  0.688617E+01
0.137500E+01  0.721239E+01
0.138750E+01  0.755175E+01
0.140000E+01  0.790382E+01
0.141250E+01  0.826128E+01
0.142500E+01  0.862628E+01
0.143750E+01  0.900267E+01
0.145000E+01  0.939075E+01
0.146250E+01  0.979092E+01
0.147500E+01  0.102056E+02
0.148750E+01  0.106386E+02
0.150000E+01  0.110855E+02
0.151250E+01  0.115439E+02
0.152500E+01  0.120168E+02
0.153750E+01  0.125066E+02
0.155000E+01  0.130151E+02
0.156250E+01  0.135429E+02
0.157500E+01  0.140892E+02
0.158750E+01  0.146562E+02
0.160000E+01  0.152449E+02
0.161250E+01  0.158563E+02
0.162500E+01  0.164903E+02
0.163750E+01  0.171483E+02
0.165000E+01  0.178326E+02
0.166250E+01  0.185404E+02
0.167500E+01  0.192773E+02
0.168750E+01  0.200456E+02
0.170000E+01  0.208461E+02
0.171250E+01  0.216780E+02
0.172500E+01  0.225404E+02
0.173750E+01  0.234389E+02
0.175000E+01  0.243735E+02
0.176250E+01  0.253471E+02
0.177500E+01  0.263602E+02
0.178750E+01  0.274134E+02
0.180000E+01  0.285075E+02
0.181250E+01  0.296444E+02
0.182500E+01  0.308284E+02
0.183750E+01  0.320580E+02
0.185000E+01  0.333396E+02
0.186250E+01  0.346718E+02
0.187500E+01  0.360561E+02
0.188750E+01  0.374946E+02
0.190000E+01  0.389879E+02
0.191250E+01  0.405403E+02
0.192500E+01  0.421558E+02
0.193750E+01  0.438365E+02
0.195000E+01  0.455809E+02
0.196250E+01  0.473937E+02
0.197500E+01  0.492784E+02
0.198750E+01  0.512376E+02
0.200000E+01  0.532741E+02
0.201250E+01  0.553907E+02
0.202500E+01  0.575859E+02
0.203750E+01  0.598660E+02
0.205000E+01  0.622317E+02
0.206250E+01  0.646884E+02
0.207500E+01  0.672356E+02
0.208750E+01  0.698782E+02
0.210000E+01  0.726196E+02
0.211250E+01  0.754604E+02
0.212500E+01  0.784087E+02
0.213750E+01  0.814654E+02
0.215000E+01  0.846347E+02
0.216250E+01  0.879207E+02
0.217500E+01  0.913241E+02
0.218750E+01  0.948531E+02
0.220000E+01  0.985078E+02
0.221250E+01  0.102296E+03
0.222500E+01  0.106216E+03
0.223750E+01  0.110280E+03
0.225000E+01  0.114484E+03
