0.101250E+01  0.277240E+00
0.102500E+01  0.562708E+00
0.103750E+01  0.856665E+00
0.105000E+01  0.116750E+01
0.106250E+01  0.149513E+01
0.107500E+01  0.183459E+01
0.108750E+01  0.218500E+01
0.110000E+01  0.254732E+01
0.111250E+01  0.292265E+01
0.112500E+01  0.331083E+01
0.113750E+01  0.371129E+01
0.115000E+01  0.412091E+01
0.116250E+01  0.453572E+01
0.117500E+01  0.495378E+01
0.118750E+01  0.537845E+01
0.120000E+01  0.581151E+01
0.121250E+01  0.625313E+01
0.122500E+01  0.670192E+01
0.123750E+01  0.715790E+01
0.125000E+01  0.761968E+01
0.126250E+01  0.808675E+01
0.127500E+01  0.855921E+01
0.128750E+01  0.903928E+01
0.130000E+01  0.952650E+01
0.131250E+01  0.100200E+02
0.132500E+01  0.105213E+02
0.133750E+01  0.110304E+02
0.135000E+01  0.115481E+02
0.136250E+01  0.120744E+02
0.137500E+01  0.126100E+02
0.138750E+01  0.131568E+02
0.140000E+01  0.137138E+02
0.141250E+01  0.142818E+02
0.142500E+01  0.148619E+02
0.143750E+01  0.154530E+02
0.145000E+01  0.160564E+02
0.146250E+01  0.166738E+02
0.147500E+01  0.173041E+02
0.148750E+01  0.179487E+02
0.150000E+01  0.186090E+02
0.151250E+01  0.192843E+02
0.152500E+01  0.199762E+02
0.153750E+01  0.206848E+02
0.155000E+01  0.214108E+02
0.156250E+01  0.221556E+02
0.157500E+01  0.229187E+02
0.158750E+01  0.237017E+02
0.160000E+01  0.245053E+02
0.161250E+01  0.253301E+02
0.162500E+01  0.261771E+02
0.163750E+01  0.270465E+02
0.165000E+01  0.279399E+02
0.166250E+01  0.288583E+02
0.167500E+01  0.298016E+02
0.168750E+01  0.307711E+02
0.170000E+01  0.317696E+02
0.171250E+01  0.327952E+02
0.172500E+01  0.338497E+02
0.173750E+01  0.349355E+02
0.175000E+01  0.360513E+02
0.176250E+01  0.371998E+02
0.177500E+01  0.383829E+02
0.178750E+01  0.395999E+02
0.180000E+01  0.408531E+02
0.181250E+01  0.421427E+02
0.182500E+01  0.434708E+02
0.183750E+01  0.448382E+02
0.185000E+01  0.462466E+02
0.186250E+01  0.476969E+02
0.187500E+01  0.491900E+02
0.188750E+01  0.507285E+02
0.190000E+01  0.523124E+02
0.191250E+01  0.539440E+02
0.192500E+01  0.556266E+02
0.193750E+01  0.573579E+02
0.195000E+01  0.591418E+02
0.196250E+01  0.609805E+02
0.197500E+01  0.628737E+02
0.198750E+01  0.648247E+02
0.200000E+01  0.668351E+02
0.201250E+01  0.689055E+02
0.202500E+01  0.710418E+02
0.203750E+01  0.732405E+02
0.205000E+01  0.755073E+02
0.206250E+01  0.778415E+02
0.207500E+01  0.802462E+02
0.208750E+01  0.827239E+02
0.210000E+01  0.852748E+02
0.211250E+01  0.879061E+02
0.212500E+01  0.906149E+02
0.213750E+01  0.934048E+02
0.215000E+01  0.962774E+02
0.216250E+01  0.992346E+02
0.217500E+01  0.102282E+03
0.218750E+01  0.105419E+03
0.220000E+01  0.108651E+03
0.221250E+01  0.111978E+03
0.222500E+01  0.115404E+03
0.223750E+01  0.118930E+03
0.225000E+01  0.122561E+03
