0.101250E+01  0.285721E+00
0.102500E+01  0.579843E+00
0.103750E+01  0.882514E+00
0.105000E+01  0.120227E+01
0.106250E+01  0.153850E+01
0.107500E+01  0.188590E+01
0.108750E+01  0.224362E+01
0.110000E+01  0.261216E+01
0.111250E+01  0.299059E+01
0.112500E+01  0.337977E+01
0.113750E+01  0.377911E+01
0.115000E+01  0.418515E+01
0.116250E+01  0.459376E+01
0.117500E+01  0.500674E+01
0.118750E+01  0.542176E+01
0.120000E+01  0.583977E+01
0.121250E+01  0.626209E+01
0.122500E+01  0.669042E+01
0.123750E+01  0.712326E+01
0.125000E+01  0.755568E+01
0.126250E+01  0.798865E+01
0.127500E+01  0.842200E+01
0.128750E+01  0.885531E+01
0.130000E+01  0.928850E+01
0.131250E+01  0.971992E+01
0.132500E+01  0.101513E+02
0.133750E+01  0.105843E+02
0.135000E+01  0.110178E+02
0.136250E+01  0.114524E+02
0.137500E+01  0.118872E+02
0.138750E+01  0.123230E+02
0.140000E+01  0.127614E+02
0.141250E+01  0.131990E+02
0.142500E+01  0.136372E+02
0.143750E+01  0.140778E+02
0.145000E+01  0.145200E+02
0.146250E+01  0.149626E+02
0.147500E+01  0.154047E+02
0.148750E+01  0.158470E+02
0.150000E+01  0.162906E+02
0.151250E+01  0.167357E+02
0.152500E+01  0.171821E+02
0.153750E+01  0.176302E+02
0.155000E+01  0.180790E+02
0.156250E+01  0.185283E+02
0.157500E+01  0.189782E+02
0.158750E+01  0.194301E+02
0.160000E+01  0.198847E+02
0.161250E+01  0.203411E+02
0.162500E+01  0.207980E+02
0.163750E+01  0.212554E+02
0.165000E+01  0.217143E+02
0.166250E+01  0.221749E+02
0.167500E+01  0.226367E+02
0.168750E+01  0.230993E+02
0.170000E+01  0.235635E+02
0.171250E+01  0.240290E+02
0.172500E+01  0.244971E+02
0.173750E+01  0.249662E+02
0.175000E+01  0.254356E+02
0.176250E+01  0.259055E+02
0.177500E+01  0.263769E+02
0.178750E+01  0.268500E+02
0.180000E+01  0.273249E+02
0.181250E+01  0.278003E+02
0.182500E+01  0.282765E+02
0.183750E+01  0.287539E+02
0.185000E+01  0.292327E+02
0.186250E+01  0.297132E+02
0.187500E+01  0.301952E+02
0.188750E+01  0.306787E+02
0.190000E+01  0.311633E+02
0.191250E+01  0.316488E+02
0.192500E+01  0.321356E+02
0.193750E+01  0.326238E+02
0.195000E+01  0.331132E+02
0.196250E+01  0.336038E+02
0.197500E+01  0.340958E+02
0.198750E+01  0.345890E+02
0.200000E+01  0.350836E+02
0.201250E+01  0.355795E+02
0.202500E+01  0.360765E+02
0.203750E+01  0.365745E+02
0.205000E+01  0.370733E+02
0.206250E+01  0.375732E+02
0.207500E+01  0.380744E+02
0.208750E+01  0.385767E+02
0.210000E+01  0.390802E+02
0.211250E+01  0.395846E+02
0.212500E+01  0.400901E+02
0.213750E+01  0.405965E+02
0.215000E+01  0.411042E+02
0.216250E+01  0.416131E+02
0.217500E+01  0.421232E+02
0.218750E+01  0.426345E+02
0.220000E+01  0.431467E+02
0.221250E+01  0.436595E+02
0.222500E+01  0.441728E+02
0.223750E+01  0.446869E+02
0.225000E+01  0.452021E+02
