0.101250E+01  0.257648E+00
0.102500E+01  0.523047E+00
0.103750E+01  0.796611E+00
0.105000E+01  0.108617E+01
0.106250E+01  0.139294E+01
0.107500E+01  0.171266E+01
0.108750E+01  0.204584E+01
0.110000E+01  0.239381E+01
0.111250E+01  0.276140E+01
0.112500E+01  0.314898E+01
0.113750E+01  0.354961E+01
0.115000E+01  0.395827E+01
0.116250E+01  0.438706E+01
0.117500E+01  0.482168E+01
0.118750E+01  0.525636E+01
0.120000E+01  0.570025E+01
0.121250E+01  0.614817E+01
0.122500E+01  0.660708E+01
0.123750E+01  0.707297E+01
0.125000E+01  0.754590E+01
0.126250E+01  0.802971E+01
0.127500E+01  0.852326E+01
0.128750E+01  0.902820E+01
0.130000E+01  0.954495E+01
0.131250E+01  0.100744E+02
0.132500E+01  0.106180E+02
0.133750E+01  0.111754E+02
0.135000E+01  0.117481E+02
0.136250E+01  0.123371E+02
0.137500E+01  0.129431E+02
0.138750E+01  0.135668E+02
0.140000E+01  0.142093E+02
0.141250E+01  0.148714E+02
0.142500E+01  0.155545E+02
0.143750E+01  0.162585E+02
0.145000E+01  0.169865E+02
0.146250E+01  0.177373E+02
0.147500E+01  0.185127E+02
0.148750E+01  0.193145E+02
0.150000E+01  0.201432E+02
0.151250E+01  0.210000E+02
0.152500E+01  0.218864E+02
0.153750E+01  0.228035E+02
0.155000E+01  0.237525E+02
0.156250E+01  0.247349E+02
0.157500E+01  0.257521E+02
0.158750E+01  0.268055E+02
0.160000E+01  0.278964E+02
0.161250E+01  0.290266E+02
0.162500E+01  0.301975E+02
0.163750E+01  0.314112E+02
0.165000E+01  0.326682E+02
0.166250E+01  0.339725E+02
0.167500E+01  0.353240E+02
0.168750E+01  0.367261E+02
0.170000E+01  0.381783E+02
0.171250E+01  0.396847E+02
0.172500E+01  0.412481E+02
0.173750E+01  0.428671E+02
0.175000E+01  0.445471E+02
0.176250E+01  0.462908E+02
0.177500E+01  0.480966E+02
0.178750E+01  0.499703E+02
0.180000E+01  0.519155E+02
0.181250E+01  0.539295E+02
0.182500E+01  0.560202E+02
0.183750E+01  0.581894E+02
0.185000E+01  0.604362E+02
0.186250E+01  0.627668E+02
0.187500E+01  0.651855E+02
0.188750E+01  0.676893E+02
0.190000E+01  0.702873E+02
0.191250E+01  0.729818E+02
0.192500E+01  0.757708E+02
0.193750E+01  0.786633E+02
0.195000E+01  0.816638E+02
0.196250E+01  0.847703E+02
0.197500E+01  0.879907E+02
0.198750E+01  0.913268E+02
0.200000E+01  0.947839E+02
0.201250E+01  0.983643E+02
0.202500E+01  0.102072E+03
0.203750E+01  0.105915E+03
0.205000E+01  0.109892E+03
0.206250E+01  0.114014E+03
0.207500E+01  0.118278E+03
0.208750E+01  0.122692E+03
0.210000E+01  0.127264E+03
0.211250E+01  0.131992E+03
0.212500E+01  0.136887E+03
0.213750E+01  0.141950E+03
0.215000E+01  0.147186E+03
0.216250E+01  0.152609E+03
0.217500E+01  0.158217E+03
0.218750E+01  0.164015E+03
0.220000E+01  0.170013E+03
0.221250E+01  0.176209E+03
0.222500E+01  0.182612E+03
0.223750E+01  0.189234E+03
0.225000E+01  0.196071E+03
