0.101250E+01  0.432506E+00
0.102500E+01  0.878267E+00
0.103750E+01  0.133857E+01
0.105000E+01  0.182936E+01
0.106250E+01  0.234964E+01
0.107500E+01  0.289249E+01
0.108750E+01  0.345906E+01
0.110000E+01  0.404716E+01
0.111250E+01  0.465412E+01
0.112500E+01  0.528048E+01
0.113750E+01  0.592328E+01
0.115000E+01  0.657470E+01
0.116250E+01  0.724555E+01
0.117500E+01  0.792935E+01
0.118750E+01  0.862243E+01
0.120000E+01  0.932777E+01
0.121250E+01  0.100452E+02
0.122500E+01  0.107707E+02
0.123750E+01  0.115121E+02
0.125000E+01  0.122658E+02
0.126250E+01  0.130329E+02
0.127500E+01  0.138138E+02
0.128750E+01  0.146101E+02
0.130000E+01  0.154227E+02
0.131250E+01  0.162531E+02
0.132500E+01  0.171036E+02
0.133750E+01  0.179711E+02
0.135000E+01  0.188585E+02
0.136250E+01  0.197664E+02
0.137500E+01  0.206963E+02
0.138750E+01  0.216484E+02
0.140000E+01  0.226254E+02
0.141250E+01  0.236253E+02
0.142500E+01  0.246512E+02
0.143750E+01  0.257067E+02
0.145000E+01  0.267888E+02
0.146250E+01  0.279027E+02
0.147500E+01  0.290452E+02
0.148750E+01  0.302183E+02
0.150000E+01  0.314262E+02
0.151250E+01  0.326670E+02
0.152500E+01  0.339436E+02
0.153750E+01  0.352557E+02
0.155000E+01  0.366063E+02
0.156250E+01  0.379991E+02
0.157500E+01  0.394300E+02
0.158750E+01  0.409064E+02
0.160000E+01  0.424254E+02
0.161250E+01  0.439897E+02
0.162500E+01  0.456057E+02
0.163750E+01  0.472684E+02
0.165000E+01  0.489793E+02
0.166250E+01  0.507474E+02
0.167500E+01  0.525680E+02
0.168750E+01  0.544411E+02
0.170000E+01  0.563727E+02
0.171250E+01  0.583593E+02
0.172500E+01  0.604100E+02
0.173750E+01  0.625192E+02
0.175000E+01  0.646950E+02
0.176250E+01  0.669332E+02
0.177500E+01  0.692380E+02
0.178750E+01  0.716176E+02
0.180000E+01  0.740720E+02
0.181250E+01  0.766004E+02
0.182500E+01  0.791982E+02
0.183750E+01  0.818782E+02
0.185000E+01  0.846349E+02
0.186250E+01  0.874745E+02
0.187500E+01  0.903976E+02
0.188750E+01  0.934131E+02
0.190000E+01  0.965145E+02
0.191250E+01  0.997164E+02
0.192500E+01  0.103007E+03
0.193750E+01  0.106393E+03
0.195000E+01  0.109885E+03
0.196250E+01  0.113480E+03
0.197500E+01  0.117177E+03
0.198750E+01  0.120982E+03
0.200000E+01  0.124888E+03
0.201250E+01  0.128910E+03
0.202500E+01  0.133047E+03
0.203750E+01  0.137300E+03
0.205000E+01  0.141683E+03
0.206250E+01  0.146186E+03
0.207500E+01  0.150817E+03
0.208750E+01  0.155571E+03
0.210000E+01  0.160468E+03
0.211250E+01  0.165495E+03
0.212500E+01  0.170659E+03
0.213750E+01  0.175964E+03
0.215000E+01  0.181413E+03
0.216250E+01  0.187018E+03
0.217500E+01  0.192767E+03
0.218750E+01  0.198678E+03
0.220000E+01  0.204739E+03
0.221250E+01  0.210958E+03
0.222500E+01  0.217348E+03
0.223750E+01  0.223905E+03
0.225000E+01  0.230635E+03
