0.101250E+01  0.396430E+00
0.102500E+01  0.804761E+00
0.103750E+01  0.122608E+01
0.105000E+01  0.167440E+01
0.106250E+01  0.214733E+01
0.107500E+01  0.263899E+01
0.108750E+01  0.314943E+01
0.110000E+01  0.367974E+01
0.111250E+01  0.422986E+01
0.112500E+01  0.479970E+01
0.113750E+01  0.538636E+01
0.115000E+01  0.599032E+01
0.116250E+01  0.661398E+01
0.117500E+01  0.725756E+01
0.118750E+01  0.791869E+01
0.120000E+01  0.859792E+01
0.121250E+01  0.929586E+01
0.122500E+01  0.100112E+02
0.123750E+01  0.107411E+02
0.125000E+01  0.114849E+02
0.126250E+01  0.122417E+02
0.127500E+01  0.130212E+02
0.128750E+01  0.138242E+02
0.130000E+01  0.146488E+02
0.131250E+01  0.154969E+02
0.132500E+01  0.163703E+02
0.133750E+01  0.172688E+02
0.135000E+01  0.181946E+02
0.136250E+01  0.191526E+02
0.137500E+01  0.201380E+02
0.138750E+01  0.211513E+02
0.140000E+01  0.221966E+02
0.141250E+01  0.232746E+02
0.142500E+01  0.243919E+02
0.143750E+01  0.255508E+02
0.145000E+01  0.267506E+02
0.146250E+01  0.279891E+02
0.147500E+01  0.292675E+02
0.148750E+01  0.305895E+02
0.150000E+01  0.319570E+02
0.151250E+01  0.333708E+02
0.152500E+01  0.348385E+02
0.153750E+01  0.363569E+02
0.155000E+01  0.379297E+02
0.156250E+01  0.395599E+02
0.157500E+01  0.412462E+02
0.158750E+01  0.429992E+02
0.160000E+01  0.448119E+02
0.161250E+01  0.466909E+02
0.162500E+01  0.486356E+02
0.163750E+01  0.506502E+02
0.165000E+01  0.527386E+02
0.166250E+01  0.549072E+02
0.167500E+01  0.571510E+02
0.168750E+01  0.594849E+02
0.170000E+01  0.619031E+02
0.171250E+01  0.644038E+02
0.172500E+01  0.669907E+02
0.173750E+01  0.696745E+02
0.175000E+01  0.724555E+02
0.176250E+01  0.753329E+02
0.177500E+01  0.783279E+02
0.178750E+01  0.814271E+02
0.180000E+01  0.846361E+02
0.181250E+01  0.879555E+02
0.182500E+01  0.913910E+02
0.183750E+01  0.949513E+02
0.185000E+01  0.986342E+02
0.186250E+01  0.102456E+03
0.187500E+01  0.106409E+03
0.188750E+01  0.110501E+03
0.190000E+01  0.114739E+03
0.191250E+01  0.119123E+03
0.192500E+01  0.123664E+03
0.193750E+01  0.128363E+03
0.195000E+01  0.133225E+03
0.196250E+01  0.138254E+03
0.197500E+01  0.143459E+03
0.198750E+01  0.148841E+03
0.200000E+01  0.154408E+03
0.201250E+01  0.160163E+03
0.202500E+01  0.166113E+03
0.203750E+01  0.172270E+03
0.205000E+01  0.178630E+03
0.206250E+01  0.185202E+03
0.207500E+01  0.191999E+03
0.208750E+01  0.199012E+03
0.210000E+01  0.206261E+03
0.211250E+01  0.213753E+03
0.212500E+01  0.221483E+03
0.213750E+01  0.229471E+03
0.215000E+01  0.237710E+03
0.216250E+01  0.246221E+03
0.217500E+01  0.255021E+03
0.218750E+01  0.264100E+03
0.220000E+01  0.273460E+03
0.221250E+01  0.283110E+03
0.222500E+01  0.293055E+03
0.223750E+01  0.303317E+03
0.225000E+01  0.313899E+03
