0.101250E+01  0.871854E-01
0.102500E+01  0.177022E+00
0.103750E+01  0.269881E+00
0.105000E+01  0.368516E+00
0.106250E+01  0.474173E+00
0.107500E+01  0.587787E+00
0.108750E+01  0.712509E+00
0.110000E+01  0.850937E+00
0.111250E+01  0.100430E+01
0.112500E+01  0.117016E+01
0.113750E+01  0.134494E+01
0.115000E+01  0.152566E+01
0.116250E+01  0.171171E+01
0.117500E+01  0.190679E+01
0.118750E+01  0.211369E+01
0.120000E+01  0.233211E+01
0.121250E+01  0.256295E+01
0.122500E+01  0.280777E+01
0.123750E+01  0.306766E+01
0.125000E+01  0.334389E+01
0.126250E+01  0.363784E+01
0.127500E+01  0.395102E+01
0.128750E+01  0.428460E+01
0.130000E+01  0.464025E+01
0.131250E+01  0.501943E+01
0.132500E+01  0.542363E+01
0.133750E+01  0.585436E+01
0.135000E+01  0.631337E+01
0.136250E+01  0.680218E+01
0.137500E+01  0.732254E+01
0.138750E+01  0.787646E+01
0.140000E+01  0.846572E+01
0.141250E+01  0.909238E+01
0.142500E+01  0.975861E+01
0.143750E+01  0.104665E+02
0.145000E+01  0.112183E+02
0.146250E+01  0.120162E+02
0.147500E+01  0.128628E+02
0.148750E+01  0.137600E+02
0.150000E+01  0.147118E+02
0.151250E+01  0.157201E+02
0.152500E+01  0.167882E+02
0.153750E+01  0.179175E+02
0.155000E+01  0.191120E+02
0.156250E+01  0.203795E+02
0.157500E+01  0.217150E+02
0.158750E+01  0.231268E+02
0.160000E+01  0.246217E+02
0.161250E+01  0.261955E+02
0.162500E+01  0.278656E+02
0.163750E+01  0.296305E+02
0.165000E+01  0.314964E+02
0.166250E+01  0.334897E+02
0.167500E+01  0.355963E+02
0.168750E+01  0.378212E+02
0.170000E+01  0.401744E+02
0.171250E+01  0.426560E+02
0.172500E+01  0.452729E+02
0.173750E+01  0.480420E+02
0.175000E+01  0.509673E+02
0.176250E+01  0.540489E+02
0.177500E+01  0.573138E+02
0.178750E+01  0.607815E+02
0.180000E+01  0.644107E+02
0.181250E+01  0.682052E+02
0.182500E+01  0.721799E+02
0.183750E+01  0.763490E+02
0.185000E+01  0.807408E+02
0.186250E+01  0.853333E+02
0.187500E+01  0.901591E+02
0.188750E+01  0.952169E+02
0.190000E+01  0.100517E+03
0.191250E+01  0.106061E+03
0.192500E+01  0.111862E+03
0.193750E+01  0.117930E+03
0.195000E+01  0.124279E+03
0.196250E+01  0.130919E+03
0.197500E+01  0.137928E+03
0.198750E+01  0.145227E+03
0.200000E+01  0.152823E+03
0.201250E+01  0.160741E+03
0.202500E+01  0.169006E+03
0.203750E+01  0.177633E+03
0.205000E+01  0.186609E+03
0.206250E+01  0.195960E+03
0.207500E+01  0.205700E+03
0.208750E+01  0.215834E+03
0.210000E+01  0.226392E+03
0.211250E+01  0.237348E+03
0.212500E+01  0.248754E+03
0.213750E+01  0.260597E+03
0.215000E+01  0.272916E+03
0.216250E+01  0.285713E+03
0.217500E+01  0.298995E+03
0.218750E+01  0.312827E+03
0.220000E+01  0.327160E+03
0.221250E+01  0.341993E+03
0.222500E+01  0.357357E+03
0.223750E+01  0.373273E+03
0.225000E+01  0.389738E+03
