0.101250E+01  0.464710E+00
0.102500E+01  0.943817E+00
0.103750E+01  0.143917E+01
0.105000E+01  0.196850E+01
0.106250E+01  0.252937E+01
0.107500E+01  0.311584E+01
0.108750E+01  0.372909E+01
0.110000E+01  0.436726E+01
0.111250E+01  0.503109E+01
0.112500E+01  0.571953E+01
0.113750E+01  0.643292E+01
0.115000E+01  0.717161E+01
0.116250E+01  0.793510E+01
0.117500E+01  0.873059E+01
0.118750E+01  0.955759E+01
0.120000E+01  0.104084E+02
0.121250E+01  0.112922E+02
0.122500E+01  0.122104E+02
0.123750E+01  0.131595E+02
0.125000E+01  0.141350E+02
0.126250E+01  0.151416E+02
0.127500E+01  0.161834E+02
0.128750E+01  0.172612E+02
0.130000E+01  0.183820E+02
0.131250E+01  0.195493E+02
0.132500E+01  0.207640E+02
0.133750E+01  0.220255E+02
0.135000E+01  0.233408E+02
0.136250E+01  0.247118E+02
0.137500E+01  0.261415E+02
0.138750E+01  0.276288E+02
0.140000E+01  0.291858E+02
0.141250E+01  0.308067E+02
0.142500E+01  0.324921E+02
0.143750E+01  0.342483E+02
0.145000E+01  0.360827E+02
0.146250E+01  0.379995E+02
0.147500E+01  0.399980E+02
0.148750E+01  0.420833E+02
0.150000E+01  0.442578E+02
0.151250E+01  0.465542E+02
0.152500E+01  0.489380E+02
0.153750E+01  0.514145E+02
0.155000E+01  0.539975E+02
0.156250E+01  0.566911E+02
0.157500E+01  0.595145E+02
0.158750E+01  0.624620E+02
0.160000E+01  0.655334E+02
0.161250E+01  0.687317E+02
0.162500E+01  0.720637E+02
0.163750E+01  0.755405E+02
0.165000E+01  0.791659E+02
0.166250E+01  0.829462E+02
0.167500E+01  0.868856E+02
0.168750E+01  0.909889E+02
0.170000E+01  0.952620E+02
0.171250E+01  0.997134E+02
0.172500E+01  0.104365E+03
0.173750E+01  0.109212E+03
0.175000E+01  0.114255E+03
0.176250E+01  0.119488E+03
0.177500E+01  0.124932E+03
0.178750E+01  0.130597E+03
0.180000E+01  0.136506E+03
0.181250E+01  0.142658E+03
0.182500E+01  0.149032E+03
0.183750E+01  0.155637E+03
0.185000E+01  0.162517E+03
0.186250E+01  0.169651E+03
0.187500E+01  0.177067E+03
0.188750E+01  0.184749E+03
0.190000E+01  0.192751E+03
0.191250E+01  0.201044E+03
0.192500E+01  0.209647E+03
0.193750E+01  0.218568E+03
0.195000E+01  0.227801E+03
0.196250E+01  0.237372E+03
0.197500E+01  0.247289E+03
0.198750E+01  0.257554E+03
0.200000E+01  0.268168E+03
0.201250E+01  0.279150E+03
0.202500E+01  0.290513E+03
0.203750E+01  0.302256E+03
0.205000E+01  0.314401E+03
0.206250E+01  0.326941E+03
0.207500E+01  0.339937E+03
0.208750E+01  0.353335E+03
0.210000E+01  0.367168E+03
0.211250E+01  0.381438E+03
0.212500E+01  0.396154E+03
0.213750E+01  0.411324E+03
0.215000E+01  0.426974E+03
0.216250E+01  0.443085E+03
0.217500E+01  0.459718E+03
0.218750E+01  0.476827E+03
0.220000E+01  0.494434E+03
0.221250E+01  0.512566E+03
0.222500E+01  0.531212E+03
0.223750E+01  0.550383E+03
0.225000E+01  0.570115E+03
