0.101250E+01  0.960790E-01
0.102500E+01  0.194848E+00
0.103750E+01  0.296373E+00
0.105000E+01  0.403762E+00
0.106250E+01  0.516135E+00
0.107500E+01  0.631997E+00
0.108750E+01  0.751990E+00
0.110000E+01  0.876042E+00
0.111250E+01  0.100369E+01
0.112500E+01  0.113558E+01
0.113750E+01  0.127189E+01
0.115000E+01  0.141441E+01
0.116250E+01  0.156190E+01
0.117500E+01  0.171489E+01
0.118750E+01  0.187685E+01
0.120000E+01  0.204239E+01
0.121250E+01  0.221435E+01
0.122188E+01  0.234943E+01
0.123125E+01  0.248791E+01
0.124375E+01  0.268275E+01
0.125625E+01  0.287914E+01
0.126875E+01  0.307843E+01
0.128125E+01  0.328505E+01
0.129375E+01  0.349969E+01
0.130625E+01  0.371994E+01
0.131875E+01  0.394723E+01
0.133125E+01  0.418077E+01
0.134375E+01  0.442222E+01
0.135625E+01  0.467420E+01
0.136875E+01  0.493741E+01
0.138125E+01  0.521352E+01
0.139375E+01  0.549586E+01
0.140625E+01  0.578925E+01
0.141875E+01  0.609297E+01
0.143125E+01  0.640794E+01
0.144375E+01  0.673347E+01
0.145625E+01  0.707147E+01
0.146875E+01  0.742280E+01
0.148125E+01  0.780244E+01
0.149375E+01  0.818274E+01
0.150625E+01  0.857863E+01
0.151875E+01  0.899065E+01
0.153125E+01  0.941938E+01
0.154375E+01  0.986496E+01
0.155625E+01  0.103290E+02
0.156875E+01  0.108117E+02
0.158125E+01  0.113149E+02
0.159375E+01  0.118379E+02
0.160625E+01  0.123842E+02
0.161875E+01  0.129507E+02
0.163125E+01  0.135442E+02
0.164375E+01  0.141661E+02
0.165625E+01  0.148067E+02
0.166875E+01  0.154735E+02
0.168125E+01  0.161668E+02
0.169375E+01  0.168882E+02
0.170625E+01  0.176388E+02
0.171875E+01  0.184192E+02
0.173125E+01  0.192317E+02
0.174375E+01  0.200762E+02
0.175625E+01  0.209540E+02
0.176875E+01  0.218663E+02
0.178125E+01  0.228144E+02
0.179375E+01  0.238018E+02
0.180625E+01  0.248277E+02
0.181875E+01  0.258925E+02
0.183125E+01  0.270035E+02
0.184375E+01  0.281556E+02
0.185625E+01  0.293547E+02
0.186875E+01  0.305981E+02
0.188125E+01  0.318887E+02
0.189375E+01  0.332301E+02
0.190625E+01  0.346231E+02
0.191875E+01  0.360701E+02
0.193125E+01  0.375742E+02
0.194375E+01  0.391359E+02
0.195625E+01  0.407586E+02
0.196875E+01  0.424412E+02
0.198125E+01  0.441877E+02
0.199375E+01  0.459987E+02
0.200625E+01  0.478750E+02
0.201875E+01  0.498196E+02
0.203125E+01  0.518386E+02
0.204375E+01  0.539304E+02
0.205625E+01  0.561012E+02
0.206875E+01  0.583490E+02
0.208125E+01  0.606790E+02
0.209375E+01  0.630933E+02
0.210625E+01  0.655954E+02
0.211875E+01  0.681853E+02
0.213125E+01  0.708669E+02
0.214375E+01  0.736418E+02
0.215625E+01  0.765147E+02
0.216875E+01  0.794856E+02
0.218125E+01  0.825605E+02
0.219375E+01  0.857403E+02
0.220625E+01  0.890285E+02
0.221875E+01  0.924293E+02
0.223125E+01  0.959447E+02
0.224375E+01  0.995793E+02
0.225000E+01  0.101439E+03
