0.101250E+01  0.721431E-01
0.102500E+01  0.146379E+00
0.103750E+01  0.222872E+00
0.105000E+01  0.303929E+00
0.106250E+01  0.389430E+00
0.107500E+01  0.478713E+00
0.108750E+01  0.572248E+00
0.110000E+01  0.670483E+00
0.111250E+01  0.775001E+00
0.112500E+01  0.885645E+00
0.113750E+01  0.100261E+01
0.115000E+01  0.113107E+01
0.116250E+01  0.127254E+01
0.117500E+01  0.142125E+01
0.118750E+01  0.157537E+01
0.120000E+01  0.173047E+01
0.121250E+01  0.189127E+01
0.122500E+01  0.205884E+01
0.123750E+01  0.223201E+01
0.125000E+01  0.241223E+01
0.126250E+01  0.260081E+01
0.127500E+01  0.279813E+01
0.128750E+01  0.300482E+01
0.130000E+01  0.322170E+01
0.131250E+01  0.344937E+01
0.132500E+01  0.368849E+01
0.133750E+01  0.393987E+01
0.135000E+01  0.420425E+01
0.136250E+01  0.448236E+01
0.137500E+01  0.477506E+01
0.138750E+01  0.508317E+01
0.140000E+01  0.540756E+01
0.141250E+01  0.574905E+01
0.142500E+01  0.610868E+01
0.143750E+01  0.648742E+01
0.145000E+01  0.688621E+01
0.146250E+01  0.730610E+01
0.147500E+01  0.774836E+01
0.148750E+01  0.821391E+01
0.150000E+01  0.870413E+01
0.151250E+01  0.922025E+01
0.152500E+01  0.976345E+01
0.153750E+01  0.103355E+02
0.155000E+01  0.109370E+02
0.156250E+01  0.115705E+02
0.157500E+01  0.122370E+02
0.158750E+01  0.129375E+02
0.160000E+01  0.136753E+02
0.161250E+01  0.144502E+02
0.162500E+01  0.152655E+02
0.163750E+01  0.161225E+02
0.165000E+01  0.170232E+02
0.166250E+01  0.179698E+02
0.167500E+01  0.189641E+02
0.168750E+01  0.200094E+02
0.170000E+01  0.211062E+02
0.171250E+01  0.222585E+02
0.172500E+01  0.234698E+02
0.173750E+01  0.247392E+02
0.175000E+01  0.260720E+02
0.176250E+01  0.274713E+02
0.177500E+01  0.289388E+02
0.178750E+01  0.304781E+02
0.180000E+01  0.320926E+02
0.181250E+01  0.337852E+02
0.182500E+01  0.355596E+02
0.183750E+01  0.374202E+02
0.185000E+01  0.393702E+02
0.186250E+01  0.414089E+02
0.187500E+01  0.435481E+02
0.188750E+01  0.457909E+02
0.190000E+01  0.481315E+02
0.191250E+01  0.505872E+02
0.192500E+01  0.531587E+02
0.193750E+01  0.558427E+02
0.195000E+01  0.586535E+02
0.196250E+01  0.615974E+02
0.197500E+01  0.646670E+02
0.198750E+01  0.678803E+02
0.200000E+01  0.712431E+02
0.201250E+01  0.747477E+02
0.202500E+01  0.784124E+02
0.203750E+01  0.822463E+02
0.205000E+01  0.862391E+02
0.206250E+01  0.904151E+02
0.207500E+01  0.947700E+02
0.208750E+01  0.993153E+02
0.210000E+01  0.104075E+03
0.211250E+01  0.109032E+03
0.212500E+01  0.114201E+03
0.213750E+01  0.119583E+03
0.215000E+01  0.125198E+03
0.216250E+01  0.131041E+03
0.217500E+01  0.137133E+03
0.218750E+01  0.143495E+03
0.220000E+01  0.150107E+03
0.221250E+01  0.156987E+03
0.222500E+01  0.164156E+03
0.223750E+01  0.171609E+03
0.225000E+01  0.179365E+03
