0.101250E+01  0.386314E+00
0.102500E+01  0.784422E+00
0.103750E+01  0.119552E+01
0.105000E+01  0.163358E+01
0.106250E+01  0.209783E+01
0.107500E+01  0.258186E+01
0.108750E+01  0.308702E+01
0.110000E+01  0.361559E+01
0.111250E+01  0.416724E+01
0.112500E+01  0.473762E+01
0.113750E+01  0.532828E+01
0.115000E+01  0.593747E+01
0.116250E+01  0.656242E+01
0.117500E+01  0.720372E+01
0.118750E+01  0.786908E+01
0.120000E+01  0.855409E+01
0.121250E+01  0.925994E+01
0.122500E+01  0.998754E+01
0.123750E+01  0.107416E+02
0.125000E+01  0.115224E+02
0.126250E+01  0.123280E+02
0.127500E+01  0.131579E+02
0.128750E+01  0.140162E+02
0.130000E+01  0.149047E+02
0.131250E+01  0.158268E+02
0.132500E+01  0.167828E+02
0.133750E+01  0.177731E+02
0.135000E+01  0.187999E+02
0.136250E+01  0.198649E+02
0.137500E+01  0.209728E+02
0.138750E+01  0.221212E+02
0.140000E+01  0.233152E+02
0.141250E+01  0.245554E+02
0.142500E+01  0.258478E+02
0.143750E+01  0.271903E+02
0.145000E+01  0.285856E+02
0.146250E+01  0.300424E+02
0.147500E+01  0.315559E+02
0.148750E+01  0.331292E+02
0.150000E+01  0.347748E+02
0.151250E+01  0.364907E+02
0.152500E+01  0.382744E+02
0.153750E+01  0.401292E+02
0.155000E+01  0.420548E+02
0.156250E+01  0.440594E+02
0.157500E+01  0.461589E+02
0.158750E+01  0.483407E+02
0.160000E+01  0.506161E+02
0.161250E+01  0.529822E+02
0.162500E+01  0.554467E+02
0.163750E+01  0.580089E+02
0.165000E+01  0.606766E+02
0.166250E+01  0.634514E+02
0.167500E+01  0.663317E+02
0.168750E+01  0.693260E+02
0.170000E+01  0.724438E+02
0.171250E+01  0.756848E+02
0.172500E+01  0.790616E+02
0.173750E+01  0.825806E+02
0.175000E+01  0.862314E+02
0.176250E+01  0.900144E+02
0.177500E+01  0.939477E+02
0.178750E+01  0.980266E+02
0.180000E+01  0.102262E+03
0.181250E+01  0.106675E+03
0.182500E+01  0.111256E+03
0.183750E+01  0.116001E+03
0.185000E+01  0.120928E+03
0.186250E+01  0.126033E+03
0.187500E+01  0.131327E+03
0.188750E+01  0.136819E+03
0.190000E+01  0.142509E+03
0.191250E+01  0.148408E+03
0.192500E+01  0.154518E+03
0.193750E+01  0.160853E+03
0.195000E+01  0.167411E+03
0.196250E+01  0.174197E+03
0.197500E+01  0.181236E+03
0.198750E+01  0.188512E+03
0.200000E+01  0.196038E+03
0.201250E+01  0.203834E+03
0.202500E+01  0.211885E+03
0.203750E+01  0.220216E+03
0.205000E+01  0.228856E+03
0.206250E+01  0.237779E+03
0.207500E+01  0.246988E+03
0.208750E+01  0.256486E+03
0.210000E+01  0.266289E+03
0.211250E+01  0.276415E+03
0.212500E+01  0.286883E+03
0.213750E+01  0.297678E+03
0.215000E+01  0.308806E+03
0.216250E+01  0.320290E+03
0.217500E+01  0.332122E+03
0.218750E+01  0.344318E+03
0.220000E+01  0.356887E+03
0.221250E+01  0.369856E+03
0.222500E+01  0.383202E+03
0.223750E+01  0.396950E+03
0.225000E+01  0.411114E+03
