0.101250E+01  0.396829E+00
0.102500E+01  0.805801E+00
0.103750E+01  0.122793E+01
0.105000E+01  0.167767E+01
0.106250E+01  0.215581E+01
0.107500E+01  0.265591E+01
0.108750E+01  0.318287E+01
0.110000E+01  0.373220E+01
0.111250E+01  0.430011E+01
0.112500E+01  0.488884E+01
0.113750E+01  0.548984E+01
0.115000E+01  0.611300E+01
0.116250E+01  0.674158E+01
0.117500E+01  0.737102E+01
0.118750E+01  0.800905E+01
0.120000E+01  0.864541E+01
0.121250E+01  0.929286E+01
0.122500E+01  0.994652E+01
0.123750E+01  0.106049E+02
0.125000E+01  0.112718E+02
0.126250E+01  0.119463E+02
0.127500E+01  0.126291E+02
0.128750E+01  0.133211E+02
0.130000E+01  0.140228E+02
0.131250E+01  0.147347E+02
0.132500E+01  0.154575E+02
0.133750E+01  0.161917E+02
0.135000E+01  0.169385E+02
0.136250E+01  0.176973E+02
0.137500E+01  0.184698E+02
0.138750E+01  0.192556E+02
0.140000E+01  0.200563E+02
0.141250E+01  0.208713E+02
0.142500E+01  0.217023E+02
0.143750E+01  0.225488E+02
0.145000E+01  0.234127E+02
0.146250E+01  0.242931E+02
0.147500E+01  0.251922E+02
0.148750E+01  0.261092E+02
0.150000E+01  0.270451E+02
0.151250E+01  0.280010E+02
0.152500E+01  0.289772E+02
0.153750E+01  0.299743E+02
0.155000E+01  0.309932E+02
0.156250E+01  0.320340E+02
0.157500E+01  0.330978E+02
0.158750E+01  0.341856E+02
0.160000E+01  0.352973E+02
0.161250E+01  0.364336E+02
0.162500E+01  0.375963E+02
0.163750E+01  0.387847E+02
0.165000E+01  0.400005E+02
0.166250E+01  0.412447E+02
0.167500E+01  0.425166E+02
0.168750E+01  0.438186E+02
0.170000E+01  0.451506E+02
0.171250E+01  0.465139E+02
0.172500E+01  0.479085E+02
0.173750E+01  0.493354E+02
0.175000E+01  0.507966E+02
0.176250E+01  0.522906E+02
0.177500E+01  0.538203E+02
0.178750E+01  0.553861E+02
0.180000E+01  0.569877E+02
0.181250E+01  0.586269E+02
0.182500E+01  0.603056E+02
0.183750E+01  0.620225E+02
0.185000E+01  0.637797E+02
0.186250E+01  0.655794E+02
0.187500E+01  0.674195E+02
0.188750E+01  0.693040E+02
0.190000E+01  0.712317E+02
0.191250E+01  0.732052E+02
0.192500E+01  0.752236E+02
0.193750E+01  0.772895E+02
0.195000E+01  0.794043E+02
0.196250E+01  0.815667E+02
0.197500E+01  0.837797E+02
0.198750E+01  0.860452E+02
0.200000E+01  0.883610E+02
0.201250E+01  0.907322E+02
0.202500E+01  0.931562E+02
0.203750E+01  0.956364E+02
0.205000E+01  0.981747E+02
0.206250E+01  0.100769E+03
0.207500E+01  0.103423E+03
0.208750E+01  0.106139E+03
0.210000E+01  0.108914E+03
0.211250E+01  0.111753E+03
0.212500E+01  0.114657E+03
0.213750E+01  0.117624E+03
0.215000E+01  0.120659E+03
0.216250E+01  0.123763E+03
0.217500E+01  0.126933E+03
0.218750E+01  0.130175E+03
0.220000E+01  0.133489E+03
0.221250E+01  0.136874E+03
0.222500E+01  0.140335E+03
0.223750E+01  0.143872E+03
0.225000E+01  0.147484E+03
