0.101250E+01  0.279991E+00
0.102500E+01  0.568315E+00
0.103750E+01  0.865268E+00
0.105000E+01  0.117941E+01
0.106250E+01  0.151058E+01
0.107500E+01  0.185382E+01
0.108750E+01  0.220853E+01
0.110000E+01  0.257538E+01
0.111250E+01  0.295553E+01
0.112500E+01  0.334937E+01
0.113750E+01  0.375594E+01
0.115000E+01  0.417292E+01
0.116250E+01  0.459745E+01
0.117500E+01  0.502952E+01
0.118750E+01  0.546719E+01
0.120000E+01  0.591506E+01
0.121250E+01  0.637088E+01
0.122500E+01  0.683688E+01
0.123750E+01  0.731609E+01
0.125000E+01  0.780517E+01
0.126250E+01  0.830163E+01
0.127500E+01  0.880375E+01
0.128750E+01  0.931587E+01
0.130000E+01  0.984023E+01
0.131250E+01  0.103733E+02
0.132500E+01  0.109151E+02
0.133750E+01  0.114673E+02
0.135000E+01  0.120316E+02
0.136250E+01  0.126072E+02
0.137500E+01  0.131953E+02
0.138750E+01  0.137957E+02
0.140000E+01  0.144105E+02
0.141250E+01  0.150381E+02
0.142500E+01  0.156812E+02
0.143750E+01  0.163385E+02
0.145000E+01  0.170139E+02
0.146250E+01  0.177046E+02
0.147500E+01  0.184120E+02
0.148750E+01  0.191388E+02
0.150000E+01  0.198825E+02
0.151250E+01  0.206435E+02
0.152500E+01  0.214244E+02
0.153750E+01  0.222240E+02
0.155000E+01  0.230433E+02
0.156250E+01  0.238848E+02
0.157500E+01  0.247500E+02
0.158750E+01  0.256371E+02
0.160000E+01  0.265455E+02
0.161250E+01  0.274761E+02
0.162500E+01  0.284328E+02
0.163750E+01  0.294125E+02
0.165000E+01  0.304196E+02
0.166250E+01  0.314510E+02
0.167500E+01  0.325094E+02
0.168750E+01  0.335940E+02
0.170000E+01  0.347058E+02
0.171250E+01  0.358488E+02
0.172500E+01  0.370198E+02
0.173750E+01  0.382246E+02
0.175000E+01  0.394585E+02
0.176250E+01  0.407220E+02
0.177500E+01  0.420188E+02
0.178750E+01  0.433477E+02
0.180000E+01  0.447101E+02
0.181250E+01  0.461074E+02
0.182500E+01  0.475388E+02
0.183750E+01  0.490054E+02
0.185000E+01  0.505108E+02
0.186250E+01  0.520522E+02
0.187500E+01  0.536317E+02
0.188750E+01  0.552521E+02
0.190000E+01  0.569105E+02
0.191250E+01  0.586088E+02
0.192500E+01  0.603497E+02
0.193750E+01  0.621312E+02
0.195000E+01  0.639563E+02
0.196250E+01  0.658264E+02
0.197500E+01  0.677404E+02
0.198750E+01  0.697003E+02
0.200000E+01  0.717094E+02
0.201250E+01  0.737651E+02
0.202500E+01  0.758680E+02
0.203750E+01  0.780180E+02
0.205000E+01  0.802199E+02
0.206250E+01  0.824706E+02
0.207500E+01  0.847766E+02
0.208750E+01  0.871352E+02
0.210000E+01  0.895459E+02
0.211250E+01  0.920092E+02
0.212500E+01  0.945315E+02
0.213750E+01  0.971087E+02
0.215000E+01  0.997429E+02
0.216250E+01  0.102438E+03
0.217500E+01  0.105191E+03
0.218750E+01  0.108003E+03
0.220000E+01  0.110879E+03
0.221250E+01  0.113815E+03
0.222500E+01  0.116818E+03
0.223750E+01  0.119883E+03
0.225000E+01  0.123019E+03
