0.101250E+01  0.295015E+00
0.102500E+01  0.598907E+00
0.103750E+01  0.911998E+00
0.105000E+01  0.124359E+01
0.106250E+01  0.159384E+01
0.107500E+01  0.195790E+01
0.108750E+01  0.233453E+01
0.110000E+01  0.272626E+01
0.111250E+01  0.313540E+01
0.112500E+01  0.355879E+01
0.113750E+01  0.399326E+01
0.115000E+01  0.443855E+01
0.116250E+01  0.488892E+01
0.117500E+01  0.534838E+01
0.118750E+01  0.581594E+01
0.120000E+01  0.629010E+01
0.121250E+01  0.676884E+01
0.122500E+01  0.725235E+01
0.123750E+01  0.773958E+01
0.125000E+01  0.823264E+01
0.126250E+01  0.873185E+01
0.127500E+01  0.923666E+01
0.128750E+01  0.974775E+01
0.130000E+01  0.102657E+02
0.131250E+01  0.107910E+02
0.132500E+01  0.113242E+02
0.133750E+01  0.118656E+02
0.135000E+01  0.124158E+02
0.136250E+01  0.129752E+02
0.137500E+01  0.135446E+02
0.138750E+01  0.141239E+02
0.140000E+01  0.147140E+02
0.141250E+01  0.153155E+02
0.142500E+01  0.159286E+02
0.143750E+01  0.165539E+02
0.145000E+01  0.171919E+02
0.146250E+01  0.178433E+02
0.147500E+01  0.185085E+02
0.148750E+01  0.191879E+02
0.150000E+01  0.198823E+02
0.151250E+01  0.205922E+02
0.152500E+01  0.213181E+02
0.153750E+01  0.220606E+02
0.155000E+01  0.228203E+02
0.156250E+01  0.235979E+02
0.157500E+01  0.243940E+02
0.158750E+01  0.252092E+02
0.160000E+01  0.260442E+02
0.161250E+01  0.268996E+02
0.162500E+01  0.277763E+02
0.163750E+01  0.286746E+02
0.165000E+01  0.295955E+02
0.166250E+01  0.305403E+02
0.167500E+01  0.315083E+02
0.168750E+01  0.325022E+02
0.170000E+01  0.335212E+02
0.171250E+01  0.345670E+02
0.172500E+01  0.356400E+02
0.173750E+01  0.367412E+02
0.175000E+01  0.378716E+02
0.176250E+01  0.390318E+02
0.177500E+01  0.402232E+02
0.178750E+01  0.414455E+02
0.180000E+01  0.427016E+02
0.181250E+01  0.439906E+02
0.182500E+01  0.453143E+02
0.183750E+01  0.466747E+02
0.185000E+01  0.480703E+02
0.186250E+01  0.495055E+02
0.187500E+01  0.509775E+02
0.188750E+01  0.524908E+02
0.190000E+01  0.540456E+02
0.191250E+01  0.556414E+02
0.192500E+01  0.572813E+02
0.193750E+01  0.589667E+02
0.195000E+01  0.606967E+02
0.196250E+01  0.624750E+02
0.197500E+01  0.643017E+02
0.198750E+01  0.661780E+02
0.200000E+01  0.681068E+02
0.201250E+01  0.700860E+02
0.202500E+01  0.721199E+02
0.203750E+01  0.742101E+02
0.205000E+01  0.763549E+02
0.206250E+01  0.785599E+02
0.207500E+01  0.808247E+02
0.208750E+01  0.831501E+02
0.210000E+01  0.855395E+02
0.211250E+01  0.879921E+02
0.212500E+01  0.905103E+02
0.213750E+01  0.930976E+02
0.215000E+01  0.957528E+02
0.216250E+01  0.984809E+02
0.217500E+01  0.101280E+03
0.218750E+01  0.104156E+03
0.220000E+01  0.107106E+03
0.221250E+01  0.110136E+03
0.222500E+01  0.113245E+03
0.223750E+01  0.116438E+03
0.225000E+01  0.119712E+03
