0.101250E+01  0.224370E+00
0.102500E+01  0.455322E+00
0.103750E+01  0.693160E+00
0.105000E+01  0.944283E+00
0.106250E+01  0.120909E+01
0.107500E+01  0.148354E+01
0.108750E+01  0.176701E+01
0.110000E+01  0.206047E+01
0.111250E+01  0.236461E+01
0.112500E+01  0.268028E+01
0.113750E+01  0.300585E+01
0.115000E+01  0.334626E+01
0.116250E+01  0.369625E+01
0.117500E+01  0.404811E+01
0.118750E+01  0.440550E+01
0.120000E+01  0.477133E+01
0.121250E+01  0.514702E+01
0.122500E+01  0.553279E+01
0.123750E+01  0.592846E+01
0.125000E+01  0.633427E+01
0.126250E+01  0.674877E+01
0.127500E+01  0.717059E+01
0.128750E+01  0.759937E+01
0.130000E+01  0.803760E+01
0.131250E+01  0.848811E+01
0.132500E+01  0.894930E+01
0.133750E+01  0.942124E+01
0.135000E+01  0.990502E+01
0.136250E+01  0.104008E+02
0.137500E+01  0.109098E+02
0.138750E+01  0.114318E+02
0.140000E+01  0.119692E+02
0.141250E+01  0.125205E+02
0.142500E+01  0.130891E+02
0.143750E+01  0.136717E+02
0.145000E+01  0.142710E+02
0.146250E+01  0.148860E+02
0.147500E+01  0.155183E+02
0.148750E+01  0.161704E+02
0.150000E+01  0.168427E+02
0.151250E+01  0.175359E+02
0.152500E+01  0.182488E+02
0.153750E+01  0.189834E+02
0.155000E+01  0.197396E+02
0.156250E+01  0.205194E+02
0.157500E+01  0.213226E+02
0.158750E+01  0.221498E+02
0.160000E+01  0.230002E+02
0.161250E+01  0.238771E+02
0.162500E+01  0.247792E+02
0.163750E+01  0.257081E+02
0.165000E+01  0.266674E+02
0.166250E+01  0.276534E+02
0.167500E+01  0.286721E+02
0.168750E+01  0.297179E+02
0.170000E+01  0.307930E+02
0.171250E+01  0.318996E+02
0.172500E+01  0.330418E+02
0.173750E+01  0.342183E+02
0.175000E+01  0.354276E+02
0.176250E+01  0.366707E+02
0.177500E+01  0.379487E+02
0.178750E+01  0.392672E+02
0.180000E+01  0.406252E+02
0.181250E+01  0.420226E+02
0.182500E+01  0.434560E+02
0.183750E+01  0.449281E+02
0.185000E+01  0.464415E+02
0.186250E+01  0.480006E+02
0.187500E+01  0.496020E+02
0.188750E+01  0.512463E+02
0.190000E+01  0.529330E+02
0.191250E+01  0.546690E+02
0.192500E+01  0.564498E+02
0.193750E+01  0.582794E+02
0.195000E+01  0.601601E+02
0.196250E+01  0.620899E+02
0.197500E+01  0.640697E+02
0.198750E+01  0.661063E+02
0.200000E+01  0.681948E+02
0.201250E+01  0.703349E+02
0.202500E+01  0.725271E+02
0.203750E+01  0.747743E+02
0.205000E+01  0.770791E+02
0.206250E+01  0.794436E+02
0.207500E+01  0.818685E+02
0.208750E+01  0.843528E+02
0.210000E+01  0.868989E+02
0.211250E+01  0.895066E+02
0.212500E+01  0.921765E+02
0.213750E+01  0.949104E+02
0.215000E+01  0.977091E+02
0.216250E+01  0.100579E+03
0.217500E+01  0.103514E+03
0.218750E+01  0.106517E+03
0.220000E+01  0.109594E+03
0.221250E+01  0.112742E+03
0.222500E+01  0.115962E+03
0.223750E+01  0.119257E+03
0.225000E+01  0.122628E+03
