0.101250E+01  0.127277E+00
0.102500E+01  0.258370E+00
0.103750E+01  0.393693E+00
0.105000E+01  0.536988E+00
0.106250E+01  0.689466E+00
0.107500E+01  0.850679E+00
0.108750E+01  0.102273E+01
0.110000E+01  0.120783E+01
0.111250E+01  0.141275E+01
0.112500E+01  0.163873E+01
0.113750E+01  0.187372E+01
0.115000E+01  0.211654E+01
0.116250E+01  0.236142E+01
0.117500E+01  0.261502E+01
0.118750E+01  0.288013E+01
0.120000E+01  0.315454E+01
0.121250E+01  0.344039E+01
0.122500E+01  0.373881E+01
0.123750E+01  0.405108E+01
0.125000E+01  0.437815E+01
0.126250E+01  0.472121E+01
0.127500E+01  0.508147E+01
0.128750E+01  0.546022E+01
0.130000E+01  0.585871E+01
0.131250E+01  0.627821E+01
0.132500E+01  0.672014E+01
0.133750E+01  0.718579E+01
0.135000E+01  0.767679E+01
0.136250E+01  0.819469E+01
0.137500E+01  0.874083E+01
0.138750E+01  0.931707E+01
0.140000E+01  0.992498E+01
0.141250E+01  0.105663E+02
0.142500E+01  0.112429E+02
0.143750E+01  0.119566E+02
0.145000E+01  0.127093E+02
0.146250E+01  0.135034E+02
0.147500E+01  0.143404E+02
0.148750E+01  0.152229E+02
0.150000E+01  0.161533E+02
0.151250E+01  0.171337E+02
0.152500E+01  0.181667E+02
0.153750E+01  0.192551E+02
0.155000E+01  0.204011E+02
0.156250E+01  0.216080E+02
0.157500E+01  0.228784E+02
0.158750E+01  0.242152E+02
0.160000E+01  0.256219E+02
0.161250E+01  0.271016E+02
0.162500E+01  0.286566E+02
0.163750E+01  0.302927E+02
0.165000E+01  0.320124E+02
0.166250E+01  0.338206E+02
0.167500E+01  0.357187E+02
0.168750E+01  0.377115E+02
0.170000E+01  0.398085E+02
0.171250E+01  0.420065E+02
0.172500E+01  0.443105E+02
0.173750E+01  0.467301E+02
0.175000E+01  0.492677E+02
0.176250E+01  0.519277E+02
0.177500E+01  0.547168E+02
0.178750E+01  0.576323E+02
0.180000E+01  0.606926E+02
0.181250E+01  0.639037E+02
0.182500E+01  0.672560E+02
0.183750E+01  0.707742E+02
0.185000E+01  0.744673E+02
0.186250E+01  0.783239E+02
0.187500E+01  0.823575E+02
0.188750E+01  0.865784E+02
0.190000E+01  0.910176E+02
0.191250E+01  0.956520E+02
0.192500E+01  0.100481E+03
0.193750E+01  0.105519E+03
0.195000E+01  0.110795E+03
0.196250E+01  0.116296E+03
0.197500E+01  0.122042E+03
0.198750E+01  0.128058E+03
0.200000E+01  0.134315E+03
0.201250E+01  0.140849E+03
0.202500E+01  0.147659E+03
0.203750E+01  0.154756E+03
0.205000E+01  0.162147E+03
0.206250E+01  0.169838E+03
0.207500E+01  0.177856E+03
0.208750E+01  0.186191E+03
0.210000E+01  0.194875E+03
0.211250E+01  0.203896E+03
0.212500E+01  0.213290E+03
0.213750E+01  0.223055E+03
0.215000E+01  0.233220E+03
0.216250E+01  0.243810E+03
0.217500E+01  0.254816E+03
0.218750E+01  0.266269E+03
0.220000E+01  0.278277E+03
0.221250E+01  0.290737E+03
0.222500E+01  0.303724E+03
0.223750E+01  0.317157E+03
0.225000E+01  0.331062E+03
