0.101250E+01  0.467850E+00
0.102500E+01  0.949834E+00
0.103750E+01  0.144726E+01
0.105000E+01  0.197703E+01
0.106250E+01  0.253592E+01
0.107500E+01  0.311677E+01
0.108750E+01  0.371835E+01
0.110000E+01  0.433732E+01
0.111250E+01  0.497270E+01
0.112500E+01  0.562128E+01
0.113750E+01  0.628178E+01
0.115000E+01  0.694954E+01
0.116250E+01  0.762410E+01
0.117500E+01  0.830779E+01
0.118750E+01  0.899770E+01
0.120000E+01  0.969887E+01
0.121250E+01  0.104021E+02
0.122500E+01  0.111096E+02
0.123750E+01  0.118209E+02
0.125000E+01  0.125325E+02
0.126250E+01  0.132420E+02
0.127500E+01  0.139512E+02
0.128750E+01  0.146594E+02
0.130000E+01  0.153710E+02
0.131250E+01  0.160846E+02
0.132500E+01  0.167991E+02
0.133750E+01  0.175157E+02
0.135000E+01  0.182348E+02
0.136250E+01  0.189574E+02
0.137500E+01  0.196831E+02
0.138750E+01  0.204103E+02
0.140000E+01  0.211402E+02
0.141250E+01  0.218718E+02
0.142500E+01  0.226050E+02
0.143750E+01  0.233395E+02
0.145000E+01  0.240762E+02
0.146250E+01  0.248154E+02
0.147500E+01  0.255593E+02
0.148750E+01  0.263086E+02
0.150000E+01  0.270602E+02
0.151250E+01  0.278129E+02
0.152500E+01  0.285675E+02
0.153750E+01  0.293254E+02
0.155000E+01  0.300861E+02
0.156250E+01  0.308501E+02
0.157500E+01  0.316178E+02
0.158750E+01  0.323886E+02
0.160000E+01  0.331632E+02
0.161250E+01  0.339419E+02
0.162500E+01  0.347231E+02
0.163750E+01  0.355079E+02
0.165000E+01  0.362963E+02
0.166250E+01  0.370879E+02
0.167500E+01  0.378823E+02
0.168750E+01  0.386807E+02
0.170000E+01  0.394841E+02
0.171250E+01  0.402932E+02
0.172500E+01  0.411068E+02
0.173750E+01  0.419238E+02
0.175000E+01  0.427431E+02
0.176250E+01  0.435657E+02
0.177500E+01  0.443908E+02
0.178750E+01  0.452190E+02
0.180000E+01  0.460509E+02
0.181250E+01  0.468867E+02
0.182500E+01  0.477261E+02
0.183750E+01  0.485696E+02
0.185000E+01  0.494167E+02
0.186250E+01  0.502676E+02
0.187500E+01  0.511230E+02
0.188750E+01  0.519820E+02
0.190000E+01  0.528448E+02
0.191250E+01  0.537107E+02
0.192500E+01  0.545798E+02
0.193750E+01  0.554526E+02
0.195000E+01  0.563290E+02
0.196250E+01  0.572091E+02
0.197500E+01  0.580928E+02
0.198750E+01  0.589800E+02
0.200000E+01  0.598715E+02
0.201250E+01  0.607670E+02
0.202500E+01  0.616653E+02
0.203750E+01  0.625666E+02
0.205000E+01  0.634705E+02
0.206250E+01  0.643777E+02
0.207500E+01  0.652883E+02
0.208750E+01  0.662021E+02
0.210000E+01  0.671192E+02
0.211250E+01  0.680393E+02
0.212500E+01  0.689631E+02
0.213750E+01  0.698899E+02
0.215000E+01  0.708196E+02
0.216250E+01  0.717524E+02
0.217500E+01  0.726878E+02
0.218750E+01  0.736269E+02
0.220000E+01  0.745690E+02
0.221250E+01  0.755135E+02
0.222500E+01  0.764595E+02
0.223750E+01  0.774079E+02
0.225000E+01  0.783590E+02
