0.101250E+01  0.234688E+00
0.102500E+01  0.476249E+00
0.103750E+01  0.724916E+00
0.105000E+01  0.987335E+00
0.106250E+01  0.126410E+01
0.107500E+01  0.155062E+01
0.108750E+01  0.184657E+01
0.110000E+01  0.215247E+01
0.111250E+01  0.247012E+01
0.112500E+01  0.279899E+01
0.113750E+01  0.314199E+01
0.115000E+01  0.349124E+01
0.116250E+01  0.384315E+01
0.117500E+01  0.419717E+01
0.118750E+01  0.456217E+01
0.120000E+01  0.493253E+01
0.121250E+01  0.530608E+01
0.122500E+01  0.567511E+01
0.123750E+01  0.604851E+01
0.125000E+01  0.642390E+01
0.126250E+01  0.680115E+01
0.127500E+01  0.718023E+01
0.128750E+01  0.756140E+01
0.130000E+01  0.794520E+01
0.131250E+01  0.833162E+01
0.132500E+01  0.872102E+01
0.133750E+01  0.911351E+01
0.135000E+01  0.950935E+01
0.136250E+01  0.990871E+01
0.137500E+01  0.103118E+02
0.138750E+01  0.107187E+02
0.140000E+01  0.111296E+02
0.141250E+01  0.115448E+02
0.142500E+01  0.119642E+02
0.143750E+01  0.123882E+02
0.145000E+01  0.128168E+02
0.146250E+01  0.132502E+02
0.147500E+01  0.136885E+02
0.148750E+01  0.141319E+02
0.150000E+01  0.145805E+02
0.151250E+01  0.150344E+02
0.152500E+01  0.154938E+02
0.153750E+01  0.159589E+02
0.155000E+01  0.164297E+02
0.156250E+01  0.169063E+02
0.157500E+01  0.173891E+02
0.158750E+01  0.178778E+02
0.160000E+01  0.183731E+02
0.161250E+01  0.188747E+02
0.162500E+01  0.193830E+02
0.163750E+01  0.198979E+02
0.165000E+01  0.204197E+02
0.166250E+01  0.209484E+02
0.167500E+01  0.214842E+02
0.168750E+01  0.220271E+02
0.170000E+01  0.225772E+02
0.171250E+01  0.231350E+02
0.172500E+01  0.237001E+02
0.173750E+01  0.242728E+02
0.175000E+01  0.248535E+02
0.176250E+01  0.254419E+02
0.177500E+01  0.260382E+02
0.178750E+01  0.266427E+02
0.180000E+01  0.272554E+02
0.181250E+01  0.278764E+02
0.182500E+01  0.285058E+02
0.183750E+01  0.291437E+02
0.185000E+01  0.297903E+02
0.186250E+01  0.304457E+02
0.187500E+01  0.311099E+02
0.188750E+01  0.317834E+02
0.190000E+01  0.324656E+02
0.191250E+01  0.331575E+02
0.192500E+01  0.338584E+02
0.193750E+01  0.345688E+02
0.195000E+01  0.352891E+02
0.196250E+01  0.360186E+02
0.197500E+01  0.367581E+02
0.198750E+01  0.375076E+02
0.200000E+01  0.382666E+02
0.201250E+01  0.390359E+02
0.202500E+01  0.398155E+02
0.203750E+01  0.406050E+02
0.205000E+01  0.414052E+02
0.206250E+01  0.422154E+02
0.207500E+01  0.430362E+02
0.208750E+01  0.438679E+02
0.210000E+01  0.447099E+02
0.211250E+01  0.455628E+02
0.212500E+01  0.464269E+02
0.213750E+01  0.473014E+02
0.215000E+01  0.481872E+02
0.216250E+01  0.490844E+02
0.217500E+01  0.499924E+02
0.218750E+01  0.509118E+02
0.220000E+01  0.518430E+02
0.221250E+01  0.527851E+02
0.222500E+01  0.537390E+02
0.223750E+01  0.547047E+02
0.225000E+01  0.556817E+02
