0.101250E+01  0.345877E+00
0.102500E+01  0.702310E+00
0.103750E+01  0.106964E+01
0.105000E+01  0.145949E+01
0.106250E+01  0.187161E+01
0.107500E+01  0.230030E+01
0.108750E+01  0.274475E+01
0.110000E+01  0.320843E+01
0.111250E+01  0.368803E+01
0.112500E+01  0.418089E+01
0.113750E+01  0.468541E+01
0.115000E+01  0.519890E+01
0.116250E+01  0.571927E+01
0.117500E+01  0.624764E+01
0.118750E+01  0.677964E+01
0.120000E+01  0.731495E+01
0.121250E+01  0.785497E+01
0.122500E+01  0.839477E+01
0.123750E+01  0.893846E+01
0.125000E+01  0.948520E+01
0.126250E+01  0.100357E+02
0.127500E+01  0.105886E+02
0.128750E+01  0.111450E+02
0.130000E+01  0.117056E+02
0.131250E+01  0.122703E+02
0.132500E+01  0.128396E+02
0.133750E+01  0.134136E+02
0.135000E+01  0.139927E+02
0.136250E+01  0.145772E+02
0.137500E+01  0.151672E+02
0.138750E+01  0.157632E+02
0.140000E+01  0.163653E+02
0.141250E+01  0.169738E+02
0.142500E+01  0.175891E+02
0.143750E+01  0.182114E+02
0.145000E+01  0.188408E+02
0.146250E+01  0.194776E+02
0.147500E+01  0.201225E+02
0.148750E+01  0.207753E+02
0.150000E+01  0.214363E+02
0.151250E+01  0.221061E+02
0.152500E+01  0.227848E+02
0.153750E+01  0.234727E+02
0.155000E+01  0.241700E+02
0.156250E+01  0.248771E+02
0.157500E+01  0.255943E+02
0.158750E+01  0.263217E+02
0.160000E+01  0.270598E+02
0.161250E+01  0.278093E+02
0.162500E+01  0.285699E+02
0.163750E+01  0.293422E+02
0.165000E+01  0.301266E+02
0.166250E+01  0.309231E+02
0.167500E+01  0.317325E+02
0.168750E+01  0.325546E+02
0.170000E+01  0.333902E+02
0.171250E+01  0.342390E+02
0.172500E+01  0.351021E+02
0.173750E+01  0.359793E+02
0.175000E+01  0.368711E+02
0.176250E+01  0.377781E+02
0.177500E+01  0.387003E+02
0.178750E+01  0.396382E+02
0.180000E+01  0.405924E+02
0.181250E+01  0.415627E+02
0.182500E+01  0.425498E+02
0.183750E+01  0.435548E+02
0.185000E+01  0.445768E+02
0.186250E+01  0.456173E+02
0.187500E+01  0.466766E+02
0.188750E+01  0.477543E+02
0.190000E+01  0.488517E+02
0.191250E+01  0.499691E+02
0.192500E+01  0.511058E+02
0.193750E+01  0.522637E+02
0.195000E+01  0.534427E+02
0.196250E+01  0.546432E+02
0.197500E+01  0.558653E+02
0.198750E+01  0.571100E+02
0.200000E+01  0.583781E+02
0.201250E+01  0.596688E+02
0.202500E+01  0.609833E+02
0.203750E+01  0.623227E+02
0.205000E+01  0.636866E+02
0.206250E+01  0.650760E+02
0.207500E+01  0.664909E+02
0.208750E+01  0.679325E+02
0.210000E+01  0.694008E+02
0.211250E+01  0.708966E+02
0.212500E+01  0.724201E+02
0.213750E+01  0.739721E+02
0.215000E+01  0.755531E+02
0.216250E+01  0.771635E+02
0.217500E+01  0.788041E+02
0.218750E+01  0.804750E+02
0.220000E+01  0.821775E+02
0.221250E+01  0.839110E+02
0.222500E+01  0.856770E+02
0.223750E+01  0.874766E+02
0.225000E+01  0.893087E+02
