0.101250E+01  0.202541E+00
0.102500E+01  0.411298E+00
0.103750E+01  0.626944E+00
0.105000E+01  0.855697E+00
0.106250E+01  0.110031E+01
0.107500E+01  0.135905E+01
0.108750E+01  0.163523E+01
0.110000E+01  0.193588E+01
0.111250E+01  0.226995E+01
0.112500E+01  0.262280E+01
0.113750E+01  0.298916E+01
0.115000E+01  0.336230E+01
0.116250E+01  0.374446E+01
0.117500E+01  0.414041E+01
0.118750E+01  0.455457E+01
0.120000E+01  0.498121E+01
0.121250E+01  0.542547E+01
0.122500E+01  0.588940E+01
0.123750E+01  0.637359E+01
0.125000E+01  0.688016E+01
0.126250E+01  0.741060E+01
0.127500E+01  0.796673E+01
0.128750E+01  0.855041E+01
0.130000E+01  0.916342E+01
0.131250E+01  0.980766E+01
0.132500E+01  0.104850E+02
0.133750E+01  0.111975E+02
0.135000E+01  0.119466E+02
0.136250E+01  0.127357E+02
0.137500E+01  0.135641E+02
0.138750E+01  0.144379E+02
0.140000E+01  0.153604E+02
0.141250E+01  0.163364E+02
0.142500E+01  0.173634E+02
0.143750E+01  0.184460E+02
0.145000E+01  0.195879E+02
0.146250E+01  0.207907E+02
0.147500E+01  0.220616E+02
0.148750E+01  0.233987E+02
0.150000E+01  0.248072E+02
0.151250E+01  0.262950E+02
0.152500E+01  0.278599E+02
0.153750E+01  0.295084E+02
0.155000E+01  0.312461E+02
0.156250E+01  0.330758E+02
0.157500E+01  0.350016E+02
0.158750E+01  0.370303E+02
0.160000E+01  0.391655E+02
0.161250E+01  0.414129E+02
0.162500E+01  0.437770E+02
0.163750E+01  0.462643E+02
0.165000E+01  0.488792E+02
0.166250E+01  0.516315E+02
0.167500E+01  0.545196E+02
0.168750E+01  0.575568E+02
0.170000E+01  0.607536E+02
0.171250E+01  0.641047E+02
0.172500E+01  0.676260E+02
0.173750E+01  0.713274E+02
0.175000E+01  0.752077E+02
0.176250E+01  0.792794E+02
0.177500E+01  0.835608E+02
0.178750E+01  0.880431E+02
0.180000E+01  0.927467E+02
0.181250E+01  0.976764E+02
0.182500E+01  0.102850E+03
0.183750E+01  0.108266E+03
0.185000E+01  0.113938E+03
0.186250E+01  0.119900E+03
0.187500E+01  0.126127E+03
0.188750E+01  0.132643E+03
0.190000E+01  0.139469E+03
0.191250E+01  0.146609E+03
0.192500E+01  0.154076E+03
0.193750E+01  0.161877E+03
0.195000E+01  0.170056E+03
0.196250E+01  0.178574E+03
0.197500E+01  0.187503E+03
0.198438E+01  0.194457E+03
0.199375E+01  0.201622E+03
0.200625E+01  0.211579E+03
0.201875E+01  0.221977E+03
0.203125E+01  0.232801E+03
0.204375E+01  0.244102E+03
0.205625E+01  0.255868E+03
0.206875E+01  0.268139E+03
0.208125E+01  0.280960E+03
0.209375E+01  0.294472E+03
0.210625E+01  0.308344E+03
0.211875E+01  0.322777E+03
0.213125E+01  0.337812E+03
0.214375E+01  0.353477E+03
0.215625E+01  0.369806E+03
0.216875E+01  0.386753E+03
0.218125E+01  0.404343E+03
0.219375E+01  0.422674E+03
0.220625E+01  0.441682E+03
0.221875E+01  0.461437E+03
0.223125E+01  0.481953E+03
0.224375E+01  0.503297E+03
0.225000E+01  0.514244E+03
