0.101250E+01  0.138175E+00
0.102500E+01  0.280251E+00
0.103750E+01  0.426333E+00
0.105000E+01  0.580154E+00
0.106250E+01  0.741212E+00
0.107500E+01  0.907900E+00
0.108750E+01  0.107927E+01
0.110000E+01  0.125513E+01
0.111250E+01  0.143645E+01
0.112500E+01  0.162259E+01
0.113750E+01  0.181320E+01
0.115000E+01  0.200945E+01
0.116250E+01  0.221030E+01
0.117500E+01  0.241234E+01
0.118750E+01  0.261911E+01
0.120000E+01  0.283477E+01
0.121250E+01  0.305479E+01
0.122500E+01  0.327399E+01
0.123750E+01  0.349602E+01
0.125000E+01  0.371901E+01
0.126250E+01  0.394156E+01
0.127500E+01  0.416559E+01
0.128750E+01  0.439021E+01
0.130000E+01  0.461574E+01
0.131250E+01  0.484251E+01
0.132500E+01  0.507047E+01
0.133750E+01  0.529997E+01
0.135000E+01  0.553105E+01
0.136250E+01  0.576388E+01
0.137500E+01  0.599853E+01
0.138750E+01  0.623514E+01
0.140000E+01  0.647377E+01
0.141250E+01  0.671458E+01
0.142500E+01  0.695766E+01
0.143750E+01  0.720309E+01
0.145000E+01  0.745094E+01
0.146250E+01  0.770127E+01
0.147500E+01  0.795419E+01
0.148750E+01  0.820975E+01
0.150000E+01  0.846805E+01
0.151250E+01  0.872917E+01
0.152500E+01  0.899317E+01
0.153750E+01  0.926015E+01
0.155000E+01  0.953014E+01
0.156250E+01  0.980324E+01
0.157500E+01  0.100795E+02
0.158750E+01  0.103590E+02
0.160000E+01  0.106419E+02
0.161250E+01  0.109282E+02
0.162500E+01  0.112181E+02
0.163750E+01  0.115114E+02
0.165000E+01  0.118084E+02
0.166250E+01  0.121090E+02
0.167500E+01  0.124133E+02
0.168750E+01  0.127215E+02
0.170000E+01  0.130335E+02
0.171250E+01  0.133494E+02
0.172500E+01  0.136693E+02
0.173750E+01  0.139933E+02
0.175000E+01  0.143214E+02
0.176250E+01  0.146536E+02
0.177500E+01  0.149901E+02
0.178750E+01  0.153310E+02
0.180000E+01  0.156762E+02
0.181250E+01  0.160259E+02
0.182500E+01  0.163799E+02
0.183750E+01  0.167386E+02
0.185000E+01  0.171019E+02
0.186250E+01  0.174699E+02
0.187500E+01  0.178425E+02
0.188750E+01  0.182200E+02
0.190000E+01  0.186026E+02
0.191250E+01  0.189898E+02
0.192500E+01  0.193823E+02
0.193750E+01  0.197796E+02
0.195000E+01  0.201821E+02
0.196250E+01  0.205900E+02
0.197500E+01  0.210029E+02
0.198750E+01  0.214211E+02
0.200000E+01  0.218447E+02
0.201250E+01  0.222737E+02
0.202500E+01  0.227082E+02
0.203750E+01  0.231480E+02
0.205000E+01  0.235935E+02
0.206250E+01  0.240445E+02
0.207500E+01  0.245013E+02
0.208750E+01  0.249636E+02
0.210000E+01  0.254317E+02
0.211250E+01  0.259058E+02
0.212500E+01  0.263855E+02
0.213750E+01  0.268712E+02
0.215000E+01  0.273631E+02
0.216250E+01  0.278607E+02
0.217500E+01  0.283645E+02
0.218750E+01  0.288745E+02
0.220000E+01  0.293907E+02
0.221250E+01  0.299130E+02
0.222500E+01  0.304417E+02
0.223750E+01  0.309766E+02
0.225000E+01  0.315180E+02
