0.101250E+01  0.246152E+00
0.102500E+01  0.499526E+00
0.103750E+01  0.760423E+00
0.105000E+01  0.103616E+01
0.106250E+01  0.132653E+01
0.107500E+01  0.162763E+01
0.108750E+01  0.193962E+01
0.110000E+01  0.226309E+01
0.111250E+01  0.259804E+01
0.112500E+01  0.295052E+01
0.113750E+01  0.332016E+01
0.115000E+01  0.370430E+01
0.116250E+01  0.410521E+01
0.117500E+01  0.452303E+01
0.118750E+01  0.495345E+01
0.120000E+01  0.539841E+01
0.121250E+01  0.586757E+01
0.122500E+01  0.635841E+01
0.123750E+01  0.685347E+01
0.125000E+01  0.736676E+01
0.126250E+01  0.789588E+01
0.127500E+01  0.844029E+01
0.128750E+01  0.900036E+01
0.130000E+01  0.957929E+01
0.131250E+01  0.101835E+02
0.132500E+01  0.108093E+02
0.133750E+01  0.114562E+02
0.135000E+01  0.121262E+02
0.136250E+01  0.128181E+02
0.137500E+01  0.135386E+02
0.138750E+01  0.142895E+02
0.140000E+01  0.150708E+02
0.141250E+01  0.158834E+02
0.142500E+01  0.167303E+02
0.143750E+01  0.176196E+02
0.145000E+01  0.185461E+02
0.146250E+01  0.195008E+02
0.147500E+01  0.204924E+02
0.148750E+01  0.215246E+02
0.150000E+01  0.225984E+02
0.151250E+01  0.237170E+02
0.152500E+01  0.248830E+02
0.153750E+01  0.260953E+02
0.155000E+01  0.273591E+02
0.156250E+01  0.286750E+02
0.157500E+01  0.300453E+02
0.158750E+01  0.314701E+02
0.160000E+01  0.329542E+02
0.161250E+01  0.344970E+02
0.162500E+01  0.361024E+02
0.163750E+01  0.377742E+02
0.165000E+01  0.395131E+02
0.166250E+01  0.413196E+02
0.167500E+01  0.432018E+02
0.168750E+01  0.451560E+02
0.170000E+01  0.471924E+02
0.171250E+01  0.493054E+02
0.172500E+01  0.515010E+02
0.173750E+01  0.537771E+02
0.175000E+01  0.561428E+02
0.176250E+01  0.586016E+02
0.177500E+01  0.611517E+02
0.178750E+01  0.638031E+02
0.180000E+01  0.665492E+02
0.181250E+01  0.694007E+02
0.182500E+01  0.723558E+02
0.183750E+01  0.754229E+02
0.185000E+01  0.785992E+02
0.186250E+01  0.818946E+02
0.187500E+01  0.853017E+02
0.188750E+01  0.888341E+02
0.190000E+01  0.924888E+02
0.191250E+01  0.962748E+02
0.192500E+01  0.100189E+03
0.193750E+01  0.104240E+03
0.195000E+01  0.108426E+03
0.196250E+01  0.112763E+03
0.197500E+01  0.117235E+03
0.198750E+01  0.121869E+03
0.200000E+01  0.126648E+03
0.201250E+01  0.131587E+03
0.202500E+01  0.136689E+03
0.203750E+01  0.141956E+03
0.205000E+01  0.147399E+03
0.206250E+01  0.153010E+03
0.207500E+01  0.158791E+03
0.208750E+01  0.164749E+03
0.210000E+01  0.170886E+03
0.211250E+01  0.177212E+03
0.212500E+01  0.183728E+03
0.213750E+01  0.190433E+03
0.215000E+01  0.197337E+03
0.216250E+01  0.204437E+03
0.217500E+01  0.211742E+03
0.218750E+01  0.219246E+03
0.220000E+01  0.226977E+03
0.221250E+01  0.234921E+03
0.222500E+01  0.243080E+03
0.223750E+01  0.251463E+03
0.225000E+01  0.260074E+03
