0.101250E+01  0.181724E+00
0.102500E+01  0.368842E+00
0.103750E+01  0.561809E+00
0.105000E+01  0.765806E+00
0.106250E+01  0.981801E+00
0.107500E+01  0.120737E+01
0.108750E+01  0.144280E+01
0.110000E+01  0.168981E+01
0.111250E+01  0.194950E+01
0.112500E+01  0.222574E+01
0.113750E+01  0.252801E+01
0.115000E+01  0.283697E+01
0.116250E+01  0.315944E+01
0.117500E+01  0.350152E+01
0.118750E+01  0.384203E+01
0.120000E+01  0.419356E+01
0.121250E+01  0.455827E+01
0.122500E+01  0.493235E+01
0.123750E+01  0.531780E+01
0.125000E+01  0.571654E+01
0.126250E+01  0.612876E+01
0.127500E+01  0.655683E+01
0.128750E+01  0.700187E+01
0.130000E+01  0.746412E+01
0.131250E+01  0.794639E+01
0.132500E+01  0.844805E+01
0.133750E+01  0.897250E+01
0.135000E+01  0.951970E+01
0.136250E+01  0.100908E+02
0.137500E+01  0.106882E+02
0.138750E+01  0.113133E+02
0.140000E+01  0.119669E+02
0.141250E+01  0.126510E+02
0.142500E+01  0.133676E+02
0.143750E+01  0.141181E+02
0.145000E+01  0.149043E+02
0.146250E+01  0.157283E+02
0.147500E+01  0.165919E+02
0.148750E+01  0.174972E+02
0.150000E+01  0.184463E+02
0.151250E+01  0.194418E+02
0.152500E+01  0.204852E+02
0.153750E+01  0.215799E+02
0.155000E+01  0.227273E+02
0.156250E+01  0.239311E+02
0.157500E+01  0.251932E+02
0.158750E+01  0.265169E+02
0.160000E+01  0.279047E+02
0.161250E+01  0.293602E+02
0.162500E+01  0.308866E+02
0.163750E+01  0.324861E+02
0.165000E+01  0.341673E+02
0.166250E+01  0.359274E+02
0.167500E+01  0.377738E+02
0.168750E+01  0.397093E+02
0.170000E+01  0.417364E+02
0.171250E+01  0.438607E+02
0.172500E+01  0.460902E+02
0.173750E+01  0.484242E+02
0.175000E+01  0.508664E+02
0.176250E+01  0.534259E+02
0.177500E+01  0.561086E+02
0.178750E+01  0.589117E+02
0.180000E+01  0.618526E+02
0.181250E+01  0.649232E+02
0.182500E+01  0.681403E+02
0.183750E+01  0.715095E+02
0.185000E+01  0.750262E+02
0.186250E+01  0.787065E+02
0.187500E+01  0.825590E+02
0.188750E+01  0.865794E+02
0.190000E+01  0.907897E+02
0.191250E+01  0.951770E+02
0.192500E+01  0.997715E+02
0.193750E+01  0.104562E+03
0.195000E+01  0.109572E+03
0.196250E+01  0.114801E+03
0.197500E+01  0.120254E+03
0.198750E+01  0.125961E+03
0.200000E+01  0.131901E+03
0.201250E+01  0.138092E+03
0.202500E+01  0.144576E+03
0.203750E+01  0.151317E+03
0.205000E+01  0.158342E+03
0.206250E+01  0.165655E+03
0.207500E+01  0.173279E+03
0.208750E+01  0.181211E+03
0.210000E+01  0.189470E+03
0.211250E+01  0.198064E+03
0.212500E+01  0.207001E+03
0.213750E+01  0.216330E+03
0.215000E+01  0.226028E+03
0.216250E+01  0.236094E+03
0.217500E+01  0.246545E+03
0.218750E+01  0.257425E+03
0.220000E+01  0.268716E+03
0.221250E+01  0.280449E+03
0.222500E+01  0.292632E+03
0.223750E+01  0.305264E+03
0.225000E+01  0.318400E+03
