0.101250E+01  0.195016E+00
0.102500E+01  0.395595E+00
0.103750E+01  0.601907E+00
0.105000E+01  0.819167E+00
0.106250E+01  0.104708E+01
0.107500E+01  0.128256E+01
0.108750E+01  0.152438E+01
0.110000E+01  0.177306E+01
0.111250E+01  0.202827E+01
0.112500E+01  0.228978E+01
0.113750E+01  0.255777E+01
0.115000E+01  0.283105E+01
0.116250E+01  0.311116E+01
0.117500E+01  0.339543E+01
0.118750E+01  0.368286E+01
0.120000E+01  0.397241E+01
0.121250E+01  0.426466E+01
0.122500E+01  0.455923E+01
0.123750E+01  0.485738E+01
0.125000E+01  0.515960E+01
0.126250E+01  0.546558E+01
0.127500E+01  0.577343E+01
0.128750E+01  0.608132E+01
0.130000E+01  0.639022E+01
0.131250E+01  0.670022E+01
0.132500E+01  0.701204E+01
0.133750E+01  0.732424E+01
0.135000E+01  0.763744E+01
0.136250E+01  0.795231E+01
0.137500E+01  0.826913E+01
0.138750E+01  0.858805E+01
0.140000E+01  0.890962E+01
0.141250E+01  0.923302E+01
0.142500E+01  0.955824E+01
0.143750E+01  0.988606E+01
0.145000E+01  0.102162E+02
0.146250E+01  0.105486E+02
0.147500E+01  0.108839E+02
0.148750E+01  0.112218E+02
0.150000E+01  0.115622E+02
0.151250E+01  0.119047E+02
0.152500E+01  0.122498E+02
0.153750E+01  0.125977E+02
0.155000E+01  0.129485E+02
0.156250E+01  0.133019E+02
0.157500E+01  0.136586E+02
0.158750E+01  0.140175E+02
0.160000E+01  0.143791E+02
0.161250E+01  0.147448E+02
0.162500E+01  0.151137E+02
0.163750E+01  0.154852E+02
0.165000E+01  0.158597E+02
0.166250E+01  0.162374E+02
0.167500E+01  0.166187E+02
0.168750E+01  0.170032E+02
0.170000E+01  0.173911E+02
0.171250E+01  0.177821E+02
0.172500E+01  0.181764E+02
0.173750E+01  0.185755E+02
0.175000E+01  0.189793E+02
0.176250E+01  0.193857E+02
0.177500E+01  0.197939E+02
0.178750E+01  0.202052E+02
0.180000E+01  0.206205E+02
0.181250E+01  0.210397E+02
0.182500E+01  0.214633E+02
0.183750E+01  0.218902E+02
0.185000E+01  0.223208E+02
0.186250E+01  0.227554E+02
0.187500E+01  0.231947E+02
0.188750E+01  0.236376E+02
0.190000E+01  0.240835E+02
0.191250E+01  0.245328E+02
0.192500E+01  0.249859E+02
0.193750E+01  0.254428E+02
0.195000E+01  0.259038E+02
0.196250E+01  0.263692E+02
0.197500E+01  0.268380E+02
0.198750E+01  0.273112E+02
0.200000E+01  0.277880E+02
0.201250E+01  0.282690E+02
0.202500E+01  0.287538E+02
0.203750E+01  0.292426E+02
0.205000E+01  0.297357E+02
0.206250E+01  0.302329E+02
0.207500E+01  0.307341E+02
0.208750E+01  0.312396E+02
0.210000E+01  0.317491E+02
0.211250E+01  0.322628E+02
0.212500E+01  0.327803E+02
0.213750E+01  0.333018E+02
0.215000E+01  0.338277E+02
0.216250E+01  0.343576E+02
0.217500E+01  0.348919E+02
0.218750E+01  0.354303E+02
0.220000E+01  0.359728E+02
0.221250E+01  0.365195E+02
0.222500E+01  0.370700E+02
0.223750E+01  0.376247E+02
0.225000E+01  0.381834E+02
