0.101250E+01  0.350062E+00
0.102500E+01  0.710872E+00
0.103750E+01  0.108310E+01
0.105000E+01  0.147881E+01
0.106250E+01  0.189661E+01
0.107500E+01  0.233167E+01
0.108750E+01  0.278439E+01
0.110000E+01  0.325593E+01
0.111250E+01  0.374925E+01
0.112500E+01  0.426259E+01
0.113750E+01  0.479870E+01
0.115000E+01  0.535720E+01
0.116250E+01  0.593727E+01
0.117500E+01  0.654278E+01
0.118750E+01  0.717555E+01
0.120000E+01  0.783116E+01
0.121250E+01  0.850901E+01
0.122500E+01  0.920891E+01
0.123750E+01  0.993198E+01
0.125000E+01  0.106797E+02
0.126250E+01  0.114570E+02
0.127500E+01  0.122672E+02
0.128750E+01  0.131100E+02
0.130000E+01  0.139853E+02
0.131250E+01  0.149156E+02
0.132500E+01  0.158686E+02
0.133750E+01  0.168596E+02
0.135000E+01  0.178934E+02
0.136250E+01  0.189724E+02
0.137500E+01  0.201036E+02
0.138750E+01  0.212882E+02
0.140000E+01  0.225274E+02
0.141250E+01  0.238215E+02
0.142500E+01  0.251712E+02
0.143750E+01  0.265847E+02
0.145000E+01  0.280647E+02
0.146250E+01  0.296153E+02
0.147500E+01  0.312347E+02
0.148750E+01  0.329391E+02
0.150000E+01  0.347185E+02
0.151250E+01  0.365877E+02
0.152500E+01  0.385420E+02
0.153750E+01  0.405886E+02
0.155000E+01  0.427325E+02
0.156250E+01  0.449754E+02
0.157500E+01  0.473289E+02
0.158750E+01  0.497893E+02
0.160000E+01  0.523662E+02
0.161250E+01  0.550654E+02
0.162500E+01  0.578939E+02
0.163750E+01  0.608528E+02
0.165000E+01  0.639541E+02
0.166250E+01  0.672022E+02
0.167500E+01  0.706027E+02
0.168750E+01  0.741885E+02
0.170000E+01  0.779294E+02
0.171250E+01  0.818253E+02
0.172500E+01  0.858906E+02
0.173750E+01  0.901376E+02
0.175000E+01  0.945874E+02
0.176250E+01  0.992297E+02
0.177500E+01  0.104081E+03
0.178750E+01  0.109158E+03
0.180000E+01  0.114449E+03
0.181250E+01  0.119977E+03
0.182500E+01  0.125754E+03
0.183750E+01  0.131773E+03
0.185000E+01  0.138056E+03
0.186250E+01  0.144620E+03
0.187500E+01  0.151457E+03
0.188750E+01  0.158590E+03
0.190000E+01  0.166018E+03
0.191250E+01  0.173757E+03
0.192500E+01  0.181823E+03
0.193750E+01  0.190235E+03
0.195000E+01  0.198980E+03
0.196250E+01  0.208078E+03
0.197500E+01  0.217536E+03
0.198750E+01  0.227370E+03
0.200000E+01  0.237607E+03
0.201250E+01  0.248242E+03
0.202500E+01  0.259282E+03
0.203750E+01  0.270741E+03
0.205000E+01  0.282635E+03
0.206250E+01  0.294998E+03
0.207500E+01  0.307811E+03
0.208750E+01  0.321112E+03
0.210000E+01  0.334888E+03
0.211250E+01  0.349175E+03
0.212500E+01  0.363960E+03
0.213750E+01  0.379317E+03
0.215000E+01  0.395208E+03
0.216250E+01  0.411639E+03
0.217500E+01  0.428626E+03
0.218750E+01  0.446185E+03
0.220000E+01  0.464338E+03
0.221250E+01  0.483094E+03
0.222500E+01  0.502464E+03
0.223750E+01  0.522482E+03
0.225000E+01  0.543122E+03
