0.101250E+01  0.234924E+00
0.102500E+01  0.476670E+00
0.103750E+01  0.725503E+00
0.105000E+01  0.988278E+00
0.106250E+01  0.126461E+01
0.107500E+01  0.155116E+01
0.108750E+01  0.184773E+01
0.110000E+01  0.215500E+01
0.111250E+01  0.247433E+01
0.112500E+01  0.281244E+01
0.113750E+01  0.316441E+01
0.115000E+01  0.353048E+01
0.116250E+01  0.390874E+01
0.117500E+01  0.430175E+01
0.118750E+01  0.471204E+01
0.120000E+01  0.514760E+01
0.121250E+01  0.558539E+01
0.122500E+01  0.603973E+01
0.123750E+01  0.650694E+01
0.125000E+01  0.698492E+01
0.126250E+01  0.747217E+01
0.127500E+01  0.797858E+01
0.128750E+01  0.849814E+01
0.130000E+01  0.903214E+01
0.131250E+01  0.958237E+01
0.132500E+01  0.101506E+02
0.133750E+01  0.107392E+02
0.135000E+01  0.113491E+02
0.136250E+01  0.119777E+02
0.137500E+01  0.126278E+02
0.138750E+01  0.133225E+02
0.140000E+01  0.140283E+02
0.141250E+01  0.147519E+02
0.142500E+01  0.155021E+02
0.143750E+01  0.162816E+02
0.145000E+01  0.170877E+02
0.146250E+01  0.179252E+02
0.147500E+01  0.187923E+02
0.148750E+01  0.196908E+02
0.150000E+01  0.206224E+02
0.151250E+01  0.215889E+02
0.152500E+01  0.225911E+02
0.153750E+01  0.236299E+02
0.155000E+01  0.247063E+02
0.156250E+01  0.258223E+02
0.157500E+01  0.269776E+02
0.158750E+01  0.281755E+02
0.160000E+01  0.294156E+02
0.161250E+01  0.306992E+02
0.162500E+01  0.320306E+02
0.163750E+01  0.334072E+02
0.165000E+01  0.348356E+02
0.166250E+01  0.363114E+02
0.167500E+01  0.378393E+02
0.168750E+01  0.394175E+02
0.170000E+01  0.410514E+02
0.171250E+01  0.427409E+02
0.172500E+01  0.444851E+02
0.173750E+01  0.462906E+02
0.175000E+01  0.481522E+02
0.176250E+01  0.500818E+02
0.177500E+01  0.520691E+02
0.178750E+01  0.541280E+02
0.180000E+01  0.562494E+02
0.181250E+01  0.584360E+02
0.182500E+01  0.606955E+02
0.183750E+01  0.630231E+02
0.185000E+01  0.654267E+02
0.186250E+01  0.679011E+02
0.187500E+01  0.704567E+02
0.188750E+01  0.730855E+02
0.190000E+01  0.757941E+02
0.191250E+01  0.785837E+02
0.192500E+01  0.814574E+02
0.193750E+01  0.844171E+02
0.195000E+01  0.874648E+02
0.196250E+01  0.905996E+02
0.197500E+01  0.938228E+02
0.198750E+01  0.971375E+02
0.200000E+01  0.100544E+03
0.201250E+01  0.104044E+03
0.202500E+01  0.107640E+03
0.203750E+01  0.111337E+03
0.205000E+01  0.115131E+03
0.206250E+01  0.119028E+03
0.207500E+01  0.123027E+03
0.208750E+01  0.127131E+03
0.210000E+01  0.131344E+03
0.211250E+01  0.135664E+03
0.212500E+01  0.140094E+03
0.213750E+01  0.144634E+03
0.215000E+01  0.149283E+03
0.216250E+01  0.154047E+03
0.217500E+01  0.158930E+03
0.218750E+01  0.163928E+03
0.220000E+01  0.169047E+03
0.221250E+01  0.174285E+03
0.222500E+01  0.179645E+03
0.223750E+01  0.185130E+03
0.225000E+01  0.190741E+03
