0.101250E+01  0.503338E+00
0.102500E+01  0.102202E+01
0.103750E+01  0.155793E+01
0.105000E+01  0.212967E+01
0.106250E+01  0.273286E+01
0.107500E+01  0.336139E+01
0.108750E+01  0.401335E+01
0.110000E+01  0.468665E+01
0.111250E+01  0.538003E+01
0.112500E+01  0.609602E+01
0.113750E+01  0.683314E+01
0.115000E+01  0.759171E+01
0.116250E+01  0.836779E+01
0.117500E+01  0.916687E+01
0.118750E+01  0.998211E+01
0.120000E+01  0.108100E+02
0.121250E+01  0.116454E+02
0.122500E+01  0.124927E+02
0.123750E+01  0.133499E+02
0.125000E+01  0.142236E+02
0.126250E+01  0.151148E+02
0.127500E+01  0.160230E+02
0.128750E+01  0.169488E+02
0.130000E+01  0.178966E+02
0.131250E+01  0.188577E+02
0.132500E+01  0.198327E+02
0.133750E+01  0.208274E+02
0.135000E+01  0.218434E+02
0.136250E+01  0.228854E+02
0.137500E+01  0.239525E+02
0.138750E+01  0.250438E+02
0.140000E+01  0.261587E+02
0.141250E+01  0.272998E+02
0.142500E+01  0.284664E+02
0.143750E+01  0.296617E+02
0.145000E+01  0.308863E+02
0.146250E+01  0.321415E+02
0.147500E+01  0.334267E+02
0.148750E+01  0.347493E+02
0.150000E+01  0.361075E+02
0.151250E+01  0.375040E+02
0.152500E+01  0.389359E+02
0.153750E+01  0.404064E+02
0.155000E+01  0.419227E+02
0.156250E+01  0.434877E+02
0.157500E+01  0.450913E+02
0.158750E+01  0.467312E+02
0.160000E+01  0.484113E+02
0.161250E+01  0.501354E+02
0.162500E+01  0.519132E+02
0.163750E+01  0.537384E+02
0.165000E+01  0.556141E+02
0.166250E+01  0.575415E+02
0.167500E+01  0.595206E+02
0.168750E+01  0.615588E+02
0.170000E+01  0.636501E+02
0.171250E+01  0.657999E+02
0.172500E+01  0.680151E+02
0.173750E+01  0.702919E+02
0.175000E+01  0.726287E+02
0.176250E+01  0.750275E+02
0.177500E+01  0.774892E+02
0.178750E+01  0.800180E+02
0.180000E+01  0.826177E+02
0.181250E+01  0.852859E+02
0.182500E+01  0.880273E+02
0.183750E+01  0.908407E+02
0.185000E+01  0.937290E+02
0.186250E+01  0.966998E+02
0.187500E+01  0.997478E+02
0.188750E+01  0.102876E+03
0.190000E+01  0.106086E+03
0.191250E+01  0.109379E+03
0.192500E+01  0.112756E+03
0.193750E+01  0.116219E+03
0.195000E+01  0.119770E+03
0.196250E+01  0.123410E+03
0.197500E+01  0.127141E+03
0.198750E+01  0.130968E+03
0.200000E+01  0.134890E+03
0.201250E+01  0.138910E+03
0.202500E+01  0.143027E+03
0.203750E+01  0.147242E+03
0.205000E+01  0.151557E+03
0.206250E+01  0.155975E+03
0.207500E+01  0.160496E+03
0.208750E+01  0.165122E+03
0.210000E+01  0.169855E+03
0.211250E+01  0.174696E+03
0.212500E+01  0.179646E+03
0.213750E+01  0.184708E+03
0.215000E+01  0.189880E+03
0.216250E+01  0.195165E+03
0.217500E+01  0.200565E+03
0.218750E+01  0.206080E+03
0.220000E+01  0.211713E+03
0.221250E+01  0.217462E+03
0.222500E+01  0.223329E+03
0.223750E+01  0.229315E+03
0.225000E+01  0.235418E+03
