0.101250E+01  0.992363E-01
0.102500E+01  0.201351E+00
0.103750E+01  0.306540E+00
0.105000E+01  0.417926E+00
0.106250E+01  0.535050E+00
0.107500E+01  0.656996E+00
0.108750E+01  0.783871E+00
0.110000E+01  0.915859E+00
0.111250E+01  0.105343E+01
0.112500E+01  0.119717E+01
0.113750E+01  0.134779E+01
0.115000E+01  0.150659E+01
0.116250E+01  0.167278E+01
0.117500E+01  0.184730E+01
0.118750E+01  0.203060E+01
0.120000E+01  0.222210E+01
0.121250E+01  0.242645E+01
0.122500E+01  0.264928E+01
0.123750E+01  0.287928E+01
0.125000E+01  0.311900E+01
0.126250E+01  0.336836E+01
0.127500E+01  0.362960E+01
0.128750E+01  0.390339E+01
0.130000E+01  0.418766E+01
0.131250E+01  0.448489E+01
0.132500E+01  0.479579E+01
0.133750E+01  0.512178E+01
0.135000E+01  0.546409E+01
0.136250E+01  0.582370E+01
0.137500E+01  0.620164E+01
0.138750E+01  0.659929E+01
0.140000E+01  0.701742E+01
0.141250E+01  0.745755E+01
0.142500E+01  0.792089E+01
0.143750E+01  0.840875E+01
0.145000E+01  0.892235E+01
0.146250E+01  0.946344E+01
0.147500E+01  0.100335E+02
0.148750E+01  0.106339E+02
0.150000E+01  0.112666E+02
0.151250E+01  0.119334E+02
0.152500E+01  0.126357E+02
0.153750E+01  0.133760E+02
0.155000E+01  0.141556E+02
0.156250E+01  0.149772E+02
0.157500E+01  0.158421E+02
0.158750E+01  0.167542E+02
0.160000E+01  0.177120E+02
0.161250E+01  0.187242E+02
0.162500E+01  0.197875E+02
0.163750E+01  0.209071E+02
0.165000E+01  0.220894E+02
0.166250E+01  0.233289E+02
0.167500E+01  0.246360E+02
0.168750E+01  0.260119E+02
0.170000E+01  0.274585E+02
0.171250E+01  0.289797E+02
0.172500E+01  0.305810E+02
0.173750E+01  0.322664E+02
0.175000E+01  0.340341E+02
0.176250E+01  0.358943E+02
0.177500E+01  0.378535E+02
0.178750E+01  0.399058E+02
0.180000E+01  0.420652E+02
0.181250E+01  0.443377E+02
0.182500E+01  0.467181E+02
0.183750E+01  0.492227E+02
0.185000E+01  0.518670E+02
0.186250E+01  0.546452E+02
0.187500E+01  0.575590E+02
0.188750E+01  0.606072E+02
0.190000E+01  0.638008E+02
0.191250E+01  0.671466E+02
0.192500E+01  0.706597E+02
0.193750E+01  0.743411E+02
0.195000E+01  0.782009E+02
0.196250E+01  0.822410E+02
0.197500E+01  0.864776E+02
0.198750E+01  0.909070E+02
0.200000E+01  0.955469E+02
0.201250E+01  0.100413E+03
0.202500E+01  0.105492E+03
0.203750E+01  0.110813E+03
0.205000E+01  0.116384E+03
0.206250E+01  0.122198E+03
0.207500E+01  0.128290E+03
0.208750E+01  0.134639E+03
0.210000E+01  0.141282E+03
0.211250E+01  0.148230E+03
0.212500E+01  0.155469E+03
0.213750E+01  0.163045E+03
0.215000E+01  0.170933E+03
0.216250E+01  0.179177E+03
0.217500E+01  0.187771E+03
0.218750E+01  0.196740E+03
0.220000E+01  0.206082E+03
0.221250E+01  0.215822E+03
0.222500E+01  0.225984E+03
0.223750E+01  0.236569E+03
0.225000E+01  0.247586E+03
