0.101250E+01  0.814667E-01
0.102500E+01  0.165206E+00
0.103750E+01  0.251264E+00
0.105000E+01  0.342205E+00
0.106250E+01  0.437292E+00
0.107500E+01  0.535163E+00
0.108750E+01  0.636369E+00
0.110000E+01  0.740494E+00
0.111250E+01  0.847774E+00
0.112500E+01  0.957526E+00
0.113750E+01  0.107023E+01
0.115000E+01  0.118571E+01
0.116250E+01  0.130466E+01
0.117500E+01  0.142698E+01
0.118750E+01  0.155306E+01
0.120000E+01  0.168205E+01
0.121250E+01  0.181437E+01
0.122500E+01  0.195036E+01
0.123750E+01  0.209081E+01
0.125000E+01  0.223487E+01
0.126250E+01  0.238385E+01
0.127500E+01  0.253616E+01
0.128750E+01  0.269105E+01
0.130000E+01  0.285027E+01
0.131250E+01  0.301399E+01
0.132500E+01  0.318135E+01
0.133750E+01  0.335258E+01
0.135000E+01  0.352752E+01
0.136250E+01  0.370676E+01
0.137500E+01  0.389044E+01
0.138750E+01  0.407890E+01
0.140000E+01  0.427334E+01
0.141250E+01  0.447320E+01
0.142500E+01  0.467893E+01
0.143750E+01  0.488985E+01
0.145000E+01  0.510651E+01
0.146250E+01  0.532992E+01
0.147500E+01  0.556040E+01
0.148750E+01  0.579746E+01
0.150000E+01  0.604221E+01
0.151250E+01  0.629401E+01
0.152500E+01  0.655325E+01
0.153750E+01  0.681998E+01
0.155000E+01  0.709571E+01
0.156250E+01  0.737989E+01
0.157500E+01  0.767291E+01
0.158750E+01  0.797645E+01
0.160000E+01  0.828932E+01
0.161250E+01  0.861243E+01
0.162500E+01  0.894545E+01
0.163750E+01  0.928909E+01
0.165000E+01  0.964313E+01
0.166250E+01  0.100079E+02
0.167500E+01  0.103859E+02
0.168750E+01  0.107750E+02
0.170000E+01  0.111778E+02
0.171250E+01  0.115927E+02
0.172500E+01  0.120203E+02
0.173750E+01  0.124627E+02
0.175000E+01  0.129185E+02
0.176250E+01  0.133906E+02
0.177500E+01  0.138769E+02
0.178750E+01  0.143789E+02
0.180000E+01  0.148965E+02
0.181250E+01  0.154320E+02
0.182500E+01  0.159844E+02
0.183750E+01  0.165548E+02
0.185000E+01  0.171433E+02
0.186250E+01  0.177517E+02
0.187500E+01  0.183789E+02
0.188750E+01  0.190247E+02
0.190000E+01  0.196901E+02
0.191250E+01  0.203780E+02
0.192500E+01  0.210863E+02
0.193750E+01  0.218170E+02
0.195000E+01  0.225718E+02
0.196250E+01  0.233493E+02
0.197500E+01  0.241515E+02
0.198750E+01  0.249783E+02
0.200000E+01  0.258306E+02
0.201250E+01  0.267089E+02
0.202500E+01  0.276146E+02
0.203750E+01  0.285495E+02
0.205000E+01  0.295121E+02
0.206250E+01  0.305037E+02
0.207500E+01  0.315263E+02
0.208750E+01  0.325787E+02
0.210000E+01  0.336621E+02
0.211250E+01  0.347801E+02
0.212500E+01  0.359297E+02
0.213750E+01  0.371146E+02
0.215000E+01  0.383355E+02
0.216250E+01  0.395916E+02
0.217500E+01  0.408848E+02
0.218750E+01  0.422157E+02
0.220000E+01  0.435859E+02
0.221250E+01  0.449948E+02
0.222500E+01  0.464441E+02
0.223750E+01  0.479360E+02
0.225000E+01  0.494708E+02
