0.101250E+01  0.424647E+00
0.102500E+01  0.862302E+00
0.103750E+01  0.131409E+01
0.105000E+01  0.179563E+01
0.106250E+01  0.230692E+01
0.107500E+01  0.284109E+01
0.108750E+01  0.340108E+01
0.110000E+01  0.398162E+01
0.111250E+01  0.458099E+01
0.112500E+01  0.519890E+01
0.113750E+01  0.582889E+01
0.115000E+01  0.647326E+01
0.116250E+01  0.712865E+01
0.117500E+01  0.778646E+01
0.118750E+01  0.845229E+01
0.120000E+01  0.911282E+01
0.121250E+01  0.978287E+01
0.122500E+01  0.104566E+02
0.123750E+01  0.111338E+02
0.125000E+01  0.118157E+02
0.126250E+01  0.125027E+02
0.127500E+01  0.131956E+02
0.128750E+01  0.138947E+02
0.130000E+01  0.146004E+02
0.131250E+01  0.153129E+02
0.132500E+01  0.160331E+02
0.133750E+01  0.167610E+02
0.135000E+01  0.174973E+02
0.136250E+01  0.182422E+02
0.137500E+01  0.189963E+02
0.138750E+01  0.197600E+02
0.140000E+01  0.205336E+02
0.141250E+01  0.213179E+02
0.142500E+01  0.221128E+02
0.143750E+01  0.229191E+02
0.145000E+01  0.237374E+02
0.146250E+01  0.245675E+02
0.147500E+01  0.254103E+02
0.148750E+01  0.262664E+02
0.150000E+01  0.271361E+02
0.151250E+01  0.280197E+02
0.152500E+01  0.289179E+02
0.153750E+01  0.298311E+02
0.155000E+01  0.307598E+02
0.156250E+01  0.317044E+02
0.157500E+01  0.326657E+02
0.158750E+01  0.336438E+02
0.160000E+01  0.346397E+02
0.161250E+01  0.356533E+02
0.162500E+01  0.366862E+02
0.163750E+01  0.377380E+02
0.165000E+01  0.388102E+02
0.166250E+01  0.399029E+02
0.167500E+01  0.410164E+02
0.168750E+01  0.421518E+02
0.170000E+01  0.433089E+02
0.171250E+01  0.444891E+02
0.172500E+01  0.456933E+02
0.173750E+01  0.469209E+02
0.175000E+01  0.481737E+02
0.176250E+01  0.494524E+02
0.177500E+01  0.507567E+02
0.178750E+01  0.520880E+02
0.180000E+01  0.534480E+02
0.181250E+01  0.548351E+02
0.182500E+01  0.562524E+02
0.183750E+01  0.576997E+02
0.185000E+01  0.591779E+02
0.186250E+01  0.606878E+02
0.187500E+01  0.622301E+02
0.188750E+01  0.638058E+02
0.190000E+01  0.654156E+02
0.191250E+01  0.670606E+02
0.192500E+01  0.687413E+02
0.193750E+01  0.704593E+02
0.195000E+01  0.722142E+02
0.196250E+01  0.740090E+02
0.197500E+01  0.758424E+02
0.198750E+01  0.777172E+02
0.200000E+01  0.796348E+02
0.201250E+01  0.815946E+02
0.202500E+01  0.835983E+02
0.203750E+01  0.856474E+02
0.205000E+01  0.877422E+02
0.206250E+01  0.898840E+02
0.207500E+01  0.920758E+02
0.208750E+01  0.943153E+02
0.210000E+01  0.966070E+02
0.211250E+01  0.989495E+02
0.212500E+01  0.101346E+03
0.213750E+01  0.103796E+03
0.215000E+01  0.106302E+03
0.216250E+01  0.108866E+03
0.217500E+01  0.111487E+03
0.218750E+01  0.114169E+03
0.220000E+01  0.116912E+03
0.221250E+01  0.119716E+03
0.222500E+01  0.122584E+03
0.223750E+01  0.125519E+03
0.225000E+01  0.128519E+03
