0.101250E+01  0.233867E+00
0.102500E+01  0.474632E+00
0.103750E+01  0.722626E+00
0.105000E+01  0.984702E+00
0.106250E+01  0.126109E+01
0.107500E+01  0.154761E+01
0.108750E+01  0.184420E+01
0.110000E+01  0.215145E+01
0.111250E+01  0.246937E+01
0.112500E+01  0.279993E+01
0.113750E+01  0.314194E+01
0.115000E+01  0.349848E+01
0.116250E+01  0.386731E+01
0.117500E+01  0.424298E+01
0.118750E+01  0.462833E+01
0.120000E+01  0.502649E+01
0.121250E+01  0.543732E+01
0.122500E+01  0.585687E+01
0.123750E+01  0.629071E+01
0.125000E+01  0.674113E+01
0.126250E+01  0.720758E+01
0.127500E+01  0.768380E+01
0.128750E+01  0.817304E+01
0.130000E+01  0.867882E+01
0.131250E+01  0.920090E+01
0.132500E+01  0.973771E+01
0.133750E+01  0.102901E+02
0.135000E+01  0.108600E+02
0.136250E+01  0.114489E+02
0.137500E+01  0.120578E+02
0.138750E+01  0.126872E+02
0.140000E+01  0.133390E+02
0.141250E+01  0.140127E+02
0.142500E+01  0.147094E+02
0.143750E+01  0.154341E+02
0.145000E+01  0.161834E+02
0.146250E+01  0.169603E+02
0.147500E+01  0.177688E+02
0.148750E+01  0.186048E+02
0.150000E+01  0.194714E+02
0.151250E+01  0.203717E+02
0.152500E+01  0.213043E+02
0.153750E+01  0.222732E+02
0.155000E+01  0.232774E+02
0.156250E+01  0.243189E+02
0.157500E+01  0.253993E+02
0.158750E+01  0.265240E+02
0.160000E+01  0.276886E+02
0.161250E+01  0.288971E+02
0.162500E+01  0.301530E+02
0.163750E+01  0.314551E+02
0.165000E+01  0.328083E+02
0.166250E+01  0.342112E+02
0.167500E+01  0.356750E+02
0.168750E+01  0.371895E+02
0.170000E+01  0.387615E+02
0.171250E+01  0.403874E+02
0.172500E+01  0.420787E+02
0.173750E+01  0.438315E+02
0.175000E+01  0.456505E+02
0.176250E+01  0.475434E+02
0.177500E+01  0.495037E+02
0.178750E+01  0.515345E+02
0.180000E+01  0.536445E+02
0.181250E+01  0.558298E+02
0.182500E+01  0.580981E+02
0.183750E+01  0.604476E+02
0.185000E+01  0.628842E+02
0.186250E+01  0.654156E+02
0.187500E+01  0.680366E+02
0.188750E+01  0.707549E+02
0.190000E+01  0.735771E+02
0.191250E+01  0.764995E+02
0.192500E+01  0.795264E+02
0.193750E+01  0.826556E+02
0.195000E+01  0.859046E+02
0.196250E+01  0.892626E+02
0.197500E+01  0.927461E+02
0.198750E+01  0.963496E+02
0.200000E+01  0.100081E+03
0.201250E+01  0.103948E+03
0.202500E+01  0.107946E+03
0.203750E+01  0.112085E+03
0.205000E+01  0.116372E+03
0.206250E+01  0.120802E+03
0.207500E+01  0.125388E+03
0.208750E+01  0.130135E+03
0.210000E+01  0.135041E+03
0.211250E+01  0.140115E+03
0.212500E+01  0.145366E+03
0.213750E+01  0.150791E+03
0.215000E+01  0.156398E+03
0.216250E+01  0.162201E+03
0.217500E+01  0.168191E+03
0.218750E+01  0.174379E+03
0.220000E+01  0.180779E+03
0.221250E+01  0.187385E+03
0.222500E+01  0.194214E+03
0.223750E+01  0.201261E+03
0.225000E+01  0.208546E+03
