0.101250E+01  0.355289E-01
0.102500E+01  0.721243E-01
0.103750E+01  0.109978E+00
0.105000E+01  0.150648E+00
0.106250E+01  0.193838E+00
0.107500E+01  0.239533E+00
0.108750E+01  0.288060E+00
0.110000E+01  0.340215E+00
0.111250E+01  0.396562E+00
0.112500E+01  0.457901E+00
0.113750E+01  0.524016E+00
0.115000E+01  0.595653E+00
0.116250E+01  0.675112E+00
0.117500E+01  0.765761E+00
0.118750E+01  0.862336E+00
0.120000E+01  0.966375E+00
0.121250E+01  0.107844E+01
0.122500E+01  0.121961E+01
0.123438E+01  0.131947E+01
0.124375E+01  0.142403E+01
0.125625E+01  0.157194E+01
0.126875E+01  0.173320E+01
0.128125E+01  0.190692E+01
0.129375E+01  0.209343E+01
0.130313E+01  0.224121E+01
0.131250E+01  0.239723E+01
0.132500E+01  0.261986E+01
0.133750E+01  0.285837E+01
0.135000E+01  0.311299E+01
0.136250E+01  0.338717E+01
0.137500E+01  0.367985E+01
0.138750E+01  0.398770E+01
0.140000E+01  0.430456E+01
0.140938E+01  0.456653E+01
0.141875E+01  0.483988E+01
0.143125E+01  0.522505E+01
0.144375E+01  0.564161E+01
0.145625E+01  0.608137E+01
0.146875E+01  0.655470E+01
0.148125E+01  0.706838E+01
0.149375E+01  0.761207E+01
0.150625E+01  0.819298E+01
0.151875E+01  0.880800E+01
0.153125E+01  0.946201E+01
0.154375E+01  0.101615E+02
0.155625E+01  0.109057E+02
0.156875E+01  0.116962E+02
0.158125E+01  0.125328E+02
0.159375E+01  0.134153E+02
0.160625E+01  0.143306E+02
0.161875E+01  0.153265E+02
0.163125E+01  0.163810E+02
0.164375E+01  0.174918E+02
0.165625E+01  0.186670E+02
0.166875E+01  0.199085E+02
0.168125E+01  0.212209E+02
0.169375E+01  0.226055E+02
0.170625E+01  0.240654E+02
0.171875E+01  0.256030E+02
0.173125E+01  0.272265E+02
0.174375E+01  0.289350E+02
0.175625E+01  0.307371E+02
0.176875E+01  0.326348E+02
0.178125E+01  0.346302E+02
0.179375E+01  0.367309E+02
0.180625E+01  0.389354E+02
0.181875E+01  0.412552E+02
0.183125E+01  0.436873E+02
0.184375E+01  0.462404E+02
0.185625E+01  0.489303E+02
0.186875E+01  0.517435E+02
0.188125E+01  0.547024E+02
0.189375E+01  0.578007E+02
0.190625E+01  0.610496E+02
0.191875E+01  0.644550E+02
0.193125E+01  0.680206E+02
0.194375E+01  0.717582E+02
0.195625E+01  0.756691E+02
0.196875E+01  0.797639E+02
0.198125E+01  0.840456E+02
0.199375E+01  0.885265E+02
0.200625E+01  0.932076E+02
0.201875E+01  0.981053E+02
0.203125E+01  0.103217E+03
0.204375E+01  0.108566E+03
0.205625E+01  0.114139E+03
0.206875E+01  0.119963E+03
0.208125E+01  0.126049E+03
0.209375E+01  0.132388E+03
0.210625E+01  0.139000E+03
0.211875E+01  0.145908E+03
0.213125E+01  0.153092E+03
0.214375E+01  0.160581E+03
0.215625E+01  0.168394E+03
0.216875E+01  0.176515E+03
0.218125E+01  0.184971E+03
0.219375E+01  0.193796E+03
0.220625E+01  0.202965E+03
0.221875E+01  0.212510E+03
0.223125E+01  0.222427E+03
0.224375E+01  0.232729E+03
0.225000E+01  0.238042E+03
