0.101250E+01  0.202679E+00
0.102500E+01  0.411145E+00
0.103750E+01  0.625548E+00
0.105000E+01  0.851259E+00
0.106250E+01  0.108820E+01
0.107500E+01  0.133280E+01
0.108750E+01  0.158379E+01
0.110000E+01  0.184203E+01
0.111250E+01  0.210685E+01
0.112500E+01  0.237826E+01
0.113750E+01  0.265522E+01
0.115000E+01  0.293879E+01
0.116250E+01  0.322987E+01
0.117500E+01  0.352040E+01
0.118750E+01  0.381253E+01
0.120000E+01  0.410649E+01
0.121250E+01  0.440197E+01
0.122500E+01  0.469975E+01
0.123750E+01  0.500022E+01
0.125000E+01  0.530217E+01
0.126250E+01  0.560381E+01
0.127500E+01  0.590404E+01
0.128750E+01  0.620487E+01
0.130000E+01  0.650512E+01
0.131250E+01  0.680483E+01
0.132500E+01  0.710336E+01
0.133750E+01  0.740191E+01
0.135000E+01  0.769973E+01
0.136250E+01  0.799729E+01
0.137500E+01  0.829490E+01
0.138750E+01  0.859263E+01
0.140000E+01  0.889000E+01
0.141250E+01  0.918630E+01
0.142500E+01  0.948182E+01
0.143750E+01  0.977725E+01
0.145000E+01  0.100730E+02
0.146250E+01  0.103687E+02
0.147500E+01  0.106644E+02
0.148750E+01  0.109597E+02
0.150000E+01  0.112548E+02
0.151250E+01  0.115498E+02
0.152500E+01  0.118449E+02
0.153750E+01  0.121404E+02
0.155000E+01  0.124364E+02
0.156250E+01  0.127329E+02
0.157500E+01  0.130295E+02
0.158750E+01  0.133259E+02
0.160000E+01  0.136222E+02
0.161250E+01  0.139186E+02
0.162500E+01  0.142151E+02
0.163750E+01  0.145118E+02
0.165000E+01  0.148088E+02
0.166250E+01  0.151070E+02
0.167500E+01  0.154058E+02
0.168750E+01  0.157044E+02
0.170000E+01  0.160029E+02
0.171250E+01  0.163021E+02
0.172500E+01  0.166019E+02
0.173750E+01  0.169024E+02
0.175000E+01  0.172035E+02
0.176250E+01  0.175056E+02
0.177500E+01  0.178087E+02
0.178750E+01  0.181127E+02
0.180000E+01  0.184180E+02
0.181250E+01  0.187244E+02
0.182500E+01  0.190319E+02
0.183750E+01  0.193401E+02
0.185000E+01  0.196498E+02
0.186250E+01  0.199609E+02
0.187500E+01  0.202731E+02
0.188750E+01  0.205865E+02
0.190000E+01  0.209011E+02
0.191250E+01  0.212173E+02
0.192500E+01  0.215352E+02
0.193750E+01  0.218552E+02
0.195000E+01  0.221770E+02
0.196250E+01  0.225005E+02
0.197500E+01  0.228258E+02
0.198750E+01  0.231532E+02
0.200000E+01  0.234827E+02
0.201250E+01  0.238145E+02
0.202500E+01  0.241490E+02
0.203750E+01  0.244864E+02
0.205000E+01  0.248266E+02
0.206250E+01  0.251694E+02
0.207500E+01  0.255142E+02
0.208750E+01  0.258618E+02
0.210000E+01  0.262124E+02
0.211250E+01  0.265663E+02
0.212500E+01  0.269236E+02
0.213750E+01  0.272842E+02
0.215000E+01  0.276484E+02
0.216250E+01  0.280163E+02
0.217500E+01  0.283880E+02
0.218750E+01  0.287637E+02
0.220000E+01  0.291435E+02
0.221250E+01  0.295276E+02
0.222500E+01  0.299161E+02
0.223750E+01  0.303094E+02
0.225000E+01  0.307073E+02
