0.101250E+01  0.175651E+00
0.102500E+01  0.356362E+00
0.103750E+01  0.542437E+00
0.105000E+01  0.739281E+00
0.106250E+01  0.946085E+00
0.107500E+01  0.116150E+01
0.108750E+01  0.138627E+01
0.110000E+01  0.162319E+01
0.111250E+01  0.187413E+01
0.112500E+01  0.213863E+01
0.113750E+01  0.241641E+01
0.115000E+01  0.270981E+01
0.116250E+01  0.302067E+01
0.116875E+01  0.318184E+01
0.117500E+01  0.335754E+01
0.117969E+01  0.348660E+01
0.118437E+01  0.361545E+01
0.119141E+01  0.381473E+01
0.119844E+01  0.401531E+01
0.120898E+01  0.432852E+01
0.122148E+01  0.471102E+01
0.123398E+01  0.510907E+01
0.124648E+01  0.552574E+01
0.125898E+01  0.595991E+01
0.127148E+01  0.641983E+01
0.128398E+01  0.689711E+01
0.129648E+01  0.740667E+01
0.130898E+01  0.792658E+01
0.132148E+01  0.847030E+01
0.133398E+01  0.904149E+01
0.134648E+01  0.963985E+01
0.135898E+01  0.102693E+02
0.137148E+01  0.109338E+02
0.138398E+01  0.116285E+02
0.139648E+01  0.123543E+02
0.140898E+01  0.131146E+02
0.142148E+01  0.139130E+02
0.143398E+01  0.147511E+02
0.144648E+01  0.156271E+02
0.145898E+01  0.165468E+02
0.147148E+01  0.175112E+02
0.148398E+01  0.185213E+02
0.149648E+01  0.195838E+02
0.150898E+01  0.206955E+02
0.152148E+01  0.218616E+02
0.153398E+01  0.230815E+02
0.154648E+01  0.243598E+02
0.155898E+01  0.256988E+02
0.157148E+01  0.270997E+02
0.158398E+01  0.285678E+02
0.159648E+01  0.301019E+02
0.160898E+01  0.317058E+02
0.162148E+01  0.333858E+02
0.163398E+01  0.351396E+02
0.164648E+01  0.369708E+02
0.165898E+01  0.388828E+02
0.167148E+01  0.408798E+02
0.168398E+01  0.429635E+02
0.169648E+01  0.451388E+02
0.170898E+01  0.474072E+02
0.172148E+01  0.497730E+02
0.173398E+01  0.522383E+02
0.174648E+01  0.548097E+02
0.175898E+01  0.574875E+02
0.177148E+01  0.602783E+02
0.178398E+01  0.631849E+02
0.179648E+01  0.662116E+02
0.180898E+01  0.693555E+02
0.182148E+01  0.726258E+02
0.183398E+01  0.760268E+02
0.184648E+01  0.795622E+02
0.185898E+01  0.832365E+02
0.187148E+01  0.870471E+02
0.188398E+01  0.910082E+02
0.189648E+01  0.951205E+02
0.190898E+01  0.993854E+02
0.192148E+01  0.103812E+03
0.193398E+01  0.108400E+03
0.194648E+01  0.113157E+03
0.195898E+01  0.118085E+03
0.197148E+01  0.123188E+03
0.198398E+01  0.128480E+03
0.199648E+01  0.133952E+03
0.200898E+01  0.139616E+03
0.202148E+01  0.145474E+03
0.203398E+01  0.151540E+03
0.204648E+01  0.157809E+03
0.205898E+01  0.164286E+03
0.207148E+01  0.170981E+03
0.208398E+01  0.177895E+03
0.209648E+01  0.185034E+03
0.210898E+01  0.192403E+03
0.212148E+01  0.200003E+03
0.213398E+01  0.207843E+03
0.214648E+01  0.215918E+03
0.215898E+01  0.224242E+03
0.217148E+01  0.232840E+03
0.218398E+01  0.241688E+03
0.219648E+01  0.250798E+03
0.220898E+01  0.260182E+03
0.222148E+01  0.269837E+03
0.223398E+01  0.279771E+03
0.224199E+01  0.286283E+03
0.225000E+01  0.292911E+03
