0.101250E+01  0.807159E-01
0.102500E+01  0.163636E+00
0.103750E+01  0.248775E+00
0.105000E+01  0.338869E+00
0.106250E+01  0.432927E+00
0.107500E+01  0.530102E+00
0.108750E+01  0.629968E+00
0.110000E+01  0.733699E+00
0.111250E+01  0.842482E+00
0.112500E+01  0.955203E+00
0.113750E+01  0.107197E+01
0.115000E+01  0.119217E+01
0.116250E+01  0.131876E+01
0.117500E+01  0.145422E+01
0.118750E+01  0.158742E+01
0.120000E+01  0.172318E+01
0.120625E+01  0.179381E+01
0.121250E+01  0.186993E+01
0.121875E+01  0.194187E+01
0.122812E+01  0.205001E+01
0.123125E+01  0.208873E+01
0.123359E+01  0.211485E+01
0.123594E+01  0.214097E+01
0.123828E+01  0.216940E+01
0.124063E+01  0.220169E+01
0.124297E+01  0.223272E+01
0.124473E+01  0.225358E+01
0.124648E+01  0.227441E+01
0.124912E+01  0.230589E+01
0.125037E+01  0.232193E+01
0.125162E+01  0.234074E+01
0.125287E+01  0.235651E+01
0.125475E+01  0.238070E+01
0.125662E+01  0.240270E+01
0.125943E+01  0.243462E+01
0.126365E+01  0.248225E+01
0.126998E+01  0.256389E+01
0.127631E+01  0.264233E+01
0.128580E+01  0.276417E+01
0.129529E+01  0.288575E+01
0.130479E+01  0.300827E+01
0.131729E+01  0.317499E+01
0.132979E+01  0.334697E+01
0.134229E+01  0.351998E+01
0.135166E+01  0.365065E+01
0.136104E+01  0.378308E+01
0.137354E+01  0.396382E+01
0.138604E+01  0.415066E+01
0.139854E+01  0.434163E+01
0.141104E+01  0.453706E+01
0.142354E+01  0.473699E+01
0.143604E+01  0.494172E+01
0.144854E+01  0.515151E+01
0.146104E+01  0.536654E+01
0.147354E+01  0.558679E+01
0.148604E+01  0.581542E+01
0.149854E+01  0.604839E+01
0.151104E+01  0.628688E+01
0.152354E+01  0.653108E+01
0.153604E+01  0.678113E+01
0.154854E+01  0.703765E+01
0.156104E+01  0.730072E+01
0.157354E+01  0.757047E+01
0.158604E+01  0.784682E+01
0.159854E+01  0.813003E+01
0.161104E+01  0.842049E+01
0.162354E+01  0.871795E+01
0.163604E+01  0.902279E+01
0.164854E+01  0.933482E+01
0.166104E+01  0.965468E+01
0.167354E+01  0.998248E+01
0.168604E+01  0.103181E+02
0.169854E+01  0.106616E+02
0.171104E+01  0.110130E+02
0.172354E+01  0.113724E+02
0.173604E+01  0.117405E+02
0.174854E+01  0.121162E+02
0.176104E+01  0.125013E+02
0.177354E+01  0.128965E+02
0.178604E+01  0.133001E+02
0.179854E+01  0.137129E+02
0.181104E+01  0.141346E+02
0.182354E+01  0.145652E+02
0.183604E+01  0.150049E+02
0.184854E+01  0.154541E+02
0.186104E+01  0.159128E+02
0.187354E+01  0.163816E+02
0.188604E+01  0.168598E+02
0.189854E+01  0.173470E+02
0.191104E+01  0.178450E+02
0.192354E+01  0.183535E+02
0.193604E+01  0.188730E+02
0.194854E+01  0.194014E+02
0.196104E+01  0.199401E+02
0.197354E+01  0.204897E+02
0.198604E+01  0.210505E+02
0.199854E+01  0.216239E+02
0.201104E+01  0.222086E+02
0.202354E+01  0.228050E+02
0.203604E+01  0.234128E+02
0.204854E+01  0.240323E+02
0.206104E+01  0.246636E+02
0.207354E+01  0.253070E+02
0.208604E+01  0.259623E+02
0.209854E+01  0.266298E+02
0.211104E+01  0.273097E+02
0.212354E+01  0.280027E+02
0.213604E+01  0.287085E+02
0.214854E+01  0.294263E+02
0.216104E+01  0.301565E+02
0.217354E+01  0.309002E+02
0.218604E+01  0.316564E+02
0.219854E+01  0.324276E+02
0.221104E+01  0.332121E+02
0.222354E+01  0.340101E+02
0.223604E+01  0.348228E+02
0.224302E+01  0.352823E+02
0.225000E+01  0.357469E+02
