0.106354E+01  0.976872E+00
0.112425E+01  0.201614E+01
0.118125E+01  0.317394E+01
0.123499E+01  0.449334E+01
0.128622E+01  0.601467E+01
0.133566E+01  0.778086E+01
0.138387E+01  0.983888E+01
0.143126E+01  0.122396E+02
0.147809E+01  0.150379E+02
0.152451E+01  0.182925E+02
0.157066E+01  0.220672E+02
0.161660E+01  0.264313E+02
0.166240E+01  0.314601E+02
0.170808E+01  0.372355E+02
0.175369E+01  0.438469E+02
0.179923E+01  0.513910E+02
0.184474E+01  0.599729E+02
0.189023E+01  0.697065E+02
0.193569E+01  0.807145E+02
0.198115E+01  0.931296E+02
0.202660E+01  0.107095E+03
0.207206E+01  0.122763E+03
0.211752E+01  0.140299E+03
0.216299E+01  0.159880E+03
0.220846E+01  0.181695E+03
0.225395E+01  0.205945E+03
0.229945E+01  0.232846E+03
0.234496E+01  0.262627E+03
0.239048E+01  0.295533E+03
0.243602E+01  0.331824E+03
0.248157E+01  0.371776E+03
0.252713E+01  0.415681E+03
0.257270E+01  0.463849E+03
0.261829E+01  0.516609E+03
0.266389E+01  0.574307E+03
0.270950E+01  0.637310E+03
0.275512E+01  0.706005E+03
0.280075E+01  0.780798E+03
0.284639E+01  0.862121E+03
0.289204E+01  0.950423E+03
0.293770E+01  0.104618E+04
0.298337E+01  0.114989E+04
0.302905E+01  0.126208E+04
0.307474E+01  0.138330E+04
0.312044E+01  0.151412E+04
0.316614E+01  0.165515E+04
0.321185E+01  0.180702E+04
0.325756E+01  0.197039E+04
0.330328E+01  0.214595E+04
0.334901E+01  0.233443E+04
0.339475E+01  0.253657E+04
0.344049E+01  0.275318E+04
0.348623E+01  0.298506E+04
0.353199E+01  0.323308E+04
0.357775E+01  0.349814E+04
0.362351E+01  0.378117E+04
0.366928E+01  0.408312E+04
0.371506E+01  0.440503E+04
0.376084E+01  0.474792E+04
0.380663E+01  0.511289E+04
0.385243E+01  0.550108E+04
0.389823E+01  0.591366E+04
0.394403E+01  0.635185E+04
0.398984E+01  0.681692E+04
0.403566E+01  0.731017E+04
0.408148E+01  0.783298E+04
0.412731E+01  0.838675E+04
0.417314E+01  0.897294E+04
0.421898E+01  0.959306E+04
0.426482E+01  0.102487E+05
0.431066E+01  0.109414E+05
0.435652E+01  0.116730E+05
0.440237E+01  0.124451E+05
0.444823E+01  0.132595E+05
0.449410E+01  0.141180E+05
0.453997E+01  0.150227E+05
0.458584E+01  0.159753E+05
0.463172E+01  0.169781E+05
0.467760E+01  0.180331E+05
0.472348E+01  0.191424E+05
0.476937E+01  0.203083E+05
0.481527E+01  0.215331E+05
0.486116E+01  0.228191E+05
0.490706E+01  0.241689E+05
0.495297E+01  0.255849E+05
0.499888E+01  0.270697E+05
0.504479E+01  0.286259E+05
0.509070E+01  0.302564E+05
0.513662E+01  0.319640E+05
0.518255E+01  0.337515E+05
0.522847E+01  0.356220E+05
0.527440E+01  0.375785E+05
0.532033E+01  0.396242E+05
0.536627E+01  0.417623E+05
0.541221E+01  0.439962E+05
0.545815E+01  0.463293E+05
0.550409E+01  0.487650E+05
0.555004E+01  0.513071E+05
0.559599E+01  0.539592E+05
0.564194E+01  0.567251E+05
