0.106590E+01  0.268792E+00
0.113534E+01  0.504795E+00
0.120792E+01  0.713939E+00
0.128293E+01  0.901721E+00
0.135931E+01  0.107323E+01
0.143582E+01  0.123305E+01
0.151124E+01  0.138516E+01
0.158462E+01  0.153279E+01
0.165535E+01  0.167849E+01
0.172317E+01  0.182415E+01
0.178807E+01  0.197116E+01
0.185019E+01  0.212054E+01
0.190975E+01  0.227305E+01
0.196700E+01  0.242925E+01
0.202218E+01  0.258962E+01
0.207555E+01  0.275452E+01
0.212730E+01  0.292431E+01
0.217764E+01  0.309929E+01
0.222675E+01  0.327977E+01
0.227479E+01  0.346605E+01
0.232190E+01  0.365842E+01
0.236821E+01  0.385721E+01
0.241383E+01  0.406272E+01
0.245888E+01  0.427530E+01
0.250343E+01  0.449528E+01
0.254758E+01  0.472300E+01
0.259140E+01  0.495882E+01
0.263495E+01  0.520306E+01
0.267828E+01  0.545607E+01
0.272144E+01  0.571816E+01
0.276447E+01  0.598962E+01
0.280740E+01  0.627072E+01
0.285024E+01  0.656170E+01
0.289302E+01  0.686277E+01
0.293574E+01  0.717412E+01
0.297842E+01  0.749594E+01
0.302106E+01  0.782838E+01
0.306367E+01  0.817160E+01
0.310625E+01  0.852576E+01
0.314881E+01  0.889101E+01
0.319136E+01  0.926754E+01
0.323390E+01  0.965551E+01
0.327644E+01  0.100551E+02
0.331899E+01  0.104665E+02
0.336156E+01  0.108900E+02
0.340415E+01  0.113257E+02
0.344678E+01  0.117739E+02
0.348946E+01  0.122349E+02
0.353219E+01  0.127089E+02
0.357499E+01  0.131961E+02
0.361786E+01  0.136969E+02
0.366080E+01  0.142113E+02
0.370382E+01  0.147396E+02
0.374692E+01  0.152820E+02
0.379010E+01  0.158387E+02
0.383336E+01  0.164098E+02
0.387672E+01  0.169959E+02
0.392018E+01  0.175972E+02
0.396376E+01  0.182141E+02
0.400745E+01  0.188468E+02
0.405124E+01  0.194956E+02
0.409515E+01  0.201605E+02
0.413915E+01  0.208417E+02
0.418324E+01  0.215391E+02
0.422741E+01  0.222528E+02
0.427167E+01  0.229829E+02
0.431599E+01  0.237296E+02
0.436041E+01  0.244931E+02
0.440491E+01  0.252738E+02
0.444952E+01  0.260721E+02
0.449424E+01  0.268883E+02
0.453906E+01  0.277227E+02
0.458398E+01  0.285754E+02
0.462898E+01  0.294465E+02
0.467407E+01  0.303360E+02
0.471922E+01  0.312441E+02
0.476443E+01  0.321707E+02
0.480969E+01  0.331160E+02
0.485499E+01  0.340798E+02
0.490032E+01  0.350622E+02
0.494568E+01  0.360632E+02
0.499105E+01  0.370828E+02
0.503644E+01  0.381214E+02
0.508186E+01  0.391794E+02
0.512733E+01  0.402573E+02
0.517284E+01  0.413554E+02
0.521840E+01  0.424739E+02
0.526402E+01  0.436128E+02
0.530968E+01  0.447722E+02
0.535540E+01  0.459521E+02
0.540118E+01  0.471526E+02
0.544702E+01  0.483738E+02
0.549294E+01  0.496156E+02
0.553893E+01  0.508782E+02
0.558502E+01  0.521617E+02
0.563117E+01  0.534661E+02
0.567739E+01  0.547918E+02
0.572367E+01  0.561391E+02
0.577000E+01  0.575079E+02
0.581637E+01  0.588985E+02
