0.106677E+01  0.123947E+01
0.113556E+01  0.230993E+01
0.120248E+01  0.332574E+01
0.126613E+01  0.434984E+01
0.132658E+01  0.541710E+01
0.138438E+01  0.654925E+01
0.144008E+01  0.776204E+01
0.149418E+01  0.906855E+01
0.154705E+01  0.104805E+02
0.159898E+01  0.120091E+02
0.165020E+01  0.136649E+02
0.170087E+01  0.154587E+02
0.175112E+01  0.174008E+02
0.180105E+01  0.195018E+02
0.185073E+01  0.217722E+02
0.190021E+01  0.242226E+02
0.194952E+01  0.268637E+02
0.199871E+01  0.297065E+02
0.204780E+01  0.327621E+02
0.209680E+01  0.360418E+02
0.214574E+01  0.395573E+02
0.219462E+01  0.433203E+02
0.224345E+01  0.473430E+02
0.229224E+01  0.516378E+02
0.234100E+01  0.562173E+02
0.238974E+01  0.610944E+02
0.243845E+01  0.662825E+02
0.248714E+01  0.717951E+02
0.253581E+01  0.776459E+02
0.258447E+01  0.838491E+02
0.263311E+01  0.904192E+02
0.268174E+01  0.973709E+02
0.273037E+01  0.104719E+03
0.277898E+01  0.112480E+03
0.282758E+01  0.120668E+03
0.287618E+01  0.129299E+03
0.292477E+01  0.138391E+03
0.297336E+01  0.147959E+03
0.302193E+01  0.158021E+03
0.307051E+01  0.168593E+03
0.311907E+01  0.179694E+03
0.316764E+01  0.191341E+03
0.321619E+01  0.203552E+03
0.326474E+01  0.216346E+03
0.331329E+01  0.229743E+03
0.336183E+01  0.243760E+03
0.341036E+01  0.258417E+03
0.345890E+01  0.273735E+03
0.350742E+01  0.289734E+03
0.355594E+01  0.306434E+03
0.360446E+01  0.323855E+03
0.365297E+01  0.342020E+03
0.370148E+01  0.360949E+03
0.374998E+01  0.380665E+03
0.379848E+01  0.401189E+03
0.384697E+01  0.422544E+03
0.389546E+01  0.444754E+03
0.394394E+01  0.467840E+03
0.399242E+01  0.491827E+03
0.404089E+01  0.516739E+03
0.408936E+01  0.542600E+03
0.413782E+01  0.569435E+03
0.418628E+01  0.597268E+03
0.423474E+01  0.626124E+03
0.428319E+01  0.656030E+03
0.433163E+01  0.687011E+03
0.438008E+01  0.719094E+03
0.442851E+01  0.752306E+03
0.447695E+01  0.786673E+03
0.452537E+01  0.822222E+03
0.457380E+01  0.858983E+03
0.462221E+01  0.896980E+03
0.467063E+01  0.936248E+03
0.471904E+01  0.976810E+03
0.476745E+01  0.101870E+04
0.481585E+01  0.106194E+04
0.486425E+01  0.110657E+04
0.491265E+01  0.115261E+04
0.496104E+01  0.120010E+04
0.500943E+01  0.124906E+04
0.505781E+01  0.129954E+04
0.510619E+01  0.135155E+04
0.515457E+01  0.140514E+04
0.520294E+01  0.146033E+04
0.525131E+01  0.151716E+04
0.529968E+01  0.157565E+04
0.534804E+01  0.163586E+04
0.539640E+01  0.169780E+04
0.544476E+01  0.176152E+04
0.549311E+01  0.182704E+04
0.554146E+01  0.189441E+04
0.558981E+01  0.196365E+04
0.563816E+01  0.203481E+04
0.568651E+01  0.210793E+04
0.573485E+01  0.218303E+04
0.578319E+01  0.226015E+04
0.583153E+01  0.233934E+04
0.587986E+01  0.242063E+04
0.592820E+01  0.250406E+04
0.597653E+01  0.258967E+04
