0.106617E+01  0.834857E+00
0.113590E+01  0.156017E+01
0.120838E+01  0.220433E+01
0.128287E+01  0.278718E+01
0.135873E+01  0.332312E+01
0.143537E+01  0.382302E+01
0.151226E+01  0.429531E+01
0.158892E+01  0.474666E+01
0.166498E+01  0.518240E+01
0.174012E+01  0.560683E+01
0.181411E+01  0.602341E+01
0.188679E+01  0.643502E+01
0.195806E+01  0.684391E+01
0.202786E+01  0.725199E+01
0.209619E+01  0.766081E+01
0.216305E+01  0.807169E+01
0.222849E+01  0.848569E+01
0.229254E+01  0.890376E+01
0.235527E+01  0.932669E+01
0.241675E+01  0.975517E+01
0.247703E+01  0.101898E+02
0.253619E+01  0.106312E+02
0.259429E+01  0.110798E+02
0.265140E+01  0.115361E+02
0.270758E+01  0.120005E+02
0.276290E+01  0.124735E+02
0.281740E+01  0.129554E+02
0.287116E+01  0.134467E+02
0.292422E+01  0.139478E+02
0.297663E+01  0.144590E+02
0.302845E+01  0.149808E+02
0.307971E+01  0.155135E+02
0.313046E+01  0.160576E+02
0.318075E+01  0.166134E+02
0.323061E+01  0.171813E+02
0.328007E+01  0.177618E+02
0.332918E+01  0.183553E+02
0.337796E+01  0.189621E+02
0.342644E+01  0.195829E+02
0.347466E+01  0.202179E+02
0.352264E+01  0.208677E+02
0.357040E+01  0.215327E+02
0.361798E+01  0.222133E+02
0.366538E+01  0.229101E+02
0.371264E+01  0.236234E+02
0.375977E+01  0.243539E+02
0.380679E+01  0.251019E+02
0.385371E+01  0.258679E+02
0.390055E+01  0.266524E+02
0.394733E+01  0.274560E+02
0.399406E+01  0.282790E+02
0.404074E+01  0.291220E+02
0.408740E+01  0.299855E+02
0.413404E+01  0.308699E+02
0.418066E+01  0.317758E+02
0.422728E+01  0.327036E+02
0.427391E+01  0.336538E+02
0.432054E+01  0.346268E+02
0.436720E+01  0.356233E+02
0.441387E+01  0.366436E+02
0.446057E+01  0.376882E+02
0.450730E+01  0.387576E+02
0.455407E+01  0.398523E+02
0.460087E+01  0.409728E+02
0.464770E+01  0.421194E+02
0.469458E+01  0.432927E+02
0.474150E+01  0.444932E+02
0.478847E+01  0.457212E+02
0.483547E+01  0.469772E+02
0.488253E+01  0.482618E+02
0.492963E+01  0.495753E+02
0.497678E+01  0.509182E+02
0.502397E+01  0.522909E+02
0.507121E+01  0.536938E+02
0.511849E+01  0.551275E+02
0.516582E+01  0.565924E+02
0.521319E+01  0.580889E+02
0.526061E+01  0.596174E+02
0.530807E+01  0.611784E+02
0.535558E+01  0.627724E+02
0.540313E+01  0.643998E+02
0.545073E+01  0.660611E+02
0.549837E+01  0.677567E+02
0.554606E+01  0.694872E+02
0.559379E+01  0.712529E+02
0.564156E+01  0.730543E+02
0.568938E+01  0.748919E+02
0.573724E+01  0.767661E+02
0.578514E+01  0.786774E+02
0.583308E+01  0.806263E+02
0.588106E+01  0.826132E+02
0.592908E+01  0.846384E+02
0.597714E+01  0.867026E+02
0.602523E+01  0.888061E+02
0.607336E+01  0.909494E+02
0.612153E+01  0.931329E+02
0.616974E+01  0.953571E+02
0.621797E+01  0.976224E+02
0.626624E+01  0.999291E+02
0.631454E+01  0.102278E+03
