0.106700E+01  0.133586E+01
0.113915E+01  0.243544E+01
0.121512E+01  0.336917E+01
0.129345E+01  0.418707E+01
0.137292E+01  0.492386E+01
0.145259E+01  0.560333E+01
0.153186E+01  0.624176E+01
0.161036E+01  0.685044E+01
0.168788E+01  0.743731E+01
0.176431E+01  0.800810E+01
0.183963E+01  0.856696E+01
0.191382E+01  0.911712E+01
0.198692E+01  0.966093E+01
0.205897E+01  0.102003E+02
0.213001E+01  0.107367E+02
0.220010E+01  0.112712E+02
0.226928E+01  0.118050E+02
0.233761E+01  0.123389E+02
0.240514E+01  0.128733E+02
0.247192E+01  0.134091E+02
0.253798E+01  0.139465E+02
0.260338E+01  0.144862E+02
0.266814E+01  0.150283E+02
0.273232E+01  0.155734E+02
0.279594E+01  0.161215E+02
0.285904E+01  0.166731E+02
0.292165E+01  0.172282E+02
0.298380E+01  0.177872E+02
0.304552E+01  0.183502E+02
0.310683E+01  0.189174E+02
0.316775E+01  0.194889E+02
0.322832E+01  0.200649E+02
0.328854E+01  0.206455E+02
0.334845E+01  0.212309E+02
0.340805E+01  0.218211E+02
0.346737E+01  0.224163E+02
0.352643E+01  0.230166E+02
0.358523E+01  0.236220E+02
0.364380E+01  0.242327E+02
0.370214E+01  0.248488E+02
0.376027E+01  0.254702E+02
0.381821E+01  0.260972E+02
0.387595E+01  0.267297E+02
0.393352E+01  0.273679E+02
0.399093E+01  0.280117E+02
0.404817E+01  0.286614E+02
0.410527E+01  0.293168E+02
0.416223E+01  0.299781E+02
0.421906E+01  0.306454E+02
0.427576E+01  0.313186E+02
0.433235E+01  0.319979E+02
0.438882E+01  0.326832E+02
0.444519E+01  0.333747E+02
0.450147E+01  0.340723E+02
0.455765E+01  0.347761E+02
0.461374E+01  0.354862E+02
0.466975E+01  0.362026E+02
0.472568E+01  0.369252E+02
0.478153E+01  0.376542E+02
0.483732E+01  0.383896E+02
0.489305E+01  0.391314E+02
0.494871E+01  0.398797E+02
0.500431E+01  0.406344E+02
0.505986E+01  0.413956E+02
0.511535E+01  0.421633E+02
0.517080E+01  0.429376E+02
0.522621E+01  0.437185E+02
0.528157E+01  0.445060E+02
0.533689E+01  0.453000E+02
0.539217E+01  0.461008E+02
0.544741E+01  0.469082E+02
0.550262E+01  0.477222E+02
0.555780E+01  0.485430E+02
0.561296E+01  0.493705E+02
0.566808E+01  0.502047E+02
0.572318E+01  0.510457E+02
0.577825E+01  0.518935E+02
0.583330E+01  0.527480E+02
0.588833E+01  0.536094E+02
0.594333E+01  0.544775E+02
0.599832E+01  0.553525E+02
0.605329E+01  0.562343E+02
0.610825E+01  0.571229E+02
0.616319E+01  0.580184E+02
0.621811E+01  0.589208E+02
0.627302E+01  0.598301E+02
0.632792E+01  0.607462E+02
0.638281E+01  0.616693E+02
0.643768E+01  0.625992E+02
0.649255E+01  0.635361E+02
0.654741E+01  0.644799E+02
0.660225E+01  0.654306E+02
0.665709E+01  0.663882E+02
0.671192E+01  0.673528E+02
0.676674E+01  0.683243E+02
0.682156E+01  0.693028E+02
0.687637E+01  0.702882E+02
0.693117E+01  0.712806E+02
0.698597E+01  0.722799E+02
0.704076E+01  0.732862E+02
