0.106645E+01  0.421291E+00
0.113298E+01  0.799359E+00
0.119495E+01  0.118353E+01
0.125163E+01  0.160333E+01
0.130403E+01  0.207921E+01
0.135335E+01  0.262950E+01
0.140057E+01  0.327359E+01
0.144640E+01  0.403331E+01
0.149136E+01  0.493358E+01
0.153577E+01  0.600287E+01
0.157985E+01  0.727371E+01
0.162375E+01  0.878301E+01
0.166756E+01  0.105731E+02
0.171133E+01  0.126920E+02
0.175511E+01  0.151943E+02
0.179891E+01  0.181420E+02
0.184276E+01  0.216051E+02
0.188666E+01  0.256629E+02
0.193062E+01  0.304043E+02
0.197464E+01  0.359296E+02
0.201871E+01  0.423507E+02
0.206284E+01  0.497929E+02
0.210703E+01  0.583958E+02
0.215127E+01  0.683148E+02
0.219556E+01  0.797222E+02
0.223989E+01  0.928090E+02
0.228427E+01  0.107786E+03
0.232870E+01  0.124886E+03
0.237316E+01  0.144365E+03
0.241766E+01  0.166506E+03
0.246219E+01  0.191615E+03
0.250676E+01  0.220033E+03
0.255135E+01  0.252128E+03
0.259598E+01  0.288304E+03
0.264063E+01  0.329002E+03
0.268530E+01  0.374699E+03
0.273000E+01  0.425916E+03
0.277472E+01  0.483218E+03
0.281946E+01  0.547216E+03
0.286422E+01  0.618572E+03
0.290899E+01  0.698002E+03
0.295379E+01  0.786278E+03
0.299859E+01  0.884233E+03
0.304342E+01  0.992764E+03
0.308825E+01  0.111284E+04
0.313310E+01  0.124549E+04
0.317796E+01  0.139183E+04
0.322283E+01  0.155307E+04
0.326771E+01  0.173047E+04
0.331260E+01  0.192541E+04
0.335750E+01  0.213935E+04
0.340241E+01  0.237387E+04
0.344733E+01  0.263063E+04
0.349225E+01  0.291141E+04
0.353719E+01  0.321812E+04
0.358213E+01  0.355278E+04
0.362708E+01  0.391755E+04
0.367203E+01  0.431470E+04
0.371699E+01  0.474667E+04
0.376196E+01  0.521605E+04
0.380693E+01  0.572557E+04
0.385191E+01  0.627812E+04
0.389689E+01  0.687680E+04
0.394188E+01  0.752486E+04
0.398688E+01  0.822574E+04
0.403188E+01  0.898309E+04
0.407688E+01  0.980076E+04
0.412189E+01  0.106828E+05
0.416690E+01  0.116335E+05
0.421192E+01  0.126575E+05
0.425695E+01  0.137593E+05
0.430198E+01  0.149442E+05
0.434701E+01  0.162174E+05
0.439205E+01  0.175844E+05
0.443709E+01  0.190512E+05
0.448213E+01  0.206238E+05
0.452719E+01  0.223088E+05
0.457224E+01  0.241129E+05
0.461730E+01  0.260433E+05
0.466236E+01  0.281075E+05
0.470743E+01  0.303132E+05
0.475250E+01  0.326689E+05
0.479757E+01  0.351830E+05
0.484265E+01  0.378646E+05
0.488773E+01  0.407232E+05
0.493282E+01  0.437686E+05
0.497791E+01  0.470113E+05
0.502300E+01  0.504620E+05
0.506810E+01  0.541320E+05
0.511319E+01  0.580332E+05
0.515830E+01  0.621778E+05
0.520340E+01  0.665789E+05
0.524851E+01  0.712497E+05
0.529362E+01  0.762044E+05
0.533874E+01  0.814576E+05
0.538386E+01  0.870245E+05
0.542898E+01  0.929209E+05
0.547410E+01  0.991635E+05
0.551923E+01  0.105769E+06
0.556436E+01  0.112757E+06
