0.106431E+01  0.146732E+01
0.112687E+01  0.295138E+01
0.118588E+01  0.454547E+01
0.124118E+01  0.632053E+01
0.129330E+01  0.833708E+01
0.134299E+01  0.106543E+02
0.139088E+01  0.133354E+02
0.143750E+01  0.164500E+02
0.148326E+01  0.200759E+02
0.152844E+01  0.242998E+02
0.157325E+01  0.292179E+02
0.161783E+01  0.349364E+02
0.166228E+01  0.415729E+02
0.170666E+01  0.492569E+02
0.175102E+01  0.581309E+02
0.179539E+01  0.683514E+02
0.183979E+01  0.800903E+02
0.188422E+01  0.935355E+02
0.192870E+01  0.108893E+03
0.197323E+01  0.126386E+03
0.201782E+01  0.146260E+03
0.206246E+01  0.168779E+03
0.210715E+01  0.194231E+03
0.215188E+01  0.222929E+03
0.219667E+01  0.255208E+03
0.224151E+01  0.291434E+03
0.228638E+01  0.331997E+03
0.233130E+01  0.377320E+03
0.237626E+01  0.427856E+03
0.242125E+01  0.484093E+03
0.246628E+01  0.546551E+03
0.251134E+01  0.615789E+03
0.255644E+01  0.692404E+03
0.260156E+01  0.777032E+03
0.264671E+01  0.870354E+03
0.269188E+01  0.973092E+03
0.273708E+01  0.108602E+04
0.278230E+01  0.120995E+04
0.282754E+01  0.134575E+04
0.287281E+01  0.149435E+04
0.291809E+01  0.165672E+04
0.296338E+01  0.183390E+04
0.300870E+01  0.202697E+04
0.305402E+01  0.223710E+04
0.309936E+01  0.246549E+04
0.314472E+01  0.271344E+04
0.319008E+01  0.298230E+04
0.323546E+01  0.327350E+04
0.328085E+01  0.358855E+04
0.332624E+01  0.392904E+04
0.337165E+01  0.429664E+04
0.341707E+01  0.469310E+04
0.346250E+01  0.512025E+04
0.350794E+01  0.558004E+04
0.355339E+01  0.607448E+04
0.359885E+01  0.660570E+04
0.364432E+01  0.717591E+04
0.368980E+01  0.778746E+04
0.373528E+01  0.844276E+04
0.378077E+01  0.914436E+04
0.382628E+01  0.989492E+04
0.387178E+01  0.106972E+05
0.391730E+01  0.115542E+05
0.396283E+01  0.124688E+05
0.400836E+01  0.134442E+05
0.405389E+01  0.144837E+05
0.409944E+01  0.155907E+05
0.414499E+01  0.167689E+05
0.419055E+01  0.180218E+05
0.423611E+01  0.193534E+05
0.000000E+00  0.000000E+00
0.000000E+00  0.000000E+00
0.000000E+00  0.000000E+00
0.000000E+00  0.000000E+00
0.000000E+00  0.000000E+00
0.000000E+00  0.000000E+00
0.000000E+00  0.000000E+00
0.000000E+00  0.000000E+00
0.000000E+00  0.000000E+00
0.000000E+00  0.000000E+00
0.000000E+00  0.000000E+00
0.000000E+00  0.000000E+00
0.000000E+00  0.000000E+00
0.000000E+00  0.000000E+00
0.000000E+00  0.000000E+00
0.000000E+00  0.000000E+00
0.000000E+00  0.000000E+00
0.000000E+00  0.000000E+00
0.000000E+00  0.000000E+00
0.000000E+00  0.000000E+00
0.000000E+00  0.000000E+00
0.000000E+00  0.000000E+00
0.000000E+00  0.000000E+00
0.000000E+00  0.000000E+00
0.000000E+00  0.000000E+00
0.000000E+00  0.000000E+00
0.000000E+00  0.000000E+00
0.000000E+00  0.000000E+00
0.000000E+00  0.000000E+00
0.000000E+00  0.000000E+00
