0.106760E+01  0.106290E+01
0.114058E+01  0.191371E+01
0.121566E+01  0.264028E+01
0.128999E+01  0.330006E+01
0.136206E+01  0.392747E+01
0.143142E+01  0.454241E+01
0.149819E+01  0.515652E+01
0.156265E+01  0.577701E+01
0.162514E+01  0.640866E+01
0.168596E+01  0.705485E+01
0.174538E+01  0.771816E+01
0.180362E+01  0.840073E+01
0.186088E+01  0.910428E+01
0.191731E+01  0.983037E+01
0.197305E+01  0.105804E+02
0.202821E+01  0.113556E+02
0.208289E+01  0.121572E+02
0.213715E+01  0.129862E+02
0.219106E+01  0.138436E+02
0.224468E+01  0.147304E+02
0.229804E+01  0.156475E+02
0.235119E+01  0.165957E+02
0.240415E+01  0.175758E+02
0.245695E+01  0.185885E+02
0.250961E+01  0.196346E+02
0.256215E+01  0.207147E+02
0.261458E+01  0.218296E+02
0.266690E+01  0.229800E+02
0.271915E+01  0.241663E+02
0.277131E+01  0.253893E+02
0.282340E+01  0.266497E+02
0.287543E+01  0.279479E+02
0.292739E+01  0.292846E+02
0.297931E+01  0.306604E+02
0.303117E+01  0.320759E+02
0.308298E+01  0.335317E+02
0.313476E+01  0.350283E+02
0.318649E+01  0.365663E+02
0.323818E+01  0.381463E+02
0.328983E+01  0.397689E+02
0.334145E+01  0.414346E+02
0.339304E+01  0.431441E+02
0.344459E+01  0.448978E+02
0.349612E+01  0.466964E+02
0.354761E+01  0.485404E+02
0.359908E+01  0.504304E+02
0.365053E+01  0.523669E+02
0.370194E+01  0.543506E+02
0.375334E+01  0.563819E+02
0.380470E+01  0.584616E+02
0.385605E+01  0.605900E+02
0.390737E+01  0.627678E+02
0.395868E+01  0.649956E+02
0.400996E+01  0.672739E+02
0.406122E+01  0.696033E+02
0.411246E+01  0.719843E+02
0.416368E+01  0.744176E+02
0.421488E+01  0.769037E+02
0.426607E+01  0.794431E+02
0.431723E+01  0.820365E+02
0.436838E+01  0.846844E+02
0.441951E+01  0.873873E+02
0.447062E+01  0.901459E+02
0.452171E+01  0.929607E+02
0.457279E+01  0.958323E+02
0.462386E+01  0.987613E+02
0.467490E+01  0.101748E+03
0.472594E+01  0.104794E+03
0.477695E+01  0.107898E+03
0.482796E+01  0.111062E+03
0.487894E+01  0.114287E+03
0.492992E+01  0.117572E+03
0.498088E+01  0.120919E+03
0.503182E+01  0.124328E+03
0.508276E+01  0.127799E+03
0.513368E+01  0.131334E+03
0.518458E+01  0.134932E+03
0.523548E+01  0.138595E+03
0.528636E+01  0.142323E+03
0.533723E+01  0.146116E+03
0.538809E+01  0.149975E+03
0.543894E+01  0.153902E+03
0.548978E+01  0.157895E+03
0.554060E+01  0.161957E+03
0.559142E+01  0.166087E+03
0.564222E+01  0.170286E+03
0.569302E+01  0.174555E+03
0.574381E+01  0.178894E+03
0.579458E+01  0.183304E+03
0.584535E+01  0.187786E+03
0.589610E+01  0.192339E+03
0.594685E+01  0.196966E+03
0.599759E+01  0.201666E+03
0.604831E+01  0.206440E+03
0.609903E+01  0.211288E+03
0.614974E+01  0.216211E+03
0.620045E+01  0.221210E+03
0.625114E+01  0.226286E+03
0.630182E+01  0.231438E+03
0.635250E+01  0.236668E+03
