0.106591E+01  0.649820E+00
0.113451E+01  0.122637E+01
0.120418E+01  0.175574E+01
0.127342E+01  0.225795E+01
0.134119E+01  0.274773E+01
0.140694E+01  0.323568E+01
0.147048E+01  0.372933E+01
0.153185E+01  0.423420E+01
0.159121E+01  0.475444E+01
0.164876E+01  0.529339E+01
0.170474E+01  0.585379E+01
0.175932E+01  0.643819E+01
0.181272E+01  0.704878E+01
0.186510E+01  0.768772E+01
0.191662E+01  0.835712E+01
0.196741E+01  0.905902E+01
0.201757E+01  0.979545E+01
0.206722E+01  0.105684E+02
0.211643E+01  0.113800E+02
0.216529E+01  0.122322E+02
0.221384E+01  0.131270E+02
0.226215E+01  0.140665E+02
0.231026E+01  0.150525E+02
0.235821E+01  0.160873E+02
0.240602E+01  0.171726E+02
0.245372E+01  0.183106E+02
0.250133E+01  0.195033E+02
0.254888E+01  0.207525E+02
0.259637E+01  0.220604E+02
0.264382E+01  0.234289E+02
0.269124E+01  0.248601E+02
0.273864E+01  0.263559E+02
0.278602E+01  0.279183E+02
0.283340E+01  0.295495E+02
0.288076E+01  0.312514E+02
0.292813E+01  0.330261E+02
0.297549E+01  0.348757E+02
0.302287E+01  0.368022E+02
0.307025E+01  0.388078E+02
0.311763E+01  0.408947E+02
0.316503E+01  0.430648E+02
0.321244E+01  0.453204E+02
0.325986E+01  0.476636E+02
0.330730E+01  0.500967E+02
0.335475E+01  0.526218E+02
0.340221E+01  0.552411E+02
0.344969E+01  0.579569E+02
0.349718E+01  0.607714E+02
0.354469E+01  0.636868E+02
0.359221E+01  0.667056E+02
0.363974E+01  0.698299E+02
0.368729E+01  0.730621E+02
0.373485E+01  0.764046E+02
0.378243E+01  0.798596E+02
0.383002E+01  0.834296E+02
0.387763E+01  0.871170E+02
0.392524E+01  0.909242E+02
0.397287E+01  0.948535E+02
0.402052E+01  0.989075E+02
0.406818E+01  0.103089E+03
0.411585E+01  0.107399E+03
0.416353E+01  0.111842E+03
0.421122E+01  0.116419E+03
0.425893E+01  0.121134E+03
0.430664E+01  0.125988E+03
0.435437E+01  0.130984E+03
0.440211E+01  0.136126E+03
0.444986E+01  0.141414E+03
0.449762E+01  0.146853E+03
0.454539E+01  0.152445E+03
0.459317E+01  0.158191E+03
0.464096E+01  0.164096E+03
0.468876E+01  0.170162E+03
0.473657E+01  0.176391E+03
0.478438E+01  0.182787E+03
0.483221E+01  0.189351E+03
0.488005E+01  0.196087E+03
0.492789E+01  0.202997E+03
0.497575E+01  0.210085E+03
0.502361E+01  0.217353E+03
0.507148E+01  0.224803E+03
0.511936E+01  0.232440E+03
0.516724E+01  0.240265E+03
0.521514E+01  0.248281E+03
0.526304E+01  0.256492E+03
0.531095E+01  0.264901E+03
0.535887E+01  0.273509E+03
0.540679E+01  0.282321E+03
0.545472E+01  0.291339E+03
0.550266E+01  0.300566E+03
0.555061E+01  0.310006E+03
0.559856E+01  0.319660E+03
0.564652E+01  0.329533E+03
0.569448E+01  0.339627E+03
0.574245E+01  0.349946E+03
0.579043E+01  0.360491E+03
0.583842E+01  0.371268E+03
0.588641E+01  0.382278E+03
0.593440E+01  0.393524E+03
0.598241E+01  0.405011E+03
