0.106453E+01  0.653401E+00
0.112681E+01  0.131496E+01
0.118504E+01  0.203999E+01
0.123966E+01  0.286513E+01
0.129160E+01  0.382036E+01
0.134168E+01  0.493465E+01
0.139049E+01  0.623808E+01
0.143846E+01  0.776275E+01
0.148586E+01  0.954320E+01
0.153287E+01  0.116168E+02
0.157961E+01  0.140239E+02
0.162616E+01  0.168084E+02
0.167258E+01  0.200180E+02
0.171892E+01  0.237047E+02
0.176519E+01  0.279245E+02
0.181141E+01  0.327384E+02
0.185760E+01  0.382125E+02
0.190377E+01  0.444180E+02
0.194993E+01  0.514319E+02
0.199609E+01  0.593369E+02
0.204223E+01  0.682222E+02
0.208838E+01  0.781833E+02
0.213453E+01  0.893228E+02
0.218069E+01  0.101750E+03
0.222684E+01  0.115583E+03
0.227301E+01  0.130946E+03
0.231917E+01  0.147974E+03
0.236535E+01  0.166807E+03
0.241153E+01  0.187597E+03
0.245771E+01  0.210504E+03
0.250391E+01  0.235698E+03
0.255010E+01  0.263360E+03
0.259631E+01  0.293680E+03
0.264252E+01  0.326860E+03
0.268873E+01  0.363114E+03
0.273495E+01  0.402665E+03
0.278118E+01  0.445751E+03
0.282741E+01  0.492621E+03
0.287365E+01  0.543539E+03
0.291988E+01  0.598780E+03
0.296613E+01  0.658635E+03
0.301237E+01  0.723408E+03
0.305862E+01  0.793420E+03
0.310488E+01  0.869005E+03
0.315113E+01  0.950515E+03
0.319739E+01  0.103832E+04
0.324366E+01  0.113280E+04
0.328992E+01  0.123435E+04
0.333619E+01  0.134341E+04
0.338246E+01  0.146041E+04
0.342873E+01  0.158580E+04
0.347500E+01  0.172006E+04
0.352128E+01  0.186369E+04
0.356755E+01  0.201722E+04
0.361383E+01  0.218117E+04
0.366011E+01  0.235612E+04
0.370640E+01  0.254264E+04
0.375268E+01  0.274134E+04
0.379896E+01  0.295286E+04
0.384525E+01  0.317785E+04
0.389154E+01  0.341699E+04
0.393782E+01  0.367099E+04
0.398411E+01  0.394058E+04
0.403040E+01  0.422651E+04
0.407670E+01  0.452959E+04
0.412299E+01  0.485062E+04
0.416928E+01  0.519045E+04
0.421558E+01  0.554995E+04
0.426187E+01  0.593003E+04
0.430817E+01  0.633163E+04
0.435446E+01  0.675570E+04
0.440076E+01  0.720327E+04
0.444706E+01  0.767534E+04
0.449336E+01  0.817301E+04
0.453966E+01  0.869736E+04
0.458596E+01  0.924954E+04
0.463226E+01  0.983072E+04
0.467856E+01  0.104421E+05
0.472487E+01  0.110850E+05
0.477117E+01  0.117606E+05
0.481748E+01  0.124703E+05
0.486379E+01  0.132154E+05
0.491009E+01  0.139974E+05
0.495640E+01  0.148177E+05
0.500271E+01  0.156778E+05
0.504902E+01  0.165792E+05
0.509533E+01  0.175236E+05
0.514164E+01  0.185125E+05
0.518795E+01  0.195476E+05
0.523427E+01  0.206307E+05
0.528058E+01  0.217635E+05
0.532690E+01  0.229478E+05
0.537321E+01  0.241855E+05
0.541953E+01  0.254785E+05
0.546584E+01  0.268288E+05
0.551216E+01  0.282384E+05
0.555848E+01  0.297093E+05
0.560480E+01  0.312438E+05
0.565112E+01  0.328439E+05
0.569744E+01  0.345120E+05
