0.106510E+01  0.142235E+01
0.112926E+01  0.279807E+01
0.119010E+01  0.423592E+01
0.124738E+01  0.580481E+01
0.130167E+01  0.755506E+01
0.135368E+01  0.953052E+01
0.140400E+01  0.117741E+02
0.145310E+01  0.143301E+02
0.150132E+01  0.172455E+02
0.154891E+01  0.205704E+02
0.159604E+01  0.243587E+02
0.164284E+01  0.286681E+02
0.168940E+01  0.335608E+02
0.173579E+01  0.391037E+02
0.178206E+01  0.453689E+02
0.182824E+01  0.524340E+02
0.187435E+01  0.603824E+02
0.192042E+01  0.693037E+02
0.196646E+01  0.792943E+02
0.201248E+01  0.904573E+02
0.205850E+01  0.102903E+03
0.210451E+01  0.116750E+03
0.215051E+01  0.132123E+03
0.219653E+01  0.149158E+03
0.224254E+01  0.167996E+03
0.228857E+01  0.188791E+03
0.233460E+01  0.211704E+03
0.238065E+01  0.236906E+03
0.242670E+01  0.264580E+03
0.247277E+01  0.294917E+03
0.251884E+01  0.328121E+03
0.256493E+01  0.364408E+03
0.261102E+01  0.404004E+03
0.265712E+01  0.447149E+03
0.270324E+01  0.494095E+03
0.274936E+01  0.545107E+03
0.279549E+01  0.600466E+03
0.284163E+01  0.660465E+03
0.288777E+01  0.725413E+03
0.293393E+01  0.795632E+03
0.298009E+01  0.871463E+03
0.302626E+01  0.953260E+03
0.307243E+01  0.104140E+04
0.311861E+01  0.113626E+04
0.316479E+01  0.123826E+04
0.321098E+01  0.134783E+04
0.325718E+01  0.146540E+04
0.330338E+01  0.159144E+04
0.334958E+01  0.172644E+04
0.339579E+01  0.187090E+04
0.344200E+01  0.202534E+04
0.348821E+01  0.219032E+04
0.353443E+01  0.236640E+04
0.358065E+01  0.255418E+04
0.362687E+01  0.275427E+04
0.367310E+01  0.296732E+04
0.371933E+01  0.319399E+04
0.376556E+01  0.343498E+04
0.381180E+01  0.369099E+04
0.385803E+01  0.396278E+04
0.390427E+01  0.425112E+04
0.395051E+01  0.455681E+04
0.399676E+01  0.488067E+04
0.404300E+01  0.522357E+04
0.408925E+01  0.558639E+04
0.413549E+01  0.597006E+04
0.418174E+01  0.637553E+04
0.422800E+01  0.680377E+04
0.427425E+01  0.725581E+04
0.432050E+01  0.773271E+04
0.436676E+01  0.823554E+04
0.441301E+01  0.876543E+04
0.445927E+01  0.932353E+04
0.450553E+01  0.991105E+04
0.455179E+01  0.105292E+05
0.459805E+01  0.111793E+05
0.464431E+01  0.118626E+05
0.469057E+01  0.125805E+05
0.473684E+01  0.133343E+05
0.478310E+01  0.141256E+05
0.482937E+01  0.149558E+05
0.487564E+01  0.158263E+05
0.492191E+01  0.167388E+05
0.496818E+01  0.176950E+05
0.501445E+01  0.186963E+05
0.506072E+01  0.197446E+05
0.510699E+01  0.208416E+05
0.515327E+01  0.219891E+05
0.519954E+01  0.231890E+05
0.524582E+01  0.244431E+05
0.529209E+01  0.257534E+05
0.533837E+01  0.271219E+05
0.538465E+01  0.285507E+05
0.543093E+01  0.300419E+05
0.547721E+01  0.315977E+05
0.552349E+01  0.332202E+05
0.556977E+01  0.349118E+05
0.561606E+01  0.366749E+05
0.566234E+01  0.385117E+05
0.570863E+01  0.404248E+05
