0.106472E+01  0.129877E+01
0.112972E+01  0.254969E+01
0.119379E+01  0.378950E+01
0.125618E+01  0.504644E+01
0.131654E+01  0.634167E+01
0.137481E+01  0.769125E+01
0.143111E+01  0.910781E+01
0.148562E+01  0.106018E+02
0.153855E+01  0.121824E+02
0.159010E+01  0.138581E+02
0.164048E+01  0.156369E+02
0.168985E+01  0.175269E+02
0.173838E+01  0.195359E+02
0.178620E+01  0.216720E+02
0.183342E+01  0.239432E+02
0.188013E+01  0.263574E+02
0.192642E+01  0.289230E+02
0.197235E+01  0.316480E+02
0.201798E+01  0.345408E+02
0.206335E+01  0.376096E+02
0.210851E+01  0.408630E+02
0.215349E+01  0.443095E+02
0.219831E+01  0.479576E+02
0.224299E+01  0.518162E+02
0.228756E+01  0.558941E+02
0.233203E+01  0.602003E+02
0.237642E+01  0.647439E+02
0.242073E+01  0.695342E+02
0.246498E+01  0.745806E+02
0.250918E+01  0.798927E+02
0.255332E+01  0.854801E+02
0.259743E+01  0.913529E+02
0.264150E+01  0.975208E+02
0.268554E+01  0.103994E+03
0.272956E+01  0.110783E+03
0.277355E+01  0.117898E+03
0.281753E+01  0.125350E+03
0.286149E+01  0.133150E+03
0.290544E+01  0.141307E+03
0.294938E+01  0.149835E+03
0.299332E+01  0.158742E+03
0.303725E+01  0.168042E+03
0.308118E+01  0.177746E+03
0.312511E+01  0.187864E+03
0.316904E+01  0.198410E+03
0.321297E+01  0.209394E+03
0.325691E+01  0.220829E+03
0.330085E+01  0.232727E+03
0.334480E+01  0.245100E+03
0.338875E+01  0.257961E+03
0.343271E+01  0.271322E+03
0.347667E+01  0.285196E+03
0.352064E+01  0.299595E+03
0.356461E+01  0.314534E+03
0.360859E+01  0.330025E+03
0.365258E+01  0.346083E+03
0.369657E+01  0.362720E+03
0.374058E+01  0.379951E+03
0.378459E+01  0.397790E+03
0.382861E+01  0.416249E+03
0.000000E+00  0.000000E+00
0.000000E+00  0.000000E+00
0.000000E+00  0.000000E+00
0.000000E+00  0.000000E+00
0.000000E+00  0.000000E+00
0.000000E+00  0.000000E+00
0.000000E+00  0.000000E+00
0.000000E+00  0.000000E+00
0.000000E+00  0.000000E+00
0.000000E+00  0.000000E+00
0.000000E+00  0.000000E+00
0.000000E+00  0.000000E+00
0.000000E+00  0.000000E+00
0.000000E+00  0.000000E+00
0.000000E+00  0.000000E+00
0.000000E+00  0.000000E+00
0.000000E+00  0.000000E+00
0.000000E+00  0.000000E+00
0.000000E+00  0.000000E+00
0.000000E+00  0.000000E+00
0.000000E+00  0.000000E+00
0.000000E+00  0.000000E+00
0.000000E+00  0.000000E+00
0.000000E+00  0.000000E+00
0.000000E+00  0.000000E+00
0.000000E+00  0.000000E+00
0.000000E+00  0.000000E+00
0.000000E+00  0.000000E+00
0.000000E+00  0.000000E+00
0.000000E+00  0.000000E+00
0.000000E+00  0.000000E+00
0.000000E+00  0.000000E+00
0.000000E+00  0.000000E+00
0.000000E+00  0.000000E+00
0.000000E+00  0.000000E+00
0.000000E+00  0.000000E+00
0.000000E+00  0.000000E+00
0.000000E+00  0.000000E+00
0.000000E+00  0.000000E+00
0.000000E+00  0.000000E+00
