0.106614E+01  0.102677E+01
0.113616E+01  0.191589E+01
0.120958E+01  0.269601E+01
0.128582E+01  0.338998E+01
0.136424E+01  0.401593E+01
0.144425E+01  0.458809E+01
0.152530E+01  0.511756E+01
0.160694E+01  0.561298E+01
0.168881E+01  0.608103E+01
0.177064E+01  0.652690E+01
0.185224E+01  0.695460E+01
0.193346E+01  0.736733E+01
0.201422E+01  0.776754E+01
0.209445E+01  0.815724E+01
0.217413E+01  0.853800E+01
0.225324E+01  0.891112E+01
0.233177E+01  0.927764E+01
0.240973E+01  0.963844E+01
0.248713E+01  0.999423E+01
0.256400E+01  0.103456E+02
0.264034E+01  0.106931E+02
0.271617E+01  0.110372E+02
0.279152E+01  0.113782E+02
0.286641E+01  0.117164E+02
0.294085E+01  0.120521E+02
0.301487E+01  0.123856E+02
0.308848E+01  0.127171E+02
0.316171E+01  0.130467E+02
0.323456E+01  0.133747E+02
0.330706E+01  0.137012E+02
0.337923E+01  0.140263E+02
0.345107E+01  0.143502E+02
0.352260E+01  0.146729E+02
0.359384E+01  0.149945E+02
0.366480E+01  0.153152E+02
0.373549E+01  0.156350E+02
0.380592E+01  0.159540E+02
0.387611E+01  0.162723E+02
0.394606E+01  0.165899E+02
0.401578E+01  0.169069E+02
0.408529E+01  0.172234E+02
0.415459E+01  0.175393E+02
0.422370E+01  0.178547E+02
0.429262E+01  0.181698E+02
0.436135E+01  0.184844E+02
0.442991E+01  0.187988E+02
0.449830E+01  0.191128E+02
0.456653E+01  0.194265E+02
0.463461E+01  0.197399E+02
0.470254E+01  0.200532E+02
0.477033E+01  0.203663E+02
0.483799E+01  0.206791E+02
0.490551E+01  0.209919E+02
0.497290E+01  0.213045E+02
0.504018E+01  0.216170E+02
0.510734E+01  0.219295E+02
0.517439E+01  0.222418E+02
0.524133E+01  0.225541E+02
0.530816E+01  0.228664E+02
0.537490E+01  0.231787E+02
0.544154E+01  0.234909E+02
0.550809E+01  0.238032E+02
0.557455E+01  0.241155E+02
0.564093E+01  0.244278E+02
0.570722E+01  0.247402E+02
0.577344E+01  0.250527E+02
0.583957E+01  0.253652E+02
0.590564E+01  0.256777E+02
0.597163E+01  0.259904E+02
0.603755E+01  0.263032E+02
0.610341E+01  0.266161E+02
0.616920E+01  0.269290E+02
0.623494E+01  0.272422E+02
0.630061E+01  0.275554E+02
0.636622E+01  0.278688E+02
0.643178E+01  0.281823E+02
0.649729E+01  0.284959E+02
0.656275E+01  0.288097E+02
0.662815E+01  0.291237E+02
0.669351E+01  0.294378E+02
0.675881E+01  0.297521E+02
0.682408E+01  0.300665E+02
0.688930E+01  0.303812E+02
0.695448E+01  0.306960E+02
0.701961E+01  0.310110E+02
0.708471E+01  0.313262E+02
0.714977E+01  0.316415E+02
0.721479E+01  0.319571E+02
0.727978E+01  0.322729E+02
0.734473E+01  0.325888E+02
0.740965E+01  0.329050E+02
0.747453E+01  0.332213E+02
0.753939E+01  0.335379E+02
0.760421E+01  0.338547E+02
0.766900E+01  0.341717E+02
0.773377E+01  0.344889E+02
0.779850E+01  0.348063E+02
0.786321E+01  0.351240E+02
0.792789E+01  0.354418E+02
0.799255E+01  0.357599E+02
