0.106759E+01  0.796957E+00
0.113886E+01  0.144773E+01
0.120890E+01  0.203752E+01
0.127542E+01  0.261381E+01
0.133825E+01  0.320122E+01
0.139799E+01  0.381338E+01
0.145530E+01  0.445907E+01
0.151075E+01  0.514485E+01
0.156481E+01  0.587625E+01
0.161781E+01  0.665824E+01
0.167001E+01  0.749541E+01
0.172161E+01  0.839224E+01
0.177275E+01  0.935291E+01
0.182353E+01  0.103816E+02
0.187402E+01  0.114822E+02
0.192429E+01  0.126589E+02
0.197437E+01  0.139155E+02
0.202430E+01  0.152561E+02
0.207410E+01  0.166847E+02
0.212378E+01  0.182053E+02
0.217337E+01  0.198221E+02
0.222286E+01  0.215392E+02
0.227227E+01  0.233610E+02
0.232161E+01  0.252917E+02
0.237087E+01  0.273359E+02
0.242008E+01  0.294982E+02
0.246923E+01  0.317832E+02
0.251832E+01  0.341956E+02
0.256736E+01  0.367404E+02
0.261635E+01  0.394226E+02
0.266530E+01  0.422472E+02
0.271420E+01  0.452194E+02
0.276307E+01  0.483447E+02
0.281189E+01  0.516283E+02
0.286068E+01  0.550760E+02
0.290944E+01  0.586932E+02
0.295816E+01  0.624859E+02
0.300685E+01  0.664600E+02
0.305551E+01  0.706214E+02
0.310414E+01  0.749763E+02
0.315274E+01  0.795309E+02
0.320132E+01  0.842917E+02
0.324987E+01  0.892652E+02
0.329840E+01  0.944579E+02
0.334691E+01  0.998766E+02
0.339539E+01  0.105528E+03
0.344385E+01  0.111420E+03
0.349229E+01  0.117558E+03
0.354071E+01  0.123951E+03
0.358911E+01  0.130606E+03
0.363750E+01  0.137529E+03
0.368586E+01  0.144729E+03
0.373421E+01  0.152214E+03
0.378254E+01  0.159992E+03
0.383086E+01  0.168069E+03
0.387916E+01  0.176456E+03
0.392744E+01  0.185159E+03
0.397571E+01  0.194188E+03
0.402397E+01  0.203550E+03
0.407221E+01  0.213255E+03
0.412045E+01  0.223312E+03
0.416866E+01  0.233728E+03
0.421687E+01  0.244514E+03
0.426507E+01  0.255679E+03
0.431325E+01  0.267232E+03
0.436143E+01  0.279183E+03
0.440959E+01  0.291540E+03
0.445774E+01  0.304315E+03
0.450589E+01  0.317517E+03
0.455402E+01  0.331156E+03
0.460214E+01  0.345242E+03
0.465026E+01  0.359785E+03
0.469837E+01  0.374797E+03
0.474647E+01  0.390287E+03
0.479456E+01  0.406267E+03
0.484265E+01  0.422748E+03
0.489072E+01  0.439740E+03
0.493879E+01  0.457254E+03
0.498686E+01  0.475303E+03
0.503491E+01  0.493898E+03
0.508297E+01  0.513050E+03
0.513101E+01  0.532771E+03
0.517905E+01  0.553073E+03
0.522708E+01  0.573969E+03
0.527511E+01  0.595470E+03
0.532313E+01  0.617589E+03
0.537115E+01  0.640338E+03
0.541916E+01  0.663731E+03
0.546717E+01  0.687780E+03
0.551518E+01  0.712499E+03
0.556317E+01  0.737899E+03
0.561117E+01  0.763996E+03
0.565916E+01  0.790802E+03
0.570715E+01  0.818331E+03
0.575514E+01  0.846597E+03
0.580312E+01  0.875614E+03
0.585110E+01  0.905396E+03
0.589907E+01  0.935958E+03
0.594705E+01  0.967313E+03
0.599502E+01  0.999477E+03
