0.106686E+01  0.170855E+01
0.113918E+01  0.311778E+01
0.121648E+01  0.429716E+01
0.129773E+01  0.530384E+01
0.138133E+01  0.618523E+01
0.146531E+01  0.698058E+01
0.154768E+01  0.772161E+01
0.162686E+01  0.843298E+01
0.170190E+01  0.913307E+01
0.177242E+01  0.983508E+01
0.183850E+01  0.105483E+02
0.190040E+01  0.112796E+02
0.195853E+01  0.120337E+02
0.201332E+01  0.128144E+02
0.206515E+01  0.136247E+02
0.211439E+01  0.144674E+02
0.216139E+01  0.153450E+02
0.220643E+01  0.162603E+02
0.224979E+01  0.172162E+02
0.229169E+01  0.182158E+02
0.233236E+01  0.192628E+02
0.237200E+01  0.203614E+02
0.241078E+01  0.215162E+02
0.244887E+01  0.227328E+02
0.248643E+01  0.240174E+02
0.252360E+01  0.253770E+02
0.256053E+01  0.268197E+02
0.259733E+01  0.283544E+02
0.263412E+01  0.299906E+02
0.267100E+01  0.317389E+02
0.270804E+01  0.336102E+02
0.274531E+01  0.356161E+02
0.278287E+01  0.377688E+02
0.282074E+01  0.400808E+02
0.285896E+01  0.425647E+02
0.289753E+01  0.452337E+02
0.293645E+01  0.481014E+02
0.297573E+01  0.511815E+02
0.301536E+01  0.544883E+02
0.305532E+01  0.580365E+02
0.309559E+01  0.618412E+02
0.313617E+01  0.659180E+02
0.317703E+01  0.702832E+02
0.321816E+01  0.749538E+02
0.325954E+01  0.799470E+02
0.330115E+01  0.852812E+02
0.334299E+01  0.909750E+02
0.338503E+01  0.970481E+02
0.342726E+01  0.103521E+03
0.346968E+01  0.110414E+03
0.351225E+01  0.117749E+03
0.355499E+01  0.125550E+03
0.359787E+01  0.133839E+03
0.364088E+01  0.142642E+03
0.368402E+01  0.151983E+03
0.372728E+01  0.161888E+03
0.377065E+01  0.172386E+03
0.381413E+01  0.183504E+03
0.385770E+01  0.195271E+03
0.390137E+01  0.207717E+03
0.394512E+01  0.220874E+03
0.398895E+01  0.234775E+03
0.403286E+01  0.249451E+03
0.407684E+01  0.264939E+03
0.412089E+01  0.281274E+03
0.416501E+01  0.298492E+03
0.420919E+01  0.316631E+03
0.425342E+01  0.335731E+03
0.429771E+01  0.355832E+03
0.434206E+01  0.376976E+03
0.438645E+01  0.399207E+03
0.443089E+01  0.422567E+03
0.447537E+01  0.447103E+03
0.451990E+01  0.472862E+03
0.456446E+01  0.499893E+03
0.460907E+01  0.528244E+03
0.465371E+01  0.557968E+03
0.469839E+01  0.589118E+03
0.474310E+01  0.621746E+03
0.478785E+01  0.655910E+03
0.483262E+01  0.691667E+03
0.487743E+01  0.729075E+03
0.492226E+01  0.768195E+03
0.496712E+01  0.809089E+03
0.501201E+01  0.851821E+03
0.505692E+01  0.896456E+03
0.510186E+01  0.943062E+03
0.514682E+01  0.991707E+03
0.519180E+01  0.104246E+04
0.523680E+01  0.109540E+04
0.528182E+01  0.115059E+04
0.532687E+01  0.120812E+04
0.537193E+01  0.126806E+04
0.541701E+01  0.133049E+04
0.546211E+01  0.139549E+04
0.550722E+01  0.146315E+04
0.555235E+01  0.153355E+04
0.559750E+01  0.160679E+04
0.564266E+01  0.168294E+04
0.568784E+01  0.176210E+04
