0.106552E+01  0.231340E+00
0.113285E+01  0.442344E+00
0.120021E+01  0.641960E+00
0.126607E+01  0.837511E+00
0.132947E+01  0.103468E+01
0.139005E+01  0.123778E+01
0.144782E+01  0.145011E+01
0.150303E+01  0.167434E+01
0.155600E+01  0.191276E+01
0.160707E+01  0.216747E+01
0.165656E+01  0.244051E+01
0.170475E+01  0.273398E+01
0.175188E+01  0.304994E+01
0.179816E+01  0.339061E+01
0.184377E+01  0.375824E+01
0.188884E+01  0.415517E+01
0.193350E+01  0.458383E+01
0.197783E+01  0.504669E+01
0.202191E+01  0.554629E+01
0.206579E+01  0.608524E+01
0.210952E+01  0.666617E+01
0.215314E+01  0.729180E+01
0.219666E+01  0.796489E+01
0.224011E+01  0.868827E+01
0.228350E+01  0.946485E+01
0.232685E+01  0.102976E+02
0.237016E+01  0.111896E+02
0.241344E+01  0.121439E+02
0.245670E+01  0.131638E+02
0.249993E+01  0.142526E+02
0.254315E+01  0.154137E+02
0.258636E+01  0.166506E+02
0.262955E+01  0.179668E+02
0.267273E+01  0.193662E+02
0.271590E+01  0.208525E+02
0.275907E+01  0.224296E+02
0.280223E+01  0.241015E+02
0.284538E+01  0.258723E+02
0.288852E+01  0.277464E+02
0.293166E+01  0.297279E+02
0.297479E+01  0.318214E+02
0.301792E+01  0.340315E+02
0.306105E+01  0.363628E+02
0.310417E+01  0.388201E+02
0.314728E+01  0.414083E+02
0.319039E+01  0.441326E+02
0.323350E+01  0.469979E+02
0.327660E+01  0.500097E+02
0.331969E+01  0.531733E+02
0.336278E+01  0.564942E+02
0.340586E+01  0.599780E+02
0.344893E+01  0.636305E+02
0.349200E+01  0.674577E+02
0.353506E+01  0.714654E+02
0.357811E+01  0.756600E+02
0.362116E+01  0.800476E+02
0.366420E+01  0.846347E+02
0.370722E+01  0.894279E+02
0.375025E+01  0.944341E+02
0.379326E+01  0.996600E+02
0.000000E+00  0.000000E+00
0.000000E+00  0.000000E+00
0.000000E+00  0.000000E+00
0.000000E+00  0.000000E+00
0.000000E+00  0.000000E+00
0.000000E+00  0.000000E+00
0.000000E+00  0.000000E+00
0.000000E+00  0.000000E+00
0.000000E+00  0.000000E+00
0.000000E+00  0.000000E+00
0.000000E+00  0.000000E+00
0.000000E+00  0.000000E+00
0.000000E+00  0.000000E+00
0.000000E+00  0.000000E+00
0.000000E+00  0.000000E+00
0.000000E+00  0.000000E+00
0.000000E+00  0.000000E+00
0.000000E+00  0.000000E+00
0.000000E+00  0.000000E+00
0.000000E+00  0.000000E+00
0.000000E+00  0.000000E+00
0.000000E+00  0.000000E+00
0.000000E+00  0.000000E+00
0.000000E+00  0.000000E+00
0.000000E+00  0.000000E+00
0.000000E+00  0.000000E+00
0.000000E+00  0.000000E+00
0.000000E+00  0.000000E+00
0.000000E+00  0.000000E+00
0.000000E+00  0.000000E+00
0.000000E+00  0.000000E+00
0.000000E+00  0.000000E+00
0.000000E+00  0.000000E+00
0.000000E+00  0.000000E+00
0.000000E+00  0.000000E+00
0.000000E+00  0.000000E+00
0.000000E+00  0.000000E+00
0.000000E+00  0.000000E+00
0.000000E+00  0.000000E+00
0.000000E+00  0.000000E+00
