0.106503E+01  0.831029E+00
0.113013E+01  0.162499E+01
0.119361E+01  0.242190E+01
0.125491E+01  0.324669E+01
0.131410E+01  0.411573E+01
0.137142E+01  0.504089E+01
0.142721E+01  0.603168E+01
0.148174E+01  0.709636E+01
0.153526E+01  0.824248E+01
0.158797E+01  0.947717E+01
0.164003E+01  0.108073E+02
0.169156E+01  0.122396E+02
0.174266E+01  0.137807E+02
0.179340E+01  0.154371E+02
0.184386E+01  0.172156E+02
0.189408E+01  0.191226E+02
0.194409E+01  0.211648E+02
0.199394E+01  0.233491E+02
0.204364E+01  0.256821E+02
0.209322E+01  0.281708E+02
0.214269E+01  0.308223E+02
0.219208E+01  0.336435E+02
0.224139E+01  0.366417E+02
0.229063E+01  0.398243E+02
0.233981E+01  0.431987E+02
0.238894E+01  0.467725E+02
0.243803E+01  0.505533E+02
0.248707E+01  0.545490E+02
0.253609E+01  0.587675E+02
0.258507E+01  0.632169E+02
0.263403E+01  0.679053E+02
0.268296E+01  0.728409E+02
0.273187E+01  0.780324E+02
0.278076E+01  0.834881E+02
0.282963E+01  0.892168E+02
0.287849E+01  0.952273E+02
0.292734E+01  0.101528E+03
0.297617E+01  0.108129E+03
0.302499E+01  0.115039E+03
0.307379E+01  0.122267E+03
0.312259E+01  0.129822E+03
0.317138E+01  0.137715E+03
0.322016E+01  0.145954E+03
0.326894E+01  0.154550E+03
0.331770E+01  0.163513E+03
0.336646E+01  0.172851E+03
0.341522E+01  0.182577E+03
0.346396E+01  0.192699E+03
0.351271E+01  0.203229E+03
0.356144E+01  0.214177E+03
0.361017E+01  0.225553E+03
0.365890E+01  0.237369E+03
0.370762E+01  0.249635E+03
0.375634E+01  0.262362E+03
0.380505E+01  0.275562E+03
0.385377E+01  0.289245E+03
0.390247E+01  0.303423E+03
0.395118E+01  0.318109E+03
0.399988E+01  0.333312E+03
0.404857E+01  0.349045E+03
0.409727E+01  0.365321E+03
0.414596E+01  0.382150E+03
0.419465E+01  0.399545E+03
0.424334E+01  0.417519E+03
0.429202E+01  0.436084E+03
0.434070E+01  0.455251E+03
0.438938E+01  0.475035E+03
0.443806E+01  0.495448E+03
0.448674E+01  0.516501E+03
0.453541E+01  0.538210E+03
0.458408E+01  0.560586E+03
0.463275E+01  0.583643E+03
0.468142E+01  0.607394E+03
0.473009E+01  0.631853E+03
0.477875E+01  0.657033E+03
0.482742E+01  0.682948E+03
0.487608E+01  0.709612E+03
0.492474E+01  0.737038E+03
0.497340E+01  0.765242E+03
0.502206E+01  0.794237E+03
0.507071E+01  0.824037E+03
0.511937E+01  0.854656E+03
0.516802E+01  0.886111E+03
0.521667E+01  0.918414E+03
0.526532E+01  0.951581E+03
0.531397E+01  0.985627E+03
0.536262E+01  0.102057E+04
0.541127E+01  0.105642E+04
0.545992E+01  0.109319E+04
0.550856E+01  0.113090E+04
0.555721E+01  0.116957E+04
0.560585E+01  0.120921E+04
0.565450E+01  0.124983E+04
0.570314E+01  0.129146E+04
0.575178E+01  0.133410E+04
0.580042E+01  0.137778E+04
0.584906E+01  0.142252E+04
0.589770E+01  0.146831E+04
0.594634E+01  0.151519E+04
0.599498E+01  0.156317E+04
