0.106713E+01  0.663427E+00
0.113970E+01  0.120456E+01
0.121612E+01  0.166114E+01
0.129450E+01  0.206092E+01
0.137318E+01  0.242338E+01
0.145102E+01  0.276162E+01
0.152743E+01  0.308428E+01
0.160215E+01  0.339703E+01
0.167512E+01  0.370365E+01
0.174643E+01  0.400673E+01
0.181620E+01  0.430806E+01
0.188454E+01  0.460898E+01
0.195160E+01  0.491044E+01
0.201749E+01  0.521320E+01
0.208235E+01  0.551783E+01
0.214626E+01  0.582480E+01
0.220932E+01  0.613452E+01
0.227161E+01  0.644729E+01
0.233322E+01  0.676340E+01
0.239420E+01  0.708310E+01
0.245461E+01  0.740658E+01
0.251452E+01  0.773406E+01
0.257396E+01  0.806570E+01
0.263298E+01  0.840164E+01
0.269162E+01  0.874204E+01
0.274992E+01  0.908703E+01
0.280789E+01  0.943671E+01
0.286558E+01  0.979121E+01
0.292301E+01  0.101506E+02
0.298020E+01  0.105150E+02
0.303717E+01  0.108845E+02
0.309393E+01  0.112592E+02
0.315052E+01  0.116391E+02
0.320693E+01  0.120243E+02
0.326318E+01  0.124149E+02
0.331929E+01  0.128110E+02
0.337527E+01  0.132125E+02
0.343112E+01  0.136196E+02
0.348686E+01  0.140323E+02
0.354249E+01  0.144506E+02
0.359802E+01  0.148746E+02
0.365345E+01  0.153043E+02
0.370880E+01  0.157398E+02
0.376407E+01  0.161810E+02
0.381926E+01  0.166281E+02
0.387437E+01  0.170811E+02
0.392942E+01  0.175400E+02
0.398441E+01  0.180048E+02
0.403933E+01  0.184756E+02
0.409420E+01  0.189523E+02
0.414901E+01  0.194351E+02
0.420377E+01  0.199239E+02
0.425849E+01  0.204188E+02
0.431315E+01  0.209198E+02
0.436777E+01  0.214268E+02
0.442235E+01  0.219401E+02
0.447689E+01  0.224594E+02
0.453138E+01  0.229850E+02
0.458585E+01  0.235168E+02
0.464027E+01  0.240548E+02
0.469466E+01  0.245990E+02
0.474902E+01  0.251495E+02
0.480335E+01  0.257063E+02
0.485765E+01  0.262694E+02
0.491192E+01  0.268389E+02
0.496616E+01  0.274146E+02
0.502037E+01  0.279968E+02
0.507456E+01  0.285853E+02
0.512872E+01  0.291802E+02
0.518286E+01  0.297816E+02
0.523697E+01  0.303894E+02
0.529106E+01  0.310036E+02
0.534513E+01  0.316243E+02
0.539918E+01  0.322515E+02
0.545320E+01  0.328852E+02
0.550721E+01  0.335254E+02
0.556120E+01  0.341722E+02
0.561516E+01  0.348255E+02
0.566911E+01  0.354854E+02
0.572304E+01  0.361518E+02
0.577696E+01  0.368249E+02
0.583085E+01  0.375046E+02
0.588473E+01  0.381909E+02
0.593860E+01  0.388839E+02
0.599245E+01  0.395835E+02
0.604628E+01  0.402898E+02
0.610009E+01  0.410028E+02
0.615390E+01  0.417225E+02
0.620768E+01  0.424490E+02
0.626146E+01  0.431822E+02
0.631522E+01  0.439221E+02
0.636897E+01  0.446688E+02
0.642270E+01  0.454223E+02
0.647642E+01  0.461826E+02
0.653013E+01  0.469497E+02
0.658382E+01  0.477236E+02
0.663751E+01  0.485044E+02
0.669118E+01  0.492920E+02
0.674484E+01  0.500865E+02
0.679849E+01  0.508879E+02
