0.106442E+01  0.195225E+01
0.112745E+01  0.390615E+01
0.118733E+01  0.597445E+01
0.124370E+01  0.824132E+01
0.129697E+01  0.107757E+02
0.134771E+01  0.136418E+02
0.139652E+01  0.169055E+02
0.144388E+01  0.206379E+02
0.149017E+01  0.249165E+02
0.153568E+01  0.298271E+02
0.158062E+01  0.354638E+02
0.162516E+01  0.419306E+02
0.166940E+01  0.493414E+02
0.171342E+01  0.578218E+02
0.175730E+01  0.675095E+02
0.180107E+01  0.785560E+02
0.184477E+01  0.911273E+02
0.188842E+01  0.105405E+03
0.193204E+01  0.121589E+03
0.197564E+01  0.139896E+03
0.201924E+01  0.160563E+03
0.206283E+01  0.183850E+03
0.210643E+01  0.210036E+03
0.215004E+01  0.239428E+03
0.219367E+01  0.272357E+03
0.223731E+01  0.309180E+03
0.228097E+01  0.350287E+03
0.232464E+01  0.396095E+03
0.236833E+01  0.447057E+03
0.241205E+01  0.503660E+03
0.245578E+01  0.566427E+03
0.249953E+01  0.635921E+03
0.254330E+01  0.712746E+03
0.258708E+01  0.797550E+03
0.263089E+01  0.891027E+03
0.267471E+01  0.993918E+03
0.271855E+01  0.110702E+04
0.276240E+01  0.123117E+04
0.280628E+01  0.136727E+04
0.285016E+01  0.151629E+04
0.289406E+01  0.167924E+04
0.293797E+01  0.185721E+04
0.298189E+01  0.205136E+04
0.302583E+01  0.226292E+04
0.306978E+01  0.249318E+04
0.311374E+01  0.274353E+04
0.315771E+01  0.301543E+04
0.320170E+01  0.331044E+04
0.324570E+01  0.363019E+04
0.328970E+01  0.397641E+04
0.000000E+00  0.000000E+00
0.000000E+00  0.000000E+00
0.000000E+00  0.000000E+00
0.000000E+00  0.000000E+00
0.000000E+00  0.000000E+00
0.000000E+00  0.000000E+00
0.000000E+00  0.000000E+00
0.000000E+00  0.000000E+00
0.000000E+00  0.000000E+00
0.000000E+00  0.000000E+00
0.000000E+00  0.000000E+00
0.000000E+00  0.000000E+00
0.000000E+00  0.000000E+00
0.000000E+00  0.000000E+00
0.000000E+00  0.000000E+00
0.000000E+00  0.000000E+00
0.000000E+00  0.000000E+00
0.000000E+00  0.000000E+00
0.000000E+00  0.000000E+00
0.000000E+00  0.000000E+00
0.000000E+00  0.000000E+00
0.000000E+00  0.000000E+00
0.000000E+00  0.000000E+00
0.000000E+00  0.000000E+00
0.000000E+00  0.000000E+00
0.000000E+00  0.000000E+00
0.000000E+00  0.000000E+00
0.000000E+00  0.000000E+00
0.000000E+00  0.000000E+00
0.000000E+00  0.000000E+00
0.000000E+00  0.000000E+00
0.000000E+00  0.000000E+00
0.000000E+00  0.000000E+00
0.000000E+00  0.000000E+00
0.000000E+00  0.000000E+00
0.000000E+00  0.000000E+00
0.000000E+00  0.000000E+00
0.000000E+00  0.000000E+00
0.000000E+00  0.000000E+00
0.000000E+00  0.000000E+00
0.000000E+00  0.000000E+00
0.000000E+00  0.000000E+00
0.000000E+00  0.000000E+00
0.000000E+00  0.000000E+00
0.000000E+00  0.000000E+00
0.000000E+00  0.000000E+00
0.000000E+00  0.000000E+00
0.000000E+00  0.000000E+00
0.000000E+00  0.000000E+00
0.000000E+00  0.000000E+00
