0.106558E+01  0.169726E+01
0.112982E+01  0.331211E+01
0.118910E+01  0.503332E+01
0.124338E+01  0.698525E+01
0.129386E+01  0.926855E+01
0.134171E+01  0.119849E+02
0.138786E+01  0.152482E+02
0.143294E+01  0.191904E+02
0.147736E+01  0.239643E+02
0.152140E+01  0.297469E+02
0.156523E+01  0.367428E+02
0.160896E+01  0.451870E+02
0.165265E+01  0.553519E+02
0.169635E+01  0.675495E+02
0.174008E+01  0.821380E+02
0.178384E+01  0.995267E+02
0.182767E+01  0.120182E+03
0.187154E+01  0.144636E+03
0.191548E+01  0.173488E+03
0.195947E+01  0.207420E+03
0.200352E+01  0.247196E+03
0.204762E+01  0.293678E+03
0.209177E+01  0.347833E+03
0.213597E+01  0.410739E+03
0.218022E+01  0.483604E+03
0.222450E+01  0.567769E+03
0.226883E+01  0.664725E+03
0.231320E+01  0.776127E+03
0.235759E+01  0.903804E+03
0.240203E+01  0.104978E+04
0.244649E+01  0.121627E+04
0.249098E+01  0.140574E+04
0.253550E+01  0.162087E+04
0.258004E+01  0.186462E+04
0.262461E+01  0.214021E+04
0.266920E+01  0.245119E+04
0.271381E+01  0.280140E+04
0.275844E+01  0.319504E+04
0.280309E+01  0.363668E+04
0.284776E+01  0.413129E+04
0.289244E+01  0.468426E+04
0.293714E+01  0.530142E+04
0.298185E+01  0.598910E+04
0.302657E+01  0.675411E+04
0.307131E+01  0.760384E+04
0.311606E+01  0.854623E+04
0.316081E+01  0.958987E+04
0.320558E+01  0.107440E+05
0.325036E+01  0.120185E+05
0.329515E+01  0.134241E+05
0.333994E+01  0.149723E+05
0.338475E+01  0.166752E+05
0.342956E+01  0.185461E+05
0.347439E+01  0.205989E+05
0.351921E+01  0.228487E+05
0.356405E+01  0.253115E+05
0.360889E+01  0.280045E+05
0.365374E+01  0.309459E+05
0.369860E+01  0.341553E+05
0.374346E+01  0.376533E+05
0.378833E+01  0.414622E+05
0.383320E+01  0.456052E+05
0.387808E+01  0.501076E+05
0.392297E+01  0.549956E+05
0.396787E+01  0.602974E+05
0.401277E+01  0.660428E+05
0.405767E+01  0.722634E+05
0.410259E+01  0.789925E+05
0.414750E+01  0.862656E+05
0.419243E+01  0.941201E+05
0.423735E+01  0.102596E+06
0.428229E+01  0.111734E+06
0.432723E+01  0.121578E+06
0.437217E+01  0.132176E+06
0.441712E+01  0.143577E+06
0.446207E+01  0.155831E+06
0.450703E+01  0.168994E+06
0.455199E+01  0.183123E+06
0.459696E+01  0.198278E+06
0.464193E+01  0.214522E+06
0.000000E+00  0.000000E+00
0.000000E+00  0.000000E+00
0.000000E+00  0.000000E+00
0.000000E+00  0.000000E+00
0.000000E+00  0.000000E+00
0.000000E+00  0.000000E+00
0.000000E+00  0.000000E+00
0.000000E+00  0.000000E+00
0.000000E+00  0.000000E+00
0.000000E+00  0.000000E+00
0.000000E+00  0.000000E+00
0.000000E+00  0.000000E+00
0.000000E+00  0.000000E+00
0.000000E+00  0.000000E+00
0.000000E+00  0.000000E+00
0.000000E+00  0.000000E+00
0.000000E+00  0.000000E+00
0.000000E+00  0.000000E+00
0.000000E+00  0.000000E+00
0.000000E+00  0.000000E+00
