0.106761E+01  0.456143E+00
0.113778E+01  0.833358E+00
0.120501E+01  0.118768E+01
0.126769E+01  0.154799E+01
0.132639E+01  0.192898E+01
0.138210E+01  0.233956E+01
0.143567E+01  0.278644E+01
0.148774E+01  0.327541E+01
0.153879E+01  0.381191E+01
0.158914E+01  0.440114E+01
0.163902E+01  0.504813E+01
0.168859E+01  0.575784E+01
0.173796E+01  0.653511E+01
0.178718E+01  0.738476E+01
0.183632E+01  0.831163E+01
0.188539E+01  0.932055E+01
0.193443E+01  0.104164E+02
0.198344E+01  0.116043E+02
0.203243E+01  0.128892E+02
0.208142E+01  0.142762E+02
0.213040E+01  0.157707E+02
0.217937E+01  0.173780E+02
0.222835E+01  0.191036E+02
0.227732E+01  0.209531E+02
0.232630E+01  0.229323E+02
0.237528E+01  0.250470E+02
0.242425E+01  0.273031E+02
0.247323E+01  0.297067E+02
0.252222E+01  0.322641E+02
0.257120E+01  0.349816E+02
0.262018E+01  0.378656E+02
0.266916E+01  0.409227E+02
0.271815E+01  0.441595E+02
0.276713E+01  0.475830E+02
0.281611E+01  0.512000E+02
0.286509E+01  0.550176E+02
0.291407E+01  0.590430E+02
0.296305E+01  0.632835E+02
0.301203E+01  0.677464E+02
0.306100E+01  0.724395E+02
0.310998E+01  0.773702E+02
0.315895E+01  0.825464E+02
0.320791E+01  0.879760E+02
0.325688E+01  0.936671E+02
0.330584E+01  0.996277E+02
0.335480E+01  0.105866E+03
0.340375E+01  0.112391E+03
0.345271E+01  0.119210E+03
0.350165E+01  0.126333E+03
0.355060E+01  0.133768E+03
0.359954E+01  0.141524E+03
0.364847E+01  0.149610E+03
0.369741E+01  0.158035E+03
0.374633E+01  0.166809E+03
0.379525E+01  0.175940E+03
0.384417E+01  0.185438E+03
0.389309E+01  0.195313E+03
0.394200E+01  0.205575E+03
0.399090E+01  0.216233E+03
0.403980E+01  0.227297E+03
0.408870E+01  0.238777E+03
0.413759E+01  0.250684E+03
0.418647E+01  0.263028E+03
0.423535E+01  0.275820E+03
0.428423E+01  0.289069E+03
0.433310E+01  0.302787E+03
0.438197E+01  0.316984E+03
0.443083E+01  0.331672E+03
0.447969E+01  0.346862E+03
0.452855E+01  0.362563E+03
0.457740E+01  0.378789E+03
0.462624E+01  0.395550E+03
0.467508E+01  0.412858E+03
0.472392E+01  0.430725E+03
0.477276E+01  0.449162E+03
0.482158E+01  0.468181E+03
0.487041E+01  0.487794E+03
0.491923E+01  0.508014E+03
0.496805E+01  0.528853E+03
0.501686E+01  0.550323E+03
0.506567E+01  0.572437E+03
0.511448E+01  0.595207E+03
0.516328E+01  0.618646E+03
0.521208E+01  0.642768E+03
0.526088E+01  0.667584E+03
0.530967E+01  0.693109E+03
0.535846E+01  0.719356E+03
0.540725E+01  0.746337E+03
0.545603E+01  0.774067E+03
0.550481E+01  0.802560E+03
0.555359E+01  0.831828E+03
0.560237E+01  0.861887E+03
0.565114E+01  0.892750E+03
0.569991E+01  0.924431E+03
0.574868E+01  0.956945E+03
0.579745E+01  0.990307E+03
0.584622E+01  0.102453E+04
0.589499E+01  0.105963E+04
0.594375E+01  0.109562E+04
0.599251E+01  0.113252E+04
