0.106689E+01  0.208799E+01
0.113738E+01  0.384679E+01
0.120852E+01  0.542767E+01
0.127840E+01  0.692316E+01
0.134620E+01  0.838785E+01
0.141179E+01  0.985441E+01
0.147530E+01  0.113433E+02
0.153699E+01  0.128685E+02
0.159709E+01  0.144397E+02
0.165585E+01  0.160648E+02
0.171347E+01  0.177501E+02
0.177012E+01  0.195010E+02
0.182596E+01  0.213223E+02
0.188110E+01  0.232183E+02
0.193565E+01  0.251930E+02
0.198970E+01  0.272504E+02
0.204333E+01  0.293939E+02
0.209658E+01  0.316271E+02
0.214952E+01  0.339531E+02
0.220219E+01  0.363753E+02
0.225462E+01  0.388967E+02
0.230685E+01  0.415204E+02
0.235889E+01  0.442492E+02
0.241078E+01  0.470863E+02
0.246253E+01  0.500343E+02
0.251415E+01  0.530962E+02
0.256567E+01  0.562747E+02
0.261709E+01  0.595727E+02
0.266843E+01  0.629930E+02
0.271968E+01  0.665382E+02
0.277087E+01  0.702112E+02
0.282199E+01  0.740147E+02
0.287306E+01  0.779514E+02
0.292407E+01  0.820240E+02
0.297504E+01  0.862353E+02
0.302597E+01  0.905880E+02
0.307685E+01  0.950849E+02
0.312770E+01  0.997287E+02
0.317852E+01  0.104522E+03
0.322930E+01  0.109468E+03
0.328006E+01  0.114569E+03
0.333079E+01  0.119827E+03
0.338150E+01  0.125246E+03
0.343219E+01  0.130829E+03
0.348285E+01  0.136578E+03
0.353349E+01  0.142495E+03
0.358412E+01  0.148584E+03
0.363473E+01  0.154848E+03
0.368532E+01  0.161289E+03
0.373589E+01  0.167909E+03
0.378645E+01  0.174713E+03
0.383699E+01  0.181702E+03
0.388752E+01  0.188879E+03
0.393804E+01  0.196247E+03
0.398855E+01  0.203809E+03
0.403904E+01  0.211568E+03
0.408952E+01  0.219527E+03
0.413999E+01  0.227688E+03
0.419044E+01  0.236054E+03
0.424088E+01  0.244627E+03
0.429115E+01  0.253382E+03
0.434139E+01  0.262349E+03
0.439163E+01  0.271532E+03
0.444186E+01  0.280931E+03
0.449207E+01  0.290551E+03
0.454228E+01  0.300395E+03
0.459247E+01  0.310464E+03
0.464266E+01  0.320764E+03
0.469284E+01  0.331295E+03
0.474301E+01  0.342062E+03
0.479317E+01  0.353067E+03
0.484333E+01  0.364313E+03
0.489348E+01  0.375803E+03
0.494362E+01  0.387540E+03
0.499376E+01  0.399526E+03
0.504388E+01  0.411766E+03
0.509401E+01  0.424262E+03
0.514412E+01  0.437016E+03
0.519423E+01  0.450032E+03
0.524434E+01  0.463313E+03
0.529444E+01  0.476861E+03
0.534453E+01  0.490680E+03
0.539462E+01  0.504773E+03
0.544471E+01  0.519142E+03
0.549479E+01  0.533792E+03
0.554486E+01  0.548724E+03
0.559493E+01  0.563941E+03
0.564499E+01  0.579447E+03
0.569505E+01  0.595245E+03
0.574511E+01  0.611338E+03
0.579516E+01  0.627728E+03
0.584520E+01  0.644420E+03
0.589524E+01  0.661415E+03
0.594528E+01  0.678717E+03
0.599531E+01  0.696329E+03
0.604534E+01  0.714254E+03
0.609536E+01  0.732496E+03
0.614538E+01  0.751057E+03
0.619540E+01  0.769941E+03
0.624541E+01  0.789150E+03
