0.106382E+01  0.293602E+00
0.112479E+01  0.602685E+00
0.118162E+01  0.948838E+00
0.123473E+01  0.134921E+01
0.128497E+01  0.182038E+01
0.133314E+01  0.238057E+01
0.137989E+01  0.305065E+01
0.142565E+01  0.385470E+01
0.147075E+01  0.482055E+01
0.151539E+01  0.598035E+01
0.155971E+01  0.737130E+01
0.160382E+01  0.903628E+01
0.164779E+01  0.110250E+02
0.169165E+01  0.133948E+02
0.173546E+01  0.162115E+02
0.177924E+01  0.195508E+02
0.182300E+01  0.234994E+02
0.186676E+01  0.281562E+02
0.191054E+01  0.336340E+02
0.195433E+01  0.400608E+02
0.199814E+01  0.475821E+02
0.204199E+01  0.563618E+02
0.208586E+01  0.665854E+02
0.212976E+01  0.784614E+02
0.217370E+01  0.922240E+02
0.221766E+01  0.108136E+03
0.226166E+01  0.126490E+03
0.230569E+01  0.147615E+03
0.234975E+01  0.171876E+03
0.239384E+01  0.199679E+03
0.243796E+01  0.231474E+03
0.248210E+01  0.267761E+03
0.252628E+01  0.309091E+03
0.257048E+01  0.356075E+03
0.261470E+01  0.409385E+03
0.265895E+01  0.469760E+03
0.270322E+01  0.538014E+03
0.274752E+01  0.615037E+03
0.279184E+01  0.701808E+03
0.283617E+01  0.799396E+03
0.288053E+01  0.908964E+03
0.292490E+01  0.103179E+04
0.296930E+01  0.116925E+04
0.301370E+01  0.132287E+04
0.305812E+01  0.149428E+04
0.310256E+01  0.168526E+04
0.314701E+01  0.189777E+04
0.319148E+01  0.213388E+04
0.323596E+01  0.239587E+04
0.328045E+01  0.268619E+04
0.000000E+00  0.000000E+00
0.000000E+00  0.000000E+00
0.000000E+00  0.000000E+00
0.000000E+00  0.000000E+00
0.000000E+00  0.000000E+00
0.000000E+00  0.000000E+00
0.000000E+00  0.000000E+00
0.000000E+00  0.000000E+00
0.000000E+00  0.000000E+00
0.000000E+00  0.000000E+00
0.000000E+00  0.000000E+00
0.000000E+00  0.000000E+00
0.000000E+00  0.000000E+00
0.000000E+00  0.000000E+00
0.000000E+00  0.000000E+00
0.000000E+00  0.000000E+00
0.000000E+00  0.000000E+00
0.000000E+00  0.000000E+00
0.000000E+00  0.000000E+00
0.000000E+00  0.000000E+00
0.000000E+00  0.000000E+00
0.000000E+00  0.000000E+00
0.000000E+00  0.000000E+00
0.000000E+00  0.000000E+00
0.000000E+00  0.000000E+00
0.000000E+00  0.000000E+00
0.000000E+00  0.000000E+00
0.000000E+00  0.000000E+00
0.000000E+00  0.000000E+00
0.000000E+00  0.000000E+00
0.000000E+00  0.000000E+00
0.000000E+00  0.000000E+00
0.000000E+00  0.000000E+00
0.000000E+00  0.000000E+00
0.000000E+00  0.000000E+00
0.000000E+00  0.000000E+00
0.000000E+00  0.000000E+00
0.000000E+00  0.000000E+00
0.000000E+00  0.000000E+00
0.000000E+00  0.000000E+00
0.000000E+00  0.000000E+00
0.000000E+00  0.000000E+00
0.000000E+00  0.000000E+00
0.000000E+00  0.000000E+00
0.000000E+00  0.000000E+00
0.000000E+00  0.000000E+00
0.000000E+00  0.000000E+00
0.000000E+00  0.000000E+00
0.000000E+00  0.000000E+00
0.000000E+00  0.000000E+00
