0.106647E+01  0.194130E+01
0.113732E+01  0.358964E+01
0.121178E+01  0.501723E+01
0.128910E+01  0.627708E+01
0.136856E+01  0.740813E+01
0.144955E+01  0.843906E+01
0.153155E+01  0.939117E+01
0.161417E+01  0.102805E+02
0.169709E+01  0.111191E+02
0.178005E+01  0.119165E+02
0.186286E+01  0.126799E+02
0.194538E+01  0.134152E+02
0.202750E+01  0.141269E+02
0.210913E+01  0.148187E+02
0.219022E+01  0.154937E+02
0.227072E+01  0.161544E+02
0.235061E+01  0.168028E+02
0.242987E+01  0.174407E+02
0.250849E+01  0.180696E+02
0.258647E+01  0.186906E+02
0.266382E+01  0.193049E+02
0.274054E+01  0.199133E+02
0.281665E+01  0.205167E+02
0.289214E+01  0.211156E+02
0.296705E+01  0.217107E+02
0.304138E+01  0.223026E+02
0.311515E+01  0.228916E+02
0.318837E+01  0.234782E+02
0.326106E+01  0.240627E+02
0.333324E+01  0.246455E+02
0.340493E+01  0.252268E+02
0.347613E+01  0.258070E+02
0.354686E+01  0.263861E+02
0.361715E+01  0.269645E+02
0.368699E+01  0.275424E+02
0.375642E+01  0.281199E+02
0.382544E+01  0.286971E+02
0.389406E+01  0.292743E+02
0.396231E+01  0.298515E+02
0.403018E+01  0.304289E+02
0.409770E+01  0.310065E+02
0.416488E+01  0.315846E+02
0.423172E+01  0.321631E+02
0.429825E+01  0.327423E+02
0.436446E+01  0.333221E+02
0.443037E+01  0.339026E+02
0.449599E+01  0.344839E+02
0.456133E+01  0.350662E+02
0.462640E+01  0.356494E+02
0.469120E+01  0.362336E+02
0.475575E+01  0.368189E+02
0.482005E+01  0.374053E+02
0.488412E+01  0.379929E+02
0.494796E+01  0.385817E+02
0.501157E+01  0.391717E+02
0.507497E+01  0.397631E+02
0.513815E+01  0.403559E+02
0.520114E+01  0.409500E+02
0.526393E+01  0.415456E+02
0.532653E+01  0.421426E+02
0.538894E+01  0.427412E+02
0.545118E+01  0.433413E+02
0.551325E+01  0.439429E+02
0.557515E+01  0.445462E+02
0.563689E+01  0.451510E+02
0.569847E+01  0.457576E+02
0.575990E+01  0.463658E+02
0.582118E+01  0.469757E+02
0.588232E+01  0.475874E+02
0.594333E+01  0.482008E+02
0.600419E+01  0.488160E+02
0.606494E+01  0.494330E+02
0.612555E+01  0.500518E+02
0.618605E+01  0.506725E+02
0.624642E+01  0.512951E+02
0.630669E+01  0.519195E+02
0.636684E+01  0.525458E+02
0.642689E+01  0.531741E+02
0.648683E+01  0.538043E+02
0.654667E+01  0.544364E+02
0.660642E+01  0.550706E+02
0.666607E+01  0.557067E+02
0.672564E+01  0.563448E+02
0.678511E+01  0.569850E+02
0.684451E+01  0.576272E+02
0.690381E+01  0.582714E+02
0.696304E+01  0.589178E+02
0.702220E+01  0.595662E+02
0.708128E+01  0.602167E+02
0.714029E+01  0.608693E+02
0.719923E+01  0.615240E+02
0.725810E+01  0.621809E+02
0.731691E+01  0.628399E+02
0.737565E+01  0.635011E+02
0.743434E+01  0.641644E+02
0.749296E+01  0.648299E+02
0.755153E+01  0.654976E+02
0.761005E+01  0.661676E+02
0.766851E+01  0.668397E+02
0.772693E+01  0.675140E+02
