0.106590E+01  0.106689E+01
0.113534E+01  0.200377E+01
0.120815E+01  0.283246E+01
0.128409E+01  0.357092E+01
0.136287E+01  0.423393E+01
0.144419E+01  0.483368E+01
0.152776E+01  0.538023E+01
0.161325E+01  0.588188E+01
0.170038E+01  0.634551E+01
0.178886E+01  0.677679E+01
0.187843E+01  0.718042E+01
0.196887E+01  0.756034E+01
0.205996E+01  0.791977E+01
0.215154E+01  0.826144E+01
0.224345E+01  0.858764E+01
0.233555E+01  0.890027E+01
0.242774E+01  0.920095E+01
0.251992E+01  0.949107E+01
0.261202E+01  0.977179E+01
0.270398E+01  0.100441E+02
0.279575E+01  0.103089E+02
0.288727E+01  0.105669E+02
0.297853E+01  0.108188E+02
0.306948E+01  0.110650E+02
0.316012E+01  0.113062E+02
0.325042E+01  0.115427E+02
0.334037E+01  0.117750E+02
0.342997E+01  0.120033E+02
0.351920E+01  0.122280E+02
0.360806E+01  0.124493E+02
0.369655E+01  0.126676E+02
0.378468E+01  0.128829E+02
0.387243E+01  0.130954E+02
0.395981E+01  0.133055E+02
0.404683E+01  0.135132E+02
0.413349E+01  0.137186E+02
0.421978E+01  0.139220E+02
0.430573E+01  0.141234E+02
0.439132E+01  0.143229E+02
0.447657E+01  0.145207E+02
0.456148E+01  0.147168E+02
0.464606E+01  0.149113E+02
0.473031E+01  0.151043E+02
0.481423E+01  0.152959E+02
0.489784E+01  0.154861E+02
0.498113E+01  0.156751E+02
0.506412E+01  0.158628E+02
0.514681E+01  0.160493E+02
0.522920E+01  0.162347E+02
0.531130E+01  0.164191E+02
0.539311E+01  0.166024E+02
0.547465E+01  0.167847E+02
0.555591E+01  0.169661E+02
0.563689E+01  0.171465E+02
0.571762E+01  0.173261E+02
0.579808E+01  0.175049E+02
0.587829E+01  0.176828E+02
0.595825E+01  0.178600E+02
0.603796E+01  0.180364E+02
0.611742E+01  0.182121E+02
0.619665E+01  0.183872E+02
0.627565E+01  0.185615E+02
0.635442E+01  0.187352E+02
0.643296E+01  0.189082E+02
0.651128E+01  0.190807E+02
0.658939E+01  0.192526E+02
0.666728E+01  0.194239E+02
0.674496E+01  0.195947E+02
0.682243E+01  0.197649E+02
0.689970E+01  0.199346E+02
0.697677E+01  0.201039E+02
0.705365E+01  0.202726E+02
0.713033E+01  0.204409E+02
0.720683E+01  0.206087E+02
0.728314E+01  0.207761E+02
0.735926E+01  0.209431E+02
0.743521E+01  0.211096E+02
0.751097E+01  0.212757E+02
0.758657E+01  0.214415E+02
0.766199E+01  0.216069E+02
0.773724E+01  0.217719E+02
0.781233E+01  0.219365E+02
0.788726E+01  0.221008E+02
0.796202E+01  0.222648E+02
0.803663E+01  0.224285E+02
0.811108E+01  0.225918E+02
0.818537E+01  0.227548E+02
0.825952E+01  0.229175E+02
0.833352E+01  0.230799E+02
0.840737E+01  0.232420E+02
0.848108E+01  0.234039E+02
0.855464E+01  0.235654E+02
0.862807E+01  0.237267E+02
0.870136E+01  0.238878E+02
0.877451E+01  0.240486E+02
0.884754E+01  0.242091E+02
0.892042E+01  0.243694E+02
0.899318E+01  0.245295E+02
0.906582E+01  0.246894E+02
0.913832E+01  0.248490E+02
