0.106647E+01  0.358207E+00
0.113611E+01  0.666934E+00
0.120650E+01  0.947423E+00
0.127587E+01  0.121380E+01
0.134327E+01  0.147514E+01
0.140842E+01  0.173730E+01
0.147135E+01  0.200415E+01
0.153227E+01  0.227841E+01
0.159140E+01  0.256212E+01
0.164900E+01  0.285689E+01
0.170530E+01  0.316409E+01
0.176049E+01  0.348494E+01
0.181474E+01  0.382055E+01
0.186821E+01  0.417197E+01
0.192102E+01  0.454021E+01
0.197328E+01  0.492624E+01
0.202508E+01  0.533100E+01
0.207650E+01  0.575541E+01
0.212759E+01  0.620039E+01
0.217842E+01  0.666682E+01
0.222903E+01  0.715559E+01
0.227945E+01  0.766756E+01
0.232972E+01  0.820357E+01
0.237985E+01  0.876450E+01
0.242989E+01  0.935117E+01
0.247983E+01  0.996442E+01
0.252970E+01  0.106051E+02
0.257951E+01  0.112740E+02
0.262928E+01  0.119720E+02
0.267900E+01  0.126999E+02
0.272868E+01  0.134585E+02
0.277834E+01  0.142486E+02
0.282798E+01  0.150712E+02
0.287760E+01  0.159269E+02
0.292721E+01  0.168167E+02
0.297681E+01  0.177414E+02
0.302640E+01  0.187017E+02
0.307598E+01  0.196986E+02
0.312556E+01  0.207329E+02
0.317514E+01  0.218055E+02
0.322472E+01  0.229170E+02
0.327430E+01  0.240685E+02
0.332388E+01  0.252608E+02
0.337346E+01  0.264947E+02
0.342304E+01  0.277711E+02
0.347263E+01  0.290908E+02
0.352222E+01  0.304548E+02
0.357181E+01  0.318638E+02
0.362141E+01  0.333187E+02
0.367101E+01  0.348205E+02
0.372062E+01  0.363700E+02
0.377023E+01  0.379681E+02
0.381984E+01  0.396156E+02
0.386946E+01  0.413135E+02
0.391908E+01  0.430626E+02
0.396871E+01  0.448638E+02
0.401834E+01  0.467181E+02
0.406798E+01  0.486264E+02
0.411761E+01  0.505895E+02
0.416726E+01  0.526083E+02
0.421690E+01  0.546838E+02
0.426655E+01  0.568169E+02
0.431620E+01  0.590085E+02
0.436586E+01  0.612596E+02
0.441551E+01  0.635710E+02
0.446517E+01  0.659436E+02
0.451484E+01  0.683785E+02
0.456450E+01  0.708765E+02
0.461417E+01  0.734387E+02
0.466384E+01  0.760658E+02
0.471352E+01  0.787590E+02
0.476319E+01  0.815190E+02
0.481287E+01  0.843470E+02
0.486255E+01  0.872438E+02
0.491223E+01  0.902104E+02
0.496191E+01  0.932477E+02
0.501159E+01  0.963568E+02
0.506128E+01  0.995386E+02
0.511096E+01  0.102794E+03
0.516065E+01  0.106124E+03
0.521034E+01  0.109530E+03
0.526003E+01  0.113012E+03
0.530972E+01  0.116572E+03
0.535942E+01  0.120211E+03
0.540911E+01  0.123929E+03
0.545880E+01  0.127727E+03
0.550850E+01  0.131608E+03
0.555819E+01  0.135571E+03
0.560789E+01  0.139617E+03
0.565759E+01  0.143748E+03
0.570728E+01  0.147964E+03
0.575698E+01  0.152268E+03
0.580668E+01  0.156658E+03
0.585638E+01  0.161138E+03
0.590608E+01  0.165707E+03
0.595578E+01  0.170367E+03
0.600548E+01  0.175118E+03
0.605518E+01  0.179963E+03
0.610489E+01  0.184901E+03
0.615459E+01  0.189934E+03
