0.106469E+01  0.125607E+01
0.112990E+01  0.246276E+01
0.119475E+01  0.364537E+01
0.125860E+01  0.482356E+01
0.132106E+01  0.601227E+01
0.138194E+01  0.722280E+01
0.144116E+01  0.846380E+01
0.149876E+01  0.974198E+01
0.155479E+01  0.110628E+02
0.160937E+01  0.124309E+02
0.166261E+01  0.138503E+02
0.171463E+01  0.153252E+02
0.176557E+01  0.168593E+02
0.181553E+01  0.184566E+02
0.186464E+01  0.201211E+02
0.191301E+01  0.218571E+02
0.196072E+01  0.236688E+02
0.200786E+01  0.255605E+02
0.205451E+01  0.275365E+02
0.210074E+01  0.296012E+02
0.214660E+01  0.317591E+02
0.219213E+01  0.340146E+02
0.223740E+01  0.363720E+02
0.228243E+01  0.388358E+02
0.232725E+01  0.414105E+02
0.237190E+01  0.441005E+02
0.241640E+01  0.469103E+02
0.246077E+01  0.498444E+02
0.250504E+01  0.529075E+02
0.254922E+01  0.561040E+02
0.259332E+01  0.594387E+02
0.263736E+01  0.629164E+02
0.268134E+01  0.665416E+02
0.272529E+01  0.703192E+02
0.276919E+01  0.742542E+02
0.281307E+01  0.783513E+02
0.285693E+01  0.826156E+02
0.290076E+01  0.870522E+02
0.294459E+01  0.916661E+02
0.298840E+01  0.964624E+02
0.303220E+01  0.101446E+03
0.307599E+01  0.106623E+03
0.311978E+01  0.111999E+03
0.316357E+01  0.117578E+03
0.320736E+01  0.123366E+03
0.325114E+01  0.129368E+03
0.329493E+01  0.135591E+03
0.333872E+01  0.142040E+03
0.338251E+01  0.148720E+03
0.342631E+01  0.155638E+03
0.000000E+00  0.000000E+00
0.000000E+00  0.000000E+00
0.000000E+00  0.000000E+00
0.000000E+00  0.000000E+00
0.000000E+00  0.000000E+00
0.000000E+00  0.000000E+00
0.000000E+00  0.000000E+00
0.000000E+00  0.000000E+00
0.000000E+00  0.000000E+00
0.000000E+00  0.000000E+00
0.000000E+00  0.000000E+00
0.000000E+00  0.000000E+00
0.000000E+00  0.000000E+00
0.000000E+00  0.000000E+00
0.000000E+00  0.000000E+00
0.000000E+00  0.000000E+00
0.000000E+00  0.000000E+00
0.000000E+00  0.000000E+00
0.000000E+00  0.000000E+00
0.000000E+00  0.000000E+00
0.000000E+00  0.000000E+00
0.000000E+00  0.000000E+00
0.000000E+00  0.000000E+00
0.000000E+00  0.000000E+00
0.000000E+00  0.000000E+00
0.000000E+00  0.000000E+00
0.000000E+00  0.000000E+00
0.000000E+00  0.000000E+00
0.000000E+00  0.000000E+00
0.000000E+00  0.000000E+00
0.000000E+00  0.000000E+00
0.000000E+00  0.000000E+00
0.000000E+00  0.000000E+00
0.000000E+00  0.000000E+00
0.000000E+00  0.000000E+00
0.000000E+00  0.000000E+00
0.000000E+00  0.000000E+00
0.000000E+00  0.000000E+00
0.000000E+00  0.000000E+00
0.000000E+00  0.000000E+00
0.000000E+00  0.000000E+00
0.000000E+00  0.000000E+00
0.000000E+00  0.000000E+00
0.000000E+00  0.000000E+00
0.000000E+00  0.000000E+00
0.000000E+00  0.000000E+00
0.000000E+00  0.000000E+00
0.000000E+00  0.000000E+00
0.000000E+00  0.000000E+00
0.000000E+00  0.000000E+00
