0.106687E+01  0.956293E+00
0.113828E+01  0.175329E+01
0.121228E+01  0.244541E+01
0.128704E+01  0.307075E+01
0.136123E+01  0.365472E+01
0.143415E+01  0.421378E+01
0.150550E+01  0.475855E+01
0.157523E+01  0.529598E+01
0.164342E+01  0.583074E+01
0.171019E+01  0.636607E+01
0.177569E+01  0.690426E+01
0.184003E+01  0.744709E+01
0.190337E+01  0.799583E+01
0.196581E+01  0.855153E+01
0.202745E+01  0.911501E+01
0.208839E+01  0.968697E+01
0.214870E+01  0.102680E+02
0.220846E+01  0.108586E+02
0.226772E+01  0.114591E+02
0.232655E+01  0.120700E+02
0.238498E+01  0.126916E+02
0.244307E+01  0.133242E+02
0.250084E+01  0.139680E+02
0.255834E+01  0.146233E+02
0.261558E+01  0.152902E+02
0.267260E+01  0.159690E+02
0.272942E+01  0.166599E+02
0.278605E+01  0.173629E+02
0.284252E+01  0.180783E+02
0.289883E+01  0.188062E+02
0.295500E+01  0.195466E+02
0.301105E+01  0.202997E+02
0.306699E+01  0.210656E+02
0.312282E+01  0.218443E+02
0.317855E+01  0.226360E+02
0.323420E+01  0.234407E+02
0.328976E+01  0.242586E+02
0.334524E+01  0.250896E+02
0.340066E+01  0.259338E+02
0.345600E+01  0.267913E+02
0.351129E+01  0.276622E+02
0.356652E+01  0.285465E+02
0.362170E+01  0.294442E+02
0.367682E+01  0.303554E+02
0.373190E+01  0.312801E+02
0.378693E+01  0.322184E+02
0.384193E+01  0.331703E+02
0.389688E+01  0.341359E+02
0.395180E+01  0.351152E+02
0.400668E+01  0.361082E+02
0.406153E+01  0.371150E+02
0.411634E+01  0.381356E+02
0.417113E+01  0.391699E+02
0.422589E+01  0.402182E+02
0.428062E+01  0.412804E+02
0.433532E+01  0.423564E+02
0.439000E+01  0.434465E+02
0.444466E+01  0.445505E+02
0.449929E+01  0.456685E+02
0.455391E+01  0.468005E+02
0.460850E+01  0.479466E+02
0.466307E+01  0.491068E+02
0.471762E+01  0.502811E+02
0.477215E+01  0.514695E+02
0.482667E+01  0.526721E+02
0.488116E+01  0.538888E+02
0.493564E+01  0.551198E+02
0.499011E+01  0.563650E+02
0.504456E+01  0.576245E+02
0.509899E+01  0.588982E+02
0.515341E+01  0.601862E+02
0.520782E+01  0.614886E+02
0.526221E+01  0.628052E+02
0.531659E+01  0.641363E+02
0.537095E+01  0.654817E+02
0.542530E+01  0.668415E+02
0.547964E+01  0.682158E+02
0.553397E+01  0.696044E+02
0.558829E+01  0.710076E+02
0.564259E+01  0.724252E+02
0.569689E+01  0.738574E+02
0.575117E+01  0.753040E+02
0.580544E+01  0.767652E+02
0.585971E+01  0.782410E+02
0.591396E+01  0.797313E+02
0.596820E+01  0.812363E+02
0.602244E+01  0.827558E+02
0.607666E+01  0.842900E+02
0.613088E+01  0.858389E+02
0.618508E+01  0.874024E+02
0.623928E+01  0.889806E+02
0.629347E+01  0.905736E+02
0.634765E+01  0.921812E+02
0.640182E+01  0.938036E+02
0.645599E+01  0.954408E+02
0.651014E+01  0.970928E+02
0.656429E+01  0.987596E+02
0.661843E+01  0.100441E+03
0.667257E+01  0.102138E+03
0.672670E+01  0.103849E+03
