0.106656E+01  0.116220E+01
0.113500E+01  0.217697E+01
0.120182E+01  0.314257E+01
0.126573E+01  0.411362E+01
0.132676E+01  0.512055E+01
0.138535E+01  0.618204E+01
0.144203E+01  0.731118E+01
0.149720E+01  0.851834E+01
0.155123E+01  0.981244E+01
0.160438E+01  0.112016E+02
0.165685E+01  0.126933E+02
0.170880E+01  0.142948E+02
0.176035E+01  0.160130E+02
0.181158E+01  0.178546E+02
0.186256E+01  0.198261E+02
0.191334E+01  0.219342E+02
0.196397E+01  0.241852E+02
0.201446E+01  0.265854E+02
0.206485E+01  0.291413E+02
0.211515E+01  0.318593E+02
0.216537E+01  0.347458E+02
0.221553E+01  0.378073E+02
0.226564E+01  0.410502E+02
0.231571E+01  0.444811E+02
0.236573E+01  0.481067E+02
0.241572E+01  0.519336E+02
0.246568E+01  0.559685E+02
0.251561E+01  0.602183E+02
0.256552E+01  0.646899E+02
0.261541E+01  0.693901E+02
0.266527E+01  0.743260E+02
0.271512E+01  0.795046E+02
0.276496E+01  0.849332E+02
0.281478E+01  0.906189E+02
0.286458E+01  0.965690E+02
0.291438E+01  0.102791E+03
0.296416E+01  0.109292E+03
0.301393E+01  0.116080E+03
0.306369E+01  0.123162E+03
0.311344E+01  0.130545E+03
0.316318E+01  0.138239E+03
0.321291E+01  0.146250E+03
0.326263E+01  0.154586E+03
0.331234E+01  0.163254E+03
0.336205E+01  0.172264E+03
0.341174E+01  0.181623E+03
0.346143E+01  0.191340E+03
0.351111E+01  0.201421E+03
0.356078E+01  0.211876E+03
0.361045E+01  0.222713E+03
0.366011E+01  0.233940E+03
0.370976E+01  0.245566E+03
0.375940E+01  0.257599E+03
0.380904E+01  0.270047E+03
0.385867E+01  0.282920E+03
0.390829E+01  0.296225E+03
0.395791E+01  0.309973E+03
0.400752E+01  0.324170E+03
0.405712E+01  0.338828E+03
0.410672E+01  0.353953E+03
0.415631E+01  0.369556E+03
0.420589E+01  0.385645E+03
0.425547E+01  0.402230E+03
0.430504E+01  0.419319E+03
0.435461E+01  0.436922E+03
0.440417E+01  0.455049E+03
0.445372E+01  0.473708E+03
0.450327E+01  0.492909E+03
0.455278E+01  0.512648E+03
0.460221E+01  0.532914E+03
0.465163E+01  0.553744E+03
0.470104E+01  0.575151E+03
0.475044E+01  0.597143E+03
0.479983E+01  0.619731E+03
0.484922E+01  0.642924E+03
0.489859E+01  0.666733E+03
0.494796E+01  0.691167E+03
0.499733E+01  0.716236E+03
0.504669E+01  0.741950E+03
0.509604E+01  0.768319E+03
0.514538E+01  0.795354E+03
0.519472E+01  0.823064E+03
0.524406E+01  0.851460E+03
0.529338E+01  0.880552E+03
0.534271E+01  0.910351E+03
0.539203E+01  0.940866E+03
0.544134E+01  0.972109E+03
0.549064E+01  0.100409E+04
0.553995E+01  0.103682E+04
0.558925E+01  0.107031E+04
0.563854E+01  0.110457E+04
0.568783E+01  0.113961E+04
0.573711E+01  0.117544E+04
0.578639E+01  0.121207E+04
0.583567E+01  0.124952E+04
0.588495E+01  0.128779E+04
0.593422E+01  0.132690E+04
0.598349E+01  0.136685E+04
0.603275E+01  0.140767E+04
0.608201E+01  0.144935E+04
