0.106589E+01  0.125945E+01
0.113171E+01  0.242133E+01
0.119417E+01  0.360106E+01
0.125287E+01  0.486352E+01
0.130851E+01  0.624888E+01
0.136192E+01  0.778726E+01
0.141374E+01  0.950498E+01
0.146446E+01  0.114270E+02
0.151442E+01  0.135779E+02
0.156385E+01  0.159822E+02
0.161290E+01  0.186647E+02
0.166167E+01  0.216508E+02
0.171023E+01  0.249666E+02
0.175864E+01  0.286389E+02
0.180692E+01  0.326956E+02
0.185510E+01  0.371657E+02
0.190319E+01  0.420795E+02
0.195121E+01  0.474686E+02
0.199917E+01  0.533658E+02
0.204706E+01  0.598056E+02
0.209491E+01  0.668238E+02
0.214271E+01  0.744578E+02
0.219047E+01  0.827466E+02
0.223819E+01  0.917308E+02
0.228588E+01  0.101453E+03
0.233354E+01  0.111956E+03
0.238117E+01  0.123286E+03
0.242878E+01  0.135491E+03
0.247636E+01  0.148620E+03
0.252391E+01  0.162723E+03
0.257145E+01  0.177854E+03
0.261897E+01  0.194067E+03
0.266647E+01  0.211418E+03
0.271396E+01  0.229967E+03
0.276143E+01  0.249773E+03
0.280889E+01  0.270900E+03
0.285633E+01  0.293412E+03
0.290377E+01  0.317375E+03
0.295119E+01  0.342858E+03
0.299860E+01  0.369932E+03
0.304601E+01  0.398670E+03
0.309340E+01  0.429146E+03
0.314079E+01  0.461439E+03
0.318817E+01  0.495628E+03
0.323555E+01  0.531794E+03
0.328291E+01  0.570022E+03
0.333027E+01  0.610399E+03
0.337763E+01  0.653012E+03
0.342498E+01  0.697954E+03
0.347233E+01  0.745318E+03
0.351967E+01  0.795200E+03
0.356701E+01  0.847698E+03
0.361434E+01  0.902914E+03
0.366167E+01  0.960952E+03
0.370900E+01  0.102192E+04
0.375632E+01  0.108592E+04
0.380364E+01  0.115307E+04
0.385096E+01  0.122348E+04
0.389828E+01  0.129727E+04
0.394559E+01  0.137456E+04
0.399291E+01  0.145547E+04
0.404022E+01  0.154012E+04
0.408753E+01  0.162865E+04
0.413483E+01  0.172118E+04
0.418214E+01  0.181785E+04
0.422944E+01  0.191879E+04
0.427674E+01  0.202415E+04
0.432405E+01  0.213406E+04
0.437135E+01  0.224868E+04
0.441864E+01  0.236814E+04
0.446594E+01  0.249260E+04
0.451324E+01  0.262222E+04
0.456054E+01  0.275715E+04
0.460783E+01  0.289755E+04
0.465513E+01  0.304359E+04
0.470242E+01  0.319543E+04
0.474971E+01  0.335325E+04
0.479701E+01  0.351722E+04
0.484430E+01  0.368750E+04
0.489159E+01  0.386430E+04
0.493888E+01  0.404778E+04
0.498617E+01  0.423813E+04
0.503346E+01  0.443555E+04
0.508075E+01  0.464022E+04
0.512804E+01  0.485235E+04
0.517533E+01  0.507214E+04
0.522262E+01  0.529978E+04
0.526991E+01  0.553549E+04
0.531720E+01  0.577948E+04
0.536449E+01  0.603196E+04
0.541178E+01  0.629315E+04
0.545907E+01  0.656327E+04
0.550636E+01  0.684255E+04
0.555365E+01  0.713122E+04
0.560093E+01  0.742951E+04
0.564822E+01  0.773765E+04
0.569551E+01  0.805589E+04
0.574280E+01  0.838448E+04
0.579009E+01  0.872365E+04
0.583738E+01  0.907367E+04
