0.106527E+01  0.217217E+01
0.113023E+01  0.423770E+01
0.119226E+01  0.635236E+01
0.125056E+01  0.862249E+01
0.130536E+01  0.111299E+02
0.135722E+01  0.139482E+02
0.140677E+01  0.171518E+02
0.145456E+01  0.208215E+02
0.150106E+01  0.250477E+02
0.154663E+01  0.299326E+02
0.159155E+01  0.355919E+02
0.163603E+01  0.421561E+02
0.168024E+01  0.497725E+02
0.172428E+01  0.586065E+02
0.176823E+01  0.688433E+02
0.181216E+01  0.806898E+02
0.185611E+01  0.943769E+02
0.190010E+01  0.110161E+03
0.194415E+01  0.128328E+03
0.198828E+01  0.149192E+03
0.203248E+01  0.173101E+03
0.207676E+01  0.200440E+03
0.212113E+01  0.231631E+03
0.216557E+01  0.267137E+03
0.221009E+01  0.307465E+03
0.225469E+01  0.353170E+03
0.229935E+01  0.404858E+03
0.234407E+01  0.463189E+03
0.238886E+01  0.528881E+03
0.243370E+01  0.602713E+03
0.247860E+01  0.685530E+03
0.252354E+01  0.778248E+03
0.256853E+01  0.881857E+03
0.261356E+01  0.997424E+03
0.265863E+01  0.112610E+04
0.270373E+01  0.126913E+04
0.274886E+01  0.142785E+04
0.279403E+01  0.160368E+04
0.283922E+01  0.179817E+04
0.288444E+01  0.201296E+04
0.292968E+01  0.224981E+04
0.297495E+01  0.251062E+04
0.302023E+01  0.279738E+04
0.306554E+01  0.311226E+04
0.311086E+01  0.345754E+04
0.315619E+01  0.383566E+04
0.320154E+01  0.424922E+04
0.324691E+01  0.470097E+04
0.329229E+01  0.519386E+04
0.333768E+01  0.573098E+04
0.338308E+01  0.631564E+04
0.342849E+01  0.695133E+04
0.347391E+01  0.764176E+04
0.351934E+01  0.839084E+04
0.356478E+01  0.920271E+04
0.361022E+01  0.100817E+05
0.365567E+01  0.110326E+05
0.370113E+01  0.120600E+05
0.374660E+01  0.131692E+05
0.379207E+01  0.143657E+05
0.383755E+01  0.156550E+05
0.388303E+01  0.170431E+05
0.392852E+01  0.185365E+05
0.397401E+01  0.201416E+05
0.401951E+01  0.218655E+05
0.406501E+01  0.237154E+05
0.411051E+01  0.256991E+05
0.415602E+01  0.278245E+05
0.420154E+01  0.301001E+05
0.424705E+01  0.325348E+05
0.429257E+01  0.351376E+05
0.433810E+01  0.379184E+05
0.438362E+01  0.408873E+05
0.442915E+01  0.440548E+05
0.447469E+01  0.474319E+05
0.452022E+01  0.510303E+05
0.456576E+01  0.548619E+05
0.461130E+01  0.589395E+05
0.465685E+01  0.632760E+05
0.470239E+01  0.678852E+05
0.474794E+01  0.727814E+05
0.479349E+01  0.779794E+05
0.483905E+01  0.834948E+05
0.488461E+01  0.893436E+05
0.493017E+01  0.955426E+05
0.497573E+01  0.102109E+06
0.502129E+01  0.109062E+06
0.506686E+01  0.116419E+06
0.511242E+01  0.124201E+06
0.515799E+01  0.132427E+06
0.520357E+01  0.141120E+06
0.524914E+01  0.150300E+06
0.529472E+01  0.159991E+06
0.534029E+01  0.170216E+06
0.538587E+01  0.181000E+06
0.543145E+01  0.192368E+06
0.547704E+01  0.204347E+06
0.552262E+01  0.216964E+06
0.556821E+01  0.230248E+06
0.561380E+01  0.244227E+06
