0.106581E+01  0.164586E+01
0.113468E+01  0.310530E+01
0.120586E+01  0.442142E+01
0.127849E+01  0.562959E+01
0.135173E+01  0.675844E+01
0.142481E+01  0.783071E+01
0.149717E+01  0.886423E+01
0.156837E+01  0.987281E+01
0.163815E+01  0.108671E+02
0.170636E+01  0.118555E+02
0.177293E+01  0.128443E+02
0.183785E+01  0.138389E+02
0.190117E+01  0.148433E+02
0.196294E+01  0.158611E+02
0.202323E+01  0.168953E+02
0.208212E+01  0.179484E+02
0.213969E+01  0.190227E+02
0.219601E+01  0.201206E+02
0.225117E+01  0.212439E+02
0.230524E+01  0.223946E+02
0.235828E+01  0.235747E+02
0.241037E+01  0.247860E+02
0.246157E+01  0.260305E+02
0.251194E+01  0.273100E+02
0.256154E+01  0.286265E+02
0.261041E+01  0.299820E+02
0.265862E+01  0.313786E+02
0.270620E+01  0.328184E+02
0.275320E+01  0.343036E+02
0.279967E+01  0.358364E+02
0.284564E+01  0.374192E+02
0.289115E+01  0.390545E+02
0.293623E+01  0.407446E+02
0.298092E+01  0.424924E+02
0.302523E+01  0.443003E+02
0.306921E+01  0.461713E+02
0.311288E+01  0.481082E+02
0.315626E+01  0.501139E+02
0.319937E+01  0.521916E+02
0.324223E+01  0.543445E+02
0.328487E+01  0.565758E+02
0.332730E+01  0.588889E+02
0.336953E+01  0.612875E+02
0.341160E+01  0.637751E+02
0.345350E+01  0.663555E+02
0.349525E+01  0.690327E+02
0.353686E+01  0.718107E+02
0.357836E+01  0.746936E+02
0.361974E+01  0.776859E+02
0.366102E+01  0.807918E+02
0.370221E+01  0.840162E+02
0.374332E+01  0.873636E+02
0.378435E+01  0.908390E+02
0.382532E+01  0.944475E+02
0.386622E+01  0.981943E+02
0.390707E+01  0.102085E+03
0.394788E+01  0.106124E+03
0.398864E+01  0.110319E+03
0.402937E+01  0.114674E+03
0.407006E+01  0.119195E+03
0.411073E+01  0.123890E+03
0.415137E+01  0.128764E+03
0.419200E+01  0.133824E+03
0.423260E+01  0.139077E+03
0.427319E+01  0.144529E+03
0.431377E+01  0.150187E+03
0.435435E+01  0.156060E+03
0.439491E+01  0.162154E+03
0.443547E+01  0.168477E+03
0.447603E+01  0.175038E+03
0.451659E+01  0.181843E+03
0.455715E+01  0.188902E+03
0.459771E+01  0.196223E+03
0.463827E+01  0.203815E+03
0.467884E+01  0.211686E+03
0.471941E+01  0.219847E+03
0.475999E+01  0.228305E+03
0.480058E+01  0.237072E+03
0.484117E+01  0.246156E+03
0.488177E+01  0.255568E+03
0.492238E+01  0.265319E+03
0.496300E+01  0.275418E+03
0.500362E+01  0.285877E+03
0.504426E+01  0.296707E+03
0.508491E+01  0.307919E+03
0.512556E+01  0.319525E+03
0.516623E+01  0.331536E+03
0.520691E+01  0.343965E+03
0.524759E+01  0.356824E+03
0.528829E+01  0.370126E+03
0.532900E+01  0.383883E+03
0.536972E+01  0.398110E+03
0.541044E+01  0.412818E+03
0.545118E+01  0.428023E+03
0.549193E+01  0.443739E+03
0.553269E+01  0.459979E+03
0.557346E+01  0.476758E+03
0.561424E+01  0.494092E+03
0.565503E+01  0.511995E+03
0.569583E+01  0.530484E+03
