0.106216E+01  0.350970E+00
0.111857E+01  0.773048E+00
0.117019E+01  0.131032E+01
0.121891E+01  0.200776E+01
0.126603E+01  0.291841E+01
0.131219E+01  0.410466E+01
0.135776E+01  0.564025E+01
0.140292E+01  0.761325E+01
0.144780E+01  0.101292E+02
0.149247E+01  0.133143E+02
0.153700E+01  0.173191E+02
0.158142E+01  0.223218E+02
0.162577E+01  0.285332E+02
0.167007E+01  0.362004E+02
0.171433E+01  0.456129E+02
0.175857E+01  0.571079E+02
0.180279E+01  0.710767E+02
0.184701E+01  0.879717E+02
0.189122E+01  0.108314E+03
0.193543E+01  0.132702E+03
0.197965E+01  0.161822E+03
0.202387E+01  0.196454E+03
0.206810E+01  0.237489E+03
0.211234E+01  0.285935E+03
0.215659E+01  0.342934E+03
0.220085E+01  0.409775E+03
0.224511E+01  0.487908E+03
0.228939E+01  0.578963E+03
0.233368E+01  0.684766E+03
0.237798E+01  0.807359E+03
0.242229E+01  0.949019E+03
0.246661E+01  0.111228E+04
0.251094E+01  0.129997E+04
0.255528E+01  0.151520E+04
0.259963E+01  0.176145E+04
0.264399E+01  0.204253E+04
0.268836E+01  0.236267E+04
0.273274E+01  0.272651E+04
0.277713E+01  0.313917E+04
0.282153E+01  0.360625E+04
0.286593E+01  0.413388E+04
0.291034E+01  0.472881E+04
0.295476E+01  0.539835E+04
0.299919E+01  0.615057E+04
0.304362E+01  0.699424E+04
0.308806E+01  0.793890E+04
0.313250E+01  0.899494E+04
0.317696E+01  0.101736E+05
0.322142E+01  0.114872E+05
0.326589E+01  0.129489E+05
0.000000E+00  0.000000E+00
0.000000E+00  0.000000E+00
0.000000E+00  0.000000E+00
0.000000E+00  0.000000E+00
0.000000E+00  0.000000E+00
0.000000E+00  0.000000E+00
0.000000E+00  0.000000E+00
0.000000E+00  0.000000E+00
0.000000E+00  0.000000E+00
0.000000E+00  0.000000E+00
0.000000E+00  0.000000E+00
0.000000E+00  0.000000E+00
0.000000E+00  0.000000E+00
0.000000E+00  0.000000E+00
0.000000E+00  0.000000E+00
0.000000E+00  0.000000E+00
0.000000E+00  0.000000E+00
0.000000E+00  0.000000E+00
0.000000E+00  0.000000E+00
0.000000E+00  0.000000E+00
0.000000E+00  0.000000E+00
0.000000E+00  0.000000E+00
0.000000E+00  0.000000E+00
0.000000E+00  0.000000E+00
0.000000E+00  0.000000E+00
0.000000E+00  0.000000E+00
0.000000E+00  0.000000E+00
0.000000E+00  0.000000E+00
0.000000E+00  0.000000E+00
0.000000E+00  0.000000E+00
0.000000E+00  0.000000E+00
0.000000E+00  0.000000E+00
0.000000E+00  0.000000E+00
0.000000E+00  0.000000E+00
0.000000E+00  0.000000E+00
0.000000E+00  0.000000E+00
0.000000E+00  0.000000E+00
0.000000E+00  0.000000E+00
0.000000E+00  0.000000E+00
0.000000E+00  0.000000E+00
0.000000E+00  0.000000E+00
0.000000E+00  0.000000E+00
0.000000E+00  0.000000E+00
0.000000E+00  0.000000E+00
0.000000E+00  0.000000E+00
0.000000E+00  0.000000E+00
0.000000E+00  0.000000E+00
0.000000E+00  0.000000E+00
0.000000E+00  0.000000E+00
0.000000E+00  0.000000E+00
