0.106729E+01  0.528743E+00
0.113790E+01  0.966598E+00
0.120455E+01  0.137671E+01
0.126293E+01  0.180897E+01
0.131389E+01  0.229528E+01
0.135976E+01  0.285999E+01
0.140260E+01  0.352909E+01
0.144390E+01  0.433451E+01
0.148466E+01  0.531502E+01
0.152550E+01  0.651510E+01
0.156667E+01  0.798318E+01
0.160828E+01  0.977051E+01
0.165027E+01  0.119313E+02
0.169257E+01  0.145230E+02
0.173512E+01  0.176067E+02
0.177784E+01  0.212485E+02
0.182067E+01  0.255192E+02
0.186358E+01  0.304954E+02
0.190653E+01  0.362601E+02
0.194950E+01  0.429024E+02
0.199248E+01  0.505189E+02
0.203546E+01  0.592134E+02
0.207843E+01  0.690980E+02
0.212137E+01  0.802929E+02
0.216430E+01  0.929274E+02
0.220721E+01  0.107140E+03
0.225010E+01  0.123079E+03
0.229296E+01  0.140903E+03
0.233579E+01  0.160781E+03
0.237860E+01  0.182894E+03
0.242138E+01  0.207432E+03
0.246412E+01  0.234602E+03
0.250684E+01  0.264619E+03
0.254953E+01  0.297713E+03
0.259218E+01  0.334127E+03
0.263479E+01  0.374119E+03
0.267738E+01  0.417961E+03
0.271993E+01  0.465940E+03
0.276245E+01  0.518359E+03
0.280494E+01  0.575535E+03
0.284739E+01  0.637802E+03
0.288982E+01  0.705517E+03
0.293222E+01  0.779049E+03
0.297460E+01  0.858788E+03
0.301696E+01  0.945145E+03
0.305930E+01  0.103855E+04
0.310161E+01  0.113945E+04
0.314392E+01  0.124832E+04
0.318620E+01  0.136565E+04
0.322847E+01  0.149195E+04
0.000000E+00  0.000000E+00
0.000000E+00  0.000000E+00
0.000000E+00  0.000000E+00
0.000000E+00  0.000000E+00
0.000000E+00  0.000000E+00
0.000000E+00  0.000000E+00
0.000000E+00  0.000000E+00
0.000000E+00  0.000000E+00
0.000000E+00  0.000000E+00
0.000000E+00  0.000000E+00
0.000000E+00  0.000000E+00
0.000000E+00  0.000000E+00
0.000000E+00  0.000000E+00
0.000000E+00  0.000000E+00
0.000000E+00  0.000000E+00
0.000000E+00  0.000000E+00
0.000000E+00  0.000000E+00
0.000000E+00  0.000000E+00
0.000000E+00  0.000000E+00
0.000000E+00  0.000000E+00
0.000000E+00  0.000000E+00
0.000000E+00  0.000000E+00
0.000000E+00  0.000000E+00
0.000000E+00  0.000000E+00
0.000000E+00  0.000000E+00
0.000000E+00  0.000000E+00
0.000000E+00  0.000000E+00
0.000000E+00  0.000000E+00
0.000000E+00  0.000000E+00
0.000000E+00  0.000000E+00
0.000000E+00  0.000000E+00
0.000000E+00  0.000000E+00
0.000000E+00  0.000000E+00
0.000000E+00  0.000000E+00
0.000000E+00  0.000000E+00
0.000000E+00  0.000000E+00
0.000000E+00  0.000000E+00
0.000000E+00  0.000000E+00
0.000000E+00  0.000000E+00
0.000000E+00  0.000000E+00
0.000000E+00  0.000000E+00
0.000000E+00  0.000000E+00
0.000000E+00  0.000000E+00
0.000000E+00  0.000000E+00
0.000000E+00  0.000000E+00
0.000000E+00  0.000000E+00
0.000000E+00  0.000000E+00
0.000000E+00  0.000000E+00
0.000000E+00  0.000000E+00
0.000000E+00  0.000000E+00
