0.106562E+01  0.237628E+01
0.112950E+01  0.464681E+01
0.118796E+01  0.709989E+01
0.124126E+01  0.992535E+01
0.129081E+01  0.132829E+02
0.133788E+01  0.173407E+02
0.138339E+01  0.222927E+02
0.142796E+01  0.283673E+02
0.147199E+01  0.358330E+02
0.151572E+01  0.450054E+02
0.155930E+01  0.562550E+02
0.160281E+01  0.700129E+02
0.164631E+01  0.867869E+02
0.168984E+01  0.107166E+03
0.173341E+01  0.131834E+03
0.177703E+01  0.161583E+03
0.182071E+01  0.197328E+03
0.186445E+01  0.240120E+03
0.190824E+01  0.291161E+03
0.195210E+01  0.351829E+03
0.199601E+01  0.423689E+03
0.203997E+01  0.508522E+03
0.208397E+01  0.608343E+03
0.212803E+01  0.725431E+03
0.217212E+01  0.862349E+03
0.221626E+01  0.102198E+04
0.226043E+01  0.120756E+04
0.230464E+01  0.142271E+04
0.234888E+01  0.167146E+04
0.239314E+01  0.195832E+04
0.243744E+01  0.228827E+04
0.248176E+01  0.266688E+04
0.252611E+01  0.310029E+04
0.257048E+01  0.359528E+04
0.261487E+01  0.415936E+04
0.265928E+01  0.480079E+04
0.270371E+01  0.552864E+04
0.274816E+01  0.635289E+04
0.279262E+01  0.728447E+04
0.283710E+01  0.833536E+04
0.288160E+01  0.951862E+04
0.292611E+01  0.108486E+05
0.297063E+01  0.123407E+05
0.301517E+01  0.140120E+05
0.305971E+01  0.158808E+05
0.310426E+01  0.179671E+05
0.314883E+01  0.202926E+05
0.319340E+01  0.228809E+05
0.323799E+01  0.257575E+05
0.328258E+01  0.289497E+05
0.000000E+00  0.000000E+00
0.000000E+00  0.000000E+00
0.000000E+00  0.000000E+00
0.000000E+00  0.000000E+00
0.000000E+00  0.000000E+00
0.000000E+00  0.000000E+00
0.000000E+00  0.000000E+00
0.000000E+00  0.000000E+00
0.000000E+00  0.000000E+00
0.000000E+00  0.000000E+00
0.000000E+00  0.000000E+00
0.000000E+00  0.000000E+00
0.000000E+00  0.000000E+00
0.000000E+00  0.000000E+00
0.000000E+00  0.000000E+00
0.000000E+00  0.000000E+00
0.000000E+00  0.000000E+00
0.000000E+00  0.000000E+00
0.000000E+00  0.000000E+00
0.000000E+00  0.000000E+00
0.000000E+00  0.000000E+00
0.000000E+00  0.000000E+00
0.000000E+00  0.000000E+00
0.000000E+00  0.000000E+00
0.000000E+00  0.000000E+00
0.000000E+00  0.000000E+00
0.000000E+00  0.000000E+00
0.000000E+00  0.000000E+00
0.000000E+00  0.000000E+00
0.000000E+00  0.000000E+00
0.000000E+00  0.000000E+00
0.000000E+00  0.000000E+00
0.000000E+00  0.000000E+00
0.000000E+00  0.000000E+00
0.000000E+00  0.000000E+00
0.000000E+00  0.000000E+00
0.000000E+00  0.000000E+00
0.000000E+00  0.000000E+00
0.000000E+00  0.000000E+00
0.000000E+00  0.000000E+00
0.000000E+00  0.000000E+00
0.000000E+00  0.000000E+00
0.000000E+00  0.000000E+00
0.000000E+00  0.000000E+00
0.000000E+00  0.000000E+00
0.000000E+00  0.000000E+00
0.000000E+00  0.000000E+00
0.000000E+00  0.000000E+00
0.000000E+00  0.000000E+00
0.000000E+00  0.000000E+00
