0.106493E+01  0.984856E+00
0.112968E+01  0.193284E+01
0.119246E+01  0.289344E+01
0.125267E+01  0.389938E+01
0.131041E+01  0.497348E+01
0.136599E+01  0.613346E+01
0.141982E+01  0.739460E+01
0.147224E+01  0.877112E+01
0.152357E+01  0.102769E+02
0.157402E+01  0.119256E+02
0.162381E+01  0.137314E+02
0.167308E+01  0.157084E+02
0.172194E+01  0.178710E+02
0.177049E+01  0.202342E+02
0.181878E+01  0.228132E+02
0.186689E+01  0.256237E+02
0.191483E+01  0.286820E+02
0.196266E+01  0.320047E+02
0.201039E+01  0.356091E+02
0.205805E+01  0.395130E+02
0.210565E+01  0.437348E+02
0.215320E+01  0.482935E+02
0.220071E+01  0.532088E+02
0.224820E+01  0.585010E+02
0.229567E+01  0.641909E+02
0.234312E+01  0.703001E+02
0.239056E+01  0.768509E+02
0.243799E+01  0.838662E+02
0.248541E+01  0.913695E+02
0.253284E+01  0.993852E+02
0.258026E+01  0.107938E+03
0.262769E+01  0.117054E+03
0.267511E+01  0.126760E+03
0.272254E+01  0.137082E+03
0.276997E+01  0.148048E+03
0.281741E+01  0.159687E+03
0.286485E+01  0.172029E+03
0.291229E+01  0.185103E+03
0.295974E+01  0.198941E+03
0.300720E+01  0.213573E+03
0.305465E+01  0.229032E+03
0.310212E+01  0.245352E+03
0.314958E+01  0.262566E+03
0.319705E+01  0.280710E+03
0.324453E+01  0.299817E+03
0.329201E+01  0.319926E+03
0.333950E+01  0.341073E+03
0.338698E+01  0.363296E+03
0.343448E+01  0.386634E+03
0.348197E+01  0.411126E+03
0.352947E+01  0.436813E+03
0.357697E+01  0.463736E+03
0.362448E+01  0.491938E+03
0.367199E+01  0.521461E+03
0.371950E+01  0.552349E+03
0.376702E+01  0.584648E+03
0.381454E+01  0.618401E+03
0.386206E+01  0.653657E+03
0.390959E+01  0.690463E+03
0.395712E+01  0.728866E+03
0.400465E+01  0.768916E+03
0.405218E+01  0.810663E+03
0.409971E+01  0.854158E+03
0.414725E+01  0.899453E+03
0.419479E+01  0.946601E+03
0.424233E+01  0.995655E+03
0.428988E+01  0.104667E+04
0.433742E+01  0.109970E+04
0.438497E+01  0.115481E+04
0.443252E+01  0.121204E+04
0.448008E+01  0.127147E+04
0.452763E+01  0.133314E+04
0.457519E+01  0.139712E+04
0.462274E+01  0.146347E+04
0.467030E+01  0.153226E+04
0.471786E+01  0.160354E+04
0.476543E+01  0.167738E+04
0.481299E+01  0.175385E+04
0.486056E+01  0.183301E+04
0.490813E+01  0.191492E+04
0.495569E+01  0.199967E+04
0.500327E+01  0.208731E+04
0.505084E+01  0.217792E+04
0.509841E+01  0.227157E+04
0.514599E+01  0.236832E+04
0.519356E+01  0.246826E+04
0.524114E+01  0.257146E+04
0.528872E+01  0.267800E+04
0.533630E+01  0.278794E+04
0.538388E+01  0.290137E+04
0.543147E+01  0.301837E+04
0.547905E+01  0.313902E+04
0.552664E+01  0.326339E+04
0.557422E+01  0.339157E+04
0.562181E+01  0.352364E+04
0.566940E+01  0.365969E+04
0.571699E+01  0.379980E+04
0.576458E+01  0.394405E+04
0.581218E+01  0.409254E+04
0.585977E+01  0.424536E+04
