0.106269E+01  0.176568E+00
0.112098E+01  0.376097E+00
0.117450E+01  0.610772E+00
0.122406E+01  0.890963E+00
0.127073E+01  0.122767E+01
0.131541E+01  0.163417E+01
0.135879E+01  0.212641E+01
0.140131E+01  0.272293E+01
0.144330E+01  0.344489E+01
0.148495E+01  0.431631E+01
0.000000E+00  0.000000E+00
0.000000E+00  0.000000E+00
0.000000E+00  0.000000E+00
0.000000E+00  0.000000E+00
0.000000E+00  0.000000E+00
0.000000E+00  0.000000E+00
0.000000E+00  0.000000E+00
0.000000E+00  0.000000E+00
0.000000E+00  0.000000E+00
0.000000E+00  0.000000E+00
0.000000E+00  0.000000E+00
0.000000E+00  0.000000E+00
0.000000E+00  0.000000E+00
0.000000E+00  0.000000E+00
0.000000E+00  0.000000E+00
0.000000E+00  0.000000E+00
0.000000E+00  0.000000E+00
0.000000E+00  0.000000E+00
0.000000E+00  0.000000E+00
0.000000E+00  0.000000E+00
0.000000E+00  0.000000E+00
0.000000E+00  0.000000E+00
0.000000E+00  0.000000E+00
0.000000E+00  0.000000E+00
0.000000E+00  0.000000E+00
0.000000E+00  0.000000E+00
0.000000E+00  0.000000E+00
0.000000E+00  0.000000E+00
0.000000E+00  0.000000E+00
0.000000E+00  0.000000E+00
0.000000E+00  0.000000E+00
0.000000E+00  0.000000E+00
0.000000E+00  0.000000E+00
0.000000E+00  0.000000E+00
0.000000E+00  0.000000E+00
0.000000E+00  0.000000E+00
0.000000E+00  0.000000E+00
0.000000E+00  0.000000E+00
0.000000E+00  0.000000E+00
0.000000E+00  0.000000E+00
0.000000E+00  0.000000E+00
0.000000E+00  0.000000E+00
0.000000E+00  0.000000E+00
0.000000E+00  0.000000E+00
0.000000E+00  0.000000E+00
0.000000E+00  0.000000E+00
0.000000E+00  0.000000E+00
0.000000E+00  0.000000E+00
0.000000E+00  0.000000E+00
0.000000E+00  0.000000E+00
0.000000E+00  0.000000E+00
0.000000E+00  0.000000E+00
0.000000E+00  0.000000E+00
0.000000E+00  0.000000E+00
0.000000E+00  0.000000E+00
0.000000E+00  0.000000E+00
0.000000E+00  0.000000E+00
0.000000E+00  0.000000E+00
0.000000E+00  0.000000E+00
0.000000E+00  0.000000E+00
0.000000E+00  0.000000E+00
0.000000E+00  0.000000E+00
0.000000E+00  0.000000E+00
0.000000E+00  0.000000E+00
0.000000E+00  0.000000E+00
0.000000E+00  0.000000E+00
0.000000E+00  0.000000E+00
0.000000E+00  0.000000E+00
0.000000E+00  0.000000E+00
0.000000E+00  0.000000E+00
0.000000E+00  0.000000E+00
0.000000E+00  0.000000E+00
0.000000E+00  0.000000E+00
0.000000E+00  0.000000E+00
0.000000E+00  0.000000E+00
0.000000E+00  0.000000E+00
0.000000E+00  0.000000E+00
0.000000E+00  0.000000E+00
0.000000E+00  0.000000E+00
0.000000E+00  0.000000E+00
0.000000E+00  0.000000E+00
0.000000E+00  0.000000E+00
0.000000E+00  0.000000E+00
0.000000E+00  0.000000E+00
0.000000E+00  0.000000E+00
0.000000E+00  0.000000E+00
0.000000E+00  0.000000E+00
0.000000E+00  0.000000E+00
0.000000E+00  0.000000E+00
0.000000E+00  0.000000E+00
