0.106650E+01  0.110088E+01
0.113510E+01  0.206113E+01
0.120219E+01  0.297022E+01
0.126599E+01  0.388370E+01
0.132627E+01  0.483545E+01
0.138344E+01  0.584802E+01
0.143805E+01  0.693863E+01
0.149065E+01  0.812231E+01
0.154168E+01  0.941337E+01
0.159151E+01  0.108261E+02
0.164042E+01  0.123753E+02
0.168865E+01  0.140761E+02
0.173635E+01  0.159444E+02
0.178367E+01  0.179965E+02
0.183069E+01  0.202498E+02
0.187750E+01  0.227222E+02
0.192415E+01  0.254323E+02
0.197068E+01  0.284000E+02
0.201712E+01  0.316458E+02
0.206351E+01  0.351912E+02
0.210985E+01  0.390590E+02
0.215616E+01  0.432727E+02
0.220246E+01  0.478573E+02
0.224875E+01  0.528389E+02
0.229503E+01  0.582445E+02
0.234132E+01  0.641028E+02
0.238762E+01  0.704436E+02
0.243393E+01  0.772979E+02
0.248024E+01  0.846983E+02
0.252658E+01  0.926786E+02
0.257292E+01  0.101274E+03
0.261929E+01  0.110522E+03
0.266566E+01  0.120460E+03
0.271206E+01  0.131129E+03
0.275847E+01  0.142569E+03
0.280489E+01  0.154824E+03
0.285133E+01  0.167939E+03
0.289779E+01  0.181959E+03
0.294426E+01  0.196934E+03
0.299075E+01  0.212912E+03
0.303725E+01  0.229946E+03
0.308376E+01  0.248089E+03
0.313029E+01  0.267396E+03
0.317683E+01  0.287925E+03
0.322338E+01  0.309734E+03
0.326995E+01  0.332885E+03
0.331652E+01  0.357442E+03
0.336311E+01  0.383468E+03
0.340971E+01  0.411032E+03
0.345632E+01  0.440203E+03
0.350294E+01  0.471052E+03
0.354956E+01  0.503653E+03
0.359620E+01  0.538082E+03
0.364285E+01  0.574418E+03
0.368950E+01  0.612740E+03
0.373616E+01  0.653132E+03
0.378283E+01  0.695678E+03
0.382951E+01  0.740467E+03
0.387620E+01  0.787588E+03
0.392289E+01  0.837134E+03
0.396959E+01  0.889200E+03
0.401629E+01  0.943884E+03
0.406300E+01  0.100129E+04
0.410972E+01  0.106151E+04
0.415644E+01  0.112466E+04
0.420317E+01  0.119084E+04
0.424990E+01  0.126017E+04
0.429664E+01  0.133275E+04
0.434338E+01  0.140872E+04
0.439013E+01  0.148817E+04
0.443688E+01  0.157125E+04
0.448364E+01  0.165807E+04
0.453040E+01  0.174876E+04
0.457717E+01  0.184345E+04
0.462394E+01  0.194228E+04
0.467071E+01  0.204538E+04
0.471749E+01  0.215289E+04
0.476427E+01  0.226497E+04
0.481105E+01  0.238175E+04
0.485784E+01  0.250338E+04
0.490463E+01  0.263003E+04
0.495142E+01  0.276184E+04
0.499822E+01  0.289897E+04
0.504502E+01  0.304160E+04
0.509182E+01  0.318988E+04
0.513862E+01  0.334399E+04
0.518543E+01  0.350410E+04
0.523224E+01  0.367039E+04
0.527905E+01  0.384304E+04
0.532587E+01  0.402224E+04
0.537269E+01  0.420817E+04
0.541951E+01  0.440103E+04
0.546633E+01  0.460101E+04
0.551315E+01  0.480831E+04
0.555998E+01  0.502314E+04
0.560681E+01  0.524570E+04
0.565364E+01  0.547621E+04
0.570048E+01  0.571488E+04
0.574731E+01  0.596193E+04
0.579415E+01  0.621759E+04
