0.106605E+01  0.147217E+01
0.113486E+01  0.276929E+01
0.120416E+01  0.396313E+01
0.127171E+01  0.511351E+01
0.133599E+01  0.626715E+01
0.139644E+01  0.745896E+01
0.145315E+01  0.871521E+01
0.150654E+01  0.100571E+02
0.155714E+01  0.115034E+02
0.160547E+01  0.130724E+02
0.165200E+01  0.147832E+02
0.169713E+01  0.166565E+02
0.174121E+01  0.187147E+02
0.178452E+01  0.209825E+02
0.182729E+01  0.234867E+02
0.186970E+01  0.262564E+02
0.191190E+01  0.293223E+02
0.195398E+01  0.327173E+02
0.199601E+01  0.364761E+02
0.203805E+01  0.406350E+02
0.208012E+01  0.452325E+02
0.212226E+01  0.503087E+02
0.216446E+01  0.559063E+02
0.220674E+01  0.620702E+02
0.224910E+01  0.688475E+02
0.229154E+01  0.762883E+02
0.233406E+01  0.844452E+02
0.237665E+01  0.933738E+02
0.241931E+01  0.103133E+03
0.246204E+01  0.113784E+03
0.250483E+01  0.125393E+03
0.254769E+01  0.138028E+03
0.259060E+01  0.151761E+03
0.263357E+01  0.166668E+03
0.267658E+01  0.182829E+03
0.271965E+01  0.200328E+03
0.276276E+01  0.219252E+03
0.280591E+01  0.239694E+03
0.284911E+01  0.261749E+03
0.289234E+01  0.285518E+03
0.293560E+01  0.311107E+03
0.297890E+01  0.338625E+03
0.302223E+01  0.368188E+03
0.306558E+01  0.399915E+03
0.310896E+01  0.433931E+03
0.315237E+01  0.470366E+03
0.319580E+01  0.509356E+03
0.323924E+01  0.551042E+03
0.328271E+01  0.595569E+03
0.332619E+01  0.643091E+03
0.336969E+01  0.693766E+03
0.341320E+01  0.747759E+03
0.345672E+01  0.805240E+03
0.350026E+01  0.866386E+03
0.354380E+01  0.931382E+03
0.358736E+01  0.100042E+04
0.363092E+01  0.107370E+04
0.367450E+01  0.115142E+04
0.371808E+01  0.123381E+04
0.376168E+01  0.132107E+04
0.380528E+01  0.141345E+04
0.384889E+01  0.151116E+04
0.389251E+01  0.161447E+04
0.393613E+01  0.172362E+04
0.397976E+01  0.183887E+04
0.402340E+01  0.196048E+04
0.406704E+01  0.208874E+04
0.411068E+01  0.222394E+04
0.415433E+01  0.236636E+04
0.419799E+01  0.251631E+04
0.424164E+01  0.267408E+04
0.428528E+01  0.283999E+04
0.432892E+01  0.301439E+04
0.437257E+01  0.319763E+04
0.441622E+01  0.339006E+04
0.445988E+01  0.359205E+04
0.450353E+01  0.380396E+04
0.454720E+01  0.402618E+04
0.459086E+01  0.425911E+04
0.463452E+01  0.450314E+04
0.000000E+00  0.000000E+00
0.000000E+00  0.000000E+00
0.000000E+00  0.000000E+00
0.000000E+00  0.000000E+00
0.000000E+00  0.000000E+00
0.000000E+00  0.000000E+00
0.000000E+00  0.000000E+00
0.000000E+00  0.000000E+00
0.000000E+00  0.000000E+00
0.000000E+00  0.000000E+00
0.000000E+00  0.000000E+00
0.000000E+00  0.000000E+00
0.000000E+00  0.000000E+00
0.000000E+00  0.000000E+00
0.000000E+00  0.000000E+00
0.000000E+00  0.000000E+00
0.000000E+00  0.000000E+00
0.000000E+00  0.000000E+00
0.000000E+00  0.000000E+00
0.000000E+00  0.000000E+00
