0.106642E+01  0.139959E+01
0.113428E+01  0.263420E+01
0.119922E+01  0.383459E+01
0.125927E+01  0.508900E+01
0.131455E+01  0.645743E+01
0.136594E+01  0.798739E+01
0.141441E+01  0.972420E+01
0.146078E+01  0.117167E+02
0.150573E+01  0.140199E+02
0.154972E+01  0.166971E+02
0.159314E+01  0.198198E+02
0.163621E+01  0.234693E+02
0.167911E+01  0.277368E+02
0.172195E+01  0.327250E+02
0.176479E+01  0.385485E+02
0.180768E+01  0.453356E+02
0.185064E+01  0.532297E+02
0.189369E+01  0.623909E+02
0.193683E+01  0.729971E+02
0.198006E+01  0.852465E+02
0.202338E+01  0.993589E+02
0.206678E+01  0.115577E+03
0.211027E+01  0.134171E+03
0.215384E+01  0.155435E+03
0.219749E+01  0.179697E+03
0.224120E+01  0.207316E+03
0.228498E+01  0.238683E+03
0.232882E+01  0.274230E+03
0.237272E+01  0.314427E+03
0.241667E+01  0.359786E+03
0.246067E+01  0.410866E+03
0.250471E+01  0.468275E+03
0.254880E+01  0.532673E+03
0.259293E+01  0.604775E+03
0.263709E+01  0.685356E+03
0.268129E+01  0.775253E+03
0.272552E+01  0.875371E+03
0.276979E+01  0.986684E+03
0.281408E+01  0.111024E+04
0.285840E+01  0.124718E+04
0.290274E+01  0.139871E+04
0.294710E+01  0.156613E+04
0.299149E+01  0.175084E+04
0.303590E+01  0.195434E+04
0.308033E+01  0.217822E+04
0.312477E+01  0.242420E+04
0.316923E+01  0.269410E+04
0.321371E+01  0.298988E+04
0.325820E+01  0.331360E+04
0.330271E+01  0.366750E+04
0.334722E+01  0.405390E+04
0.339176E+01  0.447533E+04
0.343630E+01  0.493443E+04
0.348085E+01  0.543403E+04
0.352541E+01  0.597712E+04
0.356999E+01  0.656688E+04
0.361457E+01  0.720667E+04
0.365917E+01  0.790006E+04
0.370377E+01  0.865082E+04
0.374839E+01  0.946295E+04
0.379301E+01  0.103406E+05
0.383765E+01  0.112883E+05
0.388229E+01  0.123107E+05
0.392694E+01  0.134128E+05
0.397161E+01  0.145997E+05
0.401628E+01  0.158769E+05
0.406096E+01  0.172502E+05
0.410565E+01  0.187257E+05
0.415034E+01  0.203098E+05
0.419505E+01  0.220091E+05
0.423976E+01  0.238307E+05
0.428448E+01  0.257820E+05
0.432920E+01  0.278707E+05
0.437394E+01  0.301050E+05
0.441868E+01  0.324933E+05
0.446342E+01  0.350447E+05
0.450818E+01  0.377684E+05
0.455294E+01  0.406742E+05
0.459771E+01  0.437724E+05
0.464248E+01  0.470737E+05
0.000000E+00  0.000000E+00
0.000000E+00  0.000000E+00
0.000000E+00  0.000000E+00
0.000000E+00  0.000000E+00
0.000000E+00  0.000000E+00
0.000000E+00  0.000000E+00
0.000000E+00  0.000000E+00
0.000000E+00  0.000000E+00
0.000000E+00  0.000000E+00
0.000000E+00  0.000000E+00
0.000000E+00  0.000000E+00
0.000000E+00  0.000000E+00
0.000000E+00  0.000000E+00
0.000000E+00  0.000000E+00
0.000000E+00  0.000000E+00
0.000000E+00  0.000000E+00
0.000000E+00  0.000000E+00
0.000000E+00  0.000000E+00
0.000000E+00  0.000000E+00
0.000000E+00  0.000000E+00
