0.106569E+01  0.111501E+01
0.113065E+01  0.216056E+01
0.119079E+01  0.325496E+01
0.124541E+01  0.448279E+01
0.129553E+01  0.591331E+01
0.134246E+01  0.761684E+01
0.138730E+01  0.967443E+01
0.143087E+01  0.121832E+02
0.147371E+01  0.152596E+02
0.151618E+01  0.190421E+02
0.155852E+01  0.236947E+02
0.160083E+01  0.294092E+02
0.164321E+01  0.364125E+02
0.168568E+01  0.449695E+02
0.172828E+01  0.553898E+02
0.177099E+01  0.680347E+02
0.181383E+01  0.833234E+02
0.185680E+01  0.101741E+03
0.189988E+01  0.123849E+03
0.194306E+01  0.150291E+03
0.198635E+01  0.181807E+03
0.202973E+01  0.219240E+03
0.207319E+01  0.263555E+03
0.211673E+01  0.315845E+03
0.216034E+01  0.377353E+03
0.220402E+01  0.449482E+03
0.224776E+01  0.533815E+03
0.229155E+01  0.632132E+03
0.233539E+01  0.746434E+03
0.237927E+01  0.878960E+03
0.242320E+01  0.103221E+04
0.246717E+01  0.120899E+04
0.251117E+01  0.141239E+04
0.255520E+01  0.164588E+04
0.259927E+01  0.191328E+04
0.264336E+01  0.221885E+04
0.268748E+01  0.256725E+04
0.273163E+01  0.296367E+04
0.277579E+01  0.341380E+04
0.281998E+01  0.392389E+04
0.286419E+01  0.450080E+04
0.290841E+01  0.515209E+04
0.295265E+01  0.588595E+04
0.299690E+01  0.671143E+04
0.304117E+01  0.763840E+04
0.308545E+01  0.867760E+04
0.312975E+01  0.984074E+04
0.317406E+01  0.111406E+05
0.321839E+01  0.125909E+05
0.326273E+01  0.142068E+05
0.000000E+00  0.000000E+00
0.000000E+00  0.000000E+00
0.000000E+00  0.000000E+00
0.000000E+00  0.000000E+00
0.000000E+00  0.000000E+00
0.000000E+00  0.000000E+00
0.000000E+00  0.000000E+00
0.000000E+00  0.000000E+00
0.000000E+00  0.000000E+00
0.000000E+00  0.000000E+00
0.000000E+00  0.000000E+00
0.000000E+00  0.000000E+00
0.000000E+00  0.000000E+00
0.000000E+00  0.000000E+00
0.000000E+00  0.000000E+00
0.000000E+00  0.000000E+00
0.000000E+00  0.000000E+00
0.000000E+00  0.000000E+00
0.000000E+00  0.000000E+00
0.000000E+00  0.000000E+00
0.000000E+00  0.000000E+00
0.000000E+00  0.000000E+00
0.000000E+00  0.000000E+00
0.000000E+00  0.000000E+00
0.000000E+00  0.000000E+00
0.000000E+00  0.000000E+00
0.000000E+00  0.000000E+00
0.000000E+00  0.000000E+00
0.000000E+00  0.000000E+00
0.000000E+00  0.000000E+00
0.000000E+00  0.000000E+00
0.000000E+00  0.000000E+00
0.000000E+00  0.000000E+00
0.000000E+00  0.000000E+00
0.000000E+00  0.000000E+00
0.000000E+00  0.000000E+00
0.000000E+00  0.000000E+00
0.000000E+00  0.000000E+00
0.000000E+00  0.000000E+00
0.000000E+00  0.000000E+00
0.000000E+00  0.000000E+00
0.000000E+00  0.000000E+00
0.000000E+00  0.000000E+00
0.000000E+00  0.000000E+00
0.000000E+00  0.000000E+00
0.000000E+00  0.000000E+00
0.000000E+00  0.000000E+00
0.000000E+00  0.000000E+00
0.000000E+00  0.000000E+00
0.000000E+00  0.000000E+00
