0.106615E+01  0.117279E+01
0.113597E+01  0.219090E+01
0.120882E+01  0.309103E+01
0.128410E+01  0.389946E+01
0.136127E+01  0.463558E+01
0.143986E+01  0.531410E+01
0.151940E+01  0.594645E+01
0.159947E+01  0.654174E+01
0.167971E+01  0.710726E+01
0.175978E+01  0.764894E+01
0.183941E+01  0.817163E+01
0.191835E+01  0.867935E+01
0.199645E+01  0.917531E+01
0.207357E+01  0.966223E+01
0.214962E+01  0.101423E+02
0.222453E+01  0.106175E+02
0.229827E+01  0.110892E+02
0.237084E+01  0.115588E+02
0.244223E+01  0.120273E+02
0.251247E+01  0.124956E+02
0.258157E+01  0.129646E+02
0.264958E+01  0.134349E+02
0.271652E+01  0.139071E+02
0.278244E+01  0.143816E+02
0.284738E+01  0.148590E+02
0.291138E+01  0.153395E+02
0.297448E+01  0.158235E+02
0.303672E+01  0.163114E+02
0.309814E+01  0.168034E+02
0.315879E+01  0.172997E+02
0.321870E+01  0.178007E+02
0.327791E+01  0.183065E+02
0.333645E+01  0.188172E+02
0.339436E+01  0.193332E+02
0.345167E+01  0.198546E+02
0.350841E+01  0.203816E+02
0.356462E+01  0.209143E+02
0.362031E+01  0.214530E+02
0.367552E+01  0.219977E+02
0.373028E+01  0.225487E+02
0.378461E+01  0.231061E+02
0.383853E+01  0.236700E+02
0.389207E+01  0.242406E+02
0.394525E+01  0.248182E+02
0.399809E+01  0.254027E+02
0.405061E+01  0.259945E+02
0.410283E+01  0.265936E+02
0.415477E+01  0.272002E+02
0.420644E+01  0.278145E+02
0.425786E+01  0.284366E+02
0.430906E+01  0.290667E+02
0.436003E+01  0.297049E+02
0.441081E+01  0.303514E+02
0.446140E+01  0.310064E+02
0.451181E+01  0.316699E+02
0.456206E+01  0.323423E+02
0.461217E+01  0.330236E+02
0.466213E+01  0.337140E+02
0.471197E+01  0.344137E+02
0.476169E+01  0.351228E+02
0.481131E+01  0.358415E+02
0.486083E+01  0.365699E+02
0.491026E+01  0.373082E+02
0.495962E+01  0.380566E+02
0.500890E+01  0.388152E+02
0.505812E+01  0.395842E+02
0.510728E+01  0.403636E+02
0.515639E+01  0.411538E+02
0.520546E+01  0.419548E+02
0.525449E+01  0.427668E+02
0.530349E+01  0.435899E+02
0.535246E+01  0.444243E+02
0.540141E+01  0.452700E+02
0.545034E+01  0.461274E+02
0.549926E+01  0.469965E+02
0.554817E+01  0.478774E+02
0.559708E+01  0.487702E+02
0.564598E+01  0.496752E+02
0.569489E+01  0.505925E+02
0.574379E+01  0.515221E+02
0.579271E+01  0.524642E+02
0.584163E+01  0.534189E+02
0.589057E+01  0.543864E+02
0.593951E+01  0.553668E+02
0.598848E+01  0.563602E+02
0.603746E+01  0.573667E+02
0.608645E+01  0.583864E+02
0.613547E+01  0.594194E+02
0.618450E+01  0.604659E+02
0.623356E+01  0.615260E+02
0.628263E+01  0.625997E+02
0.633173E+01  0.636872E+02
0.638085E+01  0.647885E+02
0.643000E+01  0.659038E+02
0.647917E+01  0.670332E+02
0.652836E+01  0.681767E+02
0.657757E+01  0.693345E+02
0.662681E+01  0.705066E+02
0.667608E+01  0.716931E+02
0.672537E+01  0.728943E+02
