0.106620E+01  0.163385E+01
0.113658E+01  0.303993E+01
0.121092E+01  0.426029E+01
0.128891E+01  0.532942E+01
0.137010E+01  0.627558E+01
0.145401E+01  0.712182E+01
0.154011E+01  0.788690E+01
0.162788E+01  0.858597E+01
0.171684E+01  0.923124E+01
0.180656E+01  0.983248E+01
0.189667E+01  0.103975E+02
0.198688E+01  0.109325E+02
0.207696E+01  0.114426E+02
0.216674E+01  0.119317E+02
0.225607E+01  0.124031E+02
0.234487E+01  0.128593E+02
0.243307E+01  0.133026E+02
0.252064E+01  0.137346E+02
0.260755E+01  0.141568E+02
0.269378E+01  0.145704E+02
0.277934E+01  0.149764E+02
0.286423E+01  0.153757E+02
0.294847E+01  0.157689E+02
0.303206E+01  0.161568E+02
0.311503E+01  0.165397E+02
0.319739E+01  0.169183E+02
0.327916E+01  0.172928E+02
0.336036E+01  0.176637E+02
0.344101E+01  0.180312E+02
0.352114E+01  0.183956E+02
0.360074E+01  0.187572E+02
0.367986E+01  0.191161E+02
0.375850E+01  0.194726E+02
0.383668E+01  0.198268E+02
0.391442E+01  0.201789E+02
0.399173E+01  0.205290E+02
0.406863E+01  0.208773E+02
0.414514E+01  0.212238E+02
0.422126E+01  0.215687E+02
0.429702E+01  0.219121E+02
0.437242E+01  0.222540E+02
0.444748E+01  0.225946E+02
0.452220E+01  0.229339E+02
0.459661E+01  0.232719E+02
0.467071E+01  0.236089E+02
0.474450E+01  0.239447E+02
0.481801E+01  0.242795E+02
0.489124E+01  0.246134E+02
0.496420E+01  0.249463E+02
0.503690E+01  0.252783E+02
0.510935E+01  0.256095E+02
0.518155E+01  0.259399E+02
0.525351E+01  0.262695E+02
0.532525E+01  0.265985E+02
0.539676E+01  0.269267E+02
0.546805E+01  0.272543E+02
0.553914E+01  0.275812E+02
0.561002E+01  0.279076E+02
0.568071E+01  0.282334E+02
0.575121E+01  0.285587E+02
0.582152E+01  0.288835E+02
0.589165E+01  0.292078E+02
0.596161E+01  0.295316E+02
0.603140E+01  0.298550E+02
0.610103E+01  0.301779E+02
0.617050E+01  0.305005E+02
0.623981E+01  0.308227E+02
0.630897E+01  0.311445E+02
0.637799E+01  0.314660E+02
0.644687E+01  0.317871E+02
0.651561E+01  0.321079E+02
0.658422E+01  0.324285E+02
0.665269E+01  0.327488E+02
0.672104E+01  0.330688E+02
0.678927E+01  0.333886E+02
0.685738E+01  0.337081E+02
0.692538E+01  0.340274E+02
0.699326E+01  0.343465E+02
0.706104E+01  0.346654E+02
0.712871E+01  0.349841E+02
0.719627E+01  0.353027E+02
0.726374E+01  0.356211E+02
0.733111E+01  0.359393E+02
0.739838E+01  0.362574E+02
0.746557E+01  0.365754E+02
0.753266E+01  0.368932E+02
0.759967E+01  0.372110E+02
0.766659E+01  0.375286E+02
0.773344E+01  0.378461E+02
0.780020E+01  0.381636E+02
0.786688E+01  0.384810E+02
0.793349E+01  0.387983E+02
0.800003E+01  0.391156E+02
0.806650E+01  0.394328E+02
0.813289E+01  0.397499E+02
0.819922E+01  0.400670E+02
0.826549E+01  0.403841E+02
0.833169E+01  0.407012E+02
0.839783E+01  0.410182E+02
0.846391E+01  0.413353E+02
