0.106638E+01  0.121047E+01
0.113705E+01  0.224327E+01
0.121143E+01  0.313894E+01
0.128889E+01  0.392808E+01
0.136880E+01  0.463381E+01
0.145058E+01  0.527372E+01
0.153370E+01  0.586122E+01
0.161774E+01  0.640664E+01
0.170230E+01  0.691794E+01
0.178711E+01  0.740137E+01
0.187191E+01  0.786181E+01
0.195653E+01  0.830317E+01
0.204082E+01  0.872852E+01
0.212469E+01  0.914038E+01
0.220805E+01  0.954077E+01
0.229086E+01  0.993137E+01
0.237307E+01  0.103135E+02
0.245466E+01  0.106884E+02
0.253563E+01  0.110570E+02
0.261596E+01  0.114201E+02
0.269567E+01  0.117783E+02
0.277475E+01  0.121323E+02
0.285322E+01  0.124825E+02
0.293108E+01  0.128294E+02
0.300836E+01  0.131734E+02
0.308507E+01  0.135148E+02
0.316122E+01  0.138539E+02
0.323683E+01  0.141910E+02
0.331191E+01  0.145262E+02
0.338648E+01  0.148598E+02
0.346057E+01  0.151920E+02
0.353417E+01  0.155228E+02
0.360731E+01  0.158526E+02
0.368001E+01  0.161813E+02
0.375227E+01  0.165092E+02
0.382412E+01  0.168362E+02
0.389556E+01  0.171626E+02
0.396662E+01  0.174884E+02
0.403729E+01  0.178137E+02
0.410760E+01  0.181386E+02
0.417755E+01  0.184631E+02
0.424716E+01  0.187873E+02
0.431644E+01  0.191113E+02
0.438540E+01  0.194351E+02
0.445406E+01  0.197588E+02
0.452241E+01  0.200824E+02
0.459046E+01  0.204059E+02
0.465824E+01  0.207295E+02
0.472575E+01  0.210531E+02
0.479299E+01  0.213768E+02
0.485997E+01  0.217006E+02
0.492671E+01  0.220245E+02
0.499321E+01  0.223487E+02
0.505947E+01  0.226731E+02
0.512551E+01  0.229977E+02
0.519133E+01  0.233225E+02
0.525693E+01  0.236477E+02
0.532233E+01  0.239732E+02
0.538753E+01  0.242990E+02
0.545253E+01  0.246252E+02
0.551735E+01  0.249517E+02
0.558198E+01  0.252787E+02
0.564644E+01  0.256061E+02
0.571072E+01  0.259339E+02
0.577484E+01  0.262622E+02
0.583879E+01  0.265909E+02
0.590259E+01  0.269202E+02
0.596623E+01  0.272499E+02
0.602972E+01  0.275802E+02
0.609306E+01  0.279109E+02
0.615627E+01  0.282423E+02
0.621934E+01  0.285741E+02
0.628227E+01  0.289066E+02
0.634508E+01  0.292396E+02
0.640776E+01  0.295733E+02
0.647032E+01  0.299075E+02
0.653276E+01  0.302423E+02
0.659508E+01  0.305778E+02
0.665729E+01  0.309139E+02
0.671939E+01  0.312506E+02
0.678139E+01  0.315880E+02
0.684328E+01  0.319261E+02
0.690507E+01  0.322648E+02
0.696676E+01  0.326042E+02
0.702836E+01  0.329443E+02
0.708987E+01  0.332851E+02
0.715128E+01  0.336266E+02
0.721261E+01  0.339688E+02
0.727385E+01  0.343117E+02
0.733502E+01  0.346554E+02
0.739610E+01  0.349998E+02
0.745710E+01  0.353449E+02
0.751803E+01  0.356908E+02
0.757888E+01  0.360374E+02
0.763966E+01  0.363848E+02
0.770037E+01  0.367329E+02
0.776102E+01  0.370819E+02
0.782160E+01  0.374316E+02
0.788211E+01  0.377820E+02
0.794256E+01  0.381333E+02
