0.106489E+01  0.516158E+00
0.113070E+01  0.100533E+01
0.119654E+01  0.147857E+01
0.126177E+01  0.194419E+01
0.132599E+01  0.240830E+01
0.138902E+01  0.287541E+01
0.145078E+01  0.334884E+01
0.151129E+01  0.383112E+01
0.157060E+01  0.432422E+01
0.162880E+01  0.482975E+01
0.168600E+01  0.534906E+01
0.174229E+01  0.588338E+01
0.179779E+01  0.643377E+01
0.185258E+01  0.700125E+01
0.190675E+01  0.758677E+01
0.196039E+01  0.819123E+01
0.201356E+01  0.881549E+01
0.206634E+01  0.946037E+01
0.211877E+01  0.101266E+02
0.217090E+01  0.108150E+02
0.222278E+01  0.115261E+02
0.227444E+01  0.122608E+02
0.232592E+01  0.130195E+02
0.237723E+01  0.138030E+02
0.242841E+01  0.146117E+02
0.247946E+01  0.154462E+02
0.253042E+01  0.163071E+02
0.258129E+01  0.171949E+02
0.263208E+01  0.181100E+02
0.268281E+01  0.190530E+02
0.273349E+01  0.200244E+02
0.278412E+01  0.210245E+02
0.283471E+01  0.220538E+02
0.288527E+01  0.231129E+02
0.293579E+01  0.242020E+02
0.298630E+01  0.253217E+02
0.303679E+01  0.264723E+02
0.308726E+01  0.276542E+02
0.313771E+01  0.288679E+02
0.318816E+01  0.301138E+02
0.323860E+01  0.313922E+02
0.328904E+01  0.327036E+02
0.333947E+01  0.340483E+02
0.338990E+01  0.354266E+02
0.344033E+01  0.368391E+02
0.349076E+01  0.382859E+02
0.354119E+01  0.397676E+02
0.359162E+01  0.412845E+02
0.364206E+01  0.428368E+02
0.369250E+01  0.444251E+02
0.374294E+01  0.460495E+02
0.379339E+01  0.477106E+02
0.384384E+01  0.494085E+02
0.389430E+01  0.511437E+02
0.394477E+01  0.529166E+02
0.399524E+01  0.547273E+02
0.404571E+01  0.565764E+02
0.409620E+01  0.584640E+02
0.414668E+01  0.603906E+02
0.419718E+01  0.623564E+02
0.424768E+01  0.643619E+02
0.429818E+01  0.664072E+02
0.434869E+01  0.684928E+02
0.439921E+01  0.706189E+02
0.444974E+01  0.727859E+02
0.450026E+01  0.749941E+02
0.455080E+01  0.772437E+02
0.460134E+01  0.795352E+02
0.465189E+01  0.818689E+02
0.470244E+01  0.842449E+02
0.475299E+01  0.866637E+02
0.480356E+01  0.891256E+02
0.485412E+01  0.916308E+02
0.490470E+01  0.941798E+02
0.495528E+01  0.967727E+02
0.500586E+01  0.994098E+02
0.505645E+01  0.102092E+03
0.510704E+01  0.104818E+03
0.515764E+01  0.107590E+03
0.520825E+01  0.110408E+03
0.525885E+01  0.113271E+03
0.530947E+01  0.116180E+03
0.536009E+01  0.119136E+03
0.541071E+01  0.122138E+03
0.546134E+01  0.125188E+03
0.551198E+01  0.128284E+03
0.556261E+01  0.131429E+03
0.561326E+01  0.134621E+03
0.566391E+01  0.137861E+03
0.571456E+01  0.141150E+03
0.576522E+01  0.144488E+03
0.581588E+01  0.147874E+03
0.586655E+01  0.151310E+03
0.591722E+01  0.154796E+03
0.596789E+01  0.158331E+03
0.601858E+01  0.161917E+03
0.606926E+01  0.165553E+03
0.611995E+01  0.169240E+03
0.617064E+01  0.172979E+03
0.622134E+01  0.176768E+03
