0.106601E+01  0.126970E+01
0.113345E+01  0.241013E+01
0.119909E+01  0.351242E+01
0.126123E+01  0.463892E+01
0.131963E+01  0.583168E+01
0.137470E+01  0.712151E+01
0.142707E+01  0.853424E+01
0.147731E+01  0.100943E+02
0.152595E+01  0.118265E+02
0.157338E+01  0.137571E+02
0.161993E+01  0.159141E+02
0.166585E+01  0.183276E+02
0.171132E+01  0.210298E+02
0.175647E+01  0.240549E+02
0.180142E+01  0.274397E+02
0.184622E+01  0.312233E+02
0.189094E+01  0.354474E+02
0.193562E+01  0.401565E+02
0.198027E+01  0.453980E+02
0.202492E+01  0.512224E+02
0.206957E+01  0.576836E+02
0.211425E+01  0.648388E+02
0.215896E+01  0.727490E+02
0.220370E+01  0.814790E+02
0.224847E+01  0.910975E+02
0.229327E+01  0.101677E+03
0.233811E+01  0.113296E+03
0.238299E+01  0.126035E+03
0.242790E+01  0.139980E+03
0.247285E+01  0.155223E+03
0.251783E+01  0.171860E+03
0.256285E+01  0.189993E+03
0.260790E+01  0.209728E+03
0.265297E+01  0.231178E+03
0.269808E+01  0.254460E+03
0.274321E+01  0.279699E+03
0.278838E+01  0.307026E+03
0.283356E+01  0.336575E+03
0.287877E+01  0.368491E+03
0.292401E+01  0.402923E+03
0.296927E+01  0.440028E+03
0.301455E+01  0.479969E+03
0.305985E+01  0.522918E+03
0.310516E+01  0.569052E+03
0.315050E+01  0.618560E+03
0.319586E+01  0.671634E+03
0.324123E+01  0.728477E+03
0.328661E+01  0.789300E+03
0.333202E+01  0.854323E+03
0.337743E+01  0.923774E+03
0.342286E+01  0.997890E+03
0.346831E+01  0.107692E+04
0.351376E+01  0.116111E+04
0.355923E+01  0.125075E+04
0.360471E+01  0.134609E+04
0.365020E+01  0.144743E+04
0.369570E+01  0.155506E+04
0.374122E+01  0.166930E+04
0.378674E+01  0.179045E+04
0.383227E+01  0.191886E+04
0.387781E+01  0.205486E+04
0.392336E+01  0.219881E+04
0.396892E+01  0.235107E+04
0.401449E+01  0.251201E+04
0.406007E+01  0.268204E+04
0.410565E+01  0.286155E+04
0.415124E+01  0.305097E+04
0.419684E+01  0.325071E+04
0.424245E+01  0.346123E+04
0.428807E+01  0.368299E+04
0.433369E+01  0.391645E+04
0.437932E+01  0.416210E+04
0.442496E+01  0.442045E+04
0.447061E+01  0.469202E+04
0.451626E+01  0.497733E+04
0.456192E+01  0.527694E+04
0.460758E+01  0.559141E+04
0.465326E+01  0.592132E+04
0.469894E+01  0.626727E+04
0.474462E+01  0.662988E+04
0.479032E+01  0.700977E+04
0.483601E+01  0.740759E+04
0.488172E+01  0.782402E+04
0.492743E+01  0.825974E+04
0.497315E+01  0.871545E+04
0.501887E+01  0.919187E+04
0.506460E+01  0.968976E+04
0.511033E+01  0.102099E+05
0.515607E+01  0.107530E+05
0.520182E+01  0.113199E+05
0.524757E+01  0.119114E+05
0.529332E+01  0.125284E+05
0.533908E+01  0.131718E+05
0.538485E+01  0.138423E+05
0.543062E+01  0.145410E+05
0.547639E+01  0.152688E+05
0.552217E+01  0.160265E+05
0.556796E+01  0.168153E+05
0.561375E+01  0.176360E+05
0.565954E+01  0.184898E+05
