0.106424E+01  0.843087E+00
0.112586E+01  0.171177E+01
0.118314E+01  0.267768E+01
0.123651E+01  0.379379E+01
0.128694E+01  0.510779E+01
0.133533E+01  0.666938E+01
0.138234E+01  0.853355E+01
0.142845E+01  0.107621E+02
0.147395E+01  0.134245E+02
0.151907E+01  0.165991E+02
0.156394E+01  0.203743E+02
0.160864E+01  0.248491E+02
0.165325E+01  0.301349E+02
0.169779E+01  0.363569E+02
0.174231E+01  0.436547E+02
0.178681E+01  0.521846E+02
0.183132E+01  0.621203E+02
0.187583E+01  0.736548E+02
0.192037E+01  0.870021E+02
0.196492E+01  0.102399E+03
0.200950E+01  0.120105E+03
0.205410E+01  0.140409E+03
0.209873E+01  0.163625E+03
0.214339E+01  0.190100E+03
0.218807E+01  0.220210E+03
0.223277E+01  0.254370E+03
0.227750E+01  0.293029E+03
0.232225E+01  0.336677E+03
0.236703E+01  0.385845E+03
0.241183E+01  0.441112E+03
0.245664E+01  0.503101E+03
0.250148E+01  0.572489E+03
0.254634E+01  0.650005E+03
0.259122E+01  0.736435E+03
0.263612E+01  0.832627E+03
0.268103E+01  0.939492E+03
0.272596E+01  0.105801E+04
0.277090E+01  0.118922E+04
0.281586E+01  0.133426E+04
0.286084E+01  0.149433E+04
0.290582E+01  0.167071E+04
0.295082E+01  0.186478E+04
0.299583E+01  0.207800E+04
0.304085E+01  0.231192E+04
0.308588E+01  0.256822E+04
0.313092E+01  0.284866E+04
0.317597E+01  0.315512E+04
0.322103E+01  0.348959E+04
0.326609E+01  0.385420E+04
0.331117E+01  0.425117E+04
0.335625E+01  0.468290E+04
0.340134E+01  0.515190E+04
0.344643E+01  0.566085E+04
0.349154E+01  0.621255E+04
0.353665E+01  0.680999E+04
0.358177E+01  0.745631E+04
0.362690E+01  0.815483E+04
0.367203E+01  0.890904E+04
0.371717E+01  0.972262E+04
0.376232E+01  0.105994E+05
0.380748E+01  0.115436E+05
0.385264E+01  0.125593E+05
0.389781E+01  0.136511E+05
0.394299E+01  0.148238E+05
0.398817E+01  0.160822E+05
0.403336E+01  0.174317E+05
0.407855E+01  0.188776E+05
0.412375E+01  0.204256E+05
0.416896E+01  0.220818E+05
0.421417E+01  0.238525E+05
0.425939E+01  0.257441E+05
0.430461E+01  0.277636E+05
0.434984E+01  0.299180E+05
0.439508E+01  0.322150E+05
0.444032E+01  0.346623E+05
0.448556E+01  0.372681E+05
0.453081E+01  0.400408E+05
0.457607E+01  0.429895E+05
0.462133E+01  0.461233E+05
0.466659E+01  0.494519E+05
0.000000E+00  0.000000E+00
0.000000E+00  0.000000E+00
0.000000E+00  0.000000E+00
0.000000E+00  0.000000E+00
0.000000E+00  0.000000E+00
0.000000E+00  0.000000E+00
0.000000E+00  0.000000E+00
0.000000E+00  0.000000E+00
0.000000E+00  0.000000E+00
0.000000E+00  0.000000E+00
0.000000E+00  0.000000E+00
0.000000E+00  0.000000E+00
0.000000E+00  0.000000E+00
0.000000E+00  0.000000E+00
0.000000E+00  0.000000E+00
0.000000E+00  0.000000E+00
0.000000E+00  0.000000E+00
0.000000E+00  0.000000E+00
0.000000E+00  0.000000E+00
0.000000E+00  0.000000E+00
