0.106514E+01  0.159996E+01
0.113061E+01  0.311470E+01
0.119448E+01  0.462330E+01
0.125586E+01  0.618008E+01
0.131462E+01  0.782341E+01
0.137099E+01  0.958265E+01
0.142533E+01  0.114825E+02
0.147802E+01  0.135458E+02
0.152937E+01  0.157943E+02
0.157969E+01  0.182501E+02
0.162919E+01  0.209357E+02
0.167806E+01  0.238741E+02
0.172645E+01  0.270889E+02
0.177448E+01  0.306045E+02
0.182223E+01  0.344463E+02
0.186978E+01  0.386402E+02
0.191717E+01  0.432130E+02
0.196446E+01  0.481927E+02
0.201167E+01  0.536079E+02
0.205882E+01  0.594884E+02
0.210593E+01  0.658649E+02
0.215303E+01  0.727693E+02
0.220011E+01  0.802346E+02
0.224719E+01  0.882949E+02
0.229427E+01  0.969853E+02
0.234137E+01  0.106342E+03
0.238847E+01  0.116404E+03
0.243559E+01  0.127208E+03
0.248273E+01  0.138796E+03
0.252988E+01  0.151208E+03
0.257705E+01  0.164488E+03
0.262424E+01  0.178679E+03
0.267145E+01  0.193826E+03
0.271867E+01  0.209976E+03
0.276592E+01  0.227178E+03
0.281318E+01  0.245480E+03
0.286046E+01  0.264933E+03
0.290775E+01  0.285590E+03
0.295506E+01  0.307503E+03
0.300238E+01  0.330728E+03
0.304972E+01  0.355321E+03
0.309707E+01  0.381341E+03
0.314444E+01  0.408846E+03
0.319181E+01  0.437897E+03
0.323920E+01  0.468558E+03
0.328660E+01  0.500891E+03
0.333400E+01  0.534962E+03
0.338142E+01  0.570839E+03
0.342885E+01  0.608589E+03
0.347628E+01  0.648284E+03
0.352372E+01  0.689995E+03
0.357117E+01  0.733795E+03
0.361863E+01  0.779760E+03
0.366609E+01  0.827966E+03
0.371356E+01  0.878491E+03
0.376104E+01  0.931417E+03
0.380852E+01  0.986824E+03
0.385601E+01  0.104480E+04
0.390350E+01  0.110542E+04
0.395100E+01  0.116878E+04
0.399850E+01  0.123496E+04
0.404601E+01  0.130407E+04
0.409352E+01  0.137618E+04
0.414104E+01  0.145139E+04
0.418856E+01  0.152980E+04
0.423608E+01  0.161151E+04
0.428360E+01  0.169661E+04
0.433113E+01  0.178521E+04
0.437866E+01  0.187742E+04
0.442620E+01  0.197332E+04
0.447373E+01  0.207304E+04
0.452127E+01  0.217668E+04
0.456882E+01  0.228435E+04
0.461636E+01  0.239617E+04
0.466391E+01  0.251225E+04
0.471146E+01  0.263270E+04
0.475901E+01  0.275764E+04
0.480656E+01  0.288721E+04
0.485412E+01  0.302150E+04
0.490167E+01  0.316067E+04
0.494923E+01  0.330482E+04
0.499679E+01  0.345408E+04
0.504435E+01  0.360860E+04
0.509192E+01  0.376850E+04
0.513948E+01  0.393391E+04
0.518705E+01  0.410497E+04
0.523462E+01  0.428183E+04
0.528219E+01  0.446462E+04
0.532976E+01  0.465348E+04
0.537733E+01  0.484857E+04
0.542490E+01  0.505002E+04
0.547248E+01  0.525800E+04
0.552005E+01  0.547264E+04
0.556763E+01  0.569410E+04
0.561521E+01  0.592255E+04
0.566279E+01  0.615814E+04
0.571037E+01  0.640102E+04
0.575795E+01  0.665136E+04
0.580553E+01  0.690934E+04
0.585311E+01  0.717510E+04
