0.106448E+01  0.622689E+00
0.112615E+01  0.125840E+01
0.118257E+01  0.197240E+01
0.123435E+01  0.281458E+01
0.128287E+01  0.383055E+01
0.132931E+01  0.506864E+01
0.137450E+01  0.658265E+01
0.141895E+01  0.843265E+01
0.146299E+01  0.106854E+02
0.150677E+01  0.134150E+02
0.155042E+01  0.167034E+02
0.159399E+01  0.206413E+02
0.163750E+01  0.253298E+02
0.168099E+01  0.308807E+02
0.172445E+01  0.374176E+02
0.176790E+01  0.450772E+02
0.181134E+01  0.540101E+02
0.185477E+01  0.643819E+02
0.189819E+01  0.763744E+02
0.194160E+01  0.901866E+02
0.198500E+01  0.106036E+03
0.202839E+01  0.124160E+03
0.207177E+01  0.144817E+03
0.211515E+01  0.168287E+03
0.215851E+01  0.194874E+03
0.220187E+01  0.224907E+03
0.224523E+01  0.258744E+03
0.228857E+01  0.296766E+03
0.233192E+01  0.339388E+03
0.237526E+01  0.387055E+03
0.241861E+01  0.440243E+03
0.246195E+01  0.499468E+03
0.250529E+01  0.565275E+03
0.254864E+01  0.638251E+03
0.259199E+01  0.719023E+03
0.263534E+01  0.808257E+03
0.267869E+01  0.906669E+03
0.272205E+01  0.101502E+04
0.276541E+01  0.113413E+04
0.280878E+01  0.126484E+04
0.000000E+00  0.000000E+00
0.000000E+00  0.000000E+00
0.000000E+00  0.000000E+00
0.000000E+00  0.000000E+00
0.000000E+00  0.000000E+00
0.000000E+00  0.000000E+00
0.000000E+00  0.000000E+00
0.000000E+00  0.000000E+00
0.000000E+00  0.000000E+00
0.000000E+00  0.000000E+00
0.000000E+00  0.000000E+00
0.000000E+00  0.000000E+00
0.000000E+00  0.000000E+00
0.000000E+00  0.000000E+00
0.000000E+00  0.000000E+00
0.000000E+00  0.000000E+00
0.000000E+00  0.000000E+00
0.000000E+00  0.000000E+00
0.000000E+00  0.000000E+00
0.000000E+00  0.000000E+00
0.000000E+00  0.000000E+00
0.000000E+00  0.000000E+00
0.000000E+00  0.000000E+00
0.000000E+00  0.000000E+00
0.000000E+00  0.000000E+00
0.000000E+00  0.000000E+00
0.000000E+00  0.000000E+00
0.000000E+00  0.000000E+00
0.000000E+00  0.000000E+00
0.000000E+00  0.000000E+00
0.000000E+00  0.000000E+00
0.000000E+00  0.000000E+00
0.000000E+00  0.000000E+00
0.000000E+00  0.000000E+00
0.000000E+00  0.000000E+00
0.000000E+00  0.000000E+00
0.000000E+00  0.000000E+00
0.000000E+00  0.000000E+00
0.000000E+00  0.000000E+00
0.000000E+00  0.000000E+00
0.000000E+00  0.000000E+00
0.000000E+00  0.000000E+00
0.000000E+00  0.000000E+00
0.000000E+00  0.000000E+00
0.000000E+00  0.000000E+00
0.000000E+00  0.000000E+00
0.000000E+00  0.000000E+00
0.000000E+00  0.000000E+00
0.000000E+00  0.000000E+00
0.000000E+00  0.000000E+00
0.000000E+00  0.000000E+00
0.000000E+00  0.000000E+00
0.000000E+00  0.000000E+00
0.000000E+00  0.000000E+00
0.000000E+00  0.000000E+00
0.000000E+00  0.000000E+00
0.000000E+00  0.000000E+00
0.000000E+00  0.000000E+00
0.000000E+00  0.000000E+00
0.000000E+00  0.000000E+00
