0.106621E+01  0.122322E+01
0.113643E+01  0.227781E+01
0.121020E+01  0.319951E+01
0.128705E+01  0.401551E+01
0.136650E+01  0.474669E+01
0.144812E+01  0.540921E+01
0.153147E+01  0.601570E+01
0.161618E+01  0.657612E+01
0.170190E+01  0.709839E+01
0.178834E+01  0.758885E+01
0.187524E+01  0.805260E+01
0.196236E+01  0.849385E+01
0.204954E+01  0.891597E+01
0.213661E+01  0.932178E+01
0.222345E+01  0.971358E+01
0.230995E+01  0.100933E+02
0.239603E+01  0.104627E+02
0.248163E+01  0.108229E+02
0.256669E+01  0.111753E+02
0.265117E+01  0.115207E+02
0.273505E+01  0.118601E+02
0.281831E+01  0.121941E+02
0.290093E+01  0.125234E+02
0.298291E+01  0.128486E+02
0.306424E+01  0.131701E+02
0.314492E+01  0.134883E+02
0.322496E+01  0.138036E+02
0.330437E+01  0.141163E+02
0.338314E+01  0.144268E+02
0.346130E+01  0.147352E+02
0.353884E+01  0.150418E+02
0.361579E+01  0.153468E+02
0.369215E+01  0.156504E+02
0.376794E+01  0.159528E+02
0.384316E+01  0.162541E+02
0.391783E+01  0.165544E+02
0.399197E+01  0.168539E+02
0.406558E+01  0.171526E+02
0.413869E+01  0.174507E+02
0.421129E+01  0.177483E+02
0.428341E+01  0.180455E+02
0.435505E+01  0.183423E+02
0.442624E+01  0.186388E+02
0.449697E+01  0.189351E+02
0.456726E+01  0.192312E+02
0.463713E+01  0.195273E+02
0.470657E+01  0.198233E+02
0.477562E+01  0.201193E+02
0.484426E+01  0.204153E+02
0.491253E+01  0.207115E+02
0.498041E+01  0.210078E+02
0.504793E+01  0.213043E+02
0.511510E+01  0.216010E+02
0.518191E+01  0.218979E+02
0.524839E+01  0.221952E+02
0.531454E+01  0.224927E+02
0.538037E+01  0.227906E+02
0.544588E+01  0.230889E+02
0.551109E+01  0.233875E+02
0.557600E+01  0.236866E+02
0.564062E+01  0.239862E+02
0.570495E+01  0.242862E+02
0.576901E+01  0.245867E+02
0.583281E+01  0.248878E+02
0.589634E+01  0.251893E+02
0.595961E+01  0.254915E+02
0.602263E+01  0.257942E+02
0.608541E+01  0.260975E+02
0.614796E+01  0.264014E+02
0.621027E+01  0.267059E+02
0.627235E+01  0.270111E+02
0.633422E+01  0.273170E+02
0.639587E+01  0.276235E+02
0.645731E+01  0.279307E+02
0.651854E+01  0.282387E+02
0.657958E+01  0.285473E+02
0.664042E+01  0.288567E+02
0.670107E+01  0.291668E+02
0.676153E+01  0.294777E+02
0.682182E+01  0.297894E+02
0.688192E+01  0.301019E+02
0.694186E+01  0.304151E+02
0.700163E+01  0.307292E+02
0.706123E+01  0.310441E+02
0.712067E+01  0.313598E+02
0.717996E+01  0.316764E+02
0.723910E+01  0.319938E+02
0.729809E+01  0.323122E+02
0.735693E+01  0.326313E+02
0.741563E+01  0.329514E+02
0.747420E+01  0.332724E+02
0.753263E+01  0.335943E+02
0.759094E+01  0.339171E+02
0.764911E+01  0.342409E+02
0.770716E+01  0.345656E+02
0.776509E+01  0.348913E+02
0.782291E+01  0.352179E+02
0.788061E+01  0.355455E+02
0.793820E+01  0.358741E+02
0.799569E+01  0.362037E+02
