0.106573E+01  0.268654E+00
0.113202E+01  0.515863E+00
0.119580E+01  0.761694E+00
0.125605E+01  0.101899E+01
0.131296E+01  0.129621E+01
0.136713E+01  0.159969E+01
0.141921E+01  0.193487E+01
0.146973E+01  0.230693E+01
0.151911E+01  0.272104E+01
0.156768E+01  0.318249E+01
0.161566E+01  0.369672E+01
0.166322E+01  0.426935E+01
0.171051E+01  0.490617E+01
0.175759E+01  0.561320E+01
0.180454E+01  0.639664E+01
0.185140E+01  0.726295E+01
0.189820E+01  0.821885E+01
0.194497E+01  0.927131E+01
0.199172E+01  0.104276E+02
0.203846E+01  0.116952E+02
0.208521E+01  0.130821E+02
0.213197E+01  0.145963E+02
0.217873E+01  0.162464E+02
0.222552E+01  0.180412E+02
0.227232E+01  0.199898E+02
0.231913E+01  0.221016E+02
0.236597E+01  0.243866E+02
0.241283E+01  0.268548E+02
0.245971E+01  0.295168E+02
0.250661E+01  0.323836E+02
0.255352E+01  0.354662E+02
0.260046E+01  0.387763E+02
0.264741E+01  0.423259E+02
0.269438E+01  0.461274E+02
0.274137E+01  0.501935E+02
0.278837E+01  0.545373E+02
0.283539E+01  0.591723E+02
0.288243E+01  0.641125E+02
0.292948E+01  0.693720E+02
0.297654E+01  0.749657E+02
0.302362E+01  0.809085E+02
0.307071E+01  0.872161E+02
0.311781E+01  0.939043E+02
0.316492E+01  0.100989E+03
0.321205E+01  0.108488E+03
0.325918E+01  0.116418E+03
0.330633E+01  0.124796E+03
0.335348E+01  0.133641E+03
0.340064E+01  0.142971E+03
0.344782E+01  0.152804E+03
0.349500E+01  0.163161E+03
0.354219E+01  0.174061E+03
0.358938E+01  0.185524E+03
0.363659E+01  0.197570E+03
0.368380E+01  0.210222E+03
0.373102E+01  0.223501E+03
0.377824E+01  0.237428E+03
0.382547E+01  0.252027E+03
0.387271E+01  0.267320E+03
0.391995E+01  0.283330E+03
0.396720E+01  0.300083E+03
0.401446E+01  0.317601E+03
0.406172E+01  0.335910E+03
0.410898E+01  0.355036E+03
0.415625E+01  0.375004E+03
0.420353E+01  0.395841E+03
0.425081E+01  0.417574E+03
0.429809E+01  0.440229E+03
0.434538E+01  0.463836E+03
0.439267E+01  0.488421E+03
0.443997E+01  0.514015E+03
0.448727E+01  0.540646E+03
0.453458E+01  0.568345E+03
0.458189E+01  0.597142E+03
0.462920E+01  0.627067E+03
0.467652E+01  0.658153E+03
0.472384E+01  0.690432E+03
0.477117E+01  0.723935E+03
0.481849E+01  0.758697E+03
0.486583E+01  0.794751E+03
0.491316E+01  0.832130E+03
0.496050E+01  0.870870E+03
0.500784E+01  0.911005E+03
0.505519E+01  0.952573E+03
0.510254E+01  0.995608E+03
0.514989E+01  0.104015E+04
0.519724E+01  0.108623E+04
0.524460E+01  0.113389E+04
0.529196E+01  0.118318E+04
0.533933E+01  0.123412E+04
0.538669E+01  0.128676E+04
0.543406E+01  0.134113E+04
0.548143E+01  0.139729E+04
0.552881E+01  0.145526E+04
0.557619E+01  0.151510E+04
0.562357E+01  0.157685E+04
0.567095E+01  0.164054E+04
0.571833E+01  0.170622E+04
0.576572E+01  0.177394E+04
0.581311E+01  0.184375E+04
