0.106436E+01  0.144038E+01
0.112715E+01  0.289077E+01
0.118672E+01  0.443667E+01
0.124290E+01  0.614026E+01
0.129616E+01  0.805283E+01
0.134711E+01  0.102231E+02
0.139631E+01  0.127018E+02
0.144422E+01  0.155435E+02
0.149119E+01  0.188078E+02
0.153747E+01  0.225604E+02
0.158327E+01  0.268730E+02
0.162871E+01  0.318244E+02
0.167389E+01  0.375012E+02
0.171890E+01  0.439981E+02
0.176378E+01  0.514193E+02
0.180857E+01  0.598786E+02
0.185330E+01  0.695009E+02
0.189799E+01  0.804224E+02
0.194267E+01  0.927917E+02
0.198733E+01  0.106771E+03
0.203200E+01  0.122536E+03
0.207668E+01  0.140277E+03
0.212138E+01  0.160203E+03
0.216609E+01  0.182536E+03
0.221082E+01  0.207520E+03
0.225557E+01  0.235414E+03
0.230035E+01  0.266500E+03
0.234515E+01  0.301081E+03
0.238998E+01  0.339481E+03
0.243483E+01  0.382050E+03
0.247970E+01  0.429160E+03
0.252460E+01  0.481211E+03
0.256952E+01  0.538630E+03
0.261447E+01  0.601874E+03
0.265944E+01  0.671429E+03
0.270443E+01  0.747812E+03
0.274943E+01  0.831576E+03
0.279446E+01  0.923306E+03
0.283951E+01  0.102362E+04
0.288458E+01  0.113319E+04
0.292966E+01  0.125271E+04
0.297476E+01  0.138291E+04
0.301988E+01  0.152459E+04
0.306501E+01  0.167856E+04
0.311016E+01  0.184572E+04
0.315532E+01  0.202698E+04
0.320049E+01  0.222331E+04
0.324568E+01  0.243574E+04
0.329087E+01  0.266537E+04
0.333608E+01  0.291331E+04
0.338130E+01  0.318078E+04
0.342654E+01  0.346903E+04
0.347178E+01  0.377938E+04
0.351703E+01  0.411322E+04
0.356229E+01  0.447201E+04
0.360757E+01  0.485729E+04
0.365285E+01  0.527064E+04
0.369814E+01  0.571376E+04
0.374344E+01  0.618840E+04
0.378875E+01  0.669639E+04
0.383407E+01  0.723965E+04
0.387940E+01  0.782020E+04
0.392474E+01  0.844013E+04
0.397008E+01  0.910162E+04
0.401544E+01  0.980696E+04
0.406080E+01  0.105585E+05
0.410617E+01  0.113588E+05
0.415155E+01  0.122104E+05
0.419694E+01  0.131160E+05
0.424233E+01  0.140784E+05
0.428773E+01  0.151005E+05
0.433314E+01  0.161853E+05
0.437855E+01  0.173361E+05
0.442397E+01  0.185560E+05
0.446940E+01  0.198485E+05
0.451483E+01  0.212172E+05
0.456027E+01  0.226656E+05
0.460572E+01  0.241977E+05
0.465117E+01  0.258173E+05
0.469663E+01  0.275286E+05
0.474209E+01  0.293358E+05
0.478756E+01  0.312433E+05
0.483304E+01  0.332557E+05
0.487852E+01  0.353776E+05
0.492400E+01  0.376141E+05
0.496949E+01  0.399701E+05
0.501499E+01  0.424508E+05
0.506049E+01  0.450618E+05
0.510599E+01  0.478085E+05
0.515150E+01  0.506968E+05
0.519702E+01  0.537326E+05
0.524254E+01  0.569221E+05
0.528806E+01  0.602717E+05
0.533359E+01  0.637879E+05
0.537913E+01  0.674776E+05
0.542466E+01  0.713477E+05
0.547020E+01  0.754056E+05
0.551575E+01  0.796585E+05
0.556130E+01  0.841143E+05
0.560685E+01  0.887807E+05
