0.106609E+01  0.196496E+01
0.113474E+01  0.370010E+01
0.120411E+01  0.530190E+01
0.127309E+01  0.682999E+01
0.134111E+01  0.832151E+01
0.140793E+01  0.980036E+01
0.147351E+01  0.112826E+02
0.153786E+01  0.127795E+02
0.160108E+01  0.142992E+02
0.166325E+01  0.158481E+02
0.172445E+01  0.174310E+02
0.178479E+01  0.190523E+02
0.184434E+01  0.207151E+02
0.190317E+01  0.224224E+02
0.196136E+01  0.241770E+02
0.201897E+01  0.259809E+02
0.207605E+01  0.278365E+02
0.213266E+01  0.297457E+02
0.218882E+01  0.317103E+02
0.224460E+01  0.337321E+02
0.230001E+01  0.358127E+02
0.235510E+01  0.379537E+02
0.240988E+01  0.401566E+02
0.246439E+01  0.424229E+02
0.251865E+01  0.447541E+02
0.257268E+01  0.471516E+02
0.262650E+01  0.496167E+02
0.268012E+01  0.521509E+02
0.273356E+01  0.547554E+02
0.278683E+01  0.574315E+02
0.283995E+01  0.601806E+02
0.289293E+01  0.630040E+02
0.294578E+01  0.659030E+02
0.299850E+01  0.688787E+02
0.305111E+01  0.719325E+02
0.310362E+01  0.750657E+02
0.315602E+01  0.782794E+02
0.320834E+01  0.815750E+02
0.326056E+01  0.849536E+02
0.331271E+01  0.884165E+02
0.336478E+01  0.919649E+02
0.341678E+01  0.956001E+02
0.346872E+01  0.993232E+02
0.352059E+01  0.103136E+03
0.357241E+01  0.107038E+03
0.362417E+01  0.111033E+03
0.367588E+01  0.115120E+03
0.372754E+01  0.119301E+03
0.377915E+01  0.123577E+03
0.383072E+01  0.127950E+03
0.388225E+01  0.132420E+03
0.393374E+01  0.136990E+03
0.398519E+01  0.141659E+03
0.403661E+01  0.146430E+03
0.408799E+01  0.151302E+03
0.413934E+01  0.156279E+03
0.419066E+01  0.161360E+03
0.424196E+01  0.166548E+03
0.429322E+01  0.171843E+03
0.434446E+01  0.177246E+03
0.439567E+01  0.182758E+03
0.444685E+01  0.188381E+03
0.449801E+01  0.194117E+03
0.454915E+01  0.199965E+03
0.460027E+01  0.205928E+03
0.465137E+01  0.212006E+03
0.470244E+01  0.218201E+03
0.475350E+01  0.224514E+03
0.480453E+01  0.230946E+03
0.485555E+01  0.237498E+03
0.490655E+01  0.244171E+03
0.495754E+01  0.250968E+03
0.500850E+01  0.257888E+03
0.505945E+01  0.264933E+03
0.511039E+01  0.272104E+03
0.516131E+01  0.279403E+03
0.521222E+01  0.286831E+03
0.526311E+01  0.294388E+03
0.531399E+01  0.302076E+03
0.536485E+01  0.309897E+03
0.541570E+01  0.317851E+03
0.546655E+01  0.325940E+03
0.551738E+01  0.334165E+03
0.556819E+01  0.342527E+03
0.561900E+01  0.351028E+03
0.566980E+01  0.359668E+03
0.572058E+01  0.368448E+03
0.577136E+01  0.377371E+03
0.582213E+01  0.386437E+03
0.587288E+01  0.395647E+03
0.592363E+01  0.405003E+03
0.597437E+01  0.414506E+03
0.602510E+01  0.424156E+03
0.607582E+01  0.433956E+03
0.612653E+01  0.443906E+03
0.617723E+01  0.454008E+03
0.622793E+01  0.464262E+03
0.627861E+01  0.474671E+03
0.632929E+01  0.485234E+03
0.637996E+01  0.495954E+03
