0.106477E+01  0.110644E+01
0.112954E+01  0.217412E+01
0.119260E+01  0.324723E+01
0.125294E+01  0.436127E+01
0.131029E+01  0.554422E+01
0.136477E+01  0.681886E+01
0.141674E+01  0.820507E+01
0.146658E+01  0.972149E+01
0.151468E+01  0.113866E+02
0.156137E+01  0.132192E+02
0.160694E+01  0.152391E+02
0.165160E+01  0.174671E+02
0.169557E+01  0.199247E+02
0.173896E+01  0.226348E+02
0.178192E+01  0.256213E+02
0.182452E+01  0.289093E+02
0.186684E+01  0.325254E+02
0.190893E+01  0.364973E+02
0.195085E+01  0.408546E+02
0.199261E+01  0.456283E+02
0.203426E+01  0.508513E+02
0.207581E+01  0.565587E+02
0.211729E+01  0.627873E+02
0.215870E+01  0.695762E+02
0.220005E+01  0.769665E+02
0.224136E+01  0.850018E+02
0.228263E+01  0.937279E+02
0.232387E+01  0.103193E+03
0.236509E+01  0.113448E+03
0.240630E+01  0.124546E+03
0.244750E+01  0.136543E+03
0.248872E+01  0.149498E+03
0.252994E+01  0.163472E+03
0.257119E+01  0.178529E+03
0.261248E+01  0.194736E+03
0.265380E+01  0.212162E+03
0.269517E+01  0.230882E+03
0.273658E+01  0.250971E+03
0.277805E+01  0.272507E+03
0.281957E+01  0.295574E+03
0.000000E+00  0.000000E+00
0.000000E+00  0.000000E+00
0.000000E+00  0.000000E+00
0.000000E+00  0.000000E+00
0.000000E+00  0.000000E+00
0.000000E+00  0.000000E+00
0.000000E+00  0.000000E+00
0.000000E+00  0.000000E+00
0.000000E+00  0.000000E+00
0.000000E+00  0.000000E+00
0.000000E+00  0.000000E+00
0.000000E+00  0.000000E+00
0.000000E+00  0.000000E+00
0.000000E+00  0.000000E+00
0.000000E+00  0.000000E+00
0.000000E+00  0.000000E+00
0.000000E+00  0.000000E+00
0.000000E+00  0.000000E+00
0.000000E+00  0.000000E+00
0.000000E+00  0.000000E+00
0.000000E+00  0.000000E+00
0.000000E+00  0.000000E+00
0.000000E+00  0.000000E+00
0.000000E+00  0.000000E+00
0.000000E+00  0.000000E+00
0.000000E+00  0.000000E+00
0.000000E+00  0.000000E+00
0.000000E+00  0.000000E+00
0.000000E+00  0.000000E+00
0.000000E+00  0.000000E+00
0.000000E+00  0.000000E+00
0.000000E+00  0.000000E+00
0.000000E+00  0.000000E+00
0.000000E+00  0.000000E+00
0.000000E+00  0.000000E+00
0.000000E+00  0.000000E+00
0.000000E+00  0.000000E+00
0.000000E+00  0.000000E+00
0.000000E+00  0.000000E+00
0.000000E+00  0.000000E+00
0.000000E+00  0.000000E+00
0.000000E+00  0.000000E+00
0.000000E+00  0.000000E+00
0.000000E+00  0.000000E+00
0.000000E+00  0.000000E+00
0.000000E+00  0.000000E+00
0.000000E+00  0.000000E+00
0.000000E+00  0.000000E+00
0.000000E+00  0.000000E+00
0.000000E+00  0.000000E+00
0.000000E+00  0.000000E+00
0.000000E+00  0.000000E+00
0.000000E+00  0.000000E+00
0.000000E+00  0.000000E+00
0.000000E+00  0.000000E+00
0.000000E+00  0.000000E+00
0.000000E+00  0.000000E+00
0.000000E+00  0.000000E+00
0.000000E+00  0.000000E+00
0.000000E+00  0.000000E+00
