0.106539E+01  0.665445E+00
0.113331E+01  0.126990E+01
0.120364E+01  0.182142E+01
0.127629E+01  0.232665E+01
0.135116E+01  0.279112E+01
0.142818E+01  0.321951E+01
0.150728E+01  0.361582E+01
0.158839E+01  0.398352E+01
0.167144E+01  0.432562E+01
0.175635E+01  0.464475E+01
0.184304E+01  0.494322E+01
0.193143E+01  0.522309E+01
0.202145E+01  0.548615E+01
0.211299E+01  0.573401E+01
0.220599E+01  0.596810E+01
0.230034E+01  0.618969E+01
0.239597E+01  0.639990E+01
0.249277E+01  0.659976E+01
0.259068E+01  0.679017E+01
0.268959E+01  0.697195E+01
0.278944E+01  0.714581E+01
0.289014E+01  0.731244E+01
0.299162E+01  0.747240E+01
0.309381E+01  0.762623E+01
0.319664E+01  0.777441E+01
0.330006E+01  0.791739E+01
0.340399E+01  0.805554E+01
0.350839E+01  0.818922E+01
0.361320E+01  0.831875E+01
0.371839E+01  0.844443E+01
0.382389E+01  0.856651E+01
0.392968E+01  0.868524E+01
0.403571E+01  0.880084E+01
0.414194E+01  0.891350E+01
0.424834E+01  0.902341E+01
0.435487E+01  0.913071E+01
0.446148E+01  0.923556E+01
0.456775E+01  0.933803E+01
0.467558E+01  0.943819E+01
0.478235E+01  0.953582E+01
0.000000E+00  0.000000E+00
0.000000E+00  0.000000E+00
0.000000E+00  0.000000E+00
0.000000E+00  0.000000E+00
0.000000E+00  0.000000E+00
0.000000E+00  0.000000E+00
0.000000E+00  0.000000E+00
0.000000E+00  0.000000E+00
0.000000E+00  0.000000E+00
0.000000E+00  0.000000E+00
0.000000E+00  0.000000E+00
0.000000E+00  0.000000E+00
0.000000E+00  0.000000E+00
0.000000E+00  0.000000E+00
0.000000E+00  0.000000E+00
0.000000E+00  0.000000E+00
0.000000E+00  0.000000E+00
0.000000E+00  0.000000E+00
0.000000E+00  0.000000E+00
0.000000E+00  0.000000E+00
0.000000E+00  0.000000E+00
0.000000E+00  0.000000E+00
0.000000E+00  0.000000E+00
0.000000E+00  0.000000E+00
0.000000E+00  0.000000E+00
0.000000E+00  0.000000E+00
0.000000E+00  0.000000E+00
0.000000E+00  0.000000E+00
0.000000E+00  0.000000E+00
0.000000E+00  0.000000E+00
0.000000E+00  0.000000E+00
0.000000E+00  0.000000E+00
0.000000E+00  0.000000E+00
0.000000E+00  0.000000E+00
0.000000E+00  0.000000E+00
0.000000E+00  0.000000E+00
0.000000E+00  0.000000E+00
0.000000E+00  0.000000E+00
0.000000E+00  0.000000E+00
0.000000E+00  0.000000E+00
0.000000E+00  0.000000E+00
0.000000E+00  0.000000E+00
0.000000E+00  0.000000E+00
0.000000E+00  0.000000E+00
0.000000E+00  0.000000E+00
0.000000E+00  0.000000E+00
0.000000E+00  0.000000E+00
0.000000E+00  0.000000E+00
0.000000E+00  0.000000E+00
0.000000E+00  0.000000E+00
0.000000E+00  0.000000E+00
0.000000E+00  0.000000E+00
0.000000E+00  0.000000E+00
0.000000E+00  0.000000E+00
0.000000E+00  0.000000E+00
0.000000E+00  0.000000E+00
0.000000E+00  0.000000E+00
0.000000E+00  0.000000E+00
0.000000E+00  0.000000E+00
0.000000E+00  0.000000E+00
