0.106768E+01  0.404808E+00
0.113528E+01  0.749623E+00
0.119668E+01  0.110073E+01
0.125238E+01  0.148909E+01
0.130425E+01  0.193330E+01
0.135373E+01  0.244951E+01
0.140177E+01  0.305418E+01
0.144892E+01  0.376492E+01
0.149550E+01  0.460085E+01
0.154170E+01  0.558303E+01
0.158762E+01  0.673492E+01
0.163332E+01  0.808272E+01
0.167885E+01  0.965618E+01
0.172422E+01  0.114887E+02
0.176946E+01  0.136181E+02
0.181460E+01  0.160871E+02
0.185966E+01  0.189434E+02
0.190463E+01  0.222411E+02
0.194955E+01  0.260404E+02
0.199443E+01  0.304089E+02
0.203927E+01  0.354217E+02
0.208408E+01  0.411627E+02
0.212887E+01  0.477248E+02
0.217366E+01  0.552113E+02
0.221844E+01  0.637360E+02
0.226321E+01  0.734249E+02
0.230799E+01  0.844167E+02
0.235278E+01  0.968639E+02
0.239758E+01  0.110934E+03
0.244239E+01  0.126811E+03
0.248721E+01  0.144694E+03
0.253204E+01  0.164804E+03
0.257689E+01  0.187380E+03
0.262175E+01  0.212683E+03
0.266662E+01  0.240995E+03
0.271152E+01  0.272624E+03
0.275642E+01  0.307905E+03
0.280135E+01  0.347199E+03
0.284628E+01  0.390896E+03
0.289124E+01  0.439419E+03
0.293620E+01  0.493225E+03
0.298118E+01  0.552803E+03
0.302617E+01  0.618685E+03
0.307118E+01  0.691438E+03
0.311620E+01  0.771673E+03
0.316123E+01  0.860048E+03
0.320627E+01  0.957264E+03
0.325132E+01  0.106407E+04
0.329639E+01  0.118129E+04
0.334146E+01  0.130976E+04
0.338655E+01  0.145042E+04
0.343164E+01  0.160424E+04
0.347674E+01  0.177228E+04
0.352185E+01  0.195564E+04
0.356697E+01  0.215552E+04
0.361210E+01  0.237318E+04
0.365723E+01  0.260996E+04
0.370238E+01  0.286729E+04
0.374753E+01  0.314668E+04
0.379268E+01  0.344973E+04
0.383785E+01  0.377814E+04
0.388301E+01  0.413373E+04
0.392819E+01  0.451838E+04
0.397337E+01  0.493412E+04
0.401856E+01  0.538308E+04
0.406375E+01  0.586750E+04
0.410894E+01  0.638977E+04
0.415414E+01  0.695238E+04
0.419935E+01  0.755798E+04
0.424456E+01  0.820935E+04
0.428977E+01  0.890942E+04
0.433499E+01  0.966129E+04
0.438021E+01  0.104682E+05
0.442544E+01  0.113335E+05
0.447067E+01  0.122609E+05
0.451590E+01  0.132540E+05
0.456113E+01  0.143169E+05
0.460637E+01  0.154537E+05
0.465161E+01  0.166688E+05
0.469685E+01  0.179666E+05
0.474209E+01  0.193521E+05
0.478734E+01  0.208301E+05
0.483259E+01  0.224061E+05
0.487785E+01  0.240853E+05
0.492310E+01  0.258737E+05
0.496836E+01  0.277772E+05
0.501362E+01  0.298020E+05
0.505889E+01  0.319548E+05
0.510415E+01  0.342424E+05
0.514942E+01  0.366719E+05
0.519469E+01  0.392508E+05
0.523997E+01  0.419869E+05
0.528524E+01  0.448883E+05
0.533052E+01  0.479634E+05
0.537580E+01  0.512212E+05
0.542108E+01  0.546707E+05
0.546637E+01  0.583215E+05
0.551166E+01  0.621837E+05
0.555695E+01  0.662674E+05
0.560224E+01  0.705836E+05
