0.106193E+01  0.287998E+00
0.112004E+01  0.615433E+00
0.117517E+01  0.976192E+00
0.122944E+01  0.138130E+01
0.128500E+01  0.184930E+01
0.134221E+01  0.237637E+01
0.140028E+01  0.295340E+01
0.145813E+01  0.357632E+01
0.151523E+01  0.424452E+01
0.157170E+01  0.495830E+01
0.162780E+01  0.571800E+01
0.168364E+01  0.652412E+01
0.173930E+01  0.737726E+01
0.179477E+01  0.827818E+01
0.185005E+01  0.922769E+01
0.190513E+01  0.102267E+02
0.196003E+01  0.112760E+02
0.201474E+01  0.123766E+02
0.206927E+01  0.135294E+02
0.212362E+01  0.147354E+02
0.217781E+01  0.159956E+02
0.223185E+01  0.173110E+02
0.228574E+01  0.186826E+02
0.233950E+01  0.201114E+02
0.239313E+01  0.215984E+02
0.244665E+01  0.231446E+02
0.250005E+01  0.247511E+02
0.255335E+01  0.264187E+02
0.260656E+01  0.281487E+02
0.265967E+01  0.299419E+02
0.271271E+01  0.317993E+02
0.276567E+01  0.337220E+02
0.281855E+01  0.357110E+02
0.287137E+01  0.377672E+02
0.292413E+01  0.398917E+02
0.297683E+01  0.420854E+02
0.302947E+01  0.443494E+02
0.308207E+01  0.466846E+02
0.313461E+01  0.490920E+02
0.318711E+01  0.515725E+02
0.323956E+01  0.541272E+02
0.329198E+01  0.567571E+02
0.334435E+01  0.594630E+02
0.339669E+01  0.622459E+02
0.344899E+01  0.651069E+02
0.350126E+01  0.680469E+02
0.355350E+01  0.710667E+02
0.360571E+01  0.741675E+02
0.365789E+01  0.773501E+02
0.371004E+01  0.806154E+02
0.376216E+01  0.839645E+02
0.381426E+01  0.873982E+02
0.386633E+01  0.909175E+02
0.391838E+01  0.945233E+02
0.397041E+01  0.982166E+02
0.402241E+01  0.101998E+03
0.407439E+01  0.105869E+03
0.412635E+01  0.109831E+03
0.417829E+01  0.113883E+03
0.423020E+01  0.118027E+03
0.428210E+01  0.122265E+03
0.433398E+01  0.126596E+03
0.438584E+01  0.131023E+03
0.443769E+01  0.135545E+03
0.448951E+01  0.140163E+03
0.454132E+01  0.144880E+03
0.459311E+01  0.149694E+03
0.464488E+01  0.154608E+03
0.469664E+01  0.159623E+03
0.474838E+01  0.164739E+03
0.480010E+01  0.169956E+03
0.485181E+01  0.175277E+03
0.490351E+01  0.180702E+03
0.495515E+01  0.186227E+03
0.500657E+01  0.191836E+03
0.505798E+01  0.197551E+03
0.510937E+01  0.203372E+03
0.516075E+01  0.209301E+03
0.521212E+01  0.215338E+03
0.526347E+01  0.221484E+03
0.531482E+01  0.227741E+03
0.536615E+01  0.234109E+03
0.541747E+01  0.240588E+03
0.546878E+01  0.247181E+03
0.552008E+01  0.253888E+03
0.557137E+01  0.260709E+03
0.562265E+01  0.267646E+03
0.567392E+01  0.274699E+03
0.572518E+01  0.281870E+03
0.577644E+01  0.289159E+03
0.582768E+01  0.296568E+03
0.587891E+01  0.304096E+03
0.593013E+01  0.311746E+03
0.598135E+01  0.319517E+03
0.603255E+01  0.327411E+03
0.608375E+01  0.335429E+03
0.613494E+01  0.343571E+03
0.618612E+01  0.351839E+03
0.623730E+01  0.360234E+03
0.628846E+01  0.368755E+03
