0.106613E+01  0.100929E+01
0.113150E+01  0.193938E+01
0.119226E+01  0.290729E+01
0.124848E+01  0.397785E+01
0.130132E+01  0.519476E+01
0.135189E+01  0.659588E+01
0.140097E+01  0.821871E+01
0.144911E+01  0.101023E+02
0.149665E+01  0.122877E+02
0.154381E+01  0.148186E+02
0.159073E+01  0.177417E+02
0.163751E+01  0.211066E+02
0.168420E+01  0.249670E+02
0.173083E+01  0.293802E+02
0.177742E+01  0.344080E+02
0.182401E+01  0.401168E+02
0.187058E+01  0.465777E+02
0.191715E+01  0.538672E+02
0.196373E+01  0.620670E+02
0.201032E+01  0.712646E+02
0.205691E+01  0.815531E+02
0.210351E+01  0.930321E+02
0.215013E+01  0.105807E+03
0.219675E+01  0.119992E+03
0.224338E+01  0.135704E+03
0.229002E+01  0.153072E+03
0.233667E+01  0.172229E+03
0.238333E+01  0.193317E+03
0.242999E+01  0.216486E+03
0.247666E+01  0.241894E+03
0.252334E+01  0.269709E+03
0.257003E+01  0.300105E+03
0.261672E+01  0.333268E+03
0.266341E+01  0.369392E+03
0.271011E+01  0.408682E+03
0.275682E+01  0.451350E+03
0.280352E+01  0.497623E+03
0.285023E+01  0.547734E+03
0.289695E+01  0.601931E+03
0.294366E+01  0.660471E+03
0.299038E+01  0.723623E+03
0.303710E+01  0.791667E+03
0.308382E+01  0.864899E+03
0.313054E+01  0.943623E+03
0.317727E+01  0.102816E+04
0.322399E+01  0.111884E+04
0.327071E+01  0.121601E+04
0.331744E+01  0.132003E+04
0.336416E+01  0.143128E+04
0.341089E+01  0.155014E+04
0.345762E+01  0.167702E+04
0.350434E+01  0.181234E+04
0.355107E+01  0.195653E+04
0.359779E+01  0.211005E+04
0.364452E+01  0.227336E+04
0.369124E+01  0.244695E+04
0.373797E+01  0.263133E+04
0.378469E+01  0.282701E+04
0.383141E+01  0.303453E+04
0.387814E+01  0.325445E+04
0.392486E+01  0.348735E+04
0.397158E+01  0.373382E+04
0.401830E+01  0.399448E+04
0.406502E+01  0.426996E+04
0.411174E+01  0.456091E+04
0.415846E+01  0.486803E+04
0.420518E+01  0.519199E+04
0.425190E+01  0.553353E+04
0.429861E+01  0.589339E+04
0.434533E+01  0.627233E+04
0.439205E+01  0.667114E+04
0.443876E+01  0.709063E+04
0.448547E+01  0.753164E+04
0.453219E+01  0.799503E+04
0.457890E+01  0.848168E+04
0.462561E+01  0.899250E+04
0.467232E+01  0.952844E+04
0.471903E+01  0.100904E+05
0.476574E+01  0.106795E+05
0.481245E+01  0.112967E+05
0.485916E+01  0.119429E+05
0.490586E+01  0.126194E+05
0.495257E+01  0.133272E+05
0.499927E+01  0.140674E+05
0.504598E+01  0.148411E+05
0.509268E+01  0.156497E+05
0.513938E+01  0.164943E+05
0.518609E+01  0.173760E+05
0.523279E+01  0.182964E+05
0.527949E+01  0.192566E+05
0.532619E+01  0.202579E+05
0.537289E+01  0.213019E+05
0.541959E+01  0.223898E+05
0.546628E+01  0.235232E+05
0.551298E+01  0.247035E+05
0.555968E+01  0.259322E+05
0.560637E+01  0.272110E+05
0.565307E+01  0.285413E+05
0.569976E+01  0.299248E+05
0.574646E+01  0.313632E+05
