0.106634E+01  0.100151E+01
0.113503E+01  0.187717E+01
0.120207E+01  0.270343E+01
0.126448E+01  0.354181E+01
0.132147E+01  0.443726E+01
0.137363E+01  0.542362E+01
0.142200E+01  0.653059E+01
0.146761E+01  0.778878E+01
0.151132E+01  0.923287E+01
0.155379E+01  0.109031E+02
0.159553E+01  0.128461E+02
0.163690E+01  0.151150E+02
0.167813E+01  0.177686E+02
0.171937E+01  0.208724E+02
0.176069E+01  0.244979E+02
0.180212E+01  0.287234E+02
0.184368E+01  0.336347E+02
0.188537E+01  0.393258E+02
0.192716E+01  0.459000E+02
0.196906E+01  0.534703E+02
0.201105E+01  0.621609E+02
0.205311E+01  0.721076E+02
0.209525E+01  0.834593E+02
0.213744E+01  0.963784E+02
0.217968E+01  0.111042E+03
0.222198E+01  0.127643E+03
0.226431E+01  0.146390E+03
0.230667E+01  0.167513E+03
0.234906E+01  0.191256E+03
0.239148E+01  0.217887E+03
0.243392E+01  0.247694E+03
0.247637E+01  0.280988E+03
0.251884E+01  0.318104E+03
0.256132E+01  0.359403E+03
0.260380E+01  0.405273E+03
0.264629E+01  0.456129E+03
0.268878E+01  0.512417E+03
0.273127E+01  0.574614E+03
0.277376E+01  0.643232E+03
0.281625E+01  0.718813E+03
0.285873E+01  0.801938E+03
0.290120E+01  0.893227E+03
0.294366E+01  0.993333E+03
0.298611E+01  0.110296E+04
0.302855E+01  0.122284E+04
0.307098E+01  0.135378E+04
0.311340E+01  0.149663E+04
0.315581E+01  0.165227E+04
0.319822E+01  0.182166E+04
0.324061E+01  0.200579E+04
0.000000E+00  0.000000E+00
0.000000E+00  0.000000E+00
0.000000E+00  0.000000E+00
0.000000E+00  0.000000E+00
0.000000E+00  0.000000E+00
0.000000E+00  0.000000E+00
0.000000E+00  0.000000E+00
0.000000E+00  0.000000E+00
0.000000E+00  0.000000E+00
0.000000E+00  0.000000E+00
0.000000E+00  0.000000E+00
0.000000E+00  0.000000E+00
0.000000E+00  0.000000E+00
0.000000E+00  0.000000E+00
0.000000E+00  0.000000E+00
0.000000E+00  0.000000E+00
0.000000E+00  0.000000E+00
0.000000E+00  0.000000E+00
0.000000E+00  0.000000E+00
0.000000E+00  0.000000E+00
0.000000E+00  0.000000E+00
0.000000E+00  0.000000E+00
0.000000E+00  0.000000E+00
0.000000E+00  0.000000E+00
0.000000E+00  0.000000E+00
0.000000E+00  0.000000E+00
0.000000E+00  0.000000E+00
0.000000E+00  0.000000E+00
0.000000E+00  0.000000E+00
0.000000E+00  0.000000E+00
0.000000E+00  0.000000E+00
0.000000E+00  0.000000E+00
0.000000E+00  0.000000E+00
0.000000E+00  0.000000E+00
0.000000E+00  0.000000E+00
0.000000E+00  0.000000E+00
0.000000E+00  0.000000E+00
0.000000E+00  0.000000E+00
0.000000E+00  0.000000E+00
0.000000E+00  0.000000E+00
0.000000E+00  0.000000E+00
0.000000E+00  0.000000E+00
0.000000E+00  0.000000E+00
0.000000E+00  0.000000E+00
0.000000E+00  0.000000E+00
0.000000E+00  0.000000E+00
0.000000E+00  0.000000E+00
0.000000E+00  0.000000E+00
0.000000E+00  0.000000E+00
0.000000E+00  0.000000E+00
