0.106750E+01  0.493531E+00
0.113691E+01  0.906878E+00
0.120251E+01  0.130359E+01
0.126292E+01  0.171704E+01
0.131892E+01  0.216577E+01
0.137162E+01  0.266304E+01
0.142195E+01  0.322077E+01
0.147061E+01  0.385107E+01
0.151813E+01  0.456685E+01
0.156485E+01  0.538204E+01
0.161101E+01  0.631176E+01
0.165679E+01  0.737254E+01
0.170230E+01  0.858244E+01
0.174762E+01  0.996129E+01
0.179281E+01  0.115309E+02
0.183791E+01  0.133153E+02
0.188294E+01  0.153408E+02
0.192792E+01  0.176365E+02
0.197288E+01  0.202343E+02
0.201782E+01  0.231691E+02
0.206276E+01  0.264794E+02
0.210770E+01  0.302069E+02
0.215265E+01  0.343975E+02
0.219761E+01  0.391011E+02
0.224259E+01  0.443718E+02
0.228759E+01  0.502688E+02
0.233260E+01  0.568559E+02
0.237764E+01  0.642025E+02
0.242270E+01  0.723837E+02
0.246778E+01  0.814804E+02
0.251288E+01  0.915801E+02
0.255801E+01  0.102777E+03
0.260316E+01  0.115172E+03
0.264833E+01  0.128875E+03
0.269352E+01  0.144002E+03
0.273873E+01  0.160679E+03
0.278397E+01  0.179041E+03
0.282922E+01  0.199229E+03
0.287449E+01  0.221399E+03
0.291978E+01  0.245714E+03
0.296509E+01  0.272349E+03
0.301041E+01  0.301491E+03
0.305575E+01  0.333336E+03
0.310111E+01  0.368097E+03
0.314648E+01  0.405997E+03
0.319186E+01  0.447275E+03
0.323726E+01  0.492181E+03
0.328267E+01  0.540985E+03
0.332809E+01  0.593969E+03
0.337353E+01  0.651433E+03
0.341897E+01  0.713694E+03
0.346443E+01  0.781086E+03
0.350990E+01  0.853964E+03
0.355537E+01  0.932700E+03
0.360086E+01  0.101769E+04
0.364636E+01  0.110934E+04
0.369186E+01  0.120810E+04
0.373737E+01  0.131442E+04
0.378289E+01  0.142878E+04
0.382842E+01  0.155170E+04
0.387395E+01  0.168370E+04
0.391950E+01  0.182535E+04
0.396504E+01  0.197724E+04
0.401060E+01  0.213997E+04
0.405616E+01  0.231420E+04
0.410173E+01  0.250061E+04
0.414730E+01  0.269989E+04
0.419288E+01  0.291280E+04
0.423846E+01  0.314010E+04
0.428405E+01  0.338262E+04
0.432964E+01  0.364118E+04
0.437523E+01  0.391669E+04
0.442084E+01  0.421006E+04
0.446644E+01  0.452226E+04
0.451205E+01  0.485429E+04
0.455766E+01  0.520721E+04
0.460328E+01  0.558209E+04
0.464890E+01  0.598009E+04
0.469452E+01  0.640238E+04
0.474015E+01  0.685020E+04
0.478578E+01  0.732484E+04
0.483141E+01  0.782762E+04
0.487705E+01  0.835994E+04
0.492269E+01  0.892324E+04
0.496833E+01  0.951901E+04
0.501397E+01  0.101488E+05
0.505962E+01  0.108143E+05
0.510527E+01  0.115171E+05
0.515092E+01  0.122589E+05
0.519657E+01  0.130417E+05
0.524222E+01  0.138671E+05
0.528788E+01  0.147373E+05
0.533354E+01  0.156542E+05
0.537920E+01  0.166198E+05
0.542486E+01  0.176364E+05
0.547052E+01  0.187062E+05
0.551619E+01  0.198315E+05
0.556186E+01  0.210146E+05
0.560753E+01  0.222582E+05
0.565320E+01  0.235646E+05
