0.106492E+01  0.302157E+00
0.112954E+01  0.593496E+00
0.119181E+01  0.890538E+00
0.125100E+01  0.120503E+01
0.130715E+01  0.154583E+01
0.136067E+01  0.192039E+01
0.141205E+01  0.233575E+01
0.146173E+01  0.279898E+01
0.151009E+01  0.331757E+01
0.155745E+01  0.389953E+01
0.160406E+01  0.455348E+01
0.165011E+01  0.528879E+01
0.169574E+01  0.611548E+01
0.174108E+01  0.704443E+01
0.178620E+01  0.808734E+01
0.183117E+01  0.925678E+01
0.187604E+01  0.105663E+02
0.192085E+01  0.120304E+02
0.196562E+01  0.136648E+02
0.201037E+01  0.154862E+02
0.205512E+01  0.175125E+02
0.209989E+01  0.197629E+02
0.214467E+01  0.222579E+02
0.218948E+01  0.250194E+02
0.223432E+01  0.280706E+02
0.227920E+01  0.314363E+02
0.232411E+01  0.351428E+02
0.236906E+01  0.392182E+02
0.241404E+01  0.436920E+02
0.245906E+01  0.485956E+02
0.250411E+01  0.539622E+02
0.254921E+01  0.598270E+02
0.259433E+01  0.662270E+02
0.263949E+01  0.732013E+02
0.268468E+01  0.807911E+02
0.272990E+01  0.890398E+02
0.277515E+01  0.979929E+02
0.282043E+01  0.107699E+03
0.286573E+01  0.118207E+03
0.291106E+01  0.129571E+03
0.295642E+01  0.141847E+03
0.300180E+01  0.155091E+03
0.304720E+01  0.169365E+03
0.309262E+01  0.184733E+03
0.313806E+01  0.201261E+03
0.318352E+01  0.219019E+03
0.322900E+01  0.238079E+03
0.327450E+01  0.258516E+03
0.332001E+01  0.280410E+03
0.336554E+01  0.303844E+03
0.341108E+01  0.328902E+03
0.345664E+01  0.355674E+03
0.350221E+01  0.384254E+03
0.354780E+01  0.414737E+03
0.359339E+01  0.447225E+03
0.363900E+01  0.481822E+03
0.368462E+01  0.518635E+03
0.373026E+01  0.557779E+03
0.377590E+01  0.599369E+03
0.382155E+01  0.643528E+03
0.386722E+01  0.690380E+03
0.391289E+01  0.740056E+03
0.395858E+01  0.792692E+03
0.400427E+01  0.848427E+03
0.404997E+01  0.907406E+03
0.409569E+01  0.969779E+03
0.414141E+01  0.103570E+04
0.418714E+01  0.110533E+04
0.423288E+01  0.117883E+04
0.427862E+01  0.125638E+04
0.432438E+01  0.133815E+04
0.437014E+01  0.142432E+04
0.441591E+01  0.151509E+04
0.446169E+01  0.161064E+04
0.450748E+01  0.171117E+04
0.455327E+01  0.181690E+04
0.459907E+01  0.192803E+04
0.464487E+01  0.204479E+04
0.469068E+01  0.216739E+04
0.473650E+01  0.229608E+04
0.478233E+01  0.243108E+04
0.482816E+01  0.257265E+04
0.487400E+01  0.272104E+04
0.491984E+01  0.287651E+04
0.496569E+01  0.303933E+04
0.501154E+01  0.320977E+04
0.505740E+01  0.338812E+04
0.510327E+01  0.357466E+04
0.514914E+01  0.376970E+04
0.519501E+01  0.397354E+04
0.524089E+01  0.418650E+04
0.528678E+01  0.440890E+04
0.533266E+01  0.464107E+04
0.537856E+01  0.488336E+04
0.542446E+01  0.513611E+04
0.547036E+01  0.539968E+04
0.551627E+01  0.567443E+04
0.556218E+01  0.596075E+04
0.560810E+01  0.625902E+04
0.565402E+01  0.656964E+04
