0.106615E+01  0.986552E+00
0.113605E+01  0.184144E+01
0.120855E+01  0.259822E+01
0.128164E+01  0.328963E+01
0.135286E+01  0.394674E+01
0.142017E+01  0.459665E+01
0.148253E+01  0.526082E+01
0.153983E+01  0.595528E+01
0.159257E+01  0.669213E+01
0.164141E+01  0.748132E+01
0.168705E+01  0.833201E+01
0.173013E+01  0.925412E+01
0.177121E+01  0.102582E+02
0.181076E+01  0.113571E+02
0.184922E+01  0.125655E+02
0.188692E+01  0.139011E+02
0.192417E+01  0.153841E+02
0.196121E+01  0.170371E+02
0.199821E+01  0.188852E+02
0.203529E+01  0.209546E+02
0.207252E+01  0.232730E+02
0.210993E+01  0.258685E+02
0.214751E+01  0.287701E+02
0.218525E+01  0.320072E+02
0.222310E+01  0.356100E+02
0.226105E+01  0.396099E+02
0.229906E+01  0.440392E+02
0.233711E+01  0.489325E+02
0.237519E+01  0.543261E+02
0.241329E+01  0.602596E+02
0.245141E+01  0.667758E+02
0.248958E+01  0.739218E+02
0.252779E+01  0.817491E+02
0.256607E+01  0.903144E+02
0.260443E+01  0.996798E+02
0.264288E+01  0.109913E+03
0.268144E+01  0.121090E+03
0.272010E+01  0.133289E+03
0.275887E+01  0.146597E+03
0.279774E+01  0.161103E+03
0.283668E+01  0.176904E+03
0.287572E+01  0.194112E+03
0.291481E+01  0.212834E+03
0.295395E+01  0.233190E+03
0.299314E+01  0.255302E+03
0.303238E+01  0.279300E+03
0.307167E+01  0.305321E+03
0.311102E+01  0.333517E+03
0.315045E+01  0.364049E+03
0.318999E+01  0.397086E+03
0.000000E+00  0.000000E+00
0.000000E+00  0.000000E+00
0.000000E+00  0.000000E+00
0.000000E+00  0.000000E+00
0.000000E+00  0.000000E+00
0.000000E+00  0.000000E+00
0.000000E+00  0.000000E+00
0.000000E+00  0.000000E+00
0.000000E+00  0.000000E+00
0.000000E+00  0.000000E+00
0.000000E+00  0.000000E+00
0.000000E+00  0.000000E+00
0.000000E+00  0.000000E+00
0.000000E+00  0.000000E+00
0.000000E+00  0.000000E+00
0.000000E+00  0.000000E+00
0.000000E+00  0.000000E+00
0.000000E+00  0.000000E+00
0.000000E+00  0.000000E+00
0.000000E+00  0.000000E+00
0.000000E+00  0.000000E+00
0.000000E+00  0.000000E+00
0.000000E+00  0.000000E+00
0.000000E+00  0.000000E+00
0.000000E+00  0.000000E+00
0.000000E+00  0.000000E+00
0.000000E+00  0.000000E+00
0.000000E+00  0.000000E+00
0.000000E+00  0.000000E+00
0.000000E+00  0.000000E+00
0.000000E+00  0.000000E+00
0.000000E+00  0.000000E+00
0.000000E+00  0.000000E+00
0.000000E+00  0.000000E+00
0.000000E+00  0.000000E+00
0.000000E+00  0.000000E+00
0.000000E+00  0.000000E+00
0.000000E+00  0.000000E+00
0.000000E+00  0.000000E+00
0.000000E+00  0.000000E+00
0.000000E+00  0.000000E+00
0.000000E+00  0.000000E+00
0.000000E+00  0.000000E+00
0.000000E+00  0.000000E+00
0.000000E+00  0.000000E+00
0.000000E+00  0.000000E+00
0.000000E+00  0.000000E+00
0.000000E+00  0.000000E+00
0.000000E+00  0.000000E+00
0.000000E+00  0.000000E+00
