0.106721E+01  0.141127E+01
0.113580E+01  0.261578E+01
0.120017E+01  0.379226E+01
0.125902E+01  0.504029E+01
0.131321E+01  0.642054E+01
0.136393E+01  0.798132E+01
0.141222E+01  0.977042E+01
0.145883E+01  0.118401E+02
0.150433E+01  0.142491E+02
0.154910E+01  0.170643E+02
0.159341E+01  0.203612E+02
0.163742E+01  0.242255E+02
0.168126E+01  0.287547E+02
0.172501E+01  0.340591E+02
0.176872E+01  0.402639E+02
0.181243E+01  0.475110E+02
0.185616E+01  0.559606E+02
0.189993E+01  0.657937E+02
0.194375E+01  0.772140E+02
0.198763E+01  0.904502E+02
0.203156E+01  0.105759E+03
0.207556E+01  0.123426E+03
0.211961E+01  0.143770E+03
0.216373E+01  0.167149E+03
0.220790E+01  0.193955E+03
0.225213E+01  0.224626E+03
0.229642E+01  0.259645E+03
0.234075E+01  0.299546E+03
0.238514E+01  0.344917E+03
0.242957E+01  0.396404E+03
0.247404E+01  0.454715E+03
0.251856E+01  0.520629E+03
0.256311E+01  0.594994E+03
0.260770E+01  0.678740E+03
0.265232E+01  0.772878E+03
0.269697E+01  0.878513E+03
0.274166E+01  0.996841E+03
0.278637E+01  0.112917E+04
0.283110E+01  0.127690E+04
0.287586E+01  0.144157E+04
0.292064E+01  0.162483E+04
0.296545E+01  0.182846E+04
0.301027E+01  0.205440E+04
0.305511E+01  0.230472E+04
0.309997E+01  0.258166E+04
0.314485E+01  0.288763E+04
0.318974E+01  0.322520E+04
0.323464E+01  0.359715E+04
0.327956E+01  0.400647E+04
0.332449E+01  0.445632E+04
0.336943E+01  0.495012E+04
0.341438E+01  0.549151E+04
0.345934E+01  0.608440E+04
0.350432E+01  0.673293E+04
0.354930E+01  0.744153E+04
0.359429E+01  0.821493E+04
0.363929E+01  0.905816E+04
0.368430E+01  0.997656E+04
0.372931E+01  0.109758E+05
0.377433E+01  0.120619E+05
0.381936E+01  0.132414E+05
0.386440E+01  0.145209E+05
0.390944E+01  0.159077E+05
0.395448E+01  0.174095E+05
0.399954E+01  0.190342E+05
0.404459E+01  0.207905E+05
0.408966E+01  0.226874E+05
0.413472E+01  0.247343E+05
0.417979E+01  0.269415E+05
0.422487E+01  0.293195E+05
0.426995E+01  0.318795E+05
0.431503E+01  0.346334E+05
0.436012E+01  0.375937E+05
0.440522E+01  0.407734E+05
0.445031E+01  0.441864E+05
0.449541E+01  0.478472E+05
0.454052E+01  0.517711E+05
0.458563E+01  0.559741E+05
0.463074E+01  0.604730E+05
0.467586E+01  0.652855E+05
0.472098E+01  0.704303E+05
0.476610E+01  0.759267E+05
0.481123E+01  0.817951E+05
0.485636E+01  0.880569E+05
0.490149E+01  0.947346E+05
0.494663E+01  0.101852E+06
0.499176E+01  0.109432E+06
0.503691E+01  0.117502E+06
0.508205E+01  0.126089E+06
0.512720E+01  0.135219E+06
0.517235E+01  0.144924E+06
0.521751E+01  0.155232E+06
0.526266E+01  0.166177E+06
0.530782E+01  0.177791E+06
0.535299E+01  0.190109E+06
0.539815E+01  0.203168E+06
0.544332E+01  0.217005E+06
0.548849E+01  0.231660E+06
0.553366E+01  0.247174E+06
0.557884E+01  0.263589E+06
