0.106599E+01  0.171360E+01
0.113225E+01  0.327908E+01
0.119511E+01  0.485509E+01
0.125367E+01  0.653946E+01
0.130846E+01  0.839810E+01
0.136035E+01  0.104849E+02
0.141010E+01  0.128514E+02
0.145832E+01  0.155516E+02
0.150547E+01  0.186434E+02
0.155187E+01  0.221898E+02
0.159777E+01  0.262597E+02
0.164333E+01  0.309280E+02
0.168866E+01  0.362768E+02
0.173383E+01  0.423952E+02
0.177891E+01  0.493809E+02
0.182394E+01  0.573403E+02
0.186893E+01  0.663894E+02
0.191391E+01  0.766546E+02
0.195890E+01  0.882732E+02
0.200390E+01  0.101394E+03
0.204892E+01  0.116180E+03
0.209396E+01  0.132805E+03
0.213903E+01  0.151459E+03
0.218412E+01  0.172345E+03
0.222925E+01  0.195683E+03
0.227440E+01  0.221709E+03
0.231958E+01  0.250678E+03
0.236479E+01  0.282862E+03
0.241003E+01  0.318551E+03
0.245529E+01  0.358059E+03
0.250058E+01  0.401717E+03
0.254590E+01  0.449883E+03
0.259124E+01  0.502933E+03
0.263660E+01  0.561273E+03
0.268198E+01  0.625331E+03
0.272738E+01  0.695562E+03
0.277281E+01  0.772449E+03
0.281825E+01  0.856506E+03
0.286371E+01  0.948275E+03
0.290918E+01  0.104833E+04
0.295467E+01  0.115728E+04
0.300018E+01  0.127576E+04
0.304570E+01  0.140446E+04
0.309123E+01  0.154408E+04
0.313677E+01  0.169537E+04
0.318233E+01  0.185913E+04
0.322790E+01  0.203620E+04
0.327348E+01  0.222744E+04
0.331906E+01  0.243377E+04
0.336466E+01  0.265617E+04
0.341027E+01  0.289564E+04
0.345589E+01  0.315324E+04
0.350151E+01  0.343009E+04
0.354714E+01  0.372736E+04
0.359278E+01  0.404625E+04
0.363843E+01  0.438806E+04
0.368408E+01  0.475410E+04
0.372974E+01  0.514578E+04
0.377541E+01  0.556454E+04
0.382108E+01  0.601191E+04
0.386676E+01  0.648947E+04
0.391244E+01  0.699885E+04
0.395813E+01  0.754180E+04
0.400383E+01  0.812009E+04
0.404952E+01  0.873560E+04
0.409523E+01  0.939025E+04
0.414094E+01  0.100861E+05
0.418665E+01  0.108252E+05
0.423237E+01  0.116097E+05
0.427809E+01  0.124420E+05
0.432381E+01  0.133243E+05
0.436954E+01  0.142591E+05
0.441528E+01  0.152490E+05
0.446102E+01  0.162966E+05
0.450676E+01  0.174045E+05
0.455250E+01  0.185757E+05
0.459825E+01  0.198130E+05
0.464401E+01  0.211195E+05
0.468976E+01  0.224983E+05
0.473552E+01  0.239526E+05
0.478128E+01  0.254858E+05
0.482705E+01  0.271015E+05
0.487282E+01  0.288031E+05
0.491859E+01  0.305944E+05
0.496437E+01  0.324792E+05
0.501015E+01  0.344615E+05
0.505593E+01  0.365453E+05
0.510172E+01  0.387350E+05
0.514751E+01  0.410348E+05
0.519330E+01  0.434492E+05
0.523909E+01  0.459829E+05
0.528489E+01  0.486407E+05
0.533069E+01  0.514275E+05
0.537649E+01  0.543483E+05
0.542230E+01  0.574085E+05
0.546810E+01  0.606133E+05
0.551392E+01  0.639684E+05
0.555973E+01  0.674795E+05
0.560554E+01  0.711524E+05
0.565136E+01  0.749932E+05
