0.106535E+01  0.853143E+00
0.112801E+01  0.169042E+01
0.118477E+01  0.262512E+01
0.123651E+01  0.373420E+01
0.128490E+01  0.508768E+01
0.133122E+01  0.676321E+01
0.137635E+01  0.885184E+01
0.142081E+01  0.114612E+02
0.146492E+01  0.147181E+02
0.150886E+01  0.187721E+02
0.155273E+01  0.237988E+02
0.159659E+01  0.300033E+02
0.164048E+01  0.376272E+02
0.168441E+01  0.469504E+02
0.172840E+01  0.582981E+02
0.177245E+01  0.720464E+02
0.181655E+01  0.886279E+02
0.186072E+01  0.108539E+03
0.190494E+01  0.132348E+03
0.194921E+01  0.160702E+03
0.199353E+01  0.194335E+03
0.203789E+01  0.234079E+03
0.208230E+01  0.280873E+03
0.212675E+01  0.335776E+03
0.217124E+01  0.399974E+03
0.221576E+01  0.474798E+03
0.226031E+01  0.561733E+03
0.230489E+01  0.662436E+03
0.234950E+01  0.778749E+03
0.239413E+01  0.912716E+03
0.243879E+01  0.106660E+04
0.248347E+01  0.124290E+04
0.252818E+01  0.144439E+04
0.257290E+01  0.167409E+04
0.261764E+01  0.193535E+04
0.266240E+01  0.223184E+04
0.270718E+01  0.256756E+04
0.275197E+01  0.294691E+04
0.279677E+01  0.337468E+04
0.284159E+01  0.385611E+04
0.288643E+01  0.439686E+04
0.293127E+01  0.500315E+04
0.297613E+01  0.568167E+04
0.302100E+01  0.643968E+04
0.306587E+01  0.728502E+04
0.311075E+01  0.822625E+04
0.315564E+01  0.927252E+04
0.320054E+01  0.104338E+05
0.324545E+01  0.117208E+05
0.329036E+01  0.131451E+05
0.333528E+01  0.147191E+05
0.338021E+01  0.164561E+05
0.342514E+01  0.183703E+05
0.347008E+01  0.204772E+05
0.351503E+01  0.227931E+05
0.355998E+01  0.253356E+05
0.360494E+01  0.281233E+05
0.364990E+01  0.311764E+05
0.369486E+01  0.345164E+05
0.373983E+01  0.381661E+05
0.378481E+01  0.421500E+05
0.382979E+01  0.464940E+05
0.387478E+01  0.512257E+05
0.391977E+01  0.563746E+05
0.396477E+01  0.619718E+05
0.400977E+01  0.680505E+05
0.405478E+01  0.746459E+05
0.409979E+01  0.817952E+05
0.414480E+01  0.895380E+05
0.418982E+01  0.979162E+05
0.423485E+01  0.106974E+06
0.427988E+01  0.116758E+06
0.432491E+01  0.127318E+06
0.436995E+01  0.138707E+06
0.441499E+01  0.150979E+06
0.446003E+01  0.164193E+06
0.450508E+01  0.178409E+06
0.455014E+01  0.193694E+06
0.459519E+01  0.210115E+06
0.464025E+01  0.227744E+06
0.000000E+00  0.000000E+00
0.000000E+00  0.000000E+00
0.000000E+00  0.000000E+00
0.000000E+00  0.000000E+00
0.000000E+00  0.000000E+00
0.000000E+00  0.000000E+00
0.000000E+00  0.000000E+00
0.000000E+00  0.000000E+00
0.000000E+00  0.000000E+00
0.000000E+00  0.000000E+00
0.000000E+00  0.000000E+00
0.000000E+00  0.000000E+00
0.000000E+00  0.000000E+00
0.000000E+00  0.000000E+00
0.000000E+00  0.000000E+00
0.000000E+00  0.000000E+00
0.000000E+00  0.000000E+00
0.000000E+00  0.000000E+00
0.000000E+00  0.000000E+00
0.000000E+00  0.000000E+00
