0.106643E+01  0.194991E+01
0.113433E+01  0.367068E+01
0.120008E+01  0.533227E+01
0.126244E+01  0.703150E+01
0.132154E+01  0.882517E+01
0.137795E+01  0.107513E+02
0.143224E+01  0.128396E+02
0.148492E+01  0.151164E+02
0.153636E+01  0.176069E+02
0.158688E+01  0.203357E+02
0.163669E+01  0.233277E+02
0.168598E+01  0.266083E+02
0.173487E+01  0.302031E+02
0.178346E+01  0.341386E+02
0.183181E+01  0.384420E+02
0.187998E+01  0.431413E+02
0.192801E+01  0.482656E+02
0.197593E+01  0.538451E+02
0.202377E+01  0.599107E+02
0.207155E+01  0.664949E+02
0.211927E+01  0.736313E+02
0.216695E+01  0.813545E+02
0.221460E+01  0.897008E+02
0.226222E+01  0.987075E+02
0.230983E+01  0.108414E+03
0.235742E+01  0.118859E+03
0.240500E+01  0.130086E+03
0.245257E+01  0.142137E+03
0.250014E+01  0.155056E+03
0.254770E+01  0.168891E+03
0.259526E+01  0.183688E+03
0.264282E+01  0.199497E+03
0.269038E+01  0.216368E+03
0.273793E+01  0.234353E+03
0.278549E+01  0.253507E+03
0.283305E+01  0.273886E+03
0.288061E+01  0.295546E+03
0.292817E+01  0.318546E+03
0.297573E+01  0.342948E+03
0.302329E+01  0.368813E+03
0.307085E+01  0.396207E+03
0.311841E+01  0.425193E+03
0.316598E+01  0.455842E+03
0.321355E+01  0.488222E+03
0.326111E+01  0.522405E+03
0.330868E+01  0.558464E+03
0.335625E+01  0.596474E+03
0.340382E+01  0.636513E+03
0.345139E+01  0.678660E+03
0.349896E+01  0.722995E+03
0.354653E+01  0.769603E+03
0.359410E+01  0.818567E+03
0.364167E+01  0.869976E+03
0.368924E+01  0.923918E+03
0.373681E+01  0.980485E+03
0.378439E+01  0.103977E+04
0.383196E+01  0.110187E+04
0.387953E+01  0.116688E+04
0.392710E+01  0.123490E+04
0.397467E+01  0.130603E+04
0.402224E+01  0.138038E+04
0.406981E+01  0.145806E+04
0.411738E+01  0.153917E+04
0.416494E+01  0.162382E+04
0.421251E+01  0.171212E+04
0.426008E+01  0.180420E+04
0.430764E+01  0.190017E+04
0.435521E+01  0.200015E+04
0.440277E+01  0.210426E+04
0.445034E+01  0.221263E+04
0.449790E+01  0.232538E+04
0.454546E+01  0.244265E+04
0.459302E+01  0.256457E+04
0.464058E+01  0.269127E+04
0.468814E+01  0.282289E+04
0.473570E+01  0.295956E+04
0.478326E+01  0.310144E+04
0.483081E+01  0.324867E+04
0.487837E+01  0.340139E+04
0.492592E+01  0.355976E+04
0.497348E+01  0.372392E+04
0.502103E+01  0.389403E+04
0.506858E+01  0.407026E+04
0.511613E+01  0.425276E+04
0.516368E+01  0.444169E+04
0.521123E+01  0.463719E+04
0.525873E+01  0.483924E+04
0.530623E+01  0.504818E+04
0.535373E+01  0.526419E+04
0.540122E+01  0.548746E+04
0.544871E+01  0.571817E+04
0.549619E+01  0.595650E+04
0.554367E+01  0.620263E+04
0.559115E+01  0.645676E+04
0.563863E+01  0.671908E+04
0.568610E+01  0.698977E+04
0.573358E+01  0.726904E+04
0.578104E+01  0.755708E+04
0.582851E+01  0.785409E+04
0.587598E+01  0.816029E+04
