0.106531E+01  0.854668E+00
0.113006E+01  0.166810E+01
0.119125E+01  0.250970E+01
0.124821E+01  0.342737E+01
0.130144E+01  0.445771E+01
0.135179E+01  0.563392E+01
0.139999E+01  0.699024E+01
0.144667E+01  0.856419E+01
0.149228E+01  0.103978E+02
0.153716E+01  0.125386E+02
0.158154E+01  0.150397E+02
0.162558E+01  0.179611E+02
0.166940E+01  0.213702E+02
0.171308E+01  0.253425E+02
0.175667E+01  0.299629E+02
0.180020E+01  0.353264E+02
0.184371E+01  0.415393E+02
0.188722E+01  0.487207E+02
0.193072E+01  0.570032E+02
0.197424E+01  0.665346E+02
0.201778E+01  0.774793E+02
0.206134E+01  0.900195E+02
0.210493E+01  0.104357E+03
0.214854E+01  0.120716E+03
0.219218E+01  0.139342E+03
0.223585E+01  0.160508E+03
0.227954E+01  0.184512E+03
0.232325E+01  0.211683E+03
0.236700E+01  0.242382E+03
0.241076E+01  0.277004E+03
0.245455E+01  0.315981E+03
0.249836E+01  0.359784E+03
0.254220E+01  0.408929E+03
0.258605E+01  0.463976E+03
0.262992E+01  0.525535E+03
0.267381E+01  0.594270E+03
0.271772E+01  0.670898E+03
0.276165E+01  0.756202E+03
0.280559E+01  0.851023E+03
0.284955E+01  0.956275E+03
0.289352E+01  0.107294E+04
0.293750E+01  0.120209E+04
0.298150E+01  0.134486E+04
0.302551E+01  0.150249E+04
0.306953E+01  0.167630E+04
0.311356E+01  0.186772E+04
0.315760E+01  0.207828E+04
0.320164E+01  0.230961E+04
0.324570E+01  0.256348E+04
0.328976E+01  0.284177E+04
0.333383E+01  0.314649E+04
0.337791E+01  0.347983E+04
0.342200E+01  0.384407E+04
0.346610E+01  0.424169E+04
0.351020E+01  0.467532E+04
0.355432E+01  0.514775E+04
0.359844E+01  0.566197E+04
0.364257E+01  0.622116E+04
0.368672E+01  0.682869E+04
0.373087E+01  0.748814E+04
0.000000E+00  0.000000E+00
0.000000E+00  0.000000E+00
0.000000E+00  0.000000E+00
0.000000E+00  0.000000E+00
0.000000E+00  0.000000E+00
0.000000E+00  0.000000E+00
0.000000E+00  0.000000E+00
0.000000E+00  0.000000E+00
0.000000E+00  0.000000E+00
0.000000E+00  0.000000E+00
0.000000E+00  0.000000E+00
0.000000E+00  0.000000E+00
0.000000E+00  0.000000E+00
0.000000E+00  0.000000E+00
0.000000E+00  0.000000E+00
0.000000E+00  0.000000E+00
0.000000E+00  0.000000E+00
0.000000E+00  0.000000E+00
0.000000E+00  0.000000E+00
0.000000E+00  0.000000E+00
0.000000E+00  0.000000E+00
0.000000E+00  0.000000E+00
0.000000E+00  0.000000E+00
0.000000E+00  0.000000E+00
0.000000E+00  0.000000E+00
0.000000E+00  0.000000E+00
0.000000E+00  0.000000E+00
0.000000E+00  0.000000E+00
0.000000E+00  0.000000E+00
0.000000E+00  0.000000E+00
0.000000E+00  0.000000E+00
0.000000E+00  0.000000E+00
0.000000E+00  0.000000E+00
0.000000E+00  0.000000E+00
0.000000E+00  0.000000E+00
0.000000E+00  0.000000E+00
0.000000E+00  0.000000E+00
0.000000E+00  0.000000E+00
0.000000E+00  0.000000E+00
0.000000E+00  0.000000E+00
