0.106621E+01  0.123808E+01
0.113264E+01  0.235953E+01
0.119530E+01  0.349111E+01
0.125335E+01  0.470877E+01
0.130741E+01  0.606475E+01
0.135839E+01  0.760386E+01
0.140713E+01  0.937136E+01
0.145427E+01  0.114166E+02
0.150032E+01  0.137951E+02
0.154562E+01  0.165691E+02
0.159044E+01  0.198095E+02
0.163494E+01  0.235954E+02
0.167926E+01  0.280168E+02
0.172348E+01  0.331743E+02
0.176766E+01  0.391809E+02
0.181184E+01  0.461635E+02
0.185605E+01  0.542636E+02
0.190030E+01  0.636396E+02
0.194460E+01  0.744676E+02
0.198896E+01  0.869430E+02
0.203338E+01  0.101283E+03
0.207787E+01  0.117727E+03
0.212242E+01  0.136540E+03
0.216703E+01  0.158014E+03
0.221170E+01  0.182468E+03
0.225642E+01  0.210256E+03
0.230119E+01  0.241761E+03
0.234601E+01  0.277406E+03
0.239088E+01  0.317650E+03
0.243578E+01  0.362994E+03
0.248073E+01  0.413984E+03
0.252571E+01  0.471210E+03
0.257073E+01  0.535316E+03
0.261578E+01  0.606997E+03
0.266085E+01  0.687006E+03
0.270595E+01  0.776154E+03
0.275108E+01  0.875319E+03
0.279623E+01  0.985445E+03
0.284140E+01  0.110755E+04
0.288659E+01  0.124272E+04
0.293180E+01  0.139213E+04
0.297703E+01  0.155705E+04
0.302227E+01  0.173881E+04
0.306753E+01  0.193885E+04
0.311280E+01  0.215872E+04
0.315808E+01  0.240007E+04
0.320338E+01  0.266464E+04
0.324868E+01  0.295432E+04
0.329400E+01  0.327109E+04
0.333932E+01  0.361707E+04
0.338466E+01  0.399452E+04
0.343000E+01  0.440584E+04
0.347535E+01  0.485356E+04
0.352071E+01  0.534039E+04
0.356608E+01  0.586919E+04
0.361145E+01  0.644297E+04
0.365683E+01  0.706494E+04
0.370221E+01  0.773850E+04
0.374760E+01  0.846721E+04
0.379299E+01  0.925486E+04
0.383839E+01  0.101054E+05
0.388380E+01  0.110231E+05
0.392921E+01  0.120124E+05
0.397462E+01  0.130779E+05
0.402003E+01  0.142246E+05
0.406545E+01  0.154576E+05
0.411088E+01  0.167823E+05
0.415630E+01  0.182045E+05
0.420173E+01  0.197302E+05
0.424716E+01  0.213657E+05
0.429260E+01  0.231175E+05
0.433804E+01  0.249927E+05
0.438348E+01  0.269985E+05
0.442892E+01  0.291425E+05
0.447436E+01  0.314327E+05
0.451981E+01  0.338775E+05
0.456526E+01  0.364855E+05
0.461072E+01  0.392660E+05
0.465617E+01  0.422284E+05
0.470163E+01  0.453828E+05
0.474709E+01  0.487396E+05
0.479255E+01  0.523096E+05
0.483802E+01  0.561041E+05
0.488348E+01  0.601352E+05
0.492895E+01  0.644150E+05
0.497442E+01  0.689564E+05
0.501989E+01  0.737729E+05
0.506537E+01  0.788784E+05
0.511085E+01  0.842874E+05
0.515633E+01  0.900150E+05
0.520181E+01  0.960771E+05
0.524729E+01  0.102490E+06
0.529277E+01  0.109270E+06
0.533826E+01  0.116436E+06
0.538375E+01  0.124006E+06
0.542923E+01  0.131999E+06
0.547473E+01  0.140434E+06
0.552022E+01  0.149333E+06
0.556571E+01  0.158716E+06
0.561121E+01  0.168606E+06
