0.106493E+01  0.385516E+00
0.113048E+01  0.751990E+00
0.119538E+01  0.111142E+01
0.125879E+01  0.147273E+01
0.132032E+01  0.184262E+01
0.137984E+01  0.222629E+01
0.143744E+01  0.262799E+01
0.149328E+01  0.305142E+01
0.154756E+01  0.349997E+01
0.160051E+01  0.397693E+01
0.165233E+01  0.448551E+01
0.170321E+01  0.502901E+01
0.175332E+01  0.561065E+01
0.180279E+01  0.623374E+01
0.185175E+01  0.690166E+01
0.190028E+01  0.761780E+01
0.194847E+01  0.838563E+01
0.199639E+01  0.920872E+01
0.204408E+01  0.100907E+02
0.209160E+01  0.110352E+02
0.213898E+01  0.120462E+02
0.218625E+01  0.131274E+02
0.223345E+01  0.142830E+02
0.228058E+01  0.155170E+02
0.232766E+01  0.168336E+02
0.237472E+01  0.182372E+02
0.242176E+01  0.197321E+02
0.246879E+01  0.213230E+02
0.251582E+01  0.230145E+02
0.256285E+01  0.248113E+02
0.260989E+01  0.267183E+02
0.265695E+01  0.287406E+02
0.270402E+01  0.308832E+02
0.275112E+01  0.331514E+02
0.279823E+01  0.355506E+02
0.284537E+01  0.380861E+02
0.289253E+01  0.407637E+02
0.293972E+01  0.435890E+02
0.298692E+01  0.465678E+02
0.303416E+01  0.497061E+02
0.308142E+01  0.530100E+02
0.312870E+01  0.564856E+02
0.317600E+01  0.601394E+02
0.322333E+01  0.639777E+02
0.327067E+01  0.680072E+02
0.331804E+01  0.722345E+02
0.336544E+01  0.766665E+02
0.341285E+01  0.813101E+02
0.346028E+01  0.861725E+02
0.350773E+01  0.912608E+02
0.355519E+01  0.965824E+02
0.360268E+01  0.102145E+03
0.365018E+01  0.107956E+03
0.369770E+01  0.114023E+03
0.374523E+01  0.120354E+03
0.379278E+01  0.126957E+03
0.384034E+01  0.133841E+03
0.388792E+01  0.141013E+03
0.393551E+01  0.148482E+03
0.398311E+01  0.156257E+03
0.403073E+01  0.164345E+03
0.407835E+01  0.172757E+03
0.412599E+01  0.181502E+03
0.417364E+01  0.190587E+03
0.422130E+01  0.200023E+03
0.426897E+01  0.209819E+03
0.431665E+01  0.219984E+03
0.436434E+01  0.230528E+03
0.441204E+01  0.241462E+03
0.445974E+01  0.252794E+03
0.450746E+01  0.264536E+03
0.455518E+01  0.276696E+03
0.460291E+01  0.289287E+03
0.465065E+01  0.302318E+03
0.469839E+01  0.315799E+03
0.474614E+01  0.329743E+03
0.479390E+01  0.344159E+03
0.484166E+01  0.359060E+03
0.488943E+01  0.374456E+03
0.493721E+01  0.390358E+03
0.498499E+01  0.406779E+03
0.503278E+01  0.423729E+03
0.508057E+01  0.441222E+03
0.512836E+01  0.459268E+03
0.517617E+01  0.477881E+03
0.522397E+01  0.497072E+03
0.527178E+01  0.516854E+03
0.531960E+01  0.537239E+03
0.536742E+01  0.558241E+03
0.541524E+01  0.579872E+03
0.546307E+01  0.602146E+03
0.551091E+01  0.625075E+03
0.555874E+01  0.648673E+03
0.560658E+01  0.672953E+03
0.565442E+01  0.697930E+03
0.570227E+01  0.723617E+03
0.575012E+01  0.750029E+03
0.579798E+01  0.777178E+03
0.584583E+01  0.805081E+03
0.589369E+01  0.833750E+03
