0.106620E+01  0.760441E+00
0.113511E+01  0.142758E+01
0.120486E+01  0.204045E+01
0.127430E+01  0.262278E+01
0.134280E+01  0.318931E+01
0.141009E+01  0.374961E+01
0.147607E+01  0.431025E+01
0.154072E+01  0.487592E+01
0.160409E+01  0.545018E+01
0.166625E+01  0.603578E+01
0.172728E+01  0.663498E+01
0.178725E+01  0.724974E+01
0.184625E+01  0.788164E+01
0.190437E+01  0.853218E+01
0.196167E+01  0.920271E+01
0.201823E+01  0.989447E+01
0.207411E+01  0.106086E+02
0.212937E+01  0.113463E+02
0.218407E+01  0.121087E+02
0.223824E+01  0.128967E+02
0.229195E+01  0.137114E+02
0.234523E+01  0.145539E+02
0.239812E+01  0.154252E+02
0.245066E+01  0.163262E+02
0.250288E+01  0.172581E+02
0.255479E+01  0.182218E+02
0.260645E+01  0.192183E+02
0.265786E+01  0.202487E+02
0.270904E+01  0.213139E+02
0.276003E+01  0.224151E+02
0.281083E+01  0.235531E+02
0.286147E+01  0.247291E+02
0.291195E+01  0.259441E+02
0.296230E+01  0.271992E+02
0.301252E+01  0.284953E+02
0.306263E+01  0.298336E+02
0.311264E+01  0.312152E+02
0.316255E+01  0.326410E+02
0.321238E+01  0.341122E+02
0.326214E+01  0.356299E+02
0.331182E+01  0.371951E+02
0.336145E+01  0.388089E+02
0.341102E+01  0.404726E+02
0.346053E+01  0.421870E+02
0.351000E+01  0.439535E+02
0.355943E+01  0.457731E+02
0.360883E+01  0.476469E+02
0.365819E+01  0.495760E+02
0.370752E+01  0.515617E+02
0.375682E+01  0.536050E+02
0.380610E+01  0.557071E+02
0.385536E+01  0.578692E+02
0.390459E+01  0.600923E+02
0.395381E+01  0.623778E+02
0.400302E+01  0.647267E+02
0.405221E+01  0.671402E+02
0.410139E+01  0.696196E+02
0.415056E+01  0.721659E+02
0.419972E+01  0.747804E+02
0.424887E+01  0.774643E+02
0.429801E+01  0.802187E+02
0.434714E+01  0.830450E+02
0.439627E+01  0.859442E+02
0.444540E+01  0.889178E+02
0.449451E+01  0.919668E+02
0.454363E+01  0.950925E+02
0.459274E+01  0.982961E+02
0.464185E+01  0.101579E+03
0.469096E+01  0.104942E+03
0.474006E+01  0.108387E+03
0.478917E+01  0.111915E+03
0.483827E+01  0.115528E+03
0.488738E+01  0.119226E+03
0.493648E+01  0.123011E+03
0.498558E+01  0.126884E+03
0.503469E+01  0.130846E+03
0.508380E+01  0.134900E+03
0.513290E+01  0.139045E+03
0.518201E+01  0.143284E+03
0.523113E+01  0.147618E+03
0.528024E+01  0.152048E+03
0.532936E+01  0.156576E+03
0.537847E+01  0.161202E+03
0.542759E+01  0.165928E+03
0.547672E+01  0.170756E+03
0.552584E+01  0.175687E+03
0.557497E+01  0.180722E+03
0.562410E+01  0.185862E+03
0.567323E+01  0.191110E+03
0.572236E+01  0.196465E+03
0.577150E+01  0.201931E+03
0.582064E+01  0.207508E+03
0.586978E+01  0.213197E+03
0.591892E+01  0.219000E+03
0.596807E+01  0.224919E+03
0.601722E+01  0.230954E+03
0.606637E+01  0.237108E+03
0.611553E+01  0.243382E+03
0.616470E+01  0.249778E+03
0.621386E+01  0.256296E+03
