0.106554E+01  0.102062E+01
0.113211E+01  0.196140E+01
0.119744E+01  0.287774E+01
0.126038E+01  0.380691E+01
0.132064E+01  0.477393E+01
0.137842E+01  0.579664E+01
0.143405E+01  0.688895E+01
0.148791E+01  0.806278E+01
0.154032E+01  0.932915E+01
0.159158E+01  0.106987E+02
0.164191E+01  0.121819E+02
0.169152E+01  0.137895E+02
0.174056E+01  0.155323E+02
0.178914E+01  0.174213E+02
0.183737E+01  0.194678E+02
0.188532E+01  0.216833E+02
0.193306E+01  0.240796E+02
0.198062E+01  0.266688E+02
0.202804E+01  0.294634E+02
0.207537E+01  0.324761E+02
0.212261E+01  0.357200E+02
0.216978E+01  0.392088E+02
0.221691E+01  0.429563E+02
0.226400E+01  0.469768E+02
0.231106E+01  0.512851E+02
0.235810E+01  0.558963E+02
0.240513E+01  0.608262E+02
0.245215E+01  0.660906E+02
0.249916E+01  0.717061E+02
0.254618E+01  0.776898E+02
0.259319E+01  0.840589E+02
0.264021E+01  0.908315E+02
0.268723E+01  0.980259E+02
0.273426E+01  0.105661E+03
0.278129E+01  0.113756E+03
0.282834E+01  0.122331E+03
0.287539E+01  0.131405E+03
0.292245E+01  0.141001E+03
0.296952E+01  0.151139E+03
0.301659E+01  0.161841E+03
0.306368E+01  0.173130E+03
0.311078E+01  0.185027E+03
0.315788E+01  0.197558E+03
0.320500E+01  0.210745E+03
0.325212E+01  0.224612E+03
0.329926E+01  0.239186E+03
0.334640E+01  0.254491E+03
0.339355E+01  0.270553E+03
0.344071E+01  0.287399E+03
0.348787E+01  0.305056E+03
0.353505E+01  0.323551E+03
0.358223E+01  0.342914E+03
0.362942E+01  0.363172E+03
0.367662E+01  0.384355E+03
0.372382E+01  0.406493E+03
0.377103E+01  0.429616E+03
0.381825E+01  0.453756E+03
0.386547E+01  0.478943E+03
0.391270E+01  0.505211E+03
0.395994E+01  0.532591E+03
0.400718E+01  0.561118E+03
0.405443E+01  0.590825E+03
0.410169E+01  0.621746E+03
0.414895E+01  0.653917E+03
0.419621E+01  0.687374E+03
0.424348E+01  0.722152E+03
0.429076E+01  0.758290E+03
0.433804E+01  0.795823E+03
0.438533E+01  0.834791E+03
0.443262E+01  0.875233E+03
0.447991E+01  0.917187E+03
0.452721E+01  0.960693E+03
0.457452E+01  0.100579E+04
0.462183E+01  0.105253E+04
0.466914E+01  0.110094E+04
0.471646E+01  0.115107E+04
0.476378E+01  0.120296E+04
0.481110E+01  0.125666E+04
0.485843E+01  0.131220E+04
0.490577E+01  0.136965E+04
0.495310E+01  0.142903E+04
0.500044E+01  0.149040E+04
0.504779E+01  0.155381E+04
0.509514E+01  0.161930E+04
0.514249E+01  0.168691E+04
0.518984E+01  0.175671E+04
0.523720E+01  0.182874E+04
0.528457E+01  0.190305E+04
0.533193E+01  0.197968E+04
0.537930E+01  0.205870E+04
0.542667E+01  0.214016E+04
0.547405E+01  0.222410E+04
0.552142E+01  0.231059E+04
0.556881E+01  0.239966E+04
0.561619E+01  0.249139E+04
0.566358E+01  0.258583E+04
0.571097E+01  0.268303E+04
0.575836E+01  0.278305E+04
0.580575E+01  0.288595E+04
0.585315E+01  0.299179E+04
