0.996000E+00  -.565063E-01
0.992000E+00  -.113470E+00
0.988000E+00  -.170899E+00
0.984000E+00  -.228800E+00
0.980000E+00  -.287182E+00
0.976000E+00  -.346051E+00
0.972000E+00  -.405417E+00
0.968000E+00  -.465288E+00
0.964000E+00  -.525671E+00
0.960000E+00  -.586575E+00
0.956000E+00  -.648010E+00
0.952000E+00  -.709983E+00
0.948000E+00  -.772505E+00
0.944000E+00  -.835585E+00
0.940000E+00  -.899231E+00
0.936000E+00  -.963454E+00
0.932000E+00  -.102826E+01
0.928000E+00  -.109367E+01
0.924000E+00  -.115968E+01
0.920000E+00  -.122631E+01
0.916000E+00  -.129357E+01
0.912000E+00  -.136147E+01
0.908000E+00  -.143002E+01
0.904000E+00  -.149924E+01
0.900000E+00  -.156912E+01
0.896000E+00  -.163970E+01
0.892000E+00  -.171097E+01
0.888000E+00  -.178295E+01
0.884000E+00  -.185566E+01
0.880000E+00  -.192910E+01
0.876000E+00  -.200329E+01
0.872000E+00  -.207825E+01
0.868000E+00  -.215399E+01
0.864000E+00  -.223052E+01
0.860000E+00  -.230786E+01
0.856000E+00  -.238603E+01
0.852000E+00  -.246503E+01
0.848000E+00  -.254488E+01
0.844000E+00  -.262561E+01
0.840000E+00  -.270722E+01
0.836000E+00  -.278974E+01
0.832000E+00  -.287318E+01
0.828000E+00  -.295756E+01
0.824000E+00  -.304290E+01
0.820000E+00  -.312921E+01
0.816000E+00  -.321652E+01
0.812000E+00  -.330485E+01
0.808000E+00  -.339421E+01
0.804000E+00  -.348463E+01
0.800000E+00  -.357612E+01
0.796000E+00  -.366872E+01
0.792000E+00  -.376243E+01
0.788000E+00  -.385729E+01
0.784000E+00  -.395332E+01
0.780000E+00  -.405054E+01
0.776000E+00  -.414898E+01
0.772000E+00  -.424866E+01
0.768000E+00  -.434960E+01
0.764000E+00  -.445184E+01
0.760000E+00  -.455540E+01
0.756000E+00  -.466031E+01
0.752000E+00  -.476660E+01
0.748000E+00  -.487430E+01
0.744000E+00  -.498344E+01
0.740000E+00  -.509404E+01
0.736000E+00  -.520615E+01
0.732000E+00  -.531979E+01
0.728000E+00  -.543500E+01
0.724000E+00  -.555181E+01
0.720000E+00  -.567026E+01
0.716000E+00  -.579039E+01
0.712000E+00  -.591223E+01
0.708000E+00  -.603582E+01
0.704000E+00  -.616121E+01
0.700000E+00  -.628842E+01
0.696000E+00  -.641752E+01
0.692000E+00  -.654853E+01
0.688000E+00  -.668150E+01
0.684000E+00  -.681649E+01
0.680000E+00  -.695353E+01
0.676000E+00  -.709268E+01
0.672000E+00  -.723398E+01
0.668000E+00  -.737749E+01
0.664000E+00  -.752326E+01
0.660000E+00  -.767135E+01
0.656000E+00  -.782181E+01
0.652000E+00  -.797471E+01
0.648000E+00  -.813009E+01
0.644000E+00  -.828803E+01
0.640000E+00  -.844859E+01
0.636000E+00  -.861183E+01
0.632000E+00  -.877782E+01
0.628000E+00  -.894664E+01
0.624000E+00  -.911835E+01
0.620000E+00  -.929302E+01
0.616000E+00  -.947075E+01
0.612000E+00  -.965161E+01
0.608000E+00  -.983567E+01
0.604000E+00  -.100230E+02
0.600000E+00  -.102138E+02
