0.996000E+00  -.113856E-01
0.992000E+00  -.228634E-01
0.988000E+00  -.344348E-01
0.984000E+00  -.461015E-01
0.980000E+00  -.578650E-01
0.976000E+00  -.697268E-01
0.972000E+00  -.816886E-01
0.968000E+00  -.937520E-01
0.964000E+00  -.105919E+00
0.960000E+00  -.118191E+00
0.956000E+00  -.130569E+00
0.952000E+00  -.143056E+00
0.948000E+00  -.155654E+00
0.944000E+00  -.168364E+00
0.940000E+00  -.181188E+00
0.936000E+00  -.194129E+00
0.932000E+00  -.207187E+00
0.928000E+00  -.220366E+00
0.924000E+00  -.233668E+00
0.920000E+00  -.247093E+00
0.916000E+00  -.260645E+00
0.912000E+00  -.274327E+00
0.908000E+00  -.288139E+00
0.904000E+00  -.302085E+00
0.900000E+00  -.316166E+00
0.896000E+00  -.330386E+00
0.892000E+00  -.344747E+00
0.888000E+00  -.359251E+00
0.884000E+00  -.373901E+00
0.880000E+00  -.388699E+00
0.876000E+00  -.403649E+00
0.872000E+00  -.418753E+00
0.868000E+00  -.434013E+00
0.864000E+00  -.449434E+00
0.860000E+00  -.465017E+00
0.856000E+00  -.480766E+00
0.852000E+00  -.496685E+00
0.848000E+00  -.512775E+00
0.844000E+00  -.529041E+00
0.840000E+00  -.545485E+00
0.836000E+00  -.562112E+00
0.832000E+00  -.578925E+00
0.828000E+00  -.595926E+00
0.824000E+00  -.613121E+00
0.820000E+00  -.630513E+00
0.816000E+00  -.648105E+00
0.812000E+00  -.665902E+00
0.808000E+00  -.683908E+00
0.804000E+00  -.702126E+00
0.800000E+00  -.720562E+00
0.796000E+00  -.739219E+00
0.792000E+00  -.758102E+00
0.788000E+00  -.777216E+00
0.784000E+00  -.796565E+00
0.780000E+00  -.816154E+00
0.776000E+00  -.835988E+00
0.772000E+00  -.856072E+00
0.768000E+00  -.876412E+00
0.764000E+00  -.897013E+00
0.760000E+00  -.917880E+00
0.756000E+00  -.939018E+00
0.752000E+00  -.960435E+00
0.748000E+00  -.982135E+00
0.744000E+00  -.100413E+01
0.740000E+00  -.102641E+01
0.736000E+00  -.104900E+01
0.732000E+00  -.107190E+01
0.728000E+00  -.109511E+01
0.724000E+00  -.111865E+01
0.720000E+00  -.114252E+01
0.716000E+00  -.116672E+01
0.712000E+00  -.119127E+01
0.708000E+00  -.121617E+01
0.704000E+00  -.124144E+01
0.700000E+00  -.126707E+01
0.696000E+00  -.129308E+01
0.692000E+00  -.131948E+01
0.688000E+00  -.134627E+01
0.684000E+00  -.137347E+01
0.680000E+00  -.140108E+01
0.676000E+00  -.142912E+01
0.672000E+00  -.145759E+01
0.668000E+00  -.148651E+01
0.664000E+00  -.151588E+01
0.660000E+00  -.154572E+01
0.656000E+00  -.157604E+01
0.652000E+00  -.160684E+01
0.648000E+00  -.163815E+01
0.644000E+00  -.166998E+01
0.640000E+00  -.170233E+01
0.636000E+00  -.173522E+01
0.632000E+00  -.176867E+01
0.628000E+00  -.180268E+01
0.624000E+00  -.183728E+01
0.620000E+00  -.187248E+01
0.616000E+00  -.190829E+01
0.612000E+00  -.194473E+01
0.608000E+00  -.198181E+01
0.604000E+00  -.201957E+01
0.600000E+00  -.205800E+01
