0.996000E+00  -.623497E-02
0.992000E+00  -.125204E-01
0.988000E+00  -.188572E-01
0.984000E+00  -.252461E-01
0.980000E+00  -.316880E-01
0.976000E+00  -.381837E-01
0.972000E+00  -.447342E-01
0.968000E+00  -.513404E-01
0.964000E+00  -.580031E-01
0.960000E+00  -.647234E-01
0.956000E+00  -.715022E-01
0.952000E+00  -.783404E-01
0.948000E+00  -.852391E-01
0.944000E+00  -.921994E-01
0.940000E+00  -.992222E-01
0.936000E+00  -.106309E+00
0.932000E+00  -.113460E+00
0.928000E+00  -.120677E+00
0.924000E+00  -.127961E+00
0.920000E+00  -.135313E+00
0.916000E+00  -.142734E+00
0.912000E+00  -.150227E+00
0.908000E+00  -.157790E+00
0.904000E+00  -.165427E+00
0.900000E+00  -.173139E+00
0.896000E+00  -.180926E+00
0.892000E+00  -.188790E+00
0.888000E+00  -.196733E+00
0.884000E+00  -.204755E+00
0.880000E+00  -.212859E+00
0.876000E+00  -.221046E+00
0.872000E+00  -.229317E+00
0.868000E+00  -.237674E+00
0.864000E+00  -.246119E+00
0.860000E+00  -.254652E+00
0.856000E+00  -.263277E+00
0.852000E+00  -.271994E+00
0.848000E+00  -.280805E+00
0.844000E+00  -.289713E+00
0.840000E+00  -.298718E+00
0.836000E+00  -.307823E+00
0.832000E+00  -.317030E+00
0.828000E+00  -.326341E+00
0.824000E+00  -.335757E+00
0.820000E+00  -.345281E+00
0.816000E+00  -.354915E+00
0.812000E+00  -.364661E+00
0.808000E+00  -.374521E+00
0.804000E+00  -.384498E+00
0.800000E+00  -.394593E+00
0.796000E+00  -.404810E+00
0.792000E+00  -.415151E+00
0.788000E+00  -.425618E+00
0.784000E+00  -.436214E+00
0.780000E+00  -.446941E+00
0.776000E+00  -.457803E+00
0.772000E+00  -.468802E+00
0.768000E+00  -.479940E+00
0.764000E+00  -.491221E+00
0.760000E+00  -.502648E+00
0.756000E+00  -.514224E+00
0.752000E+00  -.525952E+00
0.748000E+00  -.537836E+00
0.744000E+00  -.549878E+00
0.740000E+00  -.562082E+00
0.736000E+00  -.574452E+00
0.732000E+00  -.586992E+00
0.728000E+00  -.599704E+00
0.724000E+00  -.612593E+00
0.720000E+00  -.625663E+00
0.716000E+00  -.638918E+00
0.712000E+00  -.652362E+00
0.708000E+00  -.666000E+00
0.704000E+00  -.679835E+00
0.700000E+00  -.693872E+00
0.696000E+00  -.708116E+00
0.692000E+00  -.722572E+00
0.688000E+00  -.737245E+00
0.684000E+00  -.752139E+00
0.680000E+00  -.767260E+00
0.676000E+00  -.782614E+00
0.672000E+00  -.798206E+00
0.668000E+00  -.814041E+00
0.664000E+00  -.830126E+00
0.660000E+00  -.846466E+00
0.656000E+00  -.863068E+00
0.652000E+00  -.879938E+00
0.648000E+00  -.897084E+00
0.644000E+00  -.914511E+00
0.640000E+00  -.932227E+00
0.636000E+00  -.950239E+00
0.632000E+00  -.968555E+00
0.628000E+00  -.987182E+00
0.624000E+00  -.100613E+01
0.620000E+00  -.102540E+01
0.616000E+00  -.104501E+01
0.612000E+00  -.106497E+01
0.608000E+00  -.108528E+01
0.604000E+00  -.110595E+01
0.600000E+00  -.112700E+01
