0.996000E+00  -.975908E-02
0.992000E+00  -.195972E-01
0.988000E+00  -.295156E-01
0.984000E+00  -.395156E-01
0.980000E+00  -.495985E-01
0.976000E+00  -.597658E-01
0.972000E+00  -.700188E-01
0.968000E+00  -.803588E-01
0.964000E+00  -.907875E-01
0.960000E+00  -.101306E+00
0.956000E+00  -.111916E+00
0.952000E+00  -.122620E+00
0.948000E+00  -.133418E+00
0.944000E+00  -.144312E+00
0.940000E+00  -.155304E+00
0.936000E+00  -.166396E+00
0.932000E+00  -.177589E+00
0.928000E+00  -.188885E+00
0.924000E+00  -.200286E+00
0.920000E+00  -.211794E+00
0.916000E+00  -.223410E+00
0.912000E+00  -.235137E+00
0.908000E+00  -.246976E+00
0.904000E+00  -.258930E+00
0.900000E+00  -.271000E+00
0.896000E+00  -.283188E+00
0.892000E+00  -.295497E+00
0.888000E+00  -.307929E+00
0.884000E+00  -.320486E+00
0.880000E+00  -.333171E+00
0.876000E+00  -.345985E+00
0.872000E+00  -.358931E+00
0.868000E+00  -.372012E+00
0.864000E+00  -.385229E+00
0.860000E+00  -.398586E+00
0.856000E+00  -.412086E+00
0.852000E+00  -.425730E+00
0.848000E+00  -.439521E+00
0.844000E+00  -.453463E+00
0.840000E+00  -.467559E+00
0.836000E+00  -.481810E+00
0.832000E+00  -.496221E+00
0.828000E+00  -.510794E+00
0.824000E+00  -.525533E+00
0.820000E+00  -.540440E+00
0.816000E+00  -.555519E+00
0.812000E+00  -.570773E+00
0.808000E+00  -.586207E+00
0.804000E+00  -.601823E+00
0.800000E+00  -.617624E+00
0.796000E+00  -.633616E+00
0.792000E+00  -.649802E+00
0.788000E+00  -.666185E+00
0.784000E+00  -.682770E+00
0.780000E+00  -.699560E+00
0.776000E+00  -.716561E+00
0.772000E+00  -.733776E+00
0.768000E+00  -.751210E+00
0.764000E+00  -.768868E+00
0.760000E+00  -.786754E+00
0.756000E+00  -.804873E+00
0.752000E+00  -.823230E+00
0.748000E+00  -.841830E+00
0.744000E+00  -.860679E+00
0.740000E+00  -.879781E+00
0.736000E+00  -.899143E+00
0.732000E+00  -.918770E+00
0.728000E+00  -.938667E+00
0.724000E+00  -.958842E+00
0.720000E+00  -.979299E+00
0.716000E+00  -.100005E+01
0.712000E+00  -.102109E+01
0.708000E+00  -.104243E+01
0.704000E+00  -.106409E+01
0.700000E+00  -.108606E+01
0.696000E+00  -.110836E+01
0.692000E+00  -.113098E+01
0.688000E+00  -.115395E+01
0.684000E+00  -.117726E+01
0.680000E+00  -.120093E+01
0.676000E+00  -.122496E+01
0.672000E+00  -.124937E+01
0.668000E+00  -.127415E+01
0.664000E+00  -.129933E+01
0.660000E+00  -.132490E+01
0.656000E+00  -.135089E+01
0.652000E+00  -.137729E+01
0.648000E+00  -.140413E+01
0.644000E+00  -.143141E+01
0.640000E+00  -.145914E+01
0.636000E+00  -.148733E+01
0.632000E+00  -.151600E+01
0.628000E+00  -.154515E+01
0.624000E+00  -.157481E+01
0.620000E+00  -.160498E+01
0.616000E+00  -.163567E+01
0.612000E+00  -.166691E+01
0.608000E+00  -.169870E+01
0.604000E+00  -.173106E+01
0.600000E+00  -.176400E+01
