0.996000E+00  -.355905E-01
0.992000E+00  -.714692E-01
0.988000E+00  -.107641E+00
0.984000E+00  -.144110E+00
0.980000E+00  -.180882E+00
0.976000E+00  -.217961E+00
0.972000E+00  -.255352E+00
0.968000E+00  -.293062E+00
0.964000E+00  -.331094E+00
0.960000E+00  -.369455E+00
0.956000E+00  -.408149E+00
0.952000E+00  -.447184E+00
0.948000E+00  -.486563E+00
0.944000E+00  -.526294E+00
0.940000E+00  -.566381E+00
0.936000E+00  -.606832E+00
0.932000E+00  -.647652E+00
0.928000E+00  -.688849E+00
0.924000E+00  -.730427E+00
0.920000E+00  -.772395E+00
0.916000E+00  -.814759E+00
0.912000E+00  -.857525E+00
0.908000E+00  -.900701E+00
0.904000E+00  -.944295E+00
0.900000E+00  -.988313E+00
0.896000E+00  -.103276E+01
0.892000E+00  -.107765E+01
0.888000E+00  -.112299E+01
0.884000E+00  -.116879E+01
0.880000E+00  -.121505E+01
0.876000E+00  -.126178E+01
0.872000E+00  -.130899E+01
0.868000E+00  -.135669E+01
0.864000E+00  -.140490E+01
0.860000E+00  -.145361E+01
0.856000E+00  -.150284E+01
0.852000E+00  -.155260E+01
0.848000E+00  -.160290E+01
0.844000E+00  -.165374E+01
0.840000E+00  -.170515E+01
0.836000E+00  -.175712E+01
0.832000E+00  -.180968E+01
0.828000E+00  -.186282E+01
0.824000E+00  -.191657E+01
0.820000E+00  -.197094E+01
0.816000E+00  -.202593E+01
0.812000E+00  -.208156E+01
0.808000E+00  -.213785E+01
0.804000E+00  -.219479E+01
0.800000E+00  -.225242E+01
0.796000E+00  -.231074E+01
0.792000E+00  -.236977E+01
0.788000E+00  -.242952E+01
0.784000E+00  -.249000E+01
0.780000E+00  -.255124E+01
0.776000E+00  -.261324E+01
0.772000E+00  -.267602E+01
0.768000E+00  -.273960E+01
0.764000E+00  -.280400E+01
0.760000E+00  -.286922E+01
0.756000E+00  -.293530E+01
0.752000E+00  -.300225E+01
0.748000E+00  -.307008E+01
0.744000E+00  -.313882E+01
0.740000E+00  -.320849E+01
0.736000E+00  -.327910E+01
0.732000E+00  -.335067E+01
0.728000E+00  -.342324E+01
0.724000E+00  -.349681E+01
0.720000E+00  -.357142E+01
0.716000E+00  -.364708E+01
0.712000E+00  -.372382E+01
0.708000E+00  -.380167E+01
0.704000E+00  -.388064E+01
0.700000E+00  -.396077E+01
0.696000E+00  -.404208E+01
0.692000E+00  -.412459E+01
0.688000E+00  -.420835E+01
0.684000E+00  -.429337E+01
0.680000E+00  -.437968E+01
0.676000E+00  -.446733E+01
0.672000E+00  -.455633E+01
0.668000E+00  -.464672E+01
0.664000E+00  -.473853E+01
0.660000E+00  -.483181E+01
0.656000E+00  -.492658E+01
0.652000E+00  -.502288E+01
0.648000E+00  -.512075E+01
0.644000E+00  -.522022E+01
0.640000E+00  -.532135E+01
0.636000E+00  -.542417E+01
0.632000E+00  -.552872E+01
0.628000E+00  -.563505E+01
0.624000E+00  -.574320E+01
0.620000E+00  -.585322E+01
0.616000E+00  -.596516E+01
0.612000E+00  -.607907E+01
0.608000E+00  -.619500E+01
0.604000E+00  -.631301E+01
0.600000E+00  -.643315E+01
