0.996000E+00  -.303616E-01
0.992000E+00  -.609690E-01
0.988000E+00  -.918262E-01
0.984000E+00  -.122937E+00
0.980000E+00  -.154307E+00
0.976000E+00  -.185938E+00
0.972000E+00  -.217836E+00
0.968000E+00  -.250005E+00
0.964000E+00  -.282450E+00
0.960000E+00  -.315175E+00
0.956000E+00  -.348184E+00
0.952000E+00  -.381484E+00
0.948000E+00  -.415077E+00
0.944000E+00  -.448971E+00
0.940000E+00  -.483169E+00
0.936000E+00  -.517677E+00
0.932000E+00  -.552500E+00
0.928000E+00  -.587643E+00
0.924000E+00  -.623113E+00
0.920000E+00  -.658915E+00
0.916000E+00  -.695055E+00
0.912000E+00  -.731538E+00
0.908000E+00  -.768371E+00
0.904000E+00  -.805559E+00
0.900000E+00  -.843110E+00
0.896000E+00  -.881030E+00
0.892000E+00  -.919325E+00
0.888000E+00  -.958003E+00
0.884000E+00  -.997069E+00
0.880000E+00  -.103653E+01
0.876000E+00  -.107640E+01
0.872000E+00  -.111667E+01
0.868000E+00  -.115737E+01
0.864000E+00  -.119849E+01
0.860000E+00  -.124005E+01
0.856000E+00  -.128204E+01
0.852000E+00  -.132449E+01
0.848000E+00  -.136740E+01
0.844000E+00  -.141078E+01
0.840000E+00  -.145463E+01
0.836000E+00  -.149897E+01
0.832000E+00  -.154380E+01
0.828000E+00  -.158914E+01
0.824000E+00  -.163499E+01
0.820000E+00  -.168137E+01
0.816000E+00  -.172828E+01
0.812000E+00  -.177574E+01
0.808000E+00  -.182375E+01
0.804000E+00  -.187234E+01
0.800000E+00  -.192150E+01
0.796000E+00  -.197125E+01
0.792000E+00  -.202161E+01
0.788000E+00  -.207258E+01
0.784000E+00  -.212417E+01
0.780000E+00  -.217641E+01
0.776000E+00  -.222930E+01
0.772000E+00  -.228286E+01
0.768000E+00  -.233710E+01
0.764000E+00  -.239203E+01
0.760000E+00  -.244768E+01
0.756000E+00  -.250405E+01
0.752000E+00  -.256116E+01
0.748000E+00  -.261903E+01
0.744000E+00  -.267767E+01
0.740000E+00  -.273710E+01
0.736000E+00  -.279733E+01
0.732000E+00  -.285839E+01
0.728000E+00  -.292030E+01
0.724000E+00  -.298306E+01
0.720000E+00  -.304671E+01
0.716000E+00  -.311125E+01
0.712000E+00  -.317672E+01
0.708000E+00  -.324313E+01
0.704000E+00  -.331050E+01
0.700000E+00  -.337885E+01
0.696000E+00  -.344822E+01
0.692000E+00  -.351861E+01
0.688000E+00  -.359006E+01
0.684000E+00  -.366259E+01
0.680000E+00  -.373622E+01
0.676000E+00  -.381099E+01
0.672000E+00  -.388691E+01
0.668000E+00  -.396402E+01
0.664000E+00  -.404235E+01
0.660000E+00  -.412192E+01
0.656000E+00  -.420277E+01
0.652000E+00  -.428492E+01
0.648000E+00  -.436841E+01
0.644000E+00  -.445327E+01
0.640000E+00  -.453954E+01
0.636000E+00  -.462725E+01
0.632000E+00  -.471644E+01
0.628000E+00  -.480715E+01
0.624000E+00  -.489941E+01
0.620000E+00  -.499327E+01
0.616000E+00  -.508876E+01
0.612000E+00  -.518594E+01
0.608000E+00  -.528484E+01
0.604000E+00  -.538551E+01
0.600000E+00  -.548800E+01
