0.996000E+00  -.119278E-01
0.992000E+00  -.239521E-01
0.988000E+00  -.360746E-01
0.984000E+00  -.482968E-01
0.980000E+00  -.606204E-01
0.976000E+00  -.730471E-01
0.972000E+00  -.855785E-01
0.968000E+00  -.982164E-01
0.964000E+00  -.110962E+00
0.960000E+00  -.123819E+00
0.956000E+00  -.136787E+00
0.952000E+00  -.149869E+00
0.948000E+00  -.163066E+00
0.944000E+00  -.176381E+00
0.940000E+00  -.189816E+00
0.936000E+00  -.203373E+00
0.932000E+00  -.217053E+00
0.928000E+00  -.230860E+00
0.924000E+00  -.244795E+00
0.920000E+00  -.258860E+00
0.916000E+00  -.273057E+00
0.912000E+00  -.287390E+00
0.908000E+00  -.301860E+00
0.904000E+00  -.316470E+00
0.900000E+00  -.331222E+00
0.896000E+00  -.346119E+00
0.892000E+00  -.361164E+00
0.888000E+00  -.376358E+00
0.884000E+00  -.391706E+00
0.880000E+00  -.407209E+00
0.876000E+00  -.422870E+00
0.872000E+00  -.438693E+00
0.868000E+00  -.454681E+00
0.864000E+00  -.470836E+00
0.860000E+00  -.487161E+00
0.856000E+00  -.503660E+00
0.852000E+00  -.520336E+00
0.848000E+00  -.537193E+00
0.844000E+00  -.554233E+00
0.840000E+00  -.571461E+00
0.836000E+00  -.588879E+00
0.832000E+00  -.606492E+00
0.828000E+00  -.624304E+00
0.824000E+00  -.642318E+00
0.820000E+00  -.660537E+00
0.816000E+00  -.678967E+00
0.812000E+00  -.697612E+00
0.808000E+00  -.716475E+00
0.804000E+00  -.735561E+00
0.800000E+00  -.754874E+00
0.796000E+00  -.774420E+00
0.792000E+00  -.794202E+00
0.788000E+00  -.814226E+00
0.784000E+00  -.834496E+00
0.780000E+00  -.855018E+00
0.776000E+00  -.875797E+00
0.772000E+00  -.896838E+00
0.768000E+00  -.918146E+00
0.764000E+00  -.939728E+00
0.760000E+00  -.961588E+00
0.756000E+00  -.983734E+00
0.752000E+00  -.100617E+01
0.748000E+00  -.102890E+01
0.744000E+00  -.105194E+01
0.740000E+00  -.107529E+01
0.736000E+00  -.109895E+01
0.732000E+00  -.112294E+01
0.728000E+00  -.114726E+01
0.724000E+00  -.117192E+01
0.720000E+00  -.119692E+01
0.716000E+00  -.122228E+01
0.712000E+00  -.124800E+01
0.708000E+00  -.127409E+01
0.704000E+00  -.130055E+01
0.700000E+00  -.132741E+01
0.696000E+00  -.135466E+01
0.692000E+00  -.138231E+01
0.688000E+00  -.141038E+01
0.684000E+00  -.143887E+01
0.680000E+00  -.146780E+01
0.676000E+00  -.149717E+01
0.672000E+00  -.152700E+01
0.668000E+00  -.155730E+01
0.664000E+00  -.158807E+01
0.660000E+00  -.161933E+01
0.656000E+00  -.165109E+01
0.652000E+00  -.168336E+01
0.648000E+00  -.171616E+01
0.644000E+00  -.174950E+01
0.640000E+00  -.178339E+01
0.636000E+00  -.181785E+01
0.632000E+00  -.185289E+01
0.628000E+00  -.188852E+01
0.624000E+00  -.192477E+01
0.620000E+00  -.196164E+01
0.616000E+00  -.199916E+01
0.612000E+00  -.203733E+01
0.608000E+00  -.207619E+01
0.604000E+00  -.211574E+01
0.600000E+00  -.215600E+01
