0.996000E+00  -.100302E-01
0.992000E+00  -.201415E-01
0.988000E+00  -.303355E-01
0.984000E+00  -.406132E-01
0.980000E+00  -.509763E-01
0.976000E+00  -.614260E-01
0.972000E+00  -.719637E-01
0.968000E+00  -.825910E-01
0.964000E+00  -.933094E-01
0.960000E+00  -.104120E+00
0.956000E+00  -.115025E+00
0.952000E+00  -.126026E+00
0.948000E+00  -.137124E+00
0.944000E+00  -.148321E+00
0.940000E+00  -.159618E+00
0.936000E+00  -.171018E+00
0.932000E+00  -.182522E+00
0.928000E+00  -.194132E+00
0.924000E+00  -.205850E+00
0.920000E+00  -.217677E+00
0.916000E+00  -.229616E+00
0.912000E+00  -.241669E+00
0.908000E+00  -.253837E+00
0.904000E+00  -.266122E+00
0.900000E+00  -.278528E+00
0.896000E+00  -.291055E+00
0.892000E+00  -.303706E+00
0.888000E+00  -.316483E+00
0.884000E+00  -.329389E+00
0.880000E+00  -.342426E+00
0.876000E+00  -.355596E+00
0.872000E+00  -.368901E+00
0.868000E+00  -.382345E+00
0.864000E+00  -.395930E+00
0.860000E+00  -.409658E+00
0.856000E+00  -.423532E+00
0.852000E+00  -.437556E+00
0.848000E+00  -.451730E+00
0.844000E+00  -.466060E+00
0.840000E+00  -.480547E+00
0.836000E+00  -.495194E+00
0.832000E+00  -.510005E+00
0.828000E+00  -.524983E+00
0.824000E+00  -.540131E+00
0.820000E+00  -.555452E+00
0.816000E+00  -.570950E+00
0.812000E+00  -.586628E+00
0.808000E+00  -.602490E+00
0.804000E+00  -.618540E+00
0.800000E+00  -.634781E+00
0.796000E+00  -.651217E+00
0.792000E+00  -.667852E+00
0.788000E+00  -.684690E+00
0.784000E+00  -.701736E+00
0.780000E+00  -.718993E+00
0.776000E+00  -.736466E+00
0.772000E+00  -.754159E+00
0.768000E+00  -.772077E+00
0.764000E+00  -.790225E+00
0.760000E+00  -.808608E+00
0.756000E+00  -.827230E+00
0.752000E+00  -.846097E+00
0.748000E+00  -.865214E+00
0.744000E+00  -.884587E+00
0.740000E+00  -.904220E+00
0.736000E+00  -.924119E+00
0.732000E+00  -.944291E+00
0.728000E+00  -.964741E+00
0.724000E+00  -.985476E+00
0.720000E+00  -.100650E+01
0.716000E+00  -.102783E+01
0.712000E+00  -.104945E+01
0.708000E+00  -.107139E+01
0.704000E+00  -.109365E+01
0.700000E+00  -.111623E+01
0.696000E+00  -.113914E+01
0.692000E+00  -.116240E+01
0.688000E+00  -.118600E+01
0.684000E+00  -.120996E+01
0.680000E+00  -.123429E+01
0.676000E+00  -.125899E+01
0.672000E+00  -.128407E+01
0.668000E+00  -.130954E+01
0.664000E+00  -.133542E+01
0.660000E+00  -.136171E+01
0.656000E+00  -.138841E+01
0.652000E+00  -.141555E+01
0.648000E+00  -.144313E+01
0.644000E+00  -.147117E+01
0.640000E+00  -.149967E+01
0.636000E+00  -.152865E+01
0.632000E+00  -.155811E+01
0.628000E+00  -.158808E+01
0.624000E+00  -.161855E+01
0.620000E+00  -.164956E+01
0.616000E+00  -.168111E+01
0.612000E+00  -.171321E+01
0.608000E+00  -.174588E+01
0.604000E+00  -.177914E+01
0.600000E+00  -.181300E+01
