0.996000E+00  -.318556E-01
0.992000E+00  -.639691E-01
0.988000E+00  -.963447E-01
0.984000E+00  -.128987E+00
0.980000E+00  -.161899E+00
0.976000E+00  -.195087E+00
0.972000E+00  -.228555E+00
0.968000E+00  -.262307E+00
0.964000E+00  -.296348E+00
0.960000E+00  -.330683E+00
0.956000E+00  -.365317E+00
0.952000E+00  -.400255E+00
0.948000E+00  -.435502E+00
0.944000E+00  -.471063E+00
0.940000E+00  -.506944E+00
0.936000E+00  -.543150E+00
0.932000E+00  -.579686E+00
0.928000E+00  -.616559E+00
0.924000E+00  -.653774E+00
0.920000E+00  -.691338E+00
0.916000E+00  -.729256E+00
0.912000E+00  -.767534E+00
0.908000E+00  -.806179E+00
0.904000E+00  -.845198E+00
0.900000E+00  -.884597E+00
0.896000E+00  -.924382E+00
0.892000E+00  -.964562E+00
0.888000E+00  -.100514E+01
0.884000E+00  -.104613E+01
0.880000E+00  -.108754E+01
0.876000E+00  -.112936E+01
0.872000E+00  -.117162E+01
0.868000E+00  -.121432E+01
0.864000E+00  -.125746E+01
0.860000E+00  -.130106E+01
0.856000E+00  -.134513E+01
0.852000E+00  -.138967E+01
0.848000E+00  -.143468E+01
0.844000E+00  -.148019E+01
0.840000E+00  -.152620E+01
0.836000E+00  -.157272E+01
0.832000E+00  -.161976E+01
0.828000E+00  -.166733E+01
0.824000E+00  -.171544E+01
0.820000E+00  -.176410E+01
0.816000E+00  -.181332E+01
0.812000E+00  -.186312E+01
0.808000E+00  -.191349E+01
0.804000E+00  -.196447E+01
0.800000E+00  -.201605E+01
0.796000E+00  -.206825E+01
0.792000E+00  -.212108E+01
0.788000E+00  -.217456E+01
0.784000E+00  -.222870E+01
0.780000E+00  -.228350E+01
0.776000E+00  -.233900E+01
0.772000E+00  -.239519E+01
0.768000E+00  -.245210E+01
0.764000E+00  -.250974E+01
0.760000E+00  -.256812E+01
0.756000E+00  -.262726E+01
0.752000E+00  -.268719E+01
0.748000E+00  -.274790E+01
0.744000E+00  -.280943E+01
0.740000E+00  -.287178E+01
0.736000E+00  -.293498E+01
0.732000E+00  -.299905E+01
0.728000E+00  -.306400E+01
0.724000E+00  -.312985E+01
0.720000E+00  -.319663E+01
0.716000E+00  -.326435E+01
0.712000E+00  -.333304E+01
0.708000E+00  -.340271E+01
0.704000E+00  -.347340E+01
0.700000E+00  -.354512E+01
0.696000E+00  -.361789E+01
0.692000E+00  -.369175E+01
0.688000E+00  -.376671E+01
0.684000E+00  -.384281E+01
0.680000E+00  -.392007E+01
0.676000E+00  -.399851E+01
0.672000E+00  -.407817E+01
0.668000E+00  -.415908E+01
0.664000E+00  -.424126E+01
0.660000E+00  -.432475E+01
0.656000E+00  -.440957E+01
0.652000E+00  -.449576E+01
0.648000E+00  -.458336E+01
0.644000E+00  -.467240E+01
0.640000E+00  -.476291E+01
0.636000E+00  -.485494E+01
0.632000E+00  -.494852E+01
0.628000E+00  -.504369E+01
0.624000E+00  -.514049E+01
0.620000E+00  -.523897E+01
0.616000E+00  -.533916E+01
0.612000E+00  -.544112E+01
0.608000E+00  -.554488E+01
0.604000E+00  -.565051E+01
0.600000E+00  -.575804E+01
