0.996000E+00  -.199037E-01
0.992000E+00  -.399686E-01
0.988000E+00  -.601972E-01
0.984000E+00  -.805923E-01
0.980000E+00  -.101157E+00
0.976000E+00  -.121893E+00
0.972000E+00  -.142804E+00
0.968000E+00  -.163892E+00
0.964000E+00  -.185162E+00
0.960000E+00  -.206615E+00
0.956000E+00  -.228254E+00
0.952000E+00  -.250084E+00
0.948000E+00  -.272106E+00
0.944000E+00  -.294325E+00
0.940000E+00  -.316744E+00
0.936000E+00  -.339366E+00
0.932000E+00  -.362194E+00
0.928000E+00  -.385233E+00
0.924000E+00  -.408485E+00
0.920000E+00  -.431955E+00
0.916000E+00  -.455647E+00
0.912000E+00  -.479564E+00
0.908000E+00  -.503710E+00
0.904000E+00  -.528089E+00
0.900000E+00  -.552706E+00
0.896000E+00  -.577564E+00
0.892000E+00  -.602669E+00
0.888000E+00  -.628024E+00
0.884000E+00  -.653634E+00
0.880000E+00  -.679504E+00
0.876000E+00  -.705638E+00
0.872000E+00  -.732042E+00
0.868000E+00  -.758720E+00
0.864000E+00  -.785677E+00
0.860000E+00  -.812919E+00
0.856000E+00  -.840451E+00
0.852000E+00  -.868278E+00
0.848000E+00  -.896407E+00
0.844000E+00  -.924842E+00
0.840000E+00  -.953589E+00
0.836000E+00  -.982655E+00
0.832000E+00  -.101205E+01
0.828000E+00  -.104177E+01
0.824000E+00  -.107183E+01
0.820000E+00  -.110223E+01
0.816000E+00  -.113298E+01
0.812000E+00  -.116410E+01
0.808000E+00  -.119557E+01
0.804000E+00  -.122742E+01
0.800000E+00  -.125965E+01
0.796000E+00  -.129226E+01
0.792000E+00  -.132527E+01
0.788000E+00  -.135869E+01
0.784000E+00  -.139251E+01
0.780000E+00  -.142676E+01
0.776000E+00  -.146143E+01
0.772000E+00  -.149654E+01
0.768000E+00  -.153210E+01
0.764000E+00  -.156811E+01
0.760000E+00  -.160459E+01
0.756000E+00  -.164154E+01
0.752000E+00  -.167898E+01
0.748000E+00  -.171692E+01
0.744000E+00  -.175536E+01
0.740000E+00  -.179432E+01
0.736000E+00  -.183381E+01
0.732000E+00  -.187384E+01
0.728000E+00  -.191442E+01
0.724000E+00  -.195556E+01
0.720000E+00  -.199729E+01
0.716000E+00  -.203960E+01
0.712000E+00  -.208252E+01
0.708000E+00  -.212605E+01
0.704000E+00  -.217022E+01
0.700000E+00  -.221503E+01
0.696000E+00  -.226050E+01
0.692000E+00  -.230665E+01
0.688000E+00  -.235348E+01
0.684000E+00  -.240103E+01
0.680000E+00  -.244930E+01
0.676000E+00  -.249832E+01
0.672000E+00  -.254809E+01
0.668000E+00  -.259864E+01
0.664000E+00  -.264999E+01
0.660000E+00  -.270215E+01
0.656000E+00  -.275515E+01
0.652000E+00  -.280900E+01
0.648000E+00  -.286373E+01
0.644000E+00  -.291937E+01
0.640000E+00  -.297592E+01
0.636000E+00  -.303342E+01
0.632000E+00  -.309189E+01
0.628000E+00  -.315135E+01
0.624000E+00  -.321184E+01
0.620000E+00  -.327336E+01
0.616000E+00  -.333597E+01
0.612000E+00  -.339967E+01
0.608000E+00  -.346450E+01
0.604000E+00  -.353050E+01
0.600000E+00  -.359769E+01
