0.996000E+00  -.400725E-01
0.992000E+00  -.804694E-01
0.988000E+00  -.121196E+00
0.984000E+00  -.162258E+00
0.980000E+00  -.203660E+00
0.976000E+00  -.245409E+00
0.972000E+00  -.287509E+00
0.968000E+00  -.329967E+00
0.964000E+00  -.372789E+00
0.960000E+00  -.415981E+00
0.956000E+00  -.459548E+00
0.952000E+00  -.503498E+00
0.948000E+00  -.547836E+00
0.944000E+00  -.592570E+00
0.940000E+00  -.637706E+00
0.936000E+00  -.683251E+00
0.932000E+00  -.729212E+00
0.928000E+00  -.775596E+00
0.924000E+00  -.822411E+00
0.920000E+00  -.869663E+00
0.916000E+00  -.917362E+00
0.912000E+00  -.965514E+00
0.908000E+00  -.101413E+01
0.904000E+00  -.106321E+01
0.900000E+00  -.111277E+01
0.896000E+00  -.116282E+01
0.892000E+00  -.121336E+01
0.888000E+00  -.126441E+01
0.884000E+00  -.131597E+01
0.880000E+00  -.136806E+01
0.876000E+00  -.142067E+01
0.872000E+00  -.147383E+01
0.868000E+00  -.152754E+01
0.864000E+00  -.158182E+01
0.860000E+00  -.163666E+01
0.856000E+00  -.169209E+01
0.852000E+00  -.174812E+01
0.848000E+00  -.180475E+01
0.844000E+00  -.186200E+01
0.840000E+00  -.191988E+01
0.836000E+00  -.197840E+01
0.832000E+00  -.203757E+01
0.828000E+00  -.209741E+01
0.824000E+00  -.215793E+01
0.820000E+00  -.221914E+01
0.816000E+00  -.228106E+01
0.812000E+00  -.234369E+01
0.808000E+00  -.240707E+01
0.804000E+00  -.247119E+01
0.800000E+00  -.253607E+01
0.796000E+00  -.260174E+01
0.792000E+00  -.266820E+01
0.788000E+00  -.273547E+01
0.784000E+00  -.280357E+01
0.780000E+00  -.287252E+01
0.776000E+00  -.294232E+01
0.772000E+00  -.301301E+01
0.768000E+00  -.308460E+01
0.764000E+00  -.315711E+01
0.760000E+00  -.323055E+01
0.756000E+00  -.330495E+01
0.752000E+00  -.338032E+01
0.748000E+00  -.345670E+01
0.744000E+00  -.353410E+01
0.740000E+00  -.361253E+01
0.736000E+00  -.369204E+01
0.732000E+00  -.377263E+01
0.728000E+00  -.385433E+01
0.724000E+00  -.393717E+01
0.720000E+00  -.402117E+01
0.716000E+00  -.410636E+01
0.712000E+00  -.419277E+01
0.708000E+00  -.428041E+01
0.704000E+00  -.436933E+01
0.700000E+00  -.445955E+01
0.696000E+00  -.455110E+01
0.692000E+00  -.464401E+01
0.688000E+00  -.473831E+01
0.684000E+00  -.483404E+01
0.680000E+00  -.493122E+01
0.676000E+00  -.502990E+01
0.672000E+00  -.513011E+01
0.668000E+00  -.523188E+01
0.664000E+00  -.533526E+01
0.660000E+00  -.544028E+01
0.656000E+00  -.554698E+01
0.652000E+00  -.565541E+01
0.648000E+00  -.576561E+01
0.644000E+00  -.587761E+01
0.640000E+00  -.599147E+01
0.636000E+00  -.610724E+01
0.632000E+00  -.622495E+01
0.628000E+00  -.634467E+01
0.624000E+00  -.646644E+01
0.620000E+00  -.659032E+01
0.616000E+00  -.671636E+01
0.612000E+00  -.684461E+01
0.608000E+00  -.697515E+01
0.604000E+00  -.710801E+01
0.600000E+00  -.724328E+01
