0.996000E+00  -.423134E-01
0.992000E+00  -.849695E-01
0.988000E+00  -.127974E+00
0.984000E+00  -.171332E+00
0.980000E+00  -.215049E+00
0.976000E+00  -.259133E+00
0.972000E+00  -.303588E+00
0.968000E+00  -.348420E+00
0.964000E+00  -.393637E+00
0.960000E+00  -.439244E+00
0.956000E+00  -.485247E+00
0.952000E+00  -.531655E+00
0.948000E+00  -.578473E+00
0.944000E+00  -.625709E+00
0.940000E+00  -.673369E+00
0.936000E+00  -.721461E+00
0.932000E+00  -.769992E+00
0.928000E+00  -.818970E+00
0.924000E+00  -.868402E+00
0.920000E+00  -.918298E+00
0.916000E+00  -.968663E+00
0.912000E+00  -.101951E+01
0.908000E+00  -.107084E+01
0.904000E+00  -.112267E+01
0.900000E+00  -.117500E+01
0.896000E+00  -.122785E+01
0.892000E+00  -.128122E+01
0.888000E+00  -.133512E+01
0.884000E+00  -.138957E+01
0.880000E+00  -.144456E+01
0.876000E+00  -.150012E+01
0.872000E+00  -.155625E+01
0.868000E+00  -.161297E+01
0.864000E+00  -.167028E+01
0.860000E+00  -.172819E+01
0.856000E+00  -.178672E+01
0.852000E+00  -.184588E+01
0.848000E+00  -.190568E+01
0.844000E+00  -.196613E+01
0.840000E+00  -.202724E+01
0.836000E+00  -.208903E+01
0.832000E+00  -.215152E+01
0.828000E+00  -.221470E+01
0.824000E+00  -.227861E+01
0.820000E+00  -.234324E+01
0.816000E+00  -.240862E+01
0.812000E+00  -.247476E+01
0.808000E+00  -.254168E+01
0.804000E+00  -.260938E+01
0.800000E+00  -.267790E+01
0.796000E+00  -.274724E+01
0.792000E+00  -.281741E+01
0.788000E+00  -.288845E+01
0.784000E+00  -.296035E+01
0.780000E+00  -.303316E+01
0.776000E+00  -.310687E+01
0.772000E+00  -.318151E+01
0.768000E+00  -.325710E+01
0.764000E+00  -.333366E+01
0.760000E+00  -.341121E+01
0.756000E+00  -.348977E+01
0.752000E+00  -.356936E+01
0.748000E+00  -.365001E+01
0.744000E+00  -.373173E+01
0.740000E+00  -.381456E+01
0.736000E+00  -.389851E+01
0.732000E+00  -.398360E+01
0.728000E+00  -.406988E+01
0.724000E+00  -.415735E+01
0.720000E+00  -.424605E+01
0.716000E+00  -.433600E+01
0.712000E+00  -.442724E+01
0.708000E+00  -.451979E+01
0.704000E+00  -.461368E+01
0.700000E+00  -.470894E+01
0.696000E+00  -.480561E+01
0.692000E+00  -.490372E+01
0.688000E+00  -.500329E+01
0.684000E+00  -.510437E+01
0.680000E+00  -.520699E+01
0.676000E+00  -.531119E+01
0.672000E+00  -.541700E+01
0.668000E+00  -.552447E+01
0.664000E+00  -.563362E+01
0.660000E+00  -.574452E+01
0.656000E+00  -.585719E+01
0.652000E+00  -.597168E+01
0.648000E+00  -.608804E+01
0.644000E+00  -.620630E+01
0.640000E+00  -.632653E+01
0.636000E+00  -.644877E+01
0.632000E+00  -.657307E+01
0.628000E+00  -.669949E+01
0.624000E+00  -.682807E+01
0.620000E+00  -.695887E+01
0.616000E+00  -.709196E+01
0.612000E+00  -.722739E+01
0.608000E+00  -.736522E+01
0.604000E+00  -.750552E+01
0.600000E+00  -.764835E+01
