0.996000E+00  -.124699E-01
0.992000E+00  -.250408E-01
0.988000E+00  -.377144E-01
0.984000E+00  -.504921E-01
0.980000E+00  -.633759E-01
0.976000E+00  -.763674E-01
0.972000E+00  -.894684E-01
0.968000E+00  -.102681E+00
0.964000E+00  -.116006E+00
0.960000E+00  -.129447E+00
0.956000E+00  -.143004E+00
0.952000E+00  -.156681E+00
0.948000E+00  -.170478E+00
0.944000E+00  -.184399E+00
0.940000E+00  -.198444E+00
0.936000E+00  -.212617E+00
0.932000E+00  -.226920E+00
0.928000E+00  -.241354E+00
0.924000E+00  -.255922E+00
0.920000E+00  -.270626E+00
0.916000E+00  -.285469E+00
0.912000E+00  -.300453E+00
0.908000E+00  -.315581E+00
0.904000E+00  -.330855E+00
0.900000E+00  -.346277E+00
0.896000E+00  -.361852E+00
0.892000E+00  -.377580E+00
0.888000E+00  -.393465E+00
0.884000E+00  -.409510E+00
0.880000E+00  -.425718E+00
0.876000E+00  -.442092E+00
0.872000E+00  -.458634E+00
0.868000E+00  -.475348E+00
0.864000E+00  -.492237E+00
0.860000E+00  -.509305E+00
0.856000E+00  -.526554E+00
0.852000E+00  -.543988E+00
0.848000E+00  -.561611E+00
0.844000E+00  -.579426E+00
0.840000E+00  -.597436E+00
0.836000E+00  -.615647E+00
0.832000E+00  -.634060E+00
0.828000E+00  -.652681E+00
0.824000E+00  -.671514E+00
0.820000E+00  -.690562E+00
0.816000E+00  -.709830E+00
0.812000E+00  -.729321E+00
0.808000E+00  -.749042E+00
0.804000E+00  -.768995E+00
0.800000E+00  -.789187E+00
0.796000E+00  -.809621E+00
0.792000E+00  -.830302E+00
0.788000E+00  -.851236E+00
0.784000E+00  -.872428E+00
0.780000E+00  -.893883E+00
0.776000E+00  -.915606E+00
0.772000E+00  -.937603E+00
0.768000E+00  -.959880E+00
0.764000E+00  -.982442E+00
0.760000E+00  -.100530E+01
0.756000E+00  -.102845E+01
0.752000E+00  -.105190E+01
0.748000E+00  -.107567E+01
0.744000E+00  -.109976E+01
0.740000E+00  -.112416E+01
0.736000E+00  -.114890E+01
0.732000E+00  -.117398E+01
0.728000E+00  -.119941E+01
0.724000E+00  -.122519E+01
0.720000E+00  -.125133E+01
0.716000E+00  -.127784E+01
0.712000E+00  -.130472E+01
0.708000E+00  -.133200E+01
0.704000E+00  -.135967E+01
0.700000E+00  -.138774E+01
0.696000E+00  -.141623E+01
0.692000E+00  -.144514E+01
0.688000E+00  -.147449E+01
0.684000E+00  -.150428E+01
0.680000E+00  -.153452E+01
0.676000E+00  -.156523E+01
0.672000E+00  -.159641E+01
0.668000E+00  -.162808E+01
0.664000E+00  -.166025E+01
0.660000E+00  -.169293E+01
0.656000E+00  -.172614E+01
0.652000E+00  -.175988E+01
0.648000E+00  -.179417E+01
0.644000E+00  -.182902E+01
0.640000E+00  -.186445E+01
0.636000E+00  -.190048E+01
0.632000E+00  -.193711E+01
0.628000E+00  -.197436E+01
0.624000E+00  -.201226E+01
0.620000E+00  -.205081E+01
0.616000E+00  -.209003E+01
0.612000E+00  -.212994E+01
0.608000E+00  -.217056E+01
0.604000E+00  -.221190E+01
0.600000E+00  -.225400E+01
