0.996000E+00  -.535183E-01
0.992000E+00  -.107470E+00
0.988000E+00  -.161862E+00
0.984000E+00  -.216702E+00
0.980000E+00  -.271996E+00
0.976000E+00  -.327753E+00
0.972000E+00  -.383979E+00
0.968000E+00  -.440684E+00
0.964000E+00  -.497874E+00
0.960000E+00  -.555558E+00
0.956000E+00  -.613744E+00
0.952000E+00  -.672441E+00
0.948000E+00  -.731656E+00
0.944000E+00  -.791400E+00
0.940000E+00  -.851681E+00
0.936000E+00  -.912508E+00
0.932000E+00  -.973890E+00
0.928000E+00  -.103584E+01
0.924000E+00  -.109836E+01
0.920000E+00  -.116147E+01
0.916000E+00  -.122517E+01
0.912000E+00  -.128948E+01
0.908000E+00  -.135441E+01
0.904000E+00  -.141996E+01
0.900000E+00  -.148615E+01
0.896000E+00  -.155299E+01
0.892000E+00  -.162049E+01
0.888000E+00  -.168867E+01
0.884000E+00  -.175753E+01
0.880000E+00  -.182709E+01
0.876000E+00  -.189736E+01
0.872000E+00  -.196836E+01
0.868000E+00  -.204009E+01
0.864000E+00  -.211258E+01
0.860000E+00  -.218583E+01
0.856000E+00  -.225986E+01
0.852000E+00  -.233468E+01
0.848000E+00  -.241031E+01
0.844000E+00  -.248677E+01
0.840000E+00  -.256407E+01
0.836000E+00  -.264222E+01
0.832000E+00  -.272125E+01
0.828000E+00  -.280117E+01
0.824000E+00  -.288199E+01
0.820000E+00  -.296374E+01
0.816000E+00  -.304644E+01
0.812000E+00  -.313009E+01
0.808000E+00  -.321473E+01
0.804000E+00  -.330037E+01
0.800000E+00  -.338702E+01
0.796000E+00  -.347472E+01
0.792000E+00  -.356348E+01
0.788000E+00  -.365333E+01
0.784000E+00  -.374428E+01
0.780000E+00  -.383635E+01
0.776000E+00  -.392959E+01
0.772000E+00  -.402399E+01
0.768000E+00  -.411960E+01
0.764000E+00  -.421643E+01
0.760000E+00  -.431452E+01
0.756000E+00  -.441388E+01
0.752000E+00  -.451455E+01
0.748000E+00  -.461655E+01
0.744000E+00  -.471992E+01
0.740000E+00  -.482468E+01
0.736000E+00  -.493086E+01
0.732000E+00  -.503849E+01
0.728000E+00  -.514760E+01
0.724000E+00  -.525824E+01
0.720000E+00  -.537043E+01
0.716000E+00  -.548420E+01
0.712000E+00  -.559960E+01
0.708000E+00  -.571666E+01
0.704000E+00  -.583541E+01
0.700000E+00  -.595590E+01
0.696000E+00  -.607817E+01
0.692000E+00  -.620225E+01
0.688000E+00  -.632819E+01
0.684000E+00  -.645604E+01
0.680000E+00  -.658584E+01
0.676000E+00  -.671763E+01
0.672000E+00  -.685146E+01
0.668000E+00  -.698738E+01
0.664000E+00  -.712544E+01
0.660000E+00  -.726570E+01
0.656000E+00  -.740821E+01
0.652000E+00  -.755302E+01
0.648000E+00  -.770019E+01
0.644000E+00  -.784977E+01
0.640000E+00  -.800184E+01
0.636000E+00  -.815645E+01
0.632000E+00  -.831366E+01
0.628000E+00  -.847355E+01
0.624000E+00  -.863618E+01
0.620000E+00  -.880162E+01
0.616000E+00  -.896995E+01
0.612000E+00  -.914124E+01
0.608000E+00  -.931557E+01
0.604000E+00  -.949303E+01
0.600000E+00  -.967368E+01
