0.996000E+00  -.146386E-01
0.992000E+00  -.293958E-01
0.988000E+00  -.442734E-01
0.984000E+00  -.592734E-01
0.980000E+00  -.743978E-01
0.976000E+00  -.896487E-01
0.972000E+00  -.105028E+00
0.968000E+00  -.120538E+00
0.964000E+00  -.136181E+00
0.960000E+00  -.151959E+00
0.956000E+00  -.167875E+00
0.952000E+00  -.183930E+00
0.948000E+00  -.200127E+00
0.944000E+00  -.216468E+00
0.940000E+00  -.232956E+00
0.936000E+00  -.249594E+00
0.932000E+00  -.266384E+00
0.928000E+00  -.283328E+00
0.924000E+00  -.300430E+00
0.920000E+00  -.317691E+00
0.916000E+00  -.335116E+00
0.912000E+00  -.352706E+00
0.908000E+00  -.370464E+00
0.904000E+00  -.388395E+00
0.900000E+00  -.406500E+00
0.896000E+00  -.424782E+00
0.892000E+00  -.443246E+00
0.888000E+00  -.461894E+00
0.884000E+00  -.480730E+00
0.880000E+00  -.499756E+00
0.876000E+00  -.518977E+00
0.872000E+00  -.538396E+00
0.868000E+00  -.558017E+00
0.864000E+00  -.577844E+00
0.860000E+00  -.597879E+00
0.856000E+00  -.618128E+00
0.852000E+00  -.638595E+00
0.848000E+00  -.659282E+00
0.844000E+00  -.680195E+00
0.840000E+00  -.701338E+00
0.836000E+00  -.722715E+00
0.832000E+00  -.744332E+00
0.828000E+00  -.766191E+00
0.824000E+00  -.788299E+00
0.820000E+00  -.810659E+00
0.816000E+00  -.833278E+00
0.812000E+00  -.856160E+00
0.808000E+00  -.879310E+00
0.804000E+00  -.902734E+00
0.800000E+00  -.926437E+00
0.796000E+00  -.950424E+00
0.792000E+00  -.974703E+00
0.788000E+00  -.999277E+00
0.784000E+00  -.102415E+01
0.780000E+00  -.104934E+01
0.776000E+00  -.107484E+01
0.772000E+00  -.110066E+01
0.768000E+00  -.112682E+01
0.764000E+00  -.115330E+01
0.760000E+00  -.118013E+01
0.756000E+00  -.120731E+01
0.752000E+00  -.123484E+01
0.748000E+00  -.126275E+01
0.744000E+00  -.129102E+01
0.740000E+00  -.131967E+01
0.736000E+00  -.134871E+01
0.732000E+00  -.137815E+01
0.728000E+00  -.140800E+01
0.724000E+00  -.143826E+01
0.720000E+00  -.146895E+01
0.716000E+00  -.150007E+01
0.712000E+00  -.153163E+01
0.708000E+00  -.156365E+01
0.704000E+00  -.159613E+01
0.700000E+00  -.162909E+01
0.696000E+00  -.166253E+01
0.692000E+00  -.169647E+01
0.688000E+00  -.173092E+01
0.684000E+00  -.176589E+01
0.680000E+00  -.180139E+01
0.676000E+00  -.183744E+01
0.672000E+00  -.187405E+01
0.668000E+00  -.191123E+01
0.664000E+00  -.194899E+01
0.660000E+00  -.198735E+01
0.656000E+00  -.202633E+01
0.652000E+00  -.206594E+01
0.648000E+00  -.210620E+01
0.644000E+00  -.214711E+01
0.640000E+00  -.218871E+01
0.636000E+00  -.223100E+01
0.632000E+00  -.227400E+01
0.628000E+00  -.231773E+01
0.624000E+00  -.236222E+01
0.620000E+00  -.240747E+01
0.616000E+00  -.245351E+01
0.612000E+00  -.250036E+01
0.608000E+00  -.254805E+01
0.604000E+00  -.259658E+01
0.600000E+00  -.264600E+01
