0.996000E+00  -.512773E-01
0.992000E+00  -.102970E+00
0.988000E+00  -.155084E+00
0.984000E+00  -.207628E+00
0.980000E+00  -.260607E+00
0.976000E+00  -.314029E+00
0.972000E+00  -.367901E+00
0.968000E+00  -.422231E+00
0.964000E+00  -.477027E+00
0.960000E+00  -.532295E+00
0.956000E+00  -.588045E+00
0.952000E+00  -.644284E+00
0.948000E+00  -.701020E+00
0.944000E+00  -.758262E+00
0.940000E+00  -.816018E+00
0.936000E+00  -.874298E+00
0.932000E+00  -.933111E+00
0.928000E+00  -.992464E+00
0.924000E+00  -.105237E+01
0.920000E+00  -.111283E+01
0.916000E+00  -.117387E+01
0.912000E+00  -.123549E+01
0.908000E+00  -.129769E+01
0.904000E+00  -.136050E+01
0.900000E+00  -.142392E+01
0.896000E+00  -.148796E+01
0.892000E+00  -.155264E+01
0.888000E+00  -.161796E+01
0.884000E+00  -.168394E+01
0.880000E+00  -.175059E+01
0.876000E+00  -.181792E+01
0.872000E+00  -.188594E+01
0.868000E+00  -.195467E+01
0.864000E+00  -.202412E+01
0.860000E+00  -.209430E+01
0.856000E+00  -.216523E+01
0.852000E+00  -.223692E+01
0.848000E+00  -.230939E+01
0.844000E+00  -.238264E+01
0.840000E+00  -.245670E+01
0.836000E+00  -.253159E+01
0.832000E+00  -.260730E+01
0.828000E+00  -.268388E+01
0.824000E+00  -.276132E+01
0.820000E+00  -.283964E+01
0.816000E+00  -.291887E+01
0.812000E+00  -.299903E+01
0.808000E+00  -.308012E+01
0.804000E+00  -.316217E+01
0.800000E+00  -.324520E+01
0.796000E+00  -.332922E+01
0.792000E+00  -.341427E+01
0.788000E+00  -.350035E+01
0.784000E+00  -.358749E+01
0.780000E+00  -.367571E+01
0.776000E+00  -.376504E+01
0.772000E+00  -.385550E+01
0.768000E+00  -.394710E+01
0.764000E+00  -.403988E+01
0.760000E+00  -.413386E+01
0.756000E+00  -.422906E+01
0.752000E+00  -.432551E+01
0.748000E+00  -.442325E+01
0.744000E+00  -.452228E+01
0.740000E+00  -.462265E+01
0.736000E+00  -.472439E+01
0.732000E+00  -.482751E+01
0.728000E+00  -.493206E+01
0.724000E+00  -.503806E+01
0.720000E+00  -.514555E+01
0.716000E+00  -.525456E+01
0.712000E+00  -.536513E+01
0.708000E+00  -.547728E+01
0.704000E+00  -.559106E+01
0.700000E+00  -.570651E+01
0.696000E+00  -.582366E+01
0.692000E+00  -.594254E+01
0.688000E+00  -.606321E+01
0.684000E+00  -.618571E+01
0.680000E+00  -.631007E+01
0.676000E+00  -.643634E+01
0.672000E+00  -.656457E+01
0.668000E+00  -.669480E+01
0.664000E+00  -.682708E+01
0.660000E+00  -.696147E+01
0.656000E+00  -.709800E+01
0.652000E+00  -.723675E+01
0.648000E+00  -.737776E+01
0.644000E+00  -.752108E+01
0.640000E+00  -.766678E+01
0.636000E+00  -.781491E+01
0.632000E+00  -.796555E+01
0.628000E+00  -.811874E+01
0.624000E+00  -.827456E+01
0.620000E+00  -.843307E+01
0.616000E+00  -.859435E+01
0.612000E+00  -.875847E+01
0.608000E+00  -.892550E+01
0.604000E+00  -.909552E+01
0.600000E+00  -.926861E+01
