0.996000E+00  -.281206E-01
0.992000E+00  -.564689E-01
0.988000E+00  -.850486E-01
0.984000E+00  -.113863E+00
0.980000E+00  -.142917E+00
0.976000E+00  -.172214E+00
0.972000E+00  -.201758E+00
0.968000E+00  -.231553E+00
0.964000E+00  -.261602E+00
0.960000E+00  -.291912E+00
0.956000E+00  -.322485E+00
0.952000E+00  -.353327E+00
0.948000E+00  -.384441E+00
0.944000E+00  -.415833E+00
0.940000E+00  -.447506E+00
0.936000E+00  -.479467E+00
0.932000E+00  -.511720E+00
0.928000E+00  -.544270E+00
0.924000E+00  -.577122E+00
0.920000E+00  -.610281E+00
0.916000E+00  -.643753E+00
0.912000E+00  -.677543E+00
0.908000E+00  -.711658E+00
0.904000E+00  -.746101E+00
0.900000E+00  -.780881E+00
0.896000E+00  -.816002E+00
0.892000E+00  -.851470E+00
0.888000E+00  -.887293E+00
0.884000E+00  -.923476E+00
0.880000E+00  -.960026E+00
0.876000E+00  -.996949E+00
0.872000E+00  -.103425E+01
0.868000E+00  -.107194E+01
0.864000E+00  -.111003E+01
0.860000E+00  -.114852E+01
0.856000E+00  -.118742E+01
0.852000E+00  -.122673E+01
0.848000E+00  -.126647E+01
0.844000E+00  -.130665E+01
0.840000E+00  -.134726E+01
0.836000E+00  -.138833E+01
0.832000E+00  -.142985E+01
0.828000E+00  -.147184E+01
0.824000E+00  -.151431E+01
0.820000E+00  -.155727E+01
0.816000E+00  -.160072E+01
0.812000E+00  -.164467E+01
0.808000E+00  -.168914E+01
0.804000E+00  -.173414E+01
0.800000E+00  -.177967E+01
0.796000E+00  -.182575E+01
0.792000E+00  -.187239E+01
0.788000E+00  -.191960E+01
0.784000E+00  -.196739E+01
0.780000E+00  -.201577E+01
0.776000E+00  -.206476E+01
0.772000E+00  -.211436E+01
0.768000E+00  -.216460E+01
0.764000E+00  -.221548E+01
0.760000E+00  -.226702E+01
0.756000E+00  -.231923E+01
0.752000E+00  -.237212E+01
0.748000E+00  -.242572E+01
0.744000E+00  -.248003E+01
0.740000E+00  -.253507E+01
0.736000E+00  -.259086E+01
0.732000E+00  -.264742E+01
0.728000E+00  -.270475E+01
0.724000E+00  -.276288E+01
0.720000E+00  -.282183E+01
0.716000E+00  -.288161E+01
0.712000E+00  -.294225E+01
0.708000E+00  -.300375E+01
0.704000E+00  -.306615E+01
0.700000E+00  -.312946E+01
0.696000E+00  -.319371E+01
0.692000E+00  -.325890E+01
0.688000E+00  -.332508E+01
0.684000E+00  -.339226E+01
0.680000E+00  -.346046E+01
0.676000E+00  -.352970E+01
0.672000E+00  -.360002E+01
0.668000E+00  -.367144E+01
0.664000E+00  -.374399E+01
0.660000E+00  -.381768E+01
0.656000E+00  -.389256E+01
0.652000E+00  -.396865E+01
0.648000E+00  -.404598E+01
0.644000E+00  -.412458E+01
0.640000E+00  -.420448E+01
0.636000E+00  -.428572E+01
0.632000E+00  -.436832E+01
0.628000E+00  -.445233E+01
0.624000E+00  -.453779E+01
0.620000E+00  -.462472E+01
0.616000E+00  -.471316E+01
0.612000E+00  -.480317E+01
0.608000E+00  -.489477E+01
0.604000E+00  -.498801E+01
0.600000E+00  -.508293E+01
