0.996000E+00  -.505304E-01
0.992000E+00  -.101470E+00
0.988000E+00  -.152825E+00
0.984000E+00  -.204603E+00
0.980000E+00  -.256810E+00
0.976000E+00  -.309454E+00
0.972000E+00  -.362542E+00
0.968000E+00  -.416080E+00
0.964000E+00  -.470077E+00
0.960000E+00  -.524541E+00
0.956000E+00  -.579478E+00
0.952000E+00  -.634898E+00
0.948000E+00  -.690808E+00
0.944000E+00  -.747216E+00
0.940000E+00  -.804131E+00
0.936000E+00  -.861562E+00
0.932000E+00  -.919517E+00
0.928000E+00  -.978007E+00
0.924000E+00  -.103704E+01
0.920000E+00  -.109662E+01
0.916000E+00  -.115677E+01
0.912000E+00  -.121749E+01
0.908000E+00  -.127879E+01
0.904000E+00  -.134068E+01
0.900000E+00  -.140318E+01
0.896000E+00  -.146629E+01
0.892000E+00  -.153002E+01
0.888000E+00  -.159439E+01
0.884000E+00  -.165941E+01
0.880000E+00  -.172508E+01
0.876000E+00  -.179143E+01
0.872000E+00  -.185846E+01
0.868000E+00  -.192619E+01
0.864000E+00  -.199463E+01
0.860000E+00  -.206379E+01
0.856000E+00  -.213369E+01
0.852000E+00  -.220433E+01
0.848000E+00  -.227574E+01
0.844000E+00  -.234793E+01
0.840000E+00  -.242092E+01
0.836000E+00  -.249471E+01
0.832000E+00  -.256932E+01
0.828000E+00  -.264478E+01
0.824000E+00  -.272109E+01
0.820000E+00  -.279828E+01
0.816000E+00  -.287635E+01
0.812000E+00  -.295534E+01
0.808000E+00  -.303525E+01
0.804000E+00  -.311610E+01
0.800000E+00  -.319792E+01
0.796000E+00  -.328072E+01
0.792000E+00  -.336453E+01
0.788000E+00  -.344936E+01
0.784000E+00  -.353523E+01
0.780000E+00  -.362217E+01
0.776000E+00  -.371019E+01
0.772000E+00  -.379933E+01
0.768000E+00  -.388960E+01
0.764000E+00  -.398103E+01
0.760000E+00  -.407364E+01
0.756000E+00  -.416745E+01
0.752000E+00  -.426250E+01
0.748000E+00  -.435881E+01
0.744000E+00  -.445640E+01
0.740000E+00  -.455531E+01
0.736000E+00  -.465556E+01
0.732000E+00  -.475719E+01
0.728000E+00  -.486021E+01
0.724000E+00  -.496467E+01
0.720000E+00  -.507059E+01
0.716000E+00  -.517802E+01
0.712000E+00  -.528697E+01
0.708000E+00  -.539749E+01
0.704000E+00  -.550962E+01
0.700000E+00  -.562338E+01
0.696000E+00  -.573882E+01
0.692000E+00  -.585598E+01
0.688000E+00  -.597489E+01
0.684000E+00  -.609560E+01
0.680000E+00  -.621814E+01
0.676000E+00  -.634258E+01
0.672000E+00  -.646894E+01
0.668000E+00  -.659727E+01
0.664000E+00  -.672763E+01
0.660000E+00  -.686005E+01
0.656000E+00  -.699460E+01
0.652000E+00  -.713133E+01
0.648000E+00  -.727028E+01
0.644000E+00  -.741152E+01
0.640000E+00  -.755509E+01
0.636000E+00  -.770107E+01
0.632000E+00  -.784951E+01
0.628000E+00  -.800047E+01
0.624000E+00  -.815402E+01
0.620000E+00  -.831022E+01
0.616000E+00  -.846915E+01
0.612000E+00  -.863088E+01
0.608000E+00  -.879548E+01
0.604000E+00  -.896302E+01
0.600000E+00  -.913359E+01
