0.996000E+00  -.580003E-01
0.992000E+00  -.116470E+00
0.988000E+00  -.175417E+00
0.984000E+00  -.234849E+00
0.980000E+00  -.294775E+00
0.976000E+00  -.355201E+00
0.972000E+00  -.416136E+00
0.968000E+00  -.477589E+00
0.964000E+00  -.539569E+00
0.960000E+00  -.602084E+00
0.956000E+00  -.665143E+00
0.952000E+00  -.728755E+00
0.948000E+00  -.792930E+00
0.944000E+00  -.857677E+00
0.940000E+00  -.923006E+00
0.936000E+00  -.988927E+00
0.932000E+00  -.105545E+01
0.928000E+00  -.112259E+01
0.924000E+00  -.119034E+01
0.920000E+00  -.125874E+01
0.916000E+00  -.132778E+01
0.912000E+00  -.139747E+01
0.908000E+00  -.146783E+01
0.904000E+00  -.153887E+01
0.900000E+00  -.161061E+01
0.896000E+00  -.168305E+01
0.892000E+00  -.175620E+01
0.888000E+00  -.183009E+01
0.884000E+00  -.190472E+01
0.880000E+00  -.198010E+01
0.876000E+00  -.205626E+01
0.872000E+00  -.213320E+01
0.868000E+00  -.221094E+01
0.864000E+00  -.228950E+01
0.860000E+00  -.236888E+01
0.856000E+00  -.244911E+01
0.852000E+00  -.253020E+01
0.848000E+00  -.261217E+01
0.844000E+00  -.269503E+01
0.840000E+00  -.277880E+01
0.836000E+00  -.286350E+01
0.832000E+00  -.294915E+01
0.828000E+00  -.303576E+01
0.824000E+00  -.312335E+01
0.820000E+00  -.321195E+01
0.816000E+00  -.330156E+01
0.812000E+00  -.339223E+01
0.808000E+00  -.348395E+01
0.804000E+00  -.357676E+01
0.800000E+00  -.367067E+01
0.796000E+00  -.376571E+01
0.792000E+00  -.386191E+01
0.788000E+00  -.395928E+01
0.784000E+00  -.405784E+01
0.780000E+00  -.415763E+01
0.776000E+00  -.425867E+01
0.772000E+00  -.436099E+01
0.768000E+00  -.446460E+01
0.764000E+00  -.456954E+01
0.760000E+00  -.467584E+01
0.756000E+00  -.478353E+01
0.752000E+00  -.489263E+01
0.748000E+00  -.500317E+01
0.744000E+00  -.511519E+01
0.740000E+00  -.522872E+01
0.736000E+00  -.534380E+01
0.732000E+00  -.546044E+01
0.728000E+00  -.557870E+01
0.724000E+00  -.569860E+01
0.720000E+00  -.582018E+01
0.716000E+00  -.594348E+01
0.712000E+00  -.606854E+01
0.708000E+00  -.619540E+01
0.704000E+00  -.632410E+01
0.700000E+00  -.645468E+01
0.696000E+00  -.658719E+01
0.692000E+00  -.672167E+01
0.688000E+00  -.685816E+01
0.684000E+00  -.699671E+01
0.680000E+00  -.713737E+01
0.676000E+00  -.728020E+01
0.672000E+00  -.742524E+01
0.668000E+00  -.757255E+01
0.664000E+00  -.772217E+01
0.660000E+00  -.787418E+01
0.656000E+00  -.802862E+01
0.652000E+00  -.818555E+01
0.648000E+00  -.834505E+01
0.644000E+00  -.850716E+01
0.640000E+00  -.867196E+01
0.636000E+00  -.883952E+01
0.632000E+00  -.900990E+01
0.628000E+00  -.918318E+01
0.624000E+00  -.935943E+01
0.620000E+00  -.953873E+01
0.616000E+00  -.972115E+01
0.612000E+00  -.990679E+01
0.608000E+00  -.100957E+02
0.604000E+00  -.102880E+02
0.600000E+00  -.104838E+02
