0.996000E+00  -.482894E-01
0.992000E+00  -.969697E-01
0.988000E+00  -.146047E+00
0.984000E+00  -.195529E+00
0.980000E+00  -.245421E+00
0.976000E+00  -.295730E+00
0.972000E+00  -.346463E+00
0.968000E+00  -.397627E+00
0.964000E+00  -.449230E+00
0.960000E+00  -.501278E+00
0.956000E+00  -.553779E+00
0.952000E+00  -.606741E+00
0.948000E+00  -.660171E+00
0.944000E+00  -.714077E+00
0.940000E+00  -.768469E+00
0.936000E+00  -.823352E+00
0.932000E+00  -.878738E+00
0.928000E+00  -.934633E+00
0.924000E+00  -.991047E+00
0.920000E+00  -.104799E+01
0.916000E+00  -.110547E+01
0.912000E+00  -.116349E+01
0.908000E+00  -.122208E+01
0.904000E+00  -.128122E+01
0.900000E+00  -.134095E+01
0.896000E+00  -.140126E+01
0.892000E+00  -.146216E+01
0.888000E+00  -.152368E+01
0.884000E+00  -.158581E+01
0.880000E+00  -.164858E+01
0.876000E+00  -.171198E+01
0.872000E+00  -.177604E+01
0.868000E+00  -.184077E+01
0.864000E+00  -.190617E+01
0.860000E+00  -.197226E+01
0.856000E+00  -.203906E+01
0.852000E+00  -.210657E+01
0.848000E+00  -.217482E+01
0.844000E+00  -.224380E+01
0.840000E+00  -.231355E+01
0.836000E+00  -.238407E+01
0.832000E+00  -.245538E+01
0.828000E+00  -.252748E+01
0.824000E+00  -.260041E+01
0.820000E+00  -.267418E+01
0.816000E+00  -.274879E+01
0.812000E+00  -.282427E+01
0.808000E+00  -.290064E+01
0.804000E+00  -.297791E+01
0.800000E+00  -.305610E+01
0.796000E+00  -.313523E+01
0.792000E+00  -.321532E+01
0.788000E+00  -.329638E+01
0.784000E+00  -.337845E+01
0.780000E+00  -.346153E+01
0.776000E+00  -.354565E+01
0.772000E+00  -.363083E+01
0.768000E+00  -.371710E+01
0.764000E+00  -.380447E+01
0.760000E+00  -.389298E+01
0.756000E+00  -.398263E+01
0.752000E+00  -.407346E+01
0.748000E+00  -.416550E+01
0.744000E+00  -.425877E+01
0.740000E+00  -.435329E+01
0.736000E+00  -.444909E+01
0.732000E+00  -.454621E+01
0.728000E+00  -.464466E+01
0.724000E+00  -.474449E+01
0.720000E+00  -.484572E+01
0.716000E+00  -.494838E+01
0.712000E+00  -.505250E+01
0.708000E+00  -.515812E+01
0.704000E+00  -.526527E+01
0.700000E+00  -.537399E+01
0.696000E+00  -.548431E+01
0.692000E+00  -.559627E+01
0.688000E+00  -.570991E+01
0.684000E+00  -.582526E+01
0.680000E+00  -.594238E+01
0.676000E+00  -.606129E+01
0.672000E+00  -.618204E+01
0.668000E+00  -.630469E+01
0.664000E+00  -.642926E+01
0.660000E+00  -.655582E+01
0.656000E+00  -.668440E+01
0.652000E+00  -.681506E+01
0.648000E+00  -.694785E+01
0.644000E+00  -.708282E+01
0.640000E+00  -.722003E+01
0.636000E+00  -.735953E+01
0.632000E+00  -.750139E+01
0.628000E+00  -.764565E+01
0.624000E+00  -.779239E+01
0.620000E+00  -.794167E+01
0.616000E+00  -.809355E+01
0.612000E+00  -.824811E+01
0.608000E+00  -.840541E+01
0.604000E+00  -.856552E+01
0.600000E+00  -.872853E+01
