0.996000E+00  -.184097E-01
0.992000E+00  -.369685E-01
0.988000E+00  -.556788E-01
0.984000E+00  -.745430E-01
0.980000E+00  -.935637E-01
0.976000E+00  -.112743E+00
0.972000E+00  -.132085E+00
0.968000E+00  -.151591E+00
0.964000E+00  -.171263E+00
0.960000E+00  -.191106E+00
0.956000E+00  -.211121E+00
0.952000E+00  -.231312E+00
0.948000E+00  -.251682E+00
0.944000E+00  -.272233E+00
0.940000E+00  -.292969E+00
0.936000E+00  -.313893E+00
0.932000E+00  -.335008E+00
0.928000E+00  -.356317E+00
0.924000E+00  -.377824E+00
0.920000E+00  -.399533E+00
0.916000E+00  -.421446E+00
0.912000E+00  -.443567E+00
0.908000E+00  -.465901E+00
0.904000E+00  -.488450E+00
0.900000E+00  -.511219E+00
0.896000E+00  -.534212E+00
0.892000E+00  -.557432E+00
0.888000E+00  -.580884E+00
0.884000E+00  -.604572E+00
0.880000E+00  -.628500E+00
0.876000E+00  -.652673E+00
0.872000E+00  -.677094E+00
0.868000E+00  -.701770E+00
0.864000E+00  -.726704E+00
0.860000E+00  -.751901E+00
0.856000E+00  -.777366E+00
0.852000E+00  -.803105E+00
0.848000E+00  -.829122E+00
0.844000E+00  -.855422E+00
0.840000E+00  -.882012E+00
0.836000E+00  -.908897E+00
0.832000E+00  -.936081E+00
0.828000E+00  -.963572E+00
0.824000E+00  -.991375E+00
0.820000E+00  -.101950E+01
0.816000E+00  -.104794E+01
0.812000E+00  -.107672E+01
0.808000E+00  -.110583E+01
0.804000E+00  -.113529E+01
0.800000E+00  -.116510E+01
0.796000E+00  -.119527E+01
0.792000E+00  -.122580E+01
0.788000E+00  -.125670E+01
0.784000E+00  -.128799E+01
0.780000E+00  -.131966E+01
0.776000E+00  -.135174E+01
0.772000E+00  -.138421E+01
0.768000E+00  -.141710E+01
0.764000E+00  -.145041E+01
0.760000E+00  -.148415E+01
0.756000E+00  -.151833E+01
0.752000E+00  -.155296E+01
0.748000E+00  -.158805E+01
0.744000E+00  -.162360E+01
0.740000E+00  -.165964E+01
0.736000E+00  -.169616E+01
0.732000E+00  -.173319E+01
0.728000E+00  -.177072E+01
0.724000E+00  -.180878E+01
0.720000E+00  -.184737E+01
0.716000E+00  -.188651E+01
0.712000E+00  -.192620E+01
0.708000E+00  -.196647E+01
0.704000E+00  -.200732E+01
0.700000E+00  -.204877E+01
0.696000E+00  -.209082E+01
0.692000E+00  -.213351E+01
0.688000E+00  -.217683E+01
0.684000E+00  -.222081E+01
0.680000E+00  -.226546E+01
0.676000E+00  -.231079E+01
0.672000E+00  -.235683E+01
0.668000E+00  -.240358E+01
0.664000E+00  -.245108E+01
0.660000E+00  -.249932E+01
0.656000E+00  -.254834E+01
0.652000E+00  -.259816E+01
0.648000E+00  -.264878E+01
0.644000E+00  -.270024E+01
0.640000E+00  -.275255E+01
0.636000E+00  -.280573E+01
0.632000E+00  -.285981E+01
0.628000E+00  -.291481E+01
0.624000E+00  -.297075E+01
0.620000E+00  -.302766E+01
0.616000E+00  -.308557E+01
0.612000E+00  -.314449E+01
0.608000E+00  -.320446E+01
0.604000E+00  -.326550E+01
0.600000E+00  -.332764E+01
