0.996000E+00  -.121989E-01
0.992000E+00  -.244965E-01
0.988000E+00  -.368945E-01
0.984000E+00  -.493945E-01
0.980000E+00  -.619982E-01
0.976000E+00  -.747073E-01
0.972000E+00  -.875235E-01
0.968000E+00  -.100449E+00
0.964000E+00  -.113484E+00
0.960000E+00  -.126633E+00
0.956000E+00  -.139896E+00
0.952000E+00  -.153275E+00
0.948000E+00  -.166772E+00
0.944000E+00  -.180390E+00
0.940000E+00  -.194130E+00
0.936000E+00  -.207995E+00
0.932000E+00  -.221987E+00
0.928000E+00  -.236107E+00
0.924000E+00  -.250358E+00
0.920000E+00  -.264743E+00
0.916000E+00  -.279263E+00
0.912000E+00  -.293921E+00
0.908000E+00  -.308720E+00
0.904000E+00  -.323662E+00
0.900000E+00  -.338750E+00
0.896000E+00  -.353985E+00
0.892000E+00  -.369372E+00
0.888000E+00  -.384912E+00
0.884000E+00  -.400608E+00
0.880000E+00  -.416464E+00
0.876000E+00  -.432481E+00
0.872000E+00  -.448664E+00
0.868000E+00  -.465014E+00
0.864000E+00  -.481536E+00
0.860000E+00  -.498233E+00
0.856000E+00  -.515107E+00
0.852000E+00  -.532162E+00
0.848000E+00  -.549402E+00
0.844000E+00  -.566829E+00
0.840000E+00  -.584449E+00
0.836000E+00  -.602263E+00
0.832000E+00  -.620276E+00
0.828000E+00  -.638493E+00
0.824000E+00  -.656916E+00
0.820000E+00  -.675550E+00
0.816000E+00  -.694398E+00
0.812000E+00  -.713467E+00
0.808000E+00  -.732758E+00
0.804000E+00  -.752278E+00
0.800000E+00  -.772031E+00
0.796000E+00  -.792020E+00
0.792000E+00  -.812252E+00
0.788000E+00  -.832731E+00
0.784000E+00  -.853462E+00
0.780000E+00  -.874450E+00
0.776000E+00  -.895701E+00
0.772000E+00  -.917220E+00
0.768000E+00  -.939013E+00
0.764000E+00  -.961085E+00
0.760000E+00  -.983442E+00
0.756000E+00  -.100609E+01
0.752000E+00  -.102904E+01
0.748000E+00  -.105229E+01
0.744000E+00  -.107585E+01
0.740000E+00  -.109973E+01
0.736000E+00  -.112393E+01
0.732000E+00  -.114846E+01
0.728000E+00  -.117333E+01
0.724000E+00  -.119855E+01
0.720000E+00  -.122412E+01
0.716000E+00  -.125006E+01
0.712000E+00  -.127636E+01
0.708000E+00  -.130304E+01
0.704000E+00  -.133011E+01
0.700000E+00  -.135758E+01
0.696000E+00  -.138544E+01
0.692000E+00  -.141373E+01
0.688000E+00  -.144244E+01
0.684000E+00  -.147158E+01
0.680000E+00  -.150116E+01
0.676000E+00  -.153120E+01
0.672000E+00  -.156171E+01
0.668000E+00  -.159269E+01
0.664000E+00  -.162416E+01
0.660000E+00  -.165613E+01
0.656000E+00  -.168861E+01
0.652000E+00  -.172162E+01
0.648000E+00  -.175516E+01
0.644000E+00  -.178926E+01
0.640000E+00  -.182392E+01
0.636000E+00  -.185916E+01
0.632000E+00  -.189500E+01
0.628000E+00  -.193144E+01
0.624000E+00  -.196851E+01
0.620000E+00  -.200622E+01
0.616000E+00  -.204459E+01
0.612000E+00  -.208364E+01
0.608000E+00  -.212337E+01
0.604000E+00  -.216382E+01
0.600000E+00  -.220500E+01
