0.996000E+00  -.340965E-01
0.992000E+00  -.684692E-01
0.988000E+00  -.103122E+00
0.984000E+00  -.138061E+00
0.980000E+00  -.173289E+00
0.976000E+00  -.208811E+00
0.972000E+00  -.244633E+00
0.968000E+00  -.280760E+00
0.964000E+00  -.317196E+00
0.960000E+00  -.353946E+00
0.956000E+00  -.391017E+00
0.952000E+00  -.428412E+00
0.948000E+00  -.466139E+00
0.944000E+00  -.504201E+00
0.940000E+00  -.542606E+00
0.936000E+00  -.581359E+00
0.932000E+00  -.620466E+00
0.928000E+00  -.659933E+00
0.924000E+00  -.699766E+00
0.920000E+00  -.739972E+00
0.916000E+00  -.780557E+00
0.912000E+00  -.821529E+00
0.908000E+00  -.862892E+00
0.904000E+00  -.904656E+00
0.900000E+00  -.946826E+00
0.896000E+00  -.989411E+00
0.892000E+00  -.103242E+01
0.888000E+00  -.107585E+01
0.884000E+00  -.111972E+01
0.880000E+00  -.116404E+01
0.876000E+00  -.120881E+01
0.872000E+00  -.125404E+01
0.868000E+00  -.129974E+01
0.864000E+00  -.134592E+01
0.860000E+00  -.139259E+01
0.856000E+00  -.143976E+01
0.852000E+00  -.148743E+01
0.848000E+00  -.153561E+01
0.844000E+00  -.158432E+01
0.840000E+00  -.163357E+01
0.836000E+00  -.168336E+01
0.832000E+00  -.173371E+01
0.828000E+00  -.178463E+01
0.824000E+00  -.183612E+01
0.820000E+00  -.188820E+01
0.816000E+00  -.194089E+01
0.812000E+00  -.199418E+01
0.808000E+00  -.204810E+01
0.804000E+00  -.210266E+01
0.800000E+00  -.215787E+01
0.796000E+00  -.221375E+01
0.792000E+00  -.227030E+01
0.788000E+00  -.232753E+01
0.784000E+00  -.238548E+01
0.780000E+00  -.244414E+01
0.776000E+00  -.250354E+01
0.772000E+00  -.256369E+01
0.768000E+00  -.262460E+01
0.764000E+00  -.268629E+01
0.760000E+00  -.274878E+01
0.756000E+00  -.281209E+01
0.752000E+00  -.287622E+01
0.748000E+00  -.294121E+01
0.744000E+00  -.300706E+01
0.740000E+00  -.307380E+01
0.736000E+00  -.314145E+01
0.732000E+00  -.321002E+01
0.728000E+00  -.327954E+01
0.724000E+00  -.335003E+01
0.720000E+00  -.342150E+01
0.716000E+00  -.349399E+01
0.712000E+00  -.356751E+01
0.708000E+00  -.364208E+01
0.704000E+00  -.371774E+01
0.700000E+00  -.379451E+01
0.696000E+00  -.387240E+01
0.692000E+00  -.395146E+01
0.688000E+00  -.403170E+01
0.684000E+00  -.411315E+01
0.680000E+00  -.419584E+01
0.676000E+00  -.427980E+01
0.672000E+00  -.436507E+01
0.668000E+00  -.445166E+01
0.664000E+00  -.453962E+01
0.660000E+00  -.462898E+01
0.656000E+00  -.471977E+01
0.652000E+00  -.481203E+01
0.648000E+00  -.490579E+01
0.644000E+00  -.500109E+01
0.640000E+00  -.509798E+01
0.636000E+00  -.519648E+01
0.632000E+00  -.529664E+01
0.628000E+00  -.539850E+01
0.624000E+00  -.550211E+01
0.620000E+00  -.560752E+01
0.616000E+00  -.571476E+01
0.612000E+00  -.582389E+01
0.608000E+00  -.593496E+01
0.604000E+00  -.604801E+01
0.600000E+00  -.616311E+01
