0.996000E+00  -.138254E-01
0.992000E+00  -.277627E-01
0.988000E+00  -.418137E-01
0.984000E+00  -.559804E-01
0.980000E+00  -.702646E-01
0.976000E+00  -.846682E-01
0.972000E+00  -.991932E-01
0.968000E+00  -.113842E+00
0.964000E+00  -.128616E+00
0.960000E+00  -.143517E+00
0.956000E+00  -.158548E+00
0.952000E+00  -.173711E+00
0.948000E+00  -.189008E+00
0.944000E+00  -.204442E+00
0.940000E+00  -.220014E+00
0.936000E+00  -.235728E+00
0.932000E+00  -.251585E+00
0.928000E+00  -.267588E+00
0.924000E+00  -.283739E+00
0.920000E+00  -.300042E+00
0.916000E+00  -.316498E+00
0.912000E+00  -.333111E+00
0.908000E+00  -.349883E+00
0.904000E+00  -.366817E+00
0.900000E+00  -.383916E+00
0.896000E+00  -.401183E+00
0.892000E+00  -.418621E+00
0.888000E+00  -.436233E+00
0.884000E+00  -.454022E+00
0.880000E+00  -.471992E+00
0.876000E+00  -.490145E+00
0.872000E+00  -.508486E+00
0.868000E+00  -.527016E+00
0.864000E+00  -.545741E+00
0.860000E+00  -.564664E+00
0.856000E+00  -.583788E+00
0.852000E+00  -.603117E+00
0.848000E+00  -.622655E+00
0.844000E+00  -.642407E+00
0.840000E+00  -.662375E+00
0.836000E+00  -.682565E+00
0.832000E+00  -.702980E+00
0.828000E+00  -.723625E+00
0.824000E+00  -.744504E+00
0.820000E+00  -.765623E+00
0.816000E+00  -.786985E+00
0.812000E+00  -.808596E+00
0.808000E+00  -.830460E+00
0.804000E+00  -.852582E+00
0.800000E+00  -.874968E+00
0.796000E+00  -.897623E+00
0.792000E+00  -.920553E+00
0.788000E+00  -.943762E+00
0.784000E+00  -.967257E+00
0.780000E+00  -.991044E+00
0.776000E+00  -.101513E+01
0.772000E+00  -.103952E+01
0.768000E+00  -.106421E+01
0.764000E+00  -.108923E+01
0.760000E+00  -.111457E+01
0.756000E+00  -.114024E+01
0.752000E+00  -.116624E+01
0.748000E+00  -.119259E+01
0.744000E+00  -.121929E+01
0.740000E+00  -.124636E+01
0.736000E+00  -.127379E+01
0.732000E+00  -.130159E+01
0.728000E+00  -.132978E+01
0.724000E+00  -.135836E+01
0.720000E+00  -.138734E+01
0.716000E+00  -.141673E+01
0.712000E+00  -.144654E+01
0.708000E+00  -.147678E+01
0.704000E+00  -.150746E+01
0.700000E+00  -.153859E+01
0.696000E+00  -.157017E+01
0.692000E+00  -.160222E+01
0.688000E+00  -.163476E+01
0.684000E+00  -.166779E+01
0.680000E+00  -.170132E+01
0.676000E+00  -.173536E+01
0.672000E+00  -.176993E+01
0.668000E+00  -.180505E+01
0.664000E+00  -.184071E+01
0.660000E+00  -.187695E+01
0.656000E+00  -.191376E+01
0.652000E+00  -.195117E+01
0.648000E+00  -.198919E+01
0.644000E+00  -.202783E+01
0.640000E+00  -.206711E+01
0.636000E+00  -.210705E+01
0.632000E+00  -.214767E+01
0.628000E+00  -.218897E+01
0.624000E+00  -.223098E+01
0.620000E+00  -.227372E+01
0.616000E+00  -.231720E+01
0.612000E+00  -.236145E+01
0.608000E+00  -.240649E+01
0.604000E+00  -.245233E+01
0.600000E+00  -.249900E+01
