0.996000E+00  -.602412E-01
0.992000E+00  -.120970E+00
0.988000E+00  -.182195E+00
0.984000E+00  -.243923E+00
0.980000E+00  -.306164E+00
0.976000E+00  -.368925E+00
0.972000E+00  -.432215E+00
0.968000E+00  -.496042E+00
0.964000E+00  -.560417E+00
0.960000E+00  -.625347E+00
0.956000E+00  -.690842E+00
0.952000E+00  -.756912E+00
0.948000E+00  -.823566E+00
0.944000E+00  -.890815E+00
0.940000E+00  -.958668E+00
0.936000E+00  -.102714E+01
0.932000E+00  -.109623E+01
0.928000E+00  -.116596E+01
0.924000E+00  -.123634E+01
0.920000E+00  -.130737E+01
0.916000E+00  -.137908E+01
0.912000E+00  -.145146E+01
0.908000E+00  -.152454E+01
0.904000E+00  -.159833E+01
0.900000E+00  -.167284E+01
0.896000E+00  -.174808E+01
0.892000E+00  -.182406E+01
0.888000E+00  -.190080E+01
0.884000E+00  -.197831E+01
0.880000E+00  -.205661E+01
0.876000E+00  -.213571E+01
0.872000E+00  -.221562E+01
0.868000E+00  -.229637E+01
0.864000E+00  -.237796E+01
0.860000E+00  -.246041E+01
0.856000E+00  -.254374E+01
0.852000E+00  -.262796E+01
0.848000E+00  -.271309E+01
0.844000E+00  -.279916E+01
0.840000E+00  -.288617E+01
0.836000E+00  -.297414E+01
0.832000E+00  -.306309E+01
0.828000E+00  -.315305E+01
0.824000E+00  -.324403E+01
0.820000E+00  -.333605E+01
0.816000E+00  -.342913E+01
0.812000E+00  -.352329E+01
0.808000E+00  -.361856E+01
0.804000E+00  -.371495E+01
0.800000E+00  -.381250E+01
0.796000E+00  -.391121E+01
0.792000E+00  -.401112E+01
0.788000E+00  -.411225E+01
0.784000E+00  -.421463E+01
0.780000E+00  -.431827E+01
0.776000E+00  -.442322E+01
0.772000E+00  -.452948E+01
0.768000E+00  -.463710E+01
0.764000E+00  -.474610E+01
0.760000E+00  -.485651E+01
0.756000E+00  -.496835E+01
0.752000E+00  -.508167E+01
0.748000E+00  -.519648E+01
0.744000E+00  -.531283E+01
0.740000E+00  -.543075E+01
0.736000E+00  -.555026E+01
0.732000E+00  -.567142E+01
0.728000E+00  -.579424E+01
0.724000E+00  -.591878E+01
0.720000E+00  -.604506E+01
0.716000E+00  -.617312E+01
0.712000E+00  -.630302E+01
0.708000E+00  -.643478E+01
0.704000E+00  -.656845E+01
0.700000E+00  -.670408E+01
0.696000E+00  -.684170E+01
0.692000E+00  -.698137E+01
0.688000E+00  -.712314E+01
0.684000E+00  -.726704E+01
0.680000E+00  -.741314E+01
0.676000E+00  -.756149E+01
0.672000E+00  -.771213E+01
0.668000E+00  -.786513E+01
0.664000E+00  -.802054E+01
0.660000E+00  -.817841E+01
0.656000E+00  -.833882E+01
0.652000E+00  -.850182E+01
0.648000E+00  -.866748E+01
0.644000E+00  -.883585E+01
0.640000E+00  -.900702E+01
0.636000E+00  -.918105E+01
0.632000E+00  -.935802E+01
0.628000E+00  -.953799E+01
0.624000E+00  -.972105E+01
0.620000E+00  -.990728E+01
0.616000E+00  -.100968E+02
0.612000E+00  -.102896E+02
0.608000E+00  -.104858E+02
0.604000E+00  -.106855E+02
0.600000E+00  -.108889E+02
