0.996000E+00  -.948800E-02
0.992000E+00  -.190528E-01
0.988000E+00  -.286957E-01
0.984000E+00  -.384179E-01
0.980000E+00  -.482208E-01
0.976000E+00  -.581056E-01
0.972000E+00  -.680738E-01
0.968000E+00  -.781266E-01
0.964000E+00  -.882656E-01
0.960000E+00  -.984921E-01
0.956000E+00  -.108808E+00
0.952000E+00  -.119214E+00
0.948000E+00  -.129712E+00
0.944000E+00  -.140303E+00
0.940000E+00  -.150990E+00
0.936000E+00  -.161774E+00
0.932000E+00  -.172656E+00
0.928000E+00  -.183639E+00
0.924000E+00  -.194723E+00
0.920000E+00  -.205911E+00
0.916000E+00  -.217205E+00
0.912000E+00  -.228606E+00
0.908000E+00  -.240116E+00
0.904000E+00  -.251737E+00
0.900000E+00  -.263472E+00
0.896000E+00  -.275322E+00
0.892000E+00  -.287289E+00
0.888000E+00  -.299376E+00
0.884000E+00  -.311584E+00
0.880000E+00  -.323916E+00
0.876000E+00  -.336374E+00
0.872000E+00  -.348961E+00
0.868000E+00  -.361678E+00
0.864000E+00  -.374528E+00
0.860000E+00  -.387514E+00
0.856000E+00  -.400639E+00
0.852000E+00  -.413904E+00
0.848000E+00  -.427312E+00
0.844000E+00  -.440867E+00
0.840000E+00  -.454571E+00
0.836000E+00  -.468427E+00
0.832000E+00  -.482437E+00
0.828000E+00  -.496605E+00
0.824000E+00  -.510934E+00
0.820000E+00  -.525427E+00
0.816000E+00  -.540088E+00
0.812000E+00  -.554918E+00
0.808000E+00  -.569923E+00
0.804000E+00  -.585105E+00
0.800000E+00  -.600468E+00
0.796000E+00  -.616016E+00
0.792000E+00  -.631752E+00
0.788000E+00  -.647680E+00
0.784000E+00  -.663804E+00
0.780000E+00  -.680128E+00
0.776000E+00  -.696657E+00
0.772000E+00  -.713394E+00
0.768000E+00  -.730343E+00
0.764000E+00  -.747511E+00
0.760000E+00  -.764900E+00
0.756000E+00  -.782515E+00
0.752000E+00  -.800362E+00
0.748000E+00  -.818446E+00
0.744000E+00  -.836771E+00
0.740000E+00  -.855343E+00
0.736000E+00  -.874167E+00
0.732000E+00  -.893248E+00
0.728000E+00  -.912593E+00
0.724000E+00  -.932207E+00
0.720000E+00  -.952096E+00
0.716000E+00  -.972267E+00
0.712000E+00  -.992725E+00
0.708000E+00  -.101348E+01
0.704000E+00  -.103453E+01
0.700000E+00  -.105589E+01
0.696000E+00  -.107757E+01
0.692000E+00  -.109957E+01
0.688000E+00  -.112189E+01
0.684000E+00  -.114456E+01
0.680000E+00  -.116757E+01
0.676000E+00  -.119093E+01
0.672000E+00  -.121466E+01
0.668000E+00  -.123876E+01
0.664000E+00  -.126323E+01
0.660000E+00  -.128810E+01
0.656000E+00  -.131336E+01
0.652000E+00  -.133904E+01
0.648000E+00  -.136513E+01
0.644000E+00  -.139165E+01
0.640000E+00  -.141861E+01
0.636000E+00  -.144602E+01
0.632000E+00  -.147389E+01
0.628000E+00  -.150223E+01
0.624000E+00  -.153107E+01
0.620000E+00  -.156040E+01
0.616000E+00  -.159024E+01
0.612000E+00  -.162061E+01
0.608000E+00  -.165151E+01
0.604000E+00  -.168297E+01
0.600000E+00  -.171500E+01
