0.996000E+00  -.704822E-02
0.992000E+00  -.141535E-01
0.988000E+00  -.213168E-01
0.984000E+00  -.285390E-01
0.980000E+00  -.358212E-01
0.976000E+00  -.431642E-01
0.972000E+00  -.505691E-01
0.968000E+00  -.580369E-01
0.964000E+00  -.655687E-01
0.960000E+00  -.731656E-01
0.956000E+00  -.808285E-01
0.952000E+00  -.885587E-01
0.948000E+00  -.963573E-01
0.944000E+00  -.104225E+00
0.940000E+00  -.112164E+00
0.936000E+00  -.120175E+00
0.932000E+00  -.128259E+00
0.928000E+00  -.136417E+00
0.924000E+00  -.144651E+00
0.920000E+00  -.152962E+00
0.916000E+00  -.161352E+00
0.912000E+00  -.169821E+00
0.908000E+00  -.178372E+00
0.904000E+00  -.187005E+00
0.900000E+00  -.195722E+00
0.896000E+00  -.204525E+00
0.892000E+00  -.213415E+00
0.888000E+00  -.222393E+00
0.884000E+00  -.231462E+00
0.880000E+00  -.240623E+00
0.876000E+00  -.249878E+00
0.872000E+00  -.259228E+00
0.868000E+00  -.268675E+00
0.864000E+00  -.278221E+00
0.860000E+00  -.287868E+00
0.856000E+00  -.297617E+00
0.852000E+00  -.307471E+00
0.848000E+00  -.317432E+00
0.844000E+00  -.327501E+00
0.840000E+00  -.337681E+00
0.836000E+00  -.347974E+00
0.832000E+00  -.358382E+00
0.828000E+00  -.368907E+00
0.824000E+00  -.379551E+00
0.820000E+00  -.390318E+00
0.816000E+00  -.401208E+00
0.812000E+00  -.412225E+00
0.808000E+00  -.423372E+00
0.804000E+00  -.434650E+00
0.800000E+00  -.446062E+00
0.796000E+00  -.457612E+00
0.792000E+00  -.469301E+00
0.788000E+00  -.481134E+00
0.784000E+00  -.493111E+00
0.780000E+00  -.505238E+00
0.776000E+00  -.517516E+00
0.772000E+00  -.529950E+00
0.768000E+00  -.542541E+00
0.764000E+00  -.555294E+00
0.760000E+00  -.568211E+00
0.756000E+00  -.581297E+00
0.752000E+00  -.594555E+00
0.748000E+00  -.607988E+00
0.744000E+00  -.621601E+00
0.740000E+00  -.635398E+00
0.736000E+00  -.649381E+00
0.732000E+00  -.663556E+00
0.728000E+00  -.677926E+00
0.724000E+00  -.692497E+00
0.720000E+00  -.707272E+00
0.716000E+00  -.722255E+00
0.712000E+00  -.737453E+00
0.708000E+00  -.752869E+00
0.704000E+00  -.768509E+00
0.700000E+00  -.784377E+00
0.696000E+00  -.800479E+00
0.692000E+00  -.816821E+00
0.688000E+00  -.833407E+00
0.684000E+00  -.850244E+00
0.680000E+00  -.867338E+00
0.676000E+00  -.884694E+00
0.672000E+00  -.902319E+00
0.668000E+00  -.920220E+00
0.664000E+00  -.938403E+00
0.660000E+00  -.956874E+00
0.656000E+00  -.975642E+00
0.652000E+00  -.994713E+00
0.648000E+00  -.101409E+01
0.644000E+00  -.103380E+01
0.640000E+00  -.105382E+01
0.636000E+00  -.107418E+01
0.632000E+00  -.109489E+01
0.628000E+00  -.111594E+01
0.624000E+00  -.113736E+01
0.620000E+00  -.115915E+01
0.616000E+00  -.118132E+01
0.612000E+00  -.120388E+01
0.608000E+00  -.122684E+01
0.604000E+00  -.125021E+01
0.600000E+00  -.127400E+01
