0.996000E+00  -.759040E-02
0.992000E+00  -.152423E-01
0.988000E+00  -.229566E-01
0.984000E+00  -.307343E-01
0.980000E+00  -.385766E-01
0.976000E+00  -.464845E-01
0.972000E+00  -.544590E-01
0.968000E+00  -.625013E-01
0.964000E+00  -.706125E-01
0.960000E+00  -.787937E-01
0.956000E+00  -.870461E-01
0.952000E+00  -.953709E-01
0.948000E+00  -.103769E+00
0.944000E+00  -.112243E+00
0.940000E+00  -.120792E+00
0.936000E+00  -.129419E+00
0.932000E+00  -.138125E+00
0.928000E+00  -.146911E+00
0.924000E+00  -.155778E+00
0.920000E+00  -.164729E+00
0.916000E+00  -.173764E+00
0.912000E+00  -.182884E+00
0.908000E+00  -.192093E+00
0.904000E+00  -.201390E+00
0.900000E+00  -.210778E+00
0.896000E+00  -.220258E+00
0.892000E+00  -.229831E+00
0.888000E+00  -.239501E+00
0.884000E+00  -.249267E+00
0.880000E+00  -.259133E+00
0.876000E+00  -.269099E+00
0.872000E+00  -.279169E+00
0.868000E+00  -.289342E+00
0.864000E+00  -.299623E+00
0.860000E+00  -.310012E+00
0.856000E+00  -.320511E+00
0.852000E+00  -.331123E+00
0.848000E+00  -.341850E+00
0.844000E+00  -.352694E+00
0.840000E+00  -.363657E+00
0.836000E+00  -.374741E+00
0.832000E+00  -.385950E+00
0.828000E+00  -.397284E+00
0.824000E+00  -.408748E+00
0.820000E+00  -.420342E+00
0.816000E+00  -.432070E+00
0.812000E+00  -.443935E+00
0.808000E+00  -.455939E+00
0.804000E+00  -.468084E+00
0.800000E+00  -.480375E+00
0.796000E+00  -.492813E+00
0.792000E+00  -.505401E+00
0.788000E+00  -.518144E+00
0.784000E+00  -.531043E+00
0.780000E+00  -.544103E+00
0.776000E+00  -.557325E+00
0.772000E+00  -.570715E+00
0.768000E+00  -.584275E+00
0.764000E+00  -.598008E+00
0.760000E+00  -.611920E+00
0.756000E+00  -.626012E+00
0.752000E+00  -.640290E+00
0.748000E+00  -.654757E+00
0.744000E+00  -.669417E+00
0.740000E+00  -.684274E+00
0.736000E+00  -.699333E+00
0.732000E+00  -.714599E+00
0.728000E+00  -.730075E+00
0.724000E+00  -.745766E+00
0.720000E+00  -.761677E+00
0.716000E+00  -.777814E+00
0.712000E+00  -.794180E+00
0.708000E+00  -.810782E+00
0.704000E+00  -.827625E+00
0.700000E+00  -.844714E+00
0.696000E+00  -.862054E+00
0.692000E+00  -.879653E+00
0.688000E+00  -.897515E+00
0.684000E+00  -.915647E+00
0.680000E+00  -.934056E+00
0.676000E+00  -.952747E+00
0.672000E+00  -.971728E+00
0.668000E+00  -.991006E+00
0.664000E+00  -.101059E+01
0.660000E+00  -.103048E+01
0.656000E+00  -.105069E+01
0.652000E+00  -.107123E+01
0.648000E+00  -.109210E+01
0.644000E+00  -.111332E+01
0.640000E+00  -.113489E+01
0.636000E+00  -.115681E+01
0.632000E+00  -.117911E+01
0.628000E+00  -.120179E+01
0.624000E+00  -.122485E+01
0.620000E+00  -.124832E+01
0.616000E+00  -.127219E+01
0.612000E+00  -.129648E+01
0.608000E+00  -.132121E+01
0.604000E+00  -.134638E+01
0.600000E+00  -.137200E+01
