0.996000E+00  -.103013E-01
0.992000E+00  -.206859E-01
0.988000E+00  -.311553E-01
0.984000E+00  -.417109E-01
0.980000E+00  -.523540E-01
0.976000E+00  -.630861E-01
0.972000E+00  -.739087E-01
0.968000E+00  -.848232E-01
0.964000E+00  -.958312E-01
0.960000E+00  -.106934E+00
0.956000E+00  -.118134E+00
0.952000E+00  -.129432E+00
0.948000E+00  -.140830E+00
0.944000E+00  -.152329E+00
0.940000E+00  -.163932E+00
0.936000E+00  -.175640E+00
0.932000E+00  -.187455E+00
0.928000E+00  -.199379E+00
0.924000E+00  -.211413E+00
0.920000E+00  -.223561E+00
0.916000E+00  -.235822E+00
0.912000E+00  -.248200E+00
0.908000E+00  -.260697E+00
0.904000E+00  -.273315E+00
0.900000E+00  -.286055E+00
0.896000E+00  -.298921E+00
0.892000E+00  -.311914E+00
0.888000E+00  -.325037E+00
0.884000E+00  -.338291E+00
0.880000E+00  -.351680E+00
0.876000E+00  -.365206E+00
0.872000E+00  -.378872E+00
0.868000E+00  -.392679E+00
0.864000E+00  -.406631E+00
0.860000E+00  -.420730E+00
0.856000E+00  -.434979E+00
0.852000E+00  -.449381E+00
0.848000E+00  -.463939E+00
0.844000E+00  -.478656E+00
0.840000E+00  -.493534E+00
0.836000E+00  -.508578E+00
0.832000E+00  -.523789E+00
0.828000E+00  -.539172E+00
0.824000E+00  -.554729E+00
0.820000E+00  -.570464E+00
0.816000E+00  -.586381E+00
0.812000E+00  -.602483E+00
0.808000E+00  -.618774E+00
0.804000E+00  -.635257E+00
0.800000E+00  -.651937E+00
0.796000E+00  -.668817E+00
0.792000E+00  -.685902E+00
0.788000E+00  -.703195E+00
0.784000E+00  -.720701E+00
0.780000E+00  -.738425E+00
0.776000E+00  -.756370E+00
0.772000E+00  -.774542E+00
0.768000E+00  -.792944E+00
0.764000E+00  -.811583E+00
0.760000E+00  -.830462E+00
0.756000E+00  -.849588E+00
0.752000E+00  -.868965E+00
0.748000E+00  -.888598E+00
0.744000E+00  -.908494E+00
0.740000E+00  -.928658E+00
0.736000E+00  -.949095E+00
0.732000E+00  -.969812E+00
0.728000E+00  -.990815E+00
0.724000E+00  -.101211E+01
0.720000E+00  -.103370E+01
0.716000E+00  -.105560E+01
0.712000E+00  -.107782E+01
0.708000E+00  -.110035E+01
0.704000E+00  -.112320E+01
0.700000E+00  -.114640E+01
0.696000E+00  -.116993E+01
0.692000E+00  -.119381E+01
0.688000E+00  -.121806E+01
0.684000E+00  -.124266E+01
0.680000E+00  -.126765E+01
0.676000E+00  -.129301E+01
0.672000E+00  -.131877E+01
0.668000E+00  -.134494E+01
0.664000E+00  -.137151E+01
0.660000E+00  -.139851E+01
0.656000E+00  -.142594E+01
0.652000E+00  -.145381E+01
0.648000E+00  -.148214E+01
0.644000E+00  -.151093E+01
0.640000E+00  -.154020E+01
0.636000E+00  -.156996E+01
0.632000E+00  -.160022E+01
0.628000E+00  -.163100E+01
0.624000E+00  -.166230E+01
0.620000E+00  -.169414E+01
0.616000E+00  -.172654E+01
0.612000E+00  -.175951E+01
0.608000E+00  -.179307E+01
0.604000E+00  -.182723E+01
0.600000E+00  -.186200E+01
