0.996000E+00  -.143675E-01
0.992000E+00  -.288514E-01
0.988000E+00  -.434535E-01
0.984000E+00  -.581757E-01
0.980000E+00  -.730201E-01
0.976000E+00  -.879885E-01
0.972000E+00  -.103083E+00
0.968000E+00  -.118306E+00
0.964000E+00  -.133659E+00
0.960000E+00  -.149145E+00
0.956000E+00  -.164766E+00
0.952000E+00  -.180524E+00
0.948000E+00  -.196421E+00
0.944000E+00  -.212459E+00
0.940000E+00  -.228642E+00
0.936000E+00  -.244972E+00
0.932000E+00  -.261451E+00
0.928000E+00  -.278081E+00
0.924000E+00  -.294866E+00
0.920000E+00  -.311808E+00
0.916000E+00  -.328910E+00
0.912000E+00  -.346174E+00
0.908000E+00  -.363604E+00
0.904000E+00  -.381202E+00
0.900000E+00  -.398972E+00
0.896000E+00  -.416916E+00
0.892000E+00  -.435038E+00
0.888000E+00  -.453340E+00
0.884000E+00  -.471827E+00
0.880000E+00  -.490501E+00
0.876000E+00  -.509367E+00
0.872000E+00  -.528426E+00
0.868000E+00  -.547684E+00
0.864000E+00  -.567143E+00
0.860000E+00  -.586808E+00
0.856000E+00  -.606682E+00
0.852000E+00  -.626769E+00
0.848000E+00  -.647073E+00
0.844000E+00  -.667599E+00
0.840000E+00  -.688350E+00
0.836000E+00  -.709332E+00
0.832000E+00  -.730548E+00
0.828000E+00  -.752002E+00
0.824000E+00  -.773701E+00
0.820000E+00  -.795647E+00
0.816000E+00  -.817847E+00
0.812000E+00  -.840305E+00
0.808000E+00  -.863027E+00
0.804000E+00  -.886017E+00
0.800000E+00  -.909281E+00
0.796000E+00  -.932824E+00
0.792000E+00  -.956653E+00
0.788000E+00  -.980772E+00
0.784000E+00  -.100519E+01
0.780000E+00  -.102991E+01
0.776000E+00  -.105494E+01
0.772000E+00  -.108028E+01
0.768000E+00  -.110595E+01
0.764000E+00  -.113194E+01
0.760000E+00  -.115828E+01
0.756000E+00  -.118495E+01
0.752000E+00  -.121198E+01
0.748000E+00  -.123936E+01
0.744000E+00  -.126711E+01
0.740000E+00  -.129523E+01
0.736000E+00  -.132374E+01
0.732000E+00  -.135263E+01
0.728000E+00  -.138193E+01
0.724000E+00  -.141163E+01
0.720000E+00  -.144175E+01
0.716000E+00  -.147229E+01
0.712000E+00  -.150327E+01
0.708000E+00  -.153469E+01
0.704000E+00  -.156658E+01
0.700000E+00  -.159892E+01
0.696000E+00  -.163175E+01
0.692000E+00  -.166506E+01
0.688000E+00  -.169887E+01
0.684000E+00  -.173319E+01
0.680000E+00  -.176803E+01
0.676000E+00  -.180341E+01
0.672000E+00  -.183934E+01
0.668000E+00  -.187583E+01
0.664000E+00  -.191290E+01
0.660000E+00  -.195055E+01
0.656000E+00  -.198881E+01
0.652000E+00  -.202768E+01
0.648000E+00  -.206719E+01
0.644000E+00  -.210735E+01
0.640000E+00  -.214818E+01
0.636000E+00  -.218968E+01
0.632000E+00  -.223189E+01
0.628000E+00  -.227481E+01
0.624000E+00  -.231847E+01
0.620000E+00  -.236289E+01
0.616000E+00  -.240807E+01
0.612000E+00  -.245406E+01
0.608000E+00  -.250086E+01
0.604000E+00  -.254850E+01
0.600000E+00  -.259700E+01
