0.996000E+00  -.542171E-02
0.992000E+00  -.108873E-01
0.988000E+00  -.163975E-01
0.984000E+00  -.219531E-01
0.980000E+00  -.275547E-01
0.976000E+00  -.332032E-01
0.972000E+00  -.388993E-01
0.968000E+00  -.446438E-01
0.964000E+00  -.504375E-01
0.960000E+00  -.562812E-01
0.956000E+00  -.621758E-01
0.952000E+00  -.681221E-01
0.948000E+00  -.741210E-01
0.944000E+00  -.801734E-01
0.940000E+00  -.862801E-01
0.936000E+00  -.924423E-01
0.932000E+00  -.986607E-01
0.928000E+00  -.104936E+00
0.924000E+00  -.111270E+00
0.920000E+00  -.117663E+00
0.916000E+00  -.124117E+00
0.912000E+00  -.130632E+00
0.908000E+00  -.137209E+00
0.904000E+00  -.143850E+00
0.900000E+00  -.150555E+00
0.896000E+00  -.157327E+00
0.892000E+00  -.164165E+00
0.888000E+00  -.171072E+00
0.884000E+00  -.178048E+00
0.880000E+00  -.185095E+00
0.876000E+00  -.192214E+00
0.872000E+00  -.199406E+00
0.868000E+00  -.206673E+00
0.864000E+00  -.214016E+00
0.860000E+00  -.221437E+00
0.856000E+00  -.228936E+00
0.852000E+00  -.236516E+00
0.848000E+00  -.244179E+00
0.844000E+00  -.251924E+00
0.840000E+00  -.259755E+00
0.836000E+00  -.267672E+00
0.832000E+00  -.275678E+00
0.828000E+00  -.283774E+00
0.824000E+00  -.291963E+00
0.820000E+00  -.300244E+00
0.816000E+00  -.308622E+00
0.812000E+00  -.317096E+00
0.808000E+00  -.325670E+00
0.804000E+00  -.334346E+00
0.800000E+00  -.343125E+00
0.796000E+00  -.352009E+00
0.792000E+00  -.361001E+00
0.788000E+00  -.370103E+00
0.784000E+00  -.379317E+00
0.780000E+00  -.388645E+00
0.776000E+00  -.398090E+00
0.772000E+00  -.407653E+00
0.768000E+00  -.417339E+00
0.764000E+00  -.427149E+00
0.760000E+00  -.437086E+00
0.756000E+00  -.447152E+00
0.752000E+00  -.457350E+00
0.748000E+00  -.467683E+00
0.744000E+00  -.478155E+00
0.740000E+00  -.488767E+00
0.736000E+00  -.499524E+00
0.732000E+00  -.510428E+00
0.728000E+00  -.521482E+00
0.724000E+00  -.532690E+00
0.720000E+00  -.544055E+00
0.716000E+00  -.555581E+00
0.712000E+00  -.567272E+00
0.708000E+00  -.579130E+00
0.704000E+00  -.591161E+00
0.700000E+00  -.603367E+00
0.696000E+00  -.615753E+00
0.692000E+00  -.628324E+00
0.688000E+00  -.641082E+00
0.684000E+00  -.654034E+00
0.680000E+00  -.667183E+00
0.676000E+00  -.680534E+00
0.672000E+00  -.694092E+00
0.668000E+00  -.707862E+00
0.664000E+00  -.721848E+00
0.660000E+00  -.736057E+00
0.656000E+00  -.750494E+00
0.652000E+00  -.765164E+00
0.648000E+00  -.780073E+00
0.644000E+00  -.795227E+00
0.640000E+00  -.810632E+00
0.636000E+00  -.826295E+00
0.632000E+00  -.842222E+00
0.628000E+00  -.858419E+00
0.624000E+00  -.874895E+00
0.620000E+00  -.891655E+00
0.616000E+00  -.908708E+00
0.612000E+00  -.926060E+00
0.608000E+00  -.943721E+00
0.604000E+00  -.961698E+00
0.600000E+00  -.979999E+00
