0.996000E+00  -.296146E-01
0.992000E+00  -.594690E-01
0.988000E+00  -.895670E-01
0.984000E+00  -.119913E+00
0.980000E+00  -.150510E+00
0.976000E+00  -.181363E+00
0.972000E+00  -.212477E+00
0.968000E+00  -.243854E+00
0.964000E+00  -.275501E+00
0.960000E+00  -.307420E+00
0.956000E+00  -.339618E+00
0.952000E+00  -.372098E+00
0.948000E+00  -.404865E+00
0.944000E+00  -.437925E+00
0.940000E+00  -.471281E+00
0.936000E+00  -.504940E+00
0.932000E+00  -.538907E+00
0.928000E+00  -.573186E+00
0.924000E+00  -.607783E+00
0.920000E+00  -.642704E+00
0.916000E+00  -.677954E+00
0.912000E+00  -.713540E+00
0.908000E+00  -.749466E+00
0.904000E+00  -.785740E+00
0.900000E+00  -.822367E+00
0.896000E+00  -.859354E+00
0.892000E+00  -.896707E+00
0.888000E+00  -.934433E+00
0.884000E+00  -.972538E+00
0.880000E+00  -.101103E+01
0.876000E+00  -.104991E+01
0.872000E+00  -.108920E+01
0.868000E+00  -.112889E+01
0.864000E+00  -.116900E+01
0.860000E+00  -.120954E+01
0.856000E+00  -.125050E+01
0.852000E+00  -.129191E+01
0.848000E+00  -.133376E+01
0.844000E+00  -.137607E+01
0.840000E+00  -.141884E+01
0.836000E+00  -.146209E+01
0.832000E+00  -.150582E+01
0.828000E+00  -.155004E+01
0.824000E+00  -.159476E+01
0.820000E+00  -.164000E+01
0.816000E+00  -.168576E+01
0.812000E+00  -.173205E+01
0.808000E+00  -.177888E+01
0.804000E+00  -.182627E+01
0.800000E+00  -.187422E+01
0.796000E+00  -.192275E+01
0.792000E+00  -.197187E+01
0.788000E+00  -.202158E+01
0.784000E+00  -.207191E+01
0.780000E+00  -.212286E+01
0.776000E+00  -.217445E+01
0.772000E+00  -.222669E+01
0.768000E+00  -.227960E+01
0.764000E+00  -.233318E+01
0.760000E+00  -.238746E+01
0.756000E+00  -.244244E+01
0.752000E+00  -.249815E+01
0.748000E+00  -.255459E+01
0.744000E+00  -.261179E+01
0.740000E+00  -.266976E+01
0.736000E+00  -.272851E+01
0.732000E+00  -.278807E+01
0.728000E+00  -.284845E+01
0.724000E+00  -.290967E+01
0.720000E+00  -.297175E+01
0.716000E+00  -.303471E+01
0.712000E+00  -.309856E+01
0.708000E+00  -.316334E+01
0.704000E+00  -.322905E+01
0.700000E+00  -.329572E+01
0.696000E+00  -.336338E+01
0.692000E+00  -.343204E+01
0.688000E+00  -.350173E+01
0.684000E+00  -.357248E+01
0.680000E+00  -.364430E+01
0.676000E+00  -.371723E+01
0.672000E+00  -.379128E+01
0.668000E+00  -.386650E+01
0.664000E+00  -.394290E+01
0.660000E+00  -.402051E+01
0.656000E+00  -.409936E+01
0.652000E+00  -.417950E+01
0.648000E+00  -.426093E+01
0.644000E+00  -.434371E+01
0.640000E+00  -.442785E+01
0.636000E+00  -.451341E+01
0.632000E+00  -.460040E+01
0.628000E+00  -.468888E+01
0.624000E+00  -.477887E+01
0.620000E+00  -.487042E+01
0.616000E+00  -.496356E+01
0.612000E+00  -.505835E+01
0.608000E+00  -.515481E+01
0.604000E+00  -.525301E+01
0.600000E+00  -.535297E+01
