0.996000E+00  -.149097E-01
0.992000E+00  -.299401E-01
0.988000E+00  -.450932E-01
0.984000E+00  -.603710E-01
0.980000E+00  -.757756E-01
0.976000E+00  -.913089E-01
0.972000E+00  -.106973E+00
0.968000E+00  -.122770E+00
0.964000E+00  -.138703E+00
0.960000E+00  -.154773E+00
0.956000E+00  -.170983E+00
0.952000E+00  -.187336E+00
0.948000E+00  -.203833E+00
0.944000E+00  -.220477E+00
0.940000E+00  -.237270E+00
0.936000E+00  -.254216E+00
0.932000E+00  -.271317E+00
0.928000E+00  -.288575E+00
0.924000E+00  -.305993E+00
0.920000E+00  -.323574E+00
0.916000E+00  -.341321E+00
0.912000E+00  -.359237E+00
0.908000E+00  -.377325E+00
0.904000E+00  -.395587E+00
0.900000E+00  -.414027E+00
0.896000E+00  -.432649E+00
0.892000E+00  -.451454E+00
0.888000E+00  -.470448E+00
0.884000E+00  -.489632E+00
0.880000E+00  -.509011E+00
0.876000E+00  -.528588E+00
0.872000E+00  -.548367E+00
0.868000E+00  -.568351E+00
0.864000E+00  -.588545E+00
0.860000E+00  -.608951E+00
0.856000E+00  -.629575E+00
0.852000E+00  -.650420E+00
0.848000E+00  -.671491E+00
0.844000E+00  -.692791E+00
0.840000E+00  -.714326E+00
0.836000E+00  -.736099E+00
0.832000E+00  -.758116E+00
0.828000E+00  -.780380E+00
0.824000E+00  -.802897E+00
0.820000E+00  -.825672E+00
0.816000E+00  -.848709E+00
0.812000E+00  -.872015E+00
0.808000E+00  -.895594E+00
0.804000E+00  -.919451E+00
0.800000E+00  -.943593E+00
0.796000E+00  -.968025E+00
0.792000E+00  -.992753E+00
0.788000E+00  -.101778E+01
0.784000E+00  -.104312E+01
0.780000E+00  -.106877E+01
0.776000E+00  -.109475E+01
0.772000E+00  -.112105E+01
0.768000E+00  -.114768E+01
0.764000E+00  -.117466E+01
0.760000E+00  -.120199E+01
0.756000E+00  -.122967E+01
0.752000E+00  -.125771E+01
0.748000E+00  -.128613E+01
0.744000E+00  -.131493E+01
0.740000E+00  -.134411E+01
0.736000E+00  -.137369E+01
0.732000E+00  -.140368E+01
0.728000E+00  -.143407E+01
0.724000E+00  -.146490E+01
0.720000E+00  -.149615E+01
0.716000E+00  -.152785E+01
0.712000E+00  -.156000E+01
0.708000E+00  -.159261E+01
0.704000E+00  -.162569E+01
0.700000E+00  -.165926E+01
0.696000E+00  -.169332E+01
0.692000E+00  -.172789E+01
0.688000E+00  -.176298E+01
0.684000E+00  -.179859E+01
0.680000E+00  -.183475E+01
0.676000E+00  -.187147E+01
0.672000E+00  -.190875E+01
0.668000E+00  -.194662E+01
0.664000E+00  -.198508E+01
0.660000E+00  -.202416E+01
0.656000E+00  -.206386E+01
0.652000E+00  -.210420E+01
0.648000E+00  -.214520E+01
0.644000E+00  -.218687E+01
0.640000E+00  -.222924E+01
0.636000E+00  -.227231E+01
0.632000E+00  -.231611E+01
0.628000E+00  -.236065E+01
0.624000E+00  -.240596E+01
0.620000E+00  -.245205E+01
0.616000E+00  -.249895E+01
0.612000E+00  -.254667E+01
0.608000E+00  -.259523E+01
0.604000E+00  -.264467E+01
0.600000E+00  -.269500E+01
