0.996000E+00  -.236387E-01
0.992000E+00  -.474687E-01
0.988000E+00  -.714933E-01
0.984000E+00  -.957155E-01
0.980000E+00  -.120139E+00
0.976000E+00  -.144766E+00
0.972000E+00  -.169601E+00
0.968000E+00  -.194647E+00
0.964000E+00  -.219907E+00
0.960000E+00  -.245386E+00
0.956000E+00  -.271086E+00
0.952000E+00  -.297012E+00
0.948000E+00  -.323167E+00
0.944000E+00  -.349556E+00
0.940000E+00  -.376181E+00
0.936000E+00  -.403048E+00
0.932000E+00  -.430161E+00
0.928000E+00  -.457522E+00
0.924000E+00  -.485138E+00
0.920000E+00  -.513013E+00
0.916000E+00  -.541150E+00
0.912000E+00  -.569554E+00
0.908000E+00  -.598231E+00
0.904000E+00  -.627186E+00
0.900000E+00  -.656422E+00
0.896000E+00  -.685945E+00
0.892000E+00  -.715760E+00
0.888000E+00  -.745873E+00
0.884000E+00  -.776289E+00
0.880000E+00  -.807014E+00
0.876000E+00  -.838052E+00
0.872000E+00  -.869411E+00
0.868000E+00  -.901095E+00
0.864000E+00  -.933111E+00
0.860000E+00  -.965465E+00
0.856000E+00  -.998163E+00
0.852000E+00  -.103121E+01
0.848000E+00  -.106462E+01
0.844000E+00  -.109839E+01
0.840000E+00  -.113253E+01
0.836000E+00  -.116705E+01
0.832000E+00  -.120196E+01
0.828000E+00  -.123726E+01
0.824000E+00  -.127296E+01
0.820000E+00  -.130906E+01
0.816000E+00  -.134559E+01
0.812000E+00  -.138254E+01
0.808000E+00  -.141992E+01
0.804000E+00  -.145775E+01
0.800000E+00  -.149602E+01
0.796000E+00  -.153476E+01
0.792000E+00  -.157396E+01
0.788000E+00  -.161365E+01
0.784000E+00  -.165382E+01
0.780000E+00  -.169449E+01
0.776000E+00  -.173567E+01
0.772000E+00  -.177737E+01
0.768000E+00  -.181960E+01
0.764000E+00  -.186237E+01
0.760000E+00  -.190569E+01
0.756000E+00  -.194958E+01
0.752000E+00  -.199405E+01
0.748000E+00  -.203910E+01
0.744000E+00  -.208476E+01
0.740000E+00  -.213103E+01
0.736000E+00  -.217792E+01
0.732000E+00  -.222546E+01
0.728000E+00  -.227366E+01
0.724000E+00  -.232253E+01
0.720000E+00  -.237208E+01
0.716000E+00  -.242233E+01
0.712000E+00  -.247330E+01
0.708000E+00  -.252501E+01
0.704000E+00  -.257746E+01
0.700000E+00  -.263068E+01
0.696000E+00  -.268468E+01
0.692000E+00  -.273949E+01
0.688000E+00  -.279512E+01
0.684000E+00  -.285159E+01
0.680000E+00  -.290892E+01
0.676000E+00  -.296713E+01
0.672000E+00  -.302624E+01
0.668000E+00  -.308628E+01
0.664000E+00  -.314726E+01
0.660000E+00  -.320921E+01
0.656000E+00  -.327215E+01
0.652000E+00  -.333611E+01
0.648000E+00  -.340112E+01
0.644000E+00  -.346719E+01
0.640000E+00  -.353436E+01
0.636000E+00  -.360265E+01
0.632000E+00  -.367209E+01
0.628000E+00  -.374271E+01
0.624000E+00  -.381454E+01
0.620000E+00  -.388762E+01
0.616000E+00  -.396196E+01
0.612000E+00  -.403762E+01
0.608000E+00  -.411462E+01
0.604000E+00  -.419300E+01
0.600000E+00  -.427280E+01
