0.996000E+00  -.333495E-01
0.992000E+00  -.669691E-01
0.988000E+00  -.100863E+00
0.984000E+00  -.135036E+00
0.980000E+00  -.169492E+00
0.976000E+00  -.204237E+00
0.972000E+00  -.239274E+00
0.968000E+00  -.274609E+00
0.964000E+00  -.310247E+00
0.960000E+00  -.346192E+00
0.956000E+00  -.382450E+00
0.952000E+00  -.419027E+00
0.948000E+00  -.455926E+00
0.944000E+00  -.493155E+00
0.940000E+00  -.530719E+00
0.936000E+00  -.568623E+00
0.932000E+00  -.606873E+00
0.928000E+00  -.645475E+00
0.924000E+00  -.684436E+00
0.920000E+00  -.723761E+00
0.916000E+00  -.763457E+00
0.912000E+00  -.803530E+00
0.908000E+00  -.843988E+00
0.904000E+00  -.884837E+00
0.900000E+00  -.926083E+00
0.896000E+00  -.967735E+00
0.892000E+00  -.100980E+01
0.888000E+00  -.105228E+01
0.884000E+00  -.109519E+01
0.880000E+00  -.113854E+01
0.876000E+00  -.118233E+01
0.872000E+00  -.122657E+01
0.868000E+00  -.127127E+01
0.864000E+00  -.131644E+01
0.860000E+00  -.136208E+01
0.856000E+00  -.140821E+01
0.852000E+00  -.145484E+01
0.848000E+00  -.150197E+01
0.844000E+00  -.154961E+01
0.840000E+00  -.159778E+01
0.836000E+00  -.164648E+01
0.832000E+00  -.169573E+01
0.828000E+00  -.174553E+01
0.824000E+00  -.179589E+01
0.820000E+00  -.184684E+01
0.816000E+00  -.189837E+01
0.812000E+00  -.195049E+01
0.808000E+00  -.200323E+01
0.804000E+00  -.205660E+01
0.800000E+00  -.211060E+01
0.796000E+00  -.216525E+01
0.792000E+00  -.222056E+01
0.788000E+00  -.227654E+01
0.784000E+00  -.233322E+01
0.780000E+00  -.239060E+01
0.776000E+00  -.244869E+01
0.772000E+00  -.250752E+01
0.768000E+00  -.256710E+01
0.764000E+00  -.262744E+01
0.760000E+00  -.268856E+01
0.756000E+00  -.275048E+01
0.752000E+00  -.281321E+01
0.748000E+00  -.287677E+01
0.744000E+00  -.294118E+01
0.740000E+00  -.300646E+01
0.736000E+00  -.307263E+01
0.732000E+00  -.313970E+01
0.728000E+00  -.320769E+01
0.724000E+00  -.327663E+01
0.720000E+00  -.334654E+01
0.716000E+00  -.341744E+01
0.712000E+00  -.348935E+01
0.708000E+00  -.356229E+01
0.704000E+00  -.363629E+01
0.700000E+00  -.371138E+01
0.696000E+00  -.378757E+01
0.692000E+00  -.386489E+01
0.688000E+00  -.394337E+01
0.684000E+00  -.402304E+01
0.680000E+00  -.410392E+01
0.676000E+00  -.418604E+01
0.672000E+00  -.426944E+01
0.668000E+00  -.435413E+01
0.664000E+00  -.444017E+01
0.660000E+00  -.452757E+01
0.656000E+00  -.461637E+01
0.652000E+00  -.470661E+01
0.648000E+00  -.479832E+01
0.644000E+00  -.489153E+01
0.640000E+00  -.498629E+01
0.636000E+00  -.508263E+01
0.632000E+00  -.518060E+01
0.628000E+00  -.528023E+01
0.624000E+00  -.538157E+01
0.620000E+00  -.548467E+01
0.616000E+00  -.558956E+01
0.612000E+00  -.569630E+01
0.608000E+00  -.580493E+01
0.604000E+00  -.591551E+01
0.600000E+00  -.602808E+01
