0.996000E+00  -.572533E-01
0.992000E+00  -.114970E+00
0.988000E+00  -.173158E+00
0.984000E+00  -.231825E+00
0.980000E+00  -.290978E+00
0.976000E+00  -.350626E+00
0.972000E+00  -.410777E+00
0.968000E+00  -.471439E+00
0.964000E+00  -.532620E+00
0.960000E+00  -.594330E+00
0.956000E+00  -.656576E+00
0.952000E+00  -.719369E+00
0.948000E+00  -.782718E+00
0.944000E+00  -.846631E+00
0.940000E+00  -.911118E+00
0.936000E+00  -.976190E+00
0.932000E+00  -.104186E+01
0.928000E+00  -.110813E+01
0.924000E+00  -.117501E+01
0.920000E+00  -.124253E+01
0.916000E+00  -.131067E+01
0.912000E+00  -.137947E+01
0.908000E+00  -.144893E+01
0.904000E+00  -.151905E+01
0.900000E+00  -.158987E+01
0.896000E+00  -.166137E+01
0.892000E+00  -.173358E+01
0.888000E+00  -.180652E+01
0.884000E+00  -.188019E+01
0.880000E+00  -.195460E+01
0.876000E+00  -.202978E+01
0.872000E+00  -.210573E+01
0.868000E+00  -.218247E+01
0.864000E+00  -.226001E+01
0.860000E+00  -.233837E+01
0.856000E+00  -.241757E+01
0.852000E+00  -.249761E+01
0.848000E+00  -.257853E+01
0.844000E+00  -.266032E+01
0.840000E+00  -.274301E+01
0.836000E+00  -.282662E+01
0.832000E+00  -.291116E+01
0.828000E+00  -.299666E+01
0.824000E+00  -.308312E+01
0.820000E+00  -.317058E+01
0.816000E+00  -.325904E+01
0.812000E+00  -.334854E+01
0.808000E+00  -.343908E+01
0.804000E+00  -.353069E+01
0.800000E+00  -.362340E+01
0.796000E+00  -.371722E+01
0.792000E+00  -.381217E+01
0.788000E+00  -.390828E+01
0.784000E+00  -.400558E+01
0.780000E+00  -.410409E+01
0.776000E+00  -.420383E+01
0.772000E+00  -.430482E+01
0.768000E+00  -.440710E+01
0.764000E+00  -.451069E+01
0.760000E+00  -.461562E+01
0.756000E+00  -.472192E+01
0.752000E+00  -.482962E+01
0.748000E+00  -.493874E+01
0.744000E+00  -.504932E+01
0.740000E+00  -.516138E+01
0.736000E+00  -.527497E+01
0.732000E+00  -.539012E+01
0.728000E+00  -.550685E+01
0.724000E+00  -.562520E+01
0.720000E+00  -.574522E+01
0.716000E+00  -.586694E+01
0.712000E+00  -.599039E+01
0.708000E+00  -.611561E+01
0.704000E+00  -.624266E+01
0.700000E+00  -.637155E+01
0.696000E+00  -.650235E+01
0.692000E+00  -.663510E+01
0.688000E+00  -.676983E+01
0.684000E+00  -.690660E+01
0.680000E+00  -.704545E+01
0.676000E+00  -.718644E+01
0.672000E+00  -.732961E+01
0.668000E+00  -.747502E+01
0.664000E+00  -.762272E+01
0.660000E+00  -.777276E+01
0.656000E+00  -.792522E+01
0.652000E+00  -.808013E+01
0.648000E+00  -.823757E+01
0.644000E+00  -.839760E+01
0.640000E+00  -.856028E+01
0.636000E+00  -.872567E+01
0.632000E+00  -.889386E+01
0.628000E+00  -.906491E+01
0.624000E+00  -.923889E+01
0.620000E+00  -.941588E+01
0.616000E+00  -.959595E+01
0.612000E+00  -.977920E+01
0.608000E+00  -.996569E+01
0.604000E+00  -.101555E+02
0.600000E+00  -.103488E+02
