0.996000E+00  -.191567E-01
0.992000E+00  -.384685E-01
0.988000E+00  -.579380E-01
0.984000E+00  -.775676E-01
0.980000E+00  -.973601E-01
0.976000E+00  -.117318E+00
0.972000E+00  -.137444E+00
0.968000E+00  -.157741E+00
0.964000E+00  -.178212E+00
0.960000E+00  -.198860E+00
0.956000E+00  -.219688E+00
0.952000E+00  -.240698E+00
0.948000E+00  -.261894E+00
0.944000E+00  -.283279E+00
0.940000E+00  -.304857E+00
0.936000E+00  -.326629E+00
0.932000E+00  -.348601E+00
0.928000E+00  -.370775E+00
0.924000E+00  -.393155E+00
0.920000E+00  -.415744E+00
0.916000E+00  -.438546E+00
0.912000E+00  -.461566E+00
0.908000E+00  -.484805E+00
0.904000E+00  -.508270E+00
0.900000E+00  -.531963E+00
0.896000E+00  -.555888E+00
0.892000E+00  -.580050E+00
0.888000E+00  -.604454E+00
0.884000E+00  -.629103E+00
0.880000E+00  -.654002E+00
0.876000E+00  -.679155E+00
0.872000E+00  -.704568E+00
0.868000E+00  -.730245E+00
0.864000E+00  -.756191E+00
0.860000E+00  -.782410E+00
0.856000E+00  -.808909E+00
0.852000E+00  -.835692E+00
0.848000E+00  -.862764E+00
0.844000E+00  -.890132E+00
0.840000E+00  -.917801E+00
0.836000E+00  -.945776E+00
0.832000E+00  -.974064E+00
0.828000E+00  -.100267E+01
0.824000E+00  -.103160E+01
0.820000E+00  -.106086E+01
0.816000E+00  -.109046E+01
0.812000E+00  -.112041E+01
0.808000E+00  -.115070E+01
0.804000E+00  -.118136E+01
0.800000E+00  -.121237E+01
0.796000E+00  -.124377E+01
0.792000E+00  -.127554E+01
0.788000E+00  -.130770E+01
0.784000E+00  -.134025E+01
0.780000E+00  -.137321E+01
0.776000E+00  -.140658E+01
0.772000E+00  -.144038E+01
0.768000E+00  -.147460E+01
0.764000E+00  -.150926E+01
0.760000E+00  -.154437E+01
0.756000E+00  -.157994E+01
0.752000E+00  -.161597E+01
0.748000E+00  -.165248E+01
0.744000E+00  -.168948E+01
0.740000E+00  -.172698E+01
0.736000E+00  -.176498E+01
0.732000E+00  -.180351E+01
0.728000E+00  -.184257E+01
0.724000E+00  -.188217E+01
0.720000E+00  -.192233E+01
0.716000E+00  -.196305E+01
0.712000E+00  -.200436E+01
0.708000E+00  -.204626E+01
0.704000E+00  -.208877E+01
0.700000E+00  -.213190E+01
0.696000E+00  -.217566E+01
0.692000E+00  -.222008E+01
0.688000E+00  -.226516E+01
0.684000E+00  -.231092E+01
0.680000E+00  -.235738E+01
0.676000E+00  -.240455E+01
0.672000E+00  -.245246E+01
0.668000E+00  -.250111E+01
0.664000E+00  -.255053E+01
0.660000E+00  -.260074E+01
0.656000E+00  -.265175E+01
0.652000E+00  -.270358E+01
0.648000E+00  -.275626E+01
0.644000E+00  -.280980E+01
0.640000E+00  -.286423E+01
0.636000E+00  -.291958E+01
0.632000E+00  -.297585E+01
0.628000E+00  -.303308E+01
0.624000E+00  -.309129E+01
0.620000E+00  -.315051E+01
0.616000E+00  -.321077E+01
0.612000E+00  -.327208E+01
0.608000E+00  -.333448E+01
0.604000E+00  -.339800E+01
0.600000E+00  -.346266E+01
