0.996000E+00  -.650605E-02
0.992000E+00  -.130648E-01
0.988000E+00  -.196771E-01
0.984000E+00  -.263437E-01
0.980000E+00  -.330657E-01
0.976000E+00  -.398439E-01
0.972000E+00  -.466792E-01
0.968000E+00  -.535726E-01
0.964000E+00  -.605250E-01
0.960000E+00  -.675374E-01
0.956000E+00  -.746109E-01
0.952000E+00  -.817465E-01
0.948000E+00  -.889452E-01
0.944000E+00  -.962080E-01
0.940000E+00  -.103536E+00
0.936000E+00  -.110931E+00
0.932000E+00  -.118393E+00
0.928000E+00  -.125924E+00
0.924000E+00  -.133524E+00
0.920000E+00  -.141196E+00
0.916000E+00  -.148940E+00
0.912000E+00  -.156758E+00
0.908000E+00  -.164651E+00
0.904000E+00  -.172620E+00
0.900000E+00  -.180667E+00
0.896000E+00  -.188792E+00
0.892000E+00  -.196998E+00
0.888000E+00  -.205286E+00
0.884000E+00  -.213658E+00
0.880000E+00  -.222114E+00
0.876000E+00  -.230657E+00
0.872000E+00  -.239287E+00
0.868000E+00  -.248008E+00
0.864000E+00  -.256819E+00
0.860000E+00  -.265724E+00
0.856000E+00  -.274724E+00
0.852000E+00  -.283820E+00
0.848000E+00  -.293014E+00
0.844000E+00  -.302309E+00
0.840000E+00  -.311706E+00
0.836000E+00  -.321207E+00
0.832000E+00  -.330814E+00
0.828000E+00  -.340529E+00
0.824000E+00  -.350355E+00
0.820000E+00  -.360293E+00
0.816000E+00  -.370346E+00
0.812000E+00  -.380516E+00
0.808000E+00  -.390804E+00
0.804000E+00  -.401215E+00
0.800000E+00  -.411750E+00
0.796000E+00  -.422411E+00
0.792000E+00  -.433201E+00
0.788000E+00  -.444123E+00
0.784000E+00  -.455180E+00
0.780000E+00  -.466374E+00
0.776000E+00  -.477707E+00
0.772000E+00  -.489184E+00
0.768000E+00  -.500807E+00
0.764000E+00  -.512579E+00
0.760000E+00  -.524503E+00
0.756000E+00  -.536582E+00
0.752000E+00  -.548820E+00
0.748000E+00  -.561220E+00
0.744000E+00  -.573786E+00
0.740000E+00  -.586521E+00
0.736000E+00  -.599429E+00
0.732000E+00  -.612513E+00
0.728000E+00  -.625778E+00
0.724000E+00  -.639228E+00
0.720000E+00  -.652866E+00
0.716000E+00  -.666697E+00
0.712000E+00  -.680726E+00
0.708000E+00  -.694956E+00
0.704000E+00  -.709393E+00
0.700000E+00  -.724040E+00
0.696000E+00  -.738904E+00
0.692000E+00  -.753988E+00
0.688000E+00  -.769299E+00
0.684000E+00  -.784841E+00
0.680000E+00  -.800619E+00
0.676000E+00  -.816641E+00
0.672000E+00  -.832910E+00
0.668000E+00  -.849434E+00
0.664000E+00  -.866218E+00
0.660000E+00  -.883269E+00
0.656000E+00  -.900593E+00
0.652000E+00  -.918197E+00
0.648000E+00  -.936087E+00
0.644000E+00  -.954272E+00
0.640000E+00  -.972759E+00
0.636000E+00  -.991554E+00
0.632000E+00  -.101067E+01
0.628000E+00  -.103010E+01
0.624000E+00  -.104987E+01
0.620000E+00  -.106999E+01
0.616000E+00  -.109045E+01
0.612000E+00  -.111127E+01
0.608000E+00  -.113247E+01
0.604000E+00  -.115404E+01
0.600000E+00  -.117600E+01
