0.996000E+00  -.475424E-01
0.992000E+00  -.954697E-01
0.988000E+00  -.143788E+00
0.984000E+00  -.192504E+00
0.980000E+00  -.241625E+00
0.976000E+00  -.291155E+00
0.972000E+00  -.341104E+00
0.968000E+00  -.391477E+00
0.964000E+00  -.442281E+00
0.960000E+00  -.493524E+00
0.956000E+00  -.545213E+00
0.952000E+00  -.597355E+00
0.948000E+00  -.649959E+00
0.944000E+00  -.703031E+00
0.940000E+00  -.756581E+00
0.936000E+00  -.810616E+00
0.932000E+00  -.865144E+00
0.928000E+00  -.920175E+00
0.924000E+00  -.975716E+00
0.920000E+00  -.103178E+01
0.916000E+00  -.108837E+01
0.912000E+00  -.114550E+01
0.908000E+00  -.120317E+01
0.904000E+00  -.126140E+01
0.900000E+00  -.132020E+01
0.896000E+00  -.137958E+01
0.892000E+00  -.143955E+01
0.888000E+00  -.150011E+01
0.884000E+00  -.156128E+01
0.880000E+00  -.162308E+01
0.876000E+00  -.168550E+01
0.872000E+00  -.174857E+01
0.868000E+00  -.181229E+01
0.864000E+00  -.187668E+01
0.860000E+00  -.194175E+01
0.856000E+00  -.200752E+01
0.852000E+00  -.207399E+01
0.848000E+00  -.214117E+01
0.844000E+00  -.220909E+01
0.840000E+00  -.227776E+01
0.836000E+00  -.234719E+01
0.832000E+00  -.241739E+01
0.828000E+00  -.248839E+01
0.824000E+00  -.256019E+01
0.820000E+00  -.263281E+01
0.816000E+00  -.270627E+01
0.812000E+00  -.278058E+01
0.808000E+00  -.285577E+01
0.804000E+00  -.293184E+01
0.800000E+00  -.300882E+01
0.796000E+00  -.308673E+01
0.792000E+00  -.316558E+01
0.788000E+00  -.324539E+01
0.784000E+00  -.332618E+01
0.780000E+00  -.340798E+01
0.776000E+00  -.349080E+01
0.772000E+00  -.357467E+01
0.768000E+00  -.365960E+01
0.764000E+00  -.374562E+01
0.760000E+00  -.383275E+01
0.756000E+00  -.392102E+01
0.752000E+00  -.401045E+01
0.748000E+00  -.410106E+01
0.744000E+00  -.419289E+01
0.740000E+00  -.428595E+01
0.736000E+00  -.438027E+01
0.732000E+00  -.447588E+01
0.728000E+00  -.457282E+01
0.724000E+00  -.467110E+01
0.720000E+00  -.477076E+01
0.716000E+00  -.487183E+01
0.712000E+00  -.497434E+01
0.708000E+00  -.507833E+01
0.704000E+00  -.518382E+01
0.700000E+00  -.529086E+01
0.696000E+00  -.539947E+01
0.692000E+00  -.550970E+01
0.688000E+00  -.562158E+01
0.684000E+00  -.573515E+01
0.680000E+00  -.585045E+01
0.676000E+00  -.596753E+01
0.672000E+00  -.608641E+01
0.668000E+00  -.620716E+01
0.664000E+00  -.632981E+01
0.660000E+00  -.645440E+01
0.656000E+00  -.658100E+01
0.652000E+00  -.670964E+01
0.648000E+00  -.684037E+01
0.644000E+00  -.697326E+01
0.640000E+00  -.710834E+01
0.636000E+00  -.724569E+01
0.632000E+00  -.738535E+01
0.628000E+00  -.752738E+01
0.624000E+00  -.767185E+01
0.620000E+00  -.781882E+01
0.616000E+00  -.796836E+01
0.612000E+00  -.812052E+01
0.608000E+00  -.827538E+01
0.604000E+00  -.843302E+01
0.600000E+00  -.859350E+01
