0.996000E+00  -.111145E-01
0.992000E+00  -.223190E-01
0.988000E+00  -.336150E-01
0.984000E+00  -.450039E-01
0.980000E+00  -.564872E-01
0.976000E+00  -.680666E-01
0.972000E+00  -.797436E-01
0.968000E+00  -.915198E-01
0.964000E+00  -.103397E+00
0.960000E+00  -.115376E+00
0.956000E+00  -.127460E+00
0.952000E+00  -.139650E+00
0.948000E+00  -.151948E+00
0.944000E+00  -.164355E+00
0.940000E+00  -.176874E+00
0.936000E+00  -.189507E+00
0.932000E+00  -.202254E+00
0.928000E+00  -.215119E+00
0.924000E+00  -.228104E+00
0.920000E+00  -.241210E+00
0.916000E+00  -.254440E+00
0.912000E+00  -.267795E+00
0.908000E+00  -.281279E+00
0.904000E+00  -.294892E+00
0.900000E+00  -.308639E+00
0.896000E+00  -.322520E+00
0.892000E+00  -.336539E+00
0.888000E+00  -.350697E+00
0.884000E+00  -.364998E+00
0.880000E+00  -.379445E+00
0.876000E+00  -.394038E+00
0.872000E+00  -.408782E+00
0.868000E+00  -.423680E+00
0.864000E+00  -.438733E+00
0.860000E+00  -.453945E+00
0.856000E+00  -.469320E+00
0.852000E+00  -.484859E+00
0.848000E+00  -.500566E+00
0.844000E+00  -.516445E+00
0.840000E+00  -.532498E+00
0.836000E+00  -.548728E+00
0.832000E+00  -.565141E+00
0.828000E+00  -.581738E+00
0.824000E+00  -.598523E+00
0.820000E+00  -.615501E+00
0.816000E+00  -.632674E+00
0.812000E+00  -.650047E+00
0.808000E+00  -.667624E+00
0.804000E+00  -.685409E+00
0.800000E+00  -.703406E+00
0.796000E+00  -.721619E+00
0.792000E+00  -.740052E+00
0.788000E+00  -.758711E+00
0.784000E+00  -.777599E+00
0.780000E+00  -.796722E+00
0.776000E+00  -.816083E+00
0.772000E+00  -.835690E+00
0.768000E+00  -.855545E+00
0.764000E+00  -.875655E+00
0.760000E+00  -.896025E+00
0.756000E+00  -.916661E+00
0.752000E+00  -.937567E+00
0.748000E+00  -.958751E+00
0.744000E+00  -.980217E+00
0.740000E+00  -.100197E+01
0.736000E+00  -.102402E+01
0.732000E+00  -.104638E+01
0.728000E+00  -.106904E+01
0.724000E+00  -.109201E+01
0.720000E+00  -.111531E+01
0.716000E+00  -.113894E+01
0.712000E+00  -.116291E+01
0.708000E+00  -.118722E+01
0.704000E+00  -.121188E+01
0.700000E+00  -.123690E+01
0.696000E+00  -.126229E+01
0.692000E+00  -.128806E+01
0.688000E+00  -.131422E+01
0.684000E+00  -.134077E+01
0.680000E+00  -.136772E+01
0.676000E+00  -.139509E+01
0.672000E+00  -.142289E+01
0.668000E+00  -.145112E+01
0.664000E+00  -.147979E+01
0.660000E+00  -.150892E+01
0.656000E+00  -.153851E+01
0.652000E+00  -.156859E+01
0.648000E+00  -.159915E+01
0.644000E+00  -.163022E+01
0.640000E+00  -.166180E+01
0.636000E+00  -.169390E+01
0.632000E+00  -.172655E+01
0.628000E+00  -.175976E+01
0.624000E+00  -.179353E+01
0.620000E+00  -.182789E+01
0.616000E+00  -.186285E+01
0.612000E+00  -.189842E+01
0.608000E+00  -.193463E+01
0.604000E+00  -.197148E+01
0.600000E+00  -.200900E+01
