0.996000E+00  -.542653E-01
0.992000E+00  -.108970E+00
0.988000E+00  -.164121E+00
0.984000E+00  -.219726E+00
0.980000E+00  -.275792E+00
0.976000E+00  -.332327E+00
0.972000E+00  -.389339E+00
0.968000E+00  -.446835E+00
0.964000E+00  -.504823E+00
0.960000E+00  -.563312E+00
0.956000E+00  -.622311E+00
0.952000E+00  -.681826E+00
0.948000E+00  -.741869E+00
0.944000E+00  -.802446E+00
0.940000E+00  -.863568E+00
0.936000E+00  -.925244E+00
0.932000E+00  -.987484E+00
0.928000E+00  -.105030E+01
0.924000E+00  -.111369E+01
0.920000E+00  -.117768E+01
0.916000E+00  -.124227E+01
0.912000E+00  -.130748E+01
0.908000E+00  -.137331E+01
0.904000E+00  -.143978E+01
0.900000E+00  -.150689E+01
0.896000E+00  -.157467E+01
0.892000E+00  -.164311E+01
0.888000E+00  -.171224E+01
0.884000E+00  -.178206E+01
0.880000E+00  -.185259E+01
0.876000E+00  -.192385E+01
0.872000E+00  -.199583E+01
0.868000E+00  -.206857E+01
0.864000E+00  -.214206E+01
0.860000E+00  -.221634E+01
0.856000E+00  -.229140E+01
0.852000E+00  -.236727E+01
0.848000E+00  -.244396E+01
0.844000E+00  -.252148E+01
0.840000E+00  -.259986E+01
0.836000E+00  -.267910E+01
0.832000E+00  -.275923E+01
0.828000E+00  -.284027E+01
0.824000E+00  -.292222E+01
0.820000E+00  -.300511E+01
0.816000E+00  -.308896E+01
0.812000E+00  -.317378E+01
0.808000E+00  -.325960E+01
0.804000E+00  -.334643E+01
0.800000E+00  -.343430E+01
0.796000E+00  -.352322E+01
0.792000E+00  -.361322E+01
0.788000E+00  -.370432E+01
0.784000E+00  -.379654E+01
0.780000E+00  -.388990E+01
0.776000E+00  -.398443E+01
0.772000E+00  -.408016E+01
0.768000E+00  -.417710E+01
0.764000E+00  -.427529E+01
0.760000E+00  -.437474E+01
0.756000E+00  -.447549E+01
0.752000E+00  -.457757E+01
0.748000E+00  -.468099E+01
0.744000E+00  -.478580E+01
0.740000E+00  -.489202E+01
0.736000E+00  -.499968E+01
0.732000E+00  -.510881E+01
0.728000E+00  -.521945E+01
0.724000E+00  -.533163E+01
0.720000E+00  -.544539E+01
0.716000E+00  -.556075E+01
0.712000E+00  -.567776E+01
0.708000E+00  -.579645E+01
0.704000E+00  -.591686E+01
0.700000E+00  -.603903E+01
0.696000E+00  -.616300E+01
0.692000E+00  -.628882E+01
0.688000E+00  -.641652E+01
0.684000E+00  -.654615E+01
0.680000E+00  -.667776E+01
0.676000E+00  -.681139E+01
0.672000E+00  -.694709E+01
0.668000E+00  -.708491E+01
0.664000E+00  -.722490E+01
0.660000E+00  -.736712E+01
0.656000E+00  -.751161E+01
0.652000E+00  -.765844E+01
0.648000E+00  -.780766E+01
0.644000E+00  -.795934E+01
0.640000E+00  -.811353E+01
0.636000E+00  -.827029E+01
0.632000E+00  -.842970E+01
0.628000E+00  -.859182E+01
0.624000E+00  -.875672E+01
0.620000E+00  -.892447E+01
0.616000E+00  -.909515E+01
0.612000E+00  -.926883E+01
0.608000E+00  -.944560E+01
0.604000E+00  -.962553E+01
0.600000E+00  -.980870E+01
