0.996000E+00  -.385785E-01
0.992000E+00  -.774693E-01
0.988000E+00  -.116678E+00
0.984000E+00  -.156209E+00
0.980000E+00  -.196067E+00
0.976000E+00  -.236259E+00
0.972000E+00  -.276790E+00
0.968000E+00  -.317665E+00
0.964000E+00  -.358891E+00
0.960000E+00  -.400472E+00
0.956000E+00  -.442415E+00
0.952000E+00  -.484726E+00
0.948000E+00  -.527412E+00
0.944000E+00  -.570478E+00
0.940000E+00  -.613931E+00
0.936000E+00  -.657778E+00
0.932000E+00  -.702025E+00
0.928000E+00  -.746680E+00
0.924000E+00  -.791750E+00
0.920000E+00  -.837241E+00
0.916000E+00  -.883161E+00
0.912000E+00  -.929517E+00
0.908000E+00  -.976319E+00
0.904000E+00  -.102357E+01
0.900000E+00  -.107129E+01
0.896000E+00  -.111947E+01
0.892000E+00  -.116813E+01
0.888000E+00  -.121727E+01
0.884000E+00  -.126691E+01
0.880000E+00  -.131705E+01
0.876000E+00  -.136771E+01
0.872000E+00  -.141889E+01
0.868000E+00  -.147059E+01
0.864000E+00  -.152284E+01
0.860000E+00  -.157565E+01
0.856000E+00  -.162901E+01
0.852000E+00  -.168295E+01
0.848000E+00  -.173747E+01
0.844000E+00  -.179258E+01
0.840000E+00  -.184830E+01
0.836000E+00  -.190464E+01
0.832000E+00  -.196160E+01
0.828000E+00  -.201921E+01
0.824000E+00  -.207748E+01
0.820000E+00  -.213640E+01
0.816000E+00  -.219601E+01
0.812000E+00  -.225632E+01
0.808000E+00  -.231733E+01
0.804000E+00  -.237906E+01
0.800000E+00  -.244152E+01
0.796000E+00  -.250474E+01
0.792000E+00  -.256872E+01
0.788000E+00  -.263349E+01
0.784000E+00  -.269905E+01
0.780000E+00  -.276542E+01
0.776000E+00  -.283263E+01
0.772000E+00  -.290068E+01
0.768000E+00  -.296960E+01
0.764000E+00  -.303940E+01
0.760000E+00  -.311011E+01
0.756000E+00  -.318173E+01
0.752000E+00  -.325430E+01
0.748000E+00  -.332783E+01
0.744000E+00  -.340234E+01
0.740000E+00  -.347785E+01
0.736000E+00  -.355439E+01
0.732000E+00  -.363198E+01
0.728000E+00  -.371063E+01
0.724000E+00  -.379038E+01
0.720000E+00  -.387125E+01
0.716000E+00  -.395327E+01
0.712000E+00  -.403645E+01
0.708000E+00  -.412083E+01
0.704000E+00  -.420644E+01
0.700000E+00  -.429329E+01
0.696000E+00  -.438143E+01
0.692000E+00  -.447087E+01
0.688000E+00  -.456166E+01
0.684000E+00  -.465381E+01
0.680000E+00  -.474738E+01
0.676000E+00  -.484238E+01
0.672000E+00  -.493885E+01
0.668000E+00  -.503683E+01
0.664000E+00  -.513635E+01
0.660000E+00  -.523746E+01
0.656000E+00  -.534018E+01
0.652000E+00  -.544457E+01
0.648000E+00  -.555065E+01
0.644000E+00  -.565848E+01
0.640000E+00  -.576810E+01
0.636000E+00  -.587955E+01
0.632000E+00  -.599287E+01
0.628000E+00  -.610813E+01
0.624000E+00  -.622536E+01
0.620000E+00  -.634462E+01
0.616000E+00  -.646596E+01
0.612000E+00  -.658943E+01
0.608000E+00  -.671510E+01
0.604000E+00  -.684301E+01
0.600000E+00  -.697324E+01
