0.996000E+00  -.415665E-01
0.992000E+00  -.834695E-01
0.988000E+00  -.125715E+00
0.984000E+00  -.168307E+00
0.980000E+00  -.211253E+00
0.976000E+00  -.254558E+00
0.972000E+00  -.298228E+00
0.968000E+00  -.342269E+00
0.964000E+00  -.386687E+00
0.960000E+00  -.431489E+00
0.956000E+00  -.476681E+00
0.952000E+00  -.522269E+00
0.948000E+00  -.568261E+00
0.944000E+00  -.614662E+00
0.940000E+00  -.661481E+00
0.936000E+00  -.708724E+00
0.932000E+00  -.756398E+00
0.928000E+00  -.804512E+00
0.924000E+00  -.853072E+00
0.920000E+00  -.902086E+00
0.916000E+00  -.951563E+00
0.912000E+00  -.100151E+01
0.908000E+00  -.105194E+01
0.904000E+00  -.110285E+01
0.900000E+00  -.115426E+01
0.896000E+00  -.120617E+01
0.892000E+00  -.125860E+01
0.888000E+00  -.131155E+01
0.884000E+00  -.136503E+01
0.880000E+00  -.141906E+01
0.876000E+00  -.147364E+01
0.872000E+00  -.152878E+01
0.868000E+00  -.158449E+01
0.864000E+00  -.164079E+01
0.860000E+00  -.169768E+01
0.856000E+00  -.175518E+01
0.852000E+00  -.181329E+01
0.848000E+00  -.187204E+01
0.844000E+00  -.193142E+01
0.840000E+00  -.199145E+01
0.836000E+00  -.205216E+01
0.832000E+00  -.211353E+01
0.828000E+00  -.217560E+01
0.824000E+00  -.223838E+01
0.820000E+00  -.230187E+01
0.816000E+00  -.236610E+01
0.812000E+00  -.243107E+01
0.808000E+00  -.249681E+01
0.804000E+00  -.256332E+01
0.800000E+00  -.263062E+01
0.796000E+00  -.269874E+01
0.792000E+00  -.276767E+01
0.788000E+00  -.283745E+01
0.784000E+00  -.290809E+01
0.780000E+00  -.297961E+01
0.776000E+00  -.305202E+01
0.772000E+00  -.312534E+01
0.768000E+00  -.319960E+01
0.764000E+00  -.327481E+01
0.760000E+00  -.335099E+01
0.756000E+00  -.342816E+01
0.752000E+00  -.350635E+01
0.748000E+00  -.358557E+01
0.744000E+00  -.366585E+01
0.740000E+00  -.374722E+01
0.736000E+00  -.382968E+01
0.732000E+00  -.391328E+01
0.728000E+00  -.399803E+01
0.724000E+00  -.408396E+01
0.720000E+00  -.417109E+01
0.716000E+00  -.425946E+01
0.712000E+00  -.434908E+01
0.708000E+00  -.444000E+01
0.704000E+00  -.453223E+01
0.700000E+00  -.462581E+01
0.696000E+00  -.472077E+01
0.692000E+00  -.481715E+01
0.688000E+00  -.491496E+01
0.684000E+00  -.501426E+01
0.680000E+00  -.511507E+01
0.676000E+00  -.521743E+01
0.672000E+00  -.532137E+01
0.668000E+00  -.542694E+01
0.664000E+00  -.553417E+01
0.660000E+00  -.564311E+01
0.656000E+00  -.575379E+01
0.652000E+00  -.586626E+01
0.648000E+00  -.598056E+01
0.644000E+00  -.609674E+01
0.640000E+00  -.621485E+01
0.636000E+00  -.633493E+01
0.632000E+00  -.645703E+01
0.628000E+00  -.658121E+01
0.624000E+00  -.670752E+01
0.620000E+00  -.683602E+01
0.616000E+00  -.696676E+01
0.612000E+00  -.709979E+01
0.608000E+00  -.723519E+01
0.604000E+00  -.737302E+01
0.600000E+00  -.751333E+01
