0.996000E+00  -.484541E-01
0.992000E+00  -.971571E-01
0.988000E+00  -.146145E+00
0.984000E+00  -.195454E+00
0.980000E+00  -.245122E+00
0.976000E+00  -.295189E+00
0.972000E+00  -.345695E+00
0.968000E+00  -.396681E+00
0.964000E+00  -.448190E+00
0.960000E+00  -.500267E+00
0.956000E+00  -.552957E+00
0.952000E+00  -.606308E+00
0.948000E+00  -.660368E+00
0.944000E+00  -.715188E+00
0.940000E+00  -.770821E+00
0.936000E+00  -.827320E+00
0.932000E+00  -.884742E+00
0.928000E+00  -.943146E+00
0.924000E+00  -.100259E+01
0.920000E+00  -.106314E+01
0.916000E+00  -.112485E+01
0.912000E+00  -.118781E+01
0.908000E+00  -.125207E+01
0.904000E+00  -.131770E+01
0.900000E+00  -.138480E+01
0.896000E+00  -.145342E+01
0.892000E+00  -.152366E+01
0.888000E+00  -.159560E+01
0.884000E+00  -.166932E+01
0.880000E+00  -.174493E+01
0.876000E+00  -.182251E+01
0.872000E+00  -.190216E+01
0.868000E+00  -.198400E+01
0.864000E+00  -.206812E+01
0.860000E+00  -.215465E+01
0.856000E+00  -.224369E+01
0.852000E+00  -.233537E+01
0.848000E+00  -.242983E+01
0.844000E+00  -.252719E+01
0.840000E+00  -.262760E+01
0.836000E+00  -.273121E+01
0.832000E+00  -.283815E+01
0.828000E+00  -.294861E+01
0.824000E+00  -.306274E+01
0.820000E+00  -.318072E+01
0.816000E+00  -.330274E+01
0.812000E+00  -.342898E+01
0.808000E+00  -.355966E+01
0.804000E+00  -.369497E+01
0.800000E+00  -.383515E+01
0.796000E+00  -.398043E+01
0.792000E+00  -.413105E+01
0.788000E+00  -.428726E+01
0.784000E+00  -.444934E+01
0.780000E+00  -.461756E+01
0.776000E+00  -.479224E+01
0.772000E+00  -.497367E+01
0.768000E+00  -.516218E+01
0.764000E+00  -.535812E+01
0.760000E+00  -.556186E+01
0.756000E+00  -.577376E+01
0.752000E+00  -.599425E+01
0.748000E+00  -.622373E+01
0.744000E+00  -.646265E+01
0.740000E+00  -.671148E+01
0.736000E+00  -.697073E+01
0.732000E+00  -.724090E+01
0.728000E+00  -.752254E+01
0.724000E+00  -.781625E+01
0.720000E+00  -.812263E+01
0.716000E+00  -.844232E+01
0.712000E+00  -.877602E+01
0.708000E+00  -.912444E+01
0.704000E+00  -.948834E+01
0.700000E+00  -.986854E+01
0.696000E+00  -.102659E+02
0.692000E+00  -.106813E+02
0.688000E+00  -.111157E+02
0.684000E+00  -.115701E+02
0.680000E+00  -.120456E+02
0.676000E+00  -.125433E+02
0.672000E+00  -.130645E+02
0.668000E+00  -.136104E+02
0.664000E+00  -.141823E+02
0.660000E+00  -.147818E+02
0.656000E+00  -.154103E+02
0.652000E+00  -.160694E+02
0.648000E+00  -.167609E+02
0.644000E+00  -.174867E+02
0.640000E+00  -.182486E+02
0.636000E+00  -.190488E+02
0.632000E+00  -.198894E+02
0.628000E+00  -.207729E+02
0.624000E+00  -.217017E+02
0.620000E+00  -.226785E+02
0.616000E+00  -.237061E+02
0.612000E+00  -.247876E+02
0.608000E+00  -.259263E+02
0.604000E+00  -.271257E+02
0.600000E+00  -.283893E+02
