0.996000E+00  -.324815E-01
0.992000E+00  -.660129E-01
0.988000E+00  -.100657E+00
0.984000E+00  -.136479E+00
0.980000E+00  -.173550E+00
0.976000E+00  -.211943E+00
0.972000E+00  -.251736E+00
0.968000E+00  -.293012E+00
0.964000E+00  -.335857E+00
0.960000E+00  -.380364E+00
0.956000E+00  -.426630E+00
0.952000E+00  -.474758E+00
0.948000E+00  -.524857E+00
0.944000E+00  -.577044E+00
0.940000E+00  -.631440E+00
0.936000E+00  -.688176E+00
0.932000E+00  -.747389E+00
0.928000E+00  -.809225E+00
0.924000E+00  -.873839E+00
0.920000E+00  -.941394E+00
0.916000E+00  -.101207E+01
0.912000E+00  -.108604E+01
0.908000E+00  -.116351E+01
0.904000E+00  -.124468E+01
0.900000E+00  -.132978E+01
0.896000E+00  -.141904E+01
0.892000E+00  -.151272E+01
0.888000E+00  -.161107E+01
0.884000E+00  -.171438E+01
0.880000E+00  -.182295E+01
0.876000E+00  -.193711E+01
0.872000E+00  -.205719E+01
0.868000E+00  -.218355E+01
0.864000E+00  -.231659E+01
0.860000E+00  -.245670E+01
0.856000E+00  -.260435E+01
0.852000E+00  -.275998E+01
0.848000E+00  -.292410E+01
0.844000E+00  -.309724E+01
0.840000E+00  -.327998E+01
0.836000E+00  -.347291E+01
0.832000E+00  -.367669E+01
0.828000E+00  -.389200E+01
0.824000E+00  -.411959E+01
0.820000E+00  -.436025E+01
0.816000E+00  -.461482E+01
0.812000E+00  -.488420E+01
0.808000E+00  -.516936E+01
0.804000E+00  -.547134E+01
0.800000E+00  -.579125E+01
0.796000E+00  -.613027E+01
0.792000E+00  -.648967E+01
0.788000E+00  -.687081E+01
0.784000E+00  -.727516E+01
0.780000E+00  -.770429E+01
0.776000E+00  -.815987E+01
0.772000E+00  -.864371E+01
0.768000E+00  -.915774E+01
0.764000E+00  -.970406E+01
0.760000E+00  -.102849E+02
0.756000E+00  -.109026E+02
0.752000E+00  -.115599E+02
0.748000E+00  -.122594E+02
0.744000E+00  -.130042E+02
0.740000E+00  -.137975E+02
0.736000E+00  -.146428E+02
0.732000E+00  -.155438E+02
0.728000E+00  -.165045E+02
0.724000E+00  -.175293E+02
0.720000E+00  -.186229E+02
0.716000E+00  -.197903E+02
0.712000E+00  -.210370E+02
0.708000E+00  -.223689E+02
0.704000E+00  -.237923E+02
0.700000E+00  -.253143E+02
0.696000E+00  -.269421E+02
0.692000E+00  -.286840E+02
0.688000E+00  -.305485E+02
0.684000E+00  -.325453E+02
0.680000E+00  -.346845E+02
0.676000E+00  -.369772E+02
0.672000E+00  -.394356E+02
0.668000E+00  -.420726E+02
0.664000E+00  -.449025E+02
0.660000E+00  -.479408E+02
0.656000E+00  -.512041E+02
0.652000E+00  -.547107E+02
0.648000E+00  -.584804E+02
0.644000E+00  -.625348E+02
0.640000E+00  -.668974E+02
0.636000E+00  -.715938E+02
0.632000E+00  -.766519E+02
0.628000E+00  -.821022E+02
0.624000E+00  -.879778E+02
0.620000E+00  -.943151E+02
0.616000E+00  -.101154E+03
0.612000E+00  -.108537E+03
0.608000E+00  -.116512E+03
0.604000E+00  -.125131E+03
0.600000E+00  -.134451E+03
