0.996000E+00  -.971185E-01
0.992000E+00  -.195250E+00
0.988000E+00  -.294457E+00
0.984000E+00  -.394805E+00
0.980000E+00  -.496361E+00
0.976000E+00  -.599192E+00
0.972000E+00  -.703369E+00
0.968000E+00  -.808963E+00
0.964000E+00  -.916047E+00
0.960000E+00  -.102470E+01
0.956000E+00  -.113499E+01
0.952000E+00  -.124701E+01
0.948000E+00  -.136083E+01
0.944000E+00  -.147655E+01
0.940000E+00  -.159424E+01
0.936000E+00  -.171399E+01
0.932000E+00  -.183591E+01
0.928000E+00  -.196007E+01
0.924000E+00  -.208659E+01
0.920000E+00  -.221556E+01
0.916000E+00  -.234709E+01
0.912000E+00  -.248127E+01
0.908000E+00  -.261824E+01
0.904000E+00  -.275809E+01
0.900000E+00  -.290094E+01
0.896000E+00  -.304693E+01
0.892000E+00  -.319617E+01
0.888000E+00  -.334880E+01
0.884000E+00  -.350495E+01
0.880000E+00  -.366476E+01
0.876000E+00  -.382838E+01
0.872000E+00  -.399596E+01
0.868000E+00  -.416765E+01
0.864000E+00  -.434362E+01
0.860000E+00  -.452403E+01
0.856000E+00  -.470905E+01
0.852000E+00  -.489888E+01
0.848000E+00  -.509368E+01
0.844000E+00  -.529366E+01
0.840000E+00  -.549903E+01
0.836000E+00  -.570998E+01
0.832000E+00  -.592673E+01
0.828000E+00  -.614952E+01
0.824000E+00  -.637858E+01
0.820000E+00  -.661415E+01
0.816000E+00  -.685648E+01
0.812000E+00  -.710584E+01
0.808000E+00  -.736251E+01
0.804000E+00  -.762678E+01
0.800000E+00  -.789893E+01
0.796000E+00  -.817929E+01
0.792000E+00  -.846817E+01
0.788000E+00  -.876592E+01
0.784000E+00  -.907288E+01
0.780000E+00  -.938943E+01
0.776000E+00  -.971594E+01
0.772000E+00  -.100528E+02
0.768000E+00  -.104005E+02
0.764000E+00  -.107594E+02
0.760000E+00  -.111299E+02
0.756000E+00  -.115126E+02
0.752000E+00  -.119080E+02
0.748000E+00  -.123165E+02
0.744000E+00  -.127387E+02
0.740000E+00  -.131752E+02
0.736000E+00  -.136265E+02
0.732000E+00  -.140933E+02
0.728000E+00  -.145763E+02
0.724000E+00  -.150761E+02
0.720000E+00  -.155933E+02
0.716000E+00  -.161289E+02
0.712000E+00  -.166835E+02
0.708000E+00  -.172580E+02
0.704000E+00  -.178531E+02
0.700000E+00  -.184699E+02
0.696000E+00  -.191093E+02
0.692000E+00  -.197722E+02
0.688000E+00  -.204597E+02
0.684000E+00  -.211729E+02
0.680000E+00  -.219128E+02
0.676000E+00  -.226808E+02
0.672000E+00  -.234781E+02
0.668000E+00  -.243060E+02
0.664000E+00  -.251659E+02
0.660000E+00  -.260592E+02
0.656000E+00  -.269876E+02
0.652000E+00  -.279525E+02
0.648000E+00  -.289559E+02
0.644000E+00  -.299993E+02
0.640000E+00  -.310848E+02
0.636000E+00  -.322143E+02
0.632000E+00  -.333899E+02
0.628000E+00  -.346139E+02
0.624000E+00  -.358886E+02
0.620000E+00  -.372164E+02
0.616000E+00  -.385999E+02
0.612000E+00  -.400420E+02
0.608000E+00  -.415455E+02
0.604000E+00  -.431135E+02
0.600000E+00  -.447491E+02
