0.996000E+00  -.465009E-01
0.992000E+00  -.926828E-01
0.988000E+00  -.138589E+00
0.984000E+00  -.184262E+00
0.980000E+00  -.229747E+00
0.976000E+00  -.275087E+00
0.972000E+00  -.320328E+00
0.968000E+00  -.365513E+00
0.964000E+00  -.410690E+00
0.960000E+00  -.455903E+00
0.956000E+00  -.501199E+00
0.952000E+00  -.546627E+00
0.948000E+00  -.592234E+00
0.944000E+00  -.638069E+00
0.940000E+00  -.684182E+00
0.936000E+00  -.730623E+00
0.932000E+00  -.777445E+00
0.928000E+00  -.824700E+00
0.924000E+00  -.872441E+00
0.920000E+00  -.920725E+00
0.916000E+00  -.969606E+00
0.912000E+00  -.101914E+01
0.908000E+00  -.106940E+01
0.904000E+00  -.112042E+01
0.900000E+00  -.117229E+01
0.896000E+00  -.122506E+01
0.892000E+00  -.127879E+01
0.888000E+00  -.133356E+01
0.884000E+00  -.138944E+01
0.880000E+00  -.144649E+01
0.876000E+00  -.150479E+01
0.872000E+00  -.156442E+01
0.868000E+00  -.162546E+01
0.864000E+00  -.168799E+01
0.860000E+00  -.175209E+01
0.856000E+00  -.181785E+01
0.852000E+00  -.188536E+01
0.848000E+00  -.195472E+01
0.844000E+00  -.202602E+01
0.840000E+00  -.209937E+01
0.836000E+00  -.217487E+01
0.832000E+00  -.225263E+01
0.828000E+00  -.233276E+01
0.824000E+00  -.241539E+01
0.820000E+00  -.250063E+01
0.816000E+00  -.258862E+01
0.812000E+00  -.267948E+01
0.808000E+00  -.277337E+01
0.804000E+00  -.287042E+01
0.800000E+00  -.297079E+01
0.796000E+00  -.307463E+01
0.792000E+00  -.318212E+01
0.788000E+00  -.329343E+01
0.784000E+00  -.340873E+01
0.780000E+00  -.352822E+01
0.776000E+00  -.365210E+01
0.772000E+00  -.378058E+01
0.768000E+00  -.391387E+01
0.764000E+00  -.405220E+01
0.760000E+00  -.419582E+01
0.756000E+00  -.434497E+01
0.752000E+00  -.449993E+01
0.748000E+00  -.466096E+01
0.744000E+00  -.482837E+01
0.740000E+00  -.500245E+01
0.736000E+00  -.518352E+01
0.732000E+00  -.537194E+01
0.728000E+00  -.556805E+01
0.724000E+00  -.577223E+01
0.720000E+00  -.598487E+01
0.716000E+00  -.620640E+01
0.712000E+00  -.643724E+01
0.708000E+00  -.667787E+01
0.704000E+00  -.692876E+01
0.700000E+00  -.719044E+01
0.696000E+00  -.746344E+01
0.692000E+00  -.774834E+01
0.688000E+00  -.804575E+01
0.684000E+00  -.835630E+01
0.680000E+00  -.868067E+01
0.676000E+00  -.901958E+01
0.672000E+00  -.937378E+01
0.668000E+00  -.974407E+01
0.664000E+00  -.101313E+02
0.660000E+00  -.105364E+02
0.656000E+00  -.109603E+02
0.652000E+00  -.114039E+02
0.648000E+00  -.118685E+02
0.644000E+00  -.123550E+02
0.640000E+00  -.128648E+02
0.636000E+00  -.133991E+02
0.632000E+00  -.139592E+02
0.628000E+00  -.145467E+02
0.624000E+00  -.151629E+02
0.620000E+00  -.158097E+02
0.616000E+00  -.164887E+02
0.612000E+00  -.172019E+02
0.608000E+00  -.179510E+02
0.604000E+00  -.187384E+02
0.600000E+00  -.195662E+02
