0.996000E+00  -.801245E-01
0.992000E+00  -.160775E+00
0.988000E+00  -.241969E+00
0.984000E+00  -.323724E+00
0.980000E+00  -.406056E+00
0.976000E+00  -.488985E+00
0.972000E+00  -.572529E+00
0.968000E+00  -.656706E+00
0.964000E+00  -.741535E+00
0.960000E+00  -.827038E+00
0.956000E+00  -.913233E+00
0.952000E+00  -.100014E+01
0.948000E+00  -.108779E+01
0.944000E+00  -.117619E+01
0.940000E+00  -.126537E+01
0.936000E+00  -.135535E+01
0.932000E+00  -.144616E+01
0.928000E+00  -.153781E+01
0.924000E+00  -.163034E+01
0.920000E+00  -.172377E+01
0.916000E+00  -.181813E+01
0.912000E+00  -.191344E+01
0.908000E+00  -.200973E+01
0.904000E+00  -.210702E+01
0.900000E+00  -.220535E+01
0.896000E+00  -.230475E+01
0.892000E+00  -.240525E+01
0.888000E+00  -.250687E+01
0.884000E+00  -.260965E+01
0.880000E+00  -.271363E+01
0.876000E+00  -.281884E+01
0.872000E+00  -.292531E+01
0.868000E+00  -.303308E+01
0.864000E+00  -.314219E+01
0.860000E+00  -.325267E+01
0.856000E+00  -.336457E+01
0.852000E+00  -.347793E+01
0.848000E+00  -.359278E+01
0.844000E+00  -.370918E+01
0.840000E+00  -.382716E+01
0.836000E+00  -.394678E+01
0.832000E+00  -.406808E+01
0.828000E+00  -.419111E+01
0.824000E+00  -.431592E+01
0.820000E+00  -.444257E+01
0.816000E+00  -.457111E+01
0.812000E+00  -.470159E+01
0.808000E+00  -.483408E+01
0.804000E+00  -.496863E+01
0.800000E+00  -.510531E+01
0.796000E+00  -.524418E+01
0.792000E+00  -.538531E+01
0.788000E+00  -.552877E+01
0.784000E+00  -.567463E+01
0.780000E+00  -.582296E+01
0.776000E+00  -.597385E+01
0.772000E+00  -.612737E+01
0.768000E+00  -.628361E+01
0.764000E+00  -.644265E+01
0.760000E+00  -.660459E+01
0.756000E+00  -.676951E+01
0.752000E+00  -.693751E+01
0.748000E+00  -.710871E+01
0.744000E+00  -.728319E+01
0.740000E+00  -.746107E+01
0.736000E+00  -.764246E+01
0.732000E+00  -.782749E+01
0.728000E+00  -.801627E+01
0.724000E+00  -.820893E+01
0.720000E+00  -.840562E+01
0.716000E+00  -.860646E+01
0.712000E+00  -.881161E+01
0.708000E+00  -.902121E+01
0.704000E+00  -.923543E+01
0.700000E+00  -.945443E+01
0.696000E+00  -.967839E+01
0.692000E+00  -.990749E+01
0.688000E+00  -.101419E+02
0.684000E+00  -.103819E+02
0.680000E+00  -.106276E+02
0.676000E+00  -.108792E+02
0.672000E+00  -.111370E+02
0.668000E+00  -.114013E+02
0.664000E+00  -.116722E+02
0.660000E+00  -.119501E+02
0.656000E+00  -.122352E+02
0.652000E+00  -.125278E+02
0.648000E+00  -.128282E+02
0.644000E+00  -.131368E+02
0.640000E+00  -.134538E+02
0.636000E+00  -.137797E+02
0.632000E+00  -.141148E+02
0.628000E+00  -.144594E+02
0.624000E+00  -.148142E+02
0.620000E+00  -.151793E+02
0.616000E+00  -.155555E+02
0.612000E+00  -.159430E+02
0.608000E+00  -.163425E+02
0.604000E+00  -.167545E+02
0.600000E+00  -.171795E+02
