0.996000E+00  -.123176E+00
0.992000E+00  -.247366E+00
0.988000E+00  -.372663E+00
0.984000E+00  -.499159E+00
0.980000E+00  -.626950E+00
0.976000E+00  -.756131E+00
0.972000E+00  -.886801E+00
0.968000E+00  -.101906E+01
0.964000E+00  -.115301E+01
0.960000E+00  -.128876E+01
0.956000E+00  -.142641E+01
0.952000E+00  -.156608E+01
0.948000E+00  -.170787E+01
0.944000E+00  -.185190E+01
0.940000E+00  -.199828E+01
0.936000E+00  -.214715E+01
0.932000E+00  -.229862E+01
0.928000E+00  -.245281E+01
0.924000E+00  -.260987E+01
0.920000E+00  -.276993E+01
0.916000E+00  -.293311E+01
0.912000E+00  -.309957E+01
0.908000E+00  -.326946E+01
0.904000E+00  -.344292E+01
0.900000E+00  -.362011E+01
0.896000E+00  -.380120E+01
0.892000E+00  -.398634E+01
0.888000E+00  -.417571E+01
0.884000E+00  -.436950E+01
0.880000E+00  -.456787E+01
0.876000E+00  -.477103E+01
0.872000E+00  -.497917E+01
0.868000E+00  -.519249E+01
0.864000E+00  -.541121E+01
0.860000E+00  -.563554E+01
0.856000E+00  -.586572E+01
0.852000E+00  -.610197E+01
0.848000E+00  -.634454E+01
0.844000E+00  -.659368E+01
0.840000E+00  -.684967E+01
0.836000E+00  -.711276E+01
0.832000E+00  -.738325E+01
0.828000E+00  -.766144E+01
0.824000E+00  -.794762E+01
0.820000E+00  -.824212E+01
0.816000E+00  -.854528E+01
0.812000E+00  -.885743E+01
0.808000E+00  -.917894E+01
0.804000E+00  -.951019E+01
0.800000E+00  -.985157E+01
0.796000E+00  -.102035E+02
0.792000E+00  -.105664E+02
0.788000E+00  -.109407E+02
0.784000E+00  -.113268E+02
0.780000E+00  -.117253E+02
0.776000E+00  -.121367E+02
0.772000E+00  -.125615E+02
0.768000E+00  -.130002E+02
0.764000E+00  -.134534E+02
0.760000E+00  -.139217E+02
0.756000E+00  -.144058E+02
0.752000E+00  -.149063E+02
0.748000E+00  -.154239E+02
0.744000E+00  -.159593E+02
0.740000E+00  -.165133E+02
0.736000E+00  -.170867E+02
0.732000E+00  -.176802E+02
0.728000E+00  -.182949E+02
0.724000E+00  -.189315E+02
0.720000E+00  -.195910E+02
0.716000E+00  -.202745E+02
0.712000E+00  -.209829E+02
0.708000E+00  -.217174E+02
0.704000E+00  -.224792E+02
0.700000E+00  -.232694E+02
0.696000E+00  -.240894E+02
0.692000E+00  -.249404E+02
0.688000E+00  -.258239E+02
0.684000E+00  -.267414E+02
0.680000E+00  -.276944E+02
0.676000E+00  -.286846E+02
0.672000E+00  -.297137E+02
0.668000E+00  -.307835E+02
0.664000E+00  -.318960E+02
0.660000E+00  -.330530E+02
0.656000E+00  -.342569E+02
0.652000E+00  -.355097E+02
0.648000E+00  -.368140E+02
0.644000E+00  -.381721E+02
0.640000E+00  -.395867E+02
0.636000E+00  -.410605E+02
0.632000E+00  -.425966E+02
0.628000E+00  -.441980E+02
0.624000E+00  -.458680E+02
0.620000E+00  -.476100E+02
0.616000E+00  -.494277E+02
0.612000E+00  -.513250E+02
0.608000E+00  -.533060E+02
0.604000E+00  -.553750E+02
0.600000E+00  -.575367E+02
