0.996000E+00  -.188277E-01
0.992000E+00  -.378251E-01
0.988000E+00  -.570025E-01
0.984000E+00  -.763708E-01
0.980000E+00  -.959409E-01
0.976000E+00  -.115724E+00
0.972000E+00  -.135733E+00
0.968000E+00  -.155979E+00
0.964000E+00  -.176475E+00
0.960000E+00  -.197235E+00
0.956000E+00  -.218271E+00
0.952000E+00  -.239598E+00
0.948000E+00  -.261230E+00
0.944000E+00  -.283183E+00
0.940000E+00  -.305471E+00
0.936000E+00  -.328113E+00
0.932000E+00  -.351123E+00
0.928000E+00  -.374521E+00
0.924000E+00  -.398323E+00
0.920000E+00  -.422549E+00
0.916000E+00  -.447219E+00
0.912000E+00  -.472353E+00
0.908000E+00  -.497972E+00
0.904000E+00  -.524098E+00
0.900000E+00  -.550755E+00
0.896000E+00  -.577967E+00
0.892000E+00  -.605758E+00
0.888000E+00  -.634154E+00
0.884000E+00  -.663183E+00
0.880000E+00  -.692874E+00
0.876000E+00  -.723255E+00
0.872000E+00  -.754358E+00
0.868000E+00  -.786215E+00
0.864000E+00  -.818859E+00
0.860000E+00  -.852327E+00
0.856000E+00  -.886653E+00
0.852000E+00  -.921878E+00
0.848000E+00  -.958041E+00
0.844000E+00  -.995185E+00
0.840000E+00  -.103335E+01
0.836000E+00  -.107259E+01
0.832000E+00  -.111295E+01
0.828000E+00  -.115448E+01
0.824000E+00  -.119723E+01
0.820000E+00  -.124125E+01
0.816000E+00  -.128662E+01
0.812000E+00  -.133338E+01
0.808000E+00  -.138161E+01
0.804000E+00  -.143136E+01
0.800000E+00  -.148272E+01
0.796000E+00  -.153574E+01
0.792000E+00  -.159053E+01
0.788000E+00  -.164714E+01
0.784000E+00  -.170568E+01
0.780000E+00  -.176623E+01
0.776000E+00  -.182889E+01
0.772000E+00  -.189376E+01
0.768000E+00  -.196094E+01
0.764000E+00  -.203055E+01
0.760000E+00  -.210271E+01
0.756000E+00  -.217753E+01
0.752000E+00  -.225515E+01
0.748000E+00  -.233571E+01
0.744000E+00  -.241935E+01
0.740000E+00  -.250623E+01
0.736000E+00  -.259650E+01
0.732000E+00  -.269035E+01
0.728000E+00  -.278794E+01
0.724000E+00  -.288948E+01
0.720000E+00  -.299517E+01
0.716000E+00  -.310521E+01
0.712000E+00  -.321984E+01
0.708000E+00  -.333929E+01
0.704000E+00  -.346383E+01
0.700000E+00  -.359371E+01
0.696000E+00  -.372922E+01
0.692000E+00  -.387068E+01
0.688000E+00  -.401839E+01
0.684000E+00  -.417270E+01
0.680000E+00  -.433396E+01
0.676000E+00  -.450257E+01
0.672000E+00  -.467893E+01
0.668000E+00  -.486347E+01
0.664000E+00  -.505666E+01
0.660000E+00  -.525898E+01
0.656000E+00  -.547095E+01
0.652000E+00  -.569313E+01
0.648000E+00  -.592611E+01
0.644000E+00  -.617053E+01
0.640000E+00  -.642704E+01
0.636000E+00  -.669636E+01
0.632000E+00  -.697926E+01
0.628000E+00  -.727656E+01
0.624000E+00  -.758912E+01
0.620000E+00  -.791787E+01
0.616000E+00  -.826380E+01
0.612000E+00  -.862798E+01
0.608000E+00  -.901154E+01
0.604000E+00  -.941570E+01
0.600000E+00  -.984175E+01
