0.996000E+00  -.427073E-01
0.992000E+00  -.854883E-01
0.988000E+00  -.128359E+00
0.984000E+00  -.171334E+00
0.980000E+00  -.214431E+00
0.976000E+00  -.257666E+00
0.972000E+00  -.301054E+00
0.968000E+00  -.344613E+00
0.964000E+00  -.388359E+00
0.960000E+00  -.432311E+00
0.956000E+00  -.476484E+00
0.952000E+00  -.520898E+00
0.948000E+00  -.565570E+00
0.944000E+00  -.610518E+00
0.940000E+00  -.655761E+00
0.936000E+00  -.701319E+00
0.932000E+00  -.747210E+00
0.928000E+00  -.793454E+00
0.924000E+00  -.840072E+00
0.920000E+00  -.887084E+00
0.916000E+00  -.934512E+00
0.912000E+00  -.982376E+00
0.908000E+00  -.103070E+01
0.904000E+00  -.107950E+01
0.900000E+00  -.112881E+01
0.896000E+00  -.117864E+01
0.892000E+00  -.122903E+01
0.888000E+00  -.127999E+01
0.884000E+00  -.133156E+01
0.880000E+00  -.138375E+01
0.876000E+00  -.143659E+01
0.872000E+00  -.149012E+01
0.868000E+00  -.154436E+01
0.864000E+00  -.159933E+01
0.860000E+00  -.165507E+01
0.856000E+00  -.171161E+01
0.852000E+00  -.176898E+01
0.848000E+00  -.182721E+01
0.844000E+00  -.188633E+01
0.840000E+00  -.194638E+01
0.836000E+00  -.200740E+01
0.832000E+00  -.206942E+01
0.828000E+00  -.213247E+01
0.824000E+00  -.219660E+01
0.820000E+00  -.226184E+01
0.816000E+00  -.232824E+01
0.812000E+00  -.239584E+01
0.808000E+00  -.246468E+01
0.804000E+00  -.253481E+01
0.800000E+00  -.260627E+01
0.796000E+00  -.267912E+01
0.792000E+00  -.275340E+01
0.788000E+00  -.282916E+01
0.784000E+00  -.290646E+01
0.780000E+00  -.298536E+01
0.776000E+00  -.306590E+01
0.772000E+00  -.314816E+01
0.768000E+00  -.323219E+01
0.764000E+00  -.331805E+01
0.760000E+00  -.340582E+01
0.756000E+00  -.349556E+01
0.752000E+00  -.358734E+01
0.748000E+00  -.368124E+01
0.744000E+00  -.377734E+01
0.740000E+00  -.387571E+01
0.736000E+00  -.397644E+01
0.732000E+00  -.407961E+01
0.728000E+00  -.418532E+01
0.724000E+00  -.429366E+01
0.720000E+00  -.440472E+01
0.716000E+00  -.451861E+01
0.712000E+00  -.463544E+01
0.708000E+00  -.475531E+01
0.704000E+00  -.487834E+01
0.700000E+00  -.500465E+01
0.696000E+00  -.513436E+01
0.692000E+00  -.526761E+01
0.688000E+00  -.540453E+01
0.684000E+00  -.554526E+01
0.680000E+00  -.568994E+01
0.676000E+00  -.583875E+01
0.672000E+00  -.599183E+01
0.668000E+00  -.614935E+01
0.664000E+00  -.631150E+01
0.660000E+00  -.647845E+01
0.656000E+00  -.665041E+01
0.652000E+00  -.682756E+01
0.648000E+00  -.701013E+01
0.644000E+00  -.719833E+01
0.640000E+00  -.739240E+01
0.636000E+00  -.759258E+01
0.632000E+00  -.779912E+01
0.628000E+00  -.801230E+01
0.624000E+00  -.823239E+01
0.620000E+00  -.845969E+01
0.616000E+00  -.869450E+01
0.612000E+00  -.893715E+01
0.608000E+00  -.918799E+01
0.604000E+00  -.944736E+01
0.600000E+00  -.971565E+01
