0.996000E+00  -.548797E-01
0.992000E+00  -.111191E+00
0.988000E+00  -.169008E+00
0.984000E+00  -.228409E+00
0.980000E+00  -.289474E+00
0.976000E+00  -.352291E+00
0.972000E+00  -.416948E+00
0.968000E+00  -.483539E+00
0.964000E+00  -.552164E+00
0.960000E+00  -.622927E+00
0.956000E+00  -.695936E+00
0.952000E+00  -.771307E+00
0.948000E+00  -.849159E+00
0.944000E+00  -.929620E+00
0.940000E+00  -.101282E+01
0.936000E+00  -.109891E+01
0.932000E+00  -.118802E+01
0.928000E+00  -.128031E+01
0.924000E+00  -.137596E+01
0.920000E+00  -.147511E+01
0.916000E+00  -.157797E+01
0.912000E+00  -.168472E+01
0.908000E+00  -.179555E+01
0.904000E+00  -.191068E+01
0.900000E+00  -.203033E+01
0.896000E+00  -.215474E+01
0.892000E+00  -.228415E+01
0.888000E+00  -.241881E+01
0.884000E+00  -.255902E+01
0.880000E+00  -.270504E+01
0.876000E+00  -.285720E+01
0.872000E+00  -.301580E+01
0.868000E+00  -.318120E+01
0.864000E+00  -.335374E+01
0.860000E+00  -.353382E+01
0.856000E+00  -.372182E+01
0.852000E+00  -.391817E+01
0.848000E+00  -.412332E+01
0.844000E+00  -.433774E+01
0.840000E+00  -.456192E+01
0.836000E+00  -.479641E+01
0.832000E+00  -.504175E+01
0.828000E+00  -.529853E+01
0.824000E+00  -.556739E+01
0.820000E+00  -.584899E+01
0.816000E+00  -.614402E+01
0.812000E+00  -.645324E+01
0.808000E+00  -.677742E+01
0.804000E+00  -.711741E+01
0.800000E+00  -.747408E+01
0.796000E+00  -.784838E+01
0.792000E+00  -.824131E+01
0.788000E+00  -.865392E+01
0.784000E+00  -.908733E+01
0.780000E+00  -.954273E+01
0.776000E+00  -.100214E+02
0.772000E+00  -.105247E+02
0.768000E+00  -.110540E+02
0.764000E+00  -.116108E+02
0.760000E+00  -.121968E+02
0.756000E+00  -.128137E+02
0.752000E+00  -.134633E+02
0.748000E+00  -.141476E+02
0.744000E+00  -.148686E+02
0.740000E+00  -.156285E+02
0.736000E+00  -.164297E+02
0.732000E+00  -.172748E+02
0.728000E+00  -.181662E+02
0.724000E+00  -.191070E+02
0.720000E+00  -.201001E+02
0.716000E+00  -.211489E+02
0.712000E+00  -.222566E+02
0.708000E+00  -.234272E+02
0.704000E+00  -.246644E+02
0.700000E+00  -.259726E+02
0.696000E+00  -.273563E+02
0.692000E+00  -.288202E+02
0.688000E+00  -.303696E+02
0.684000E+00  -.320100E+02
0.680000E+00  -.337472E+02
0.676000E+00  -.355878E+02
0.672000E+00  -.375384E+02
0.668000E+00  -.396064E+02
0.664000E+00  -.417996E+02
0.660000E+00  -.441263E+02
0.656000E+00  -.465956E+02
0.652000E+00  -.492172E+02
0.648000E+00  -.520015E+02
0.644000E+00  -.549596E+02
0.640000E+00  -.581036E+02
0.636000E+00  -.614464E+02
0.632000E+00  -.650018E+02
0.628000E+00  -.687850E+02
0.624000E+00  -.728120E+02
0.620000E+00  -.771002E+02
0.616000E+00  -.816683E+02
0.612000E+00  -.865367E+02
0.608000E+00  -.917271E+02
0.604000E+00  -.972632E+02
0.600000E+00  -.103170E+03
