0.996000E+00  -.119052E+00
0.992000E+00  -.238893E+00
0.988000E+00  -.359582E+00
0.984000E+00  -.481186E+00
0.980000E+00  -.603769E+00
0.976000E+00  -.727400E+00
0.972000E+00  -.852150E+00
0.968000E+00  -.978093E+00
0.964000E+00  -.110531E+01
0.960000E+00  -.123387E+01
0.956000E+00  -.136386E+01
0.952000E+00  -.149537E+01
0.948000E+00  -.162849E+01
0.944000E+00  -.176331E+01
0.940000E+00  -.189992E+01
0.936000E+00  -.203843E+01
0.932000E+00  -.217895E+01
0.928000E+00  -.232158E+01
0.924000E+00  -.246643E+01
0.920000E+00  -.261363E+01
0.916000E+00  -.276329E+01
0.912000E+00  -.291556E+01
0.908000E+00  -.307057E+01
0.904000E+00  -.322845E+01
0.900000E+00  -.338936E+01
0.896000E+00  -.355345E+01
0.892000E+00  -.372088E+01
0.888000E+00  -.389183E+01
0.884000E+00  -.406648E+01
0.880000E+00  -.424501E+01
0.876000E+00  -.442761E+01
0.872000E+00  -.461450E+01
0.868000E+00  -.480589E+01
0.864000E+00  -.500201E+01
0.860000E+00  -.520309E+01
0.856000E+00  -.540940E+01
0.852000E+00  -.562118E+01
0.848000E+00  -.583872E+01
0.844000E+00  -.606232E+01
0.840000E+00  -.629227E+01
0.836000E+00  -.652891E+01
0.832000E+00  -.677257E+01
0.828000E+00  -.702362E+01
0.824000E+00  -.728243E+01
0.820000E+00  -.754941E+01
0.816000E+00  -.782497E+01
0.812000E+00  -.810957E+01
0.808000E+00  -.840368E+01
0.804000E+00  -.870779E+01
0.800000E+00  -.902244E+01
0.796000E+00  -.934818E+01
0.792000E+00  -.968559E+01
0.788000E+00  -.100353E+02
0.784000E+00  -.103980E+02
0.780000E+00  -.107744E+02
0.776000E+00  -.111651E+02
0.772000E+00  -.115711E+02
0.768000E+00  -.119931E+02
0.764000E+00  -.124321E+02
0.760000E+00  -.128889E+02
0.756000E+00  -.133645E+02
0.752000E+00  -.138601E+02
0.748000E+00  -.143768E+02
0.744000E+00  -.149157E+02
0.740000E+00  -.154782E+02
0.736000E+00  -.160656E+02
0.732000E+00  -.166794E+02
0.728000E+00  -.173211E+02
0.724000E+00  -.179923E+02
0.720000E+00  -.186949E+02
0.716000E+00  -.194307E+02
0.712000E+00  -.202016E+02
0.708000E+00  -.210100E+02
0.704000E+00  -.218579E+02
0.700000E+00  -.227479E+02
0.696000E+00  -.236827E+02
0.692000E+00  -.246649E+02
0.688000E+00  -.256976E+02
0.684000E+00  -.267840E+02
0.680000E+00  -.279275E+02
0.676000E+00  -.291318E+02
0.672000E+00  -.304010E+02
0.668000E+00  -.317391E+02
0.664000E+00  -.331507E+02
0.660000E+00  -.346408E+02
0.656000E+00  -.362146E+02
0.652000E+00  -.378778E+02
0.648000E+00  -.396364E+02
0.644000E+00  -.414969E+02
0.640000E+00  -.434665E+02
0.636000E+00  -.455526E+02
0.632000E+00  -.477635E+02
0.628000E+00  -.501080E+02
0.624000E+00  -.525956E+02
0.620000E+00  -.552367E+02
0.616000E+00  -.580422E+02
0.612000E+00  -.610242E+02
0.608000E+00  -.641956E+02
0.604000E+00  -.675706E+02
0.600000E+00  -.711644E+02
