0.996000E+00  -.529577E-01
0.992000E+00  -.106447E+00
0.988000E+00  -.160505E+00
0.984000E+00  -.215170E+00
0.980000E+00  -.270482E+00
0.976000E+00  -.326481E+00
0.972000E+00  -.383212E+00
0.968000E+00  -.440719E+00
0.964000E+00  -.499050E+00
0.960000E+00  -.558252E+00
0.956000E+00  -.618377E+00
0.952000E+00  -.679478E+00
0.948000E+00  -.741611E+00
0.944000E+00  -.804833E+00
0.940000E+00  -.869205E+00
0.936000E+00  -.934790E+00
0.932000E+00  -.100165E+01
0.928000E+00  -.106987E+01
0.924000E+00  -.113950E+01
0.920000E+00  -.121063E+01
0.916000E+00  -.128333E+01
0.912000E+00  -.135769E+01
0.908000E+00  -.143379E+01
0.904000E+00  -.151173E+01
0.900000E+00  -.159159E+01
0.896000E+00  -.167348E+01
0.892000E+00  -.175750E+01
0.888000E+00  -.184376E+01
0.884000E+00  -.193237E+01
0.880000E+00  -.202345E+01
0.876000E+00  -.211713E+01
0.872000E+00  -.221354E+01
0.868000E+00  -.231281E+01
0.864000E+00  -.241510E+01
0.860000E+00  -.252055E+01
0.856000E+00  -.262932E+01
0.852000E+00  -.274158E+01
0.848000E+00  -.285750E+01
0.844000E+00  -.297727E+01
0.840000E+00  -.310108E+01
0.836000E+00  -.322915E+01
0.832000E+00  -.336167E+01
0.828000E+00  -.349888E+01
0.824000E+00  -.364102E+01
0.820000E+00  -.378833E+01
0.816000E+00  -.394107E+01
0.812000E+00  -.409954E+01
0.808000E+00  -.426400E+01
0.804000E+00  -.443478E+01
0.800000E+00  -.461220E+01
0.796000E+00  -.479660E+01
0.792000E+00  -.498833E+01
0.788000E+00  -.518779E+01
0.784000E+00  -.539536E+01
0.780000E+00  -.561147E+01
0.776000E+00  -.583657E+01
0.772000E+00  -.607113E+01
0.768000E+00  -.631564E+01
0.764000E+00  -.657063E+01
0.760000E+00  -.683666E+01
0.756000E+00  -.711431E+01
0.752000E+00  -.740420E+01
0.748000E+00  -.770699E+01
0.744000E+00  -.802338E+01
0.740000E+00  -.835410E+01
0.736000E+00  -.869992E+01
0.732000E+00  -.906167E+01
0.728000E+00  -.944022E+01
0.724000E+00  -.983650E+01
0.720000E+00  -.102515E+02
0.716000E+00  -.106862E+02
0.712000E+00  -.111418E+02
0.708000E+00  -.116194E+02
0.704000E+00  -.121202E+02
0.700000E+00  -.126457E+02
0.696000E+00  -.131971E+02
0.692000E+00  -.137759E+02
0.688000E+00  -.143838E+02
0.684000E+00  -.150224E+02
0.680000E+00  -.156934E+02
0.676000E+00  -.163989E+02
0.672000E+00  -.171408E+02
0.668000E+00  -.179212E+02
0.664000E+00  -.187425E+02
0.660000E+00  -.196071E+02
0.656000E+00  -.205175E+02
0.652000E+00  -.214766E+02
0.648000E+00  -.224873E+02
0.644000E+00  -.235528E+02
0.640000E+00  -.246763E+02
0.636000E+00  -.258616E+02
0.632000E+00  -.271123E+02
0.628000E+00  -.284328E+02
0.624000E+00  -.298272E+02
0.620000E+00  -.313003E+02
0.616000E+00  -.328570E+02
0.612000E+00  -.345029E+02
0.608000E+00  -.362435E+02
0.604000E+00  -.380850E+02
0.600000E+00  -.400340E+02
