0.996000E+00  -.656055E-01
0.992000E+00  -.132292E+00
0.988000E+00  -.200099E+00
0.984000E+00  -.269067E+00
0.980000E+00  -.339240E+00
0.976000E+00  -.410659E+00
0.972000E+00  -.483370E+00
0.968000E+00  -.557419E+00
0.964000E+00  -.632851E+00
0.960000E+00  -.709716E+00
0.956000E+00  -.788063E+00
0.952000E+00  -.867943E+00
0.948000E+00  -.949410E+00
0.944000E+00  -.103252E+01
0.940000E+00  -.111732E+01
0.936000E+00  -.120387E+01
0.932000E+00  -.129224E+01
0.928000E+00  -.138248E+01
0.924000E+00  -.147466E+01
0.920000E+00  -.156884E+01
0.916000E+00  -.166508E+01
0.912000E+00  -.176347E+01
0.908000E+00  -.186406E+01
0.904000E+00  -.196694E+01
0.900000E+00  -.207217E+01
0.896000E+00  -.217984E+01
0.892000E+00  -.229003E+01
0.888000E+00  -.240282E+01
0.884000E+00  -.251830E+01
0.880000E+00  -.263656E+01
0.876000E+00  -.275768E+01
0.872000E+00  -.288178E+01
0.868000E+00  -.300894E+01
0.864000E+00  -.313927E+01
0.860000E+00  -.327288E+01
0.856000E+00  -.340987E+01
0.852000E+00  -.355037E+01
0.848000E+00  -.369448E+01
0.844000E+00  -.384233E+01
0.840000E+00  -.399405E+01
0.836000E+00  -.414976E+01
0.832000E+00  -.430962E+01
0.828000E+00  -.447375E+01
0.824000E+00  -.464230E+01
0.820000E+00  -.481543E+01
0.816000E+00  -.499330E+01
0.812000E+00  -.517607E+01
0.808000E+00  -.536390E+01
0.804000E+00  -.555698E+01
0.800000E+00  -.575550E+01
0.796000E+00  -.595963E+01
0.792000E+00  -.616959E+01
0.788000E+00  -.638557E+01
0.784000E+00  -.660779E+01
0.780000E+00  -.683648E+01
0.776000E+00  -.707186E+01
0.772000E+00  -.731419E+01
0.768000E+00  -.756371E+01
0.764000E+00  -.782067E+01
0.760000E+00  -.808537E+01
0.756000E+00  -.835807E+01
0.752000E+00  -.863908E+01
0.748000E+00  -.892870E+01
0.744000E+00  -.922725E+01
0.740000E+00  -.953508E+01
0.736000E+00  -.985252E+01
0.732000E+00  -.101799E+02
0.728000E+00  -.105177E+02
0.724000E+00  -.108663E+02
0.720000E+00  -.112260E+02
0.716000E+00  -.115973E+02
0.712000E+00  -.119807E+02
0.708000E+00  -.123766E+02
0.704000E+00  -.127855E+02
0.700000E+00  -.132079E+02
0.696000E+00  -.136444E+02
0.692000E+00  -.140956E+02
0.688000E+00  -.145620E+02
0.684000E+00  -.150441E+02
0.680000E+00  -.155428E+02
0.676000E+00  -.160586E+02
0.672000E+00  -.165923E+02
0.668000E+00  -.171446E+02
0.664000E+00  -.177162E+02
0.660000E+00  -.183080E+02
0.656000E+00  -.189208E+02
0.652000E+00  -.195555E+02
0.648000E+00  -.202131E+02
0.644000E+00  -.208945E+02
0.640000E+00  -.216007E+02
0.636000E+00  -.223329E+02
0.632000E+00  -.230921E+02
0.628000E+00  -.238796E+02
0.624000E+00  -.246966E+02
0.620000E+00  -.255444E+02
0.616000E+00  -.264244E+02
0.612000E+00  -.273380E+02
0.608000E+00  -.282868E+02
0.604000E+00  -.292724E+02
0.600000E+00  -.302965E+02
