0.996000E+00  -.411148E-01
0.992000E+00  -.835476E-01
0.988000E+00  -.127382E+00
0.984000E+00  -.172706E+00
0.980000E+00  -.219612E+00
0.976000E+00  -.268198E+00
0.972000E+00  -.318566E+00
0.968000E+00  -.370827E+00
0.964000E+00  -.425094E+00
0.960000E+00  -.481488E+00
0.956000E+00  -.540138E+00
0.952000E+00  -.601178E+00
0.948000E+00  -.664750E+00
0.944000E+00  -.731007E+00
0.940000E+00  -.800106E+00
0.936000E+00  -.872216E+00
0.932000E+00  -.947515E+00
0.928000E+00  -.102619E+01
0.924000E+00  -.110844E+01
0.920000E+00  -.119449E+01
0.916000E+00  -.128454E+01
0.912000E+00  -.137883E+01
0.908000E+00  -.147763E+01
0.904000E+00  -.158119E+01
0.900000E+00  -.168979E+01
0.896000E+00  -.180373E+01
0.892000E+00  -.192333E+01
0.888000E+00  -.204892E+01
0.884000E+00  -.218086E+01
0.880000E+00  -.231953E+01
0.876000E+00  -.246532E+01
0.872000E+00  -.261866E+01
0.868000E+00  -.278001E+01
0.864000E+00  -.294984E+01
0.860000E+00  -.312866E+01
0.856000E+00  -.331702E+01
0.852000E+00  -.351549E+01
0.848000E+00  -.372469E+01
0.844000E+00  -.394527E+01
0.840000E+00  -.417792E+01
0.836000E+00  -.442338E+01
0.832000E+00  -.468245E+01
0.828000E+00  -.495597E+01
0.824000E+00  -.524482E+01
0.820000E+00  -.554996E+01
0.816000E+00  -.587241E+01
0.812000E+00  -.621326E+01
0.808000E+00  -.657365E+01
0.804000E+00  -.695484E+01
0.800000E+00  -.735814E+01
0.796000E+00  -.778495E+01
0.792000E+00  -.823680E+01
0.788000E+00  -.871527E+01
0.784000E+00  -.922211E+01
0.780000E+00  -.975915E+01
0.776000E+00  -.103284E+02
0.772000E+00  -.109318E+02
0.768000E+00  -.115719E+02
0.764000E+00  -.122509E+02
0.760000E+00  -.129714E+02
0.756000E+00  -.137363E+02
0.752000E+00  -.145484E+02
0.748000E+00  -.154111E+02
0.744000E+00  -.163277E+02
0.740000E+00  -.173020E+02
0.736000E+00  -.183378E+02
0.732000E+00  -.194394E+02
0.728000E+00  -.206114E+02
0.724000E+00  -.218587E+02
0.720000E+00  -.231865E+02
0.716000E+00  -.246007E+02
0.712000E+00  -.261072E+02
0.708000E+00  -.277126E+02
0.704000E+00  -.294241E+02
0.700000E+00  -.312493E+02
0.696000E+00  -.331965E+02
0.692000E+00  -.352745E+02
0.688000E+00  -.374929E+02
0.684000E+00  -.398622E+02
0.680000E+00  -.423935E+02
0.676000E+00  -.450989E+02
0.672000E+00  -.479915E+02
0.668000E+00  -.510855E+02
0.664000E+00  -.543962E+02
0.660000E+00  -.579401E+02
0.656000E+00  -.617353E+02
0.652000E+00  -.658012E+02
0.648000E+00  -.701589E+02
0.644000E+00  -.748314E+02
0.640000E+00  -.798435E+02
0.636000E+00  -.852222E+02
0.632000E+00  -.909968E+02
0.628000E+00  -.971992E+02
0.624000E+00  -.103864E+03
0.620000E+00  -.111029E+03
0.616000E+00  -.118736E+03
0.612000E+00  -.127029E+03
0.608000E+00  -.135956E+03
0.604000E+00  -.145572E+03
0.600000E+00  -.155934E+03
