0.996000E+00  -.683157E-01
0.992000E+00  -.137405E+00
0.988000E+00  -.207282E+00
0.984000E+00  -.277961E+00
0.980000E+00  -.349457E+00
0.976000E+00  -.421784E+00
0.972000E+00  -.494957E+00
0.968000E+00  -.568992E+00
0.964000E+00  -.643906E+00
0.960000E+00  -.719713E+00
0.956000E+00  -.796432E+00
0.952000E+00  -.874079E+00
0.948000E+00  -.952671E+00
0.944000E+00  -.103223E+01
0.940000E+00  -.111276E+01
0.936000E+00  -.119430E+01
0.932000E+00  -.127686E+01
0.928000E+00  -.136046E+01
0.924000E+00  -.144511E+01
0.920000E+00  -.153085E+01
0.916000E+00  -.161769E+01
0.912000E+00  -.170565E+01
0.908000E+00  -.179476E+01
0.904000E+00  -.188504E+01
0.900000E+00  -.197651E+01
0.896000E+00  -.206919E+01
0.892000E+00  -.216311E+01
0.888000E+00  -.225830E+01
0.884000E+00  -.235478E+01
0.880000E+00  -.245258E+01
0.876000E+00  -.255173E+01
0.872000E+00  -.265224E+01
0.868000E+00  -.275416E+01
0.864000E+00  -.285751E+01
0.860000E+00  -.296232E+01
0.856000E+00  -.306862E+01
0.852000E+00  -.317645E+01
0.848000E+00  -.328584E+01
0.844000E+00  -.339681E+01
0.840000E+00  -.350941E+01
0.836000E+00  -.362367E+01
0.832000E+00  -.373963E+01
0.828000E+00  -.385732E+01
0.824000E+00  -.397678E+01
0.820000E+00  -.409806E+01
0.816000E+00  -.422119E+01
0.812000E+00  -.434621E+01
0.808000E+00  -.447317E+01
0.804000E+00  -.460212E+01
0.800000E+00  -.473309E+01
0.796000E+00  -.486613E+01
0.792000E+00  -.500130E+01
0.788000E+00  -.513863E+01
0.784000E+00  -.527819E+01
0.780000E+00  -.542003E+01
0.776000E+00  -.556419E+01
0.772000E+00  -.571074E+01
0.768000E+00  -.585974E+01
0.764000E+00  -.601123E+01
0.760000E+00  -.616529E+01
0.756000E+00  -.632197E+01
0.752000E+00  -.648134E+01
0.748000E+00  -.664346E+01
0.744000E+00  -.680842E+01
0.740000E+00  -.697626E+01
0.736000E+00  -.714708E+01
0.732000E+00  -.732094E+01
0.728000E+00  -.749793E+01
0.724000E+00  -.767812E+01
0.720000E+00  -.786159E+01
0.716000E+00  -.804843E+01
0.712000E+00  -.823874E+01
0.708000E+00  -.843259E+01
0.704000E+00  -.863009E+01
0.700000E+00  -.883134E+01
0.696000E+00  -.903642E+01
0.692000E+00  -.924546E+01
0.688000E+00  -.945855E+01
0.684000E+00  -.967581E+01
0.680000E+00  -.989735E+01
0.676000E+00  -.101233E+02
0.672000E+00  -.103538E+02
0.668000E+00  -.105889E+02
0.664000E+00  -.108288E+02
0.660000E+00  -.110736E+02
0.656000E+00  -.113235E+02
0.652000E+00  -.115786E+02
0.648000E+00  -.118391E+02
0.644000E+00  -.121050E+02
0.640000E+00  -.123767E+02
0.636000E+00  -.126542E+02
0.632000E+00  -.129378E+02
0.628000E+00  -.132275E+02
0.624000E+00  -.135237E+02
0.620000E+00  -.138264E+02
0.616000E+00  -.141360E+02
0.612000E+00  -.144526E+02
0.608000E+00  -.147764E+02
0.604000E+00  -.151077E+02
0.600000E+00  -.154466E+02
