0.996000E+00  -.790727E-01
0.992000E+00  -.158952E+00
0.988000E+00  -.239679E+00
0.984000E+00  -.321294E+00
0.980000E+00  -.403838E+00
0.976000E+00  -.487354E+00
0.972000E+00  -.571887E+00
0.968000E+00  -.657482E+00
0.964000E+00  -.744185E+00
0.960000E+00  -.832043E+00
0.956000E+00  -.921107E+00
0.952000E+00  -.101143E+01
0.948000E+00  -.110305E+01
0.944000E+00  -.119604E+01
0.940000E+00  -.129044E+01
0.936000E+00  -.138632E+01
0.932000E+00  -.148372E+01
0.928000E+00  -.158272E+01
0.924000E+00  -.168338E+01
0.920000E+00  -.178575E+01
0.916000E+00  -.188990E+01
0.912000E+00  -.199592E+01
0.908000E+00  -.210385E+01
0.904000E+00  -.221379E+01
0.900000E+00  -.232580E+01
0.896000E+00  -.243997E+01
0.892000E+00  -.255638E+01
0.888000E+00  -.267511E+01
0.884000E+00  -.279625E+01
0.880000E+00  -.291989E+01
0.876000E+00  -.304612E+01
0.872000E+00  -.317506E+01
0.868000E+00  -.330679E+01
0.864000E+00  -.344142E+01
0.860000E+00  -.357907E+01
0.856000E+00  -.371985E+01
0.852000E+00  -.386387E+01
0.848000E+00  -.401127E+01
0.844000E+00  -.416217E+01
0.840000E+00  -.431671E+01
0.836000E+00  -.447503E+01
0.832000E+00  -.463727E+01
0.828000E+00  -.480359E+01
0.824000E+00  -.497415E+01
0.820000E+00  -.514910E+01
0.816000E+00  -.532863E+01
0.812000E+00  -.551291E+01
0.808000E+00  -.570214E+01
0.804000E+00  -.589651E+01
0.800000E+00  -.609622E+01
0.796000E+00  -.630149E+01
0.792000E+00  -.651255E+01
0.788000E+00  -.672963E+01
0.784000E+00  -.695297E+01
0.780000E+00  -.718283E+01
0.776000E+00  -.741948E+01
0.772000E+00  -.766321E+01
0.768000E+00  -.791430E+01
0.764000E+00  -.817307E+01
0.760000E+00  -.843984E+01
0.756000E+00  -.871494E+01
0.752000E+00  -.899874E+01
0.748000E+00  -.929161E+01
0.744000E+00  -.959394E+01
0.740000E+00  -.990614E+01
0.736000E+00  -.102286E+02
0.732000E+00  -.105619E+02
0.728000E+00  -.109064E+02
0.724000E+00  -.112626E+02
0.720000E+00  -.116310E+02
0.716000E+00  -.120123E+02
0.712000E+00  -.124070E+02
0.708000E+00  -.128157E+02
0.704000E+00  -.132390E+02
0.700000E+00  -.136776E+02
0.696000E+00  -.141323E+02
0.692000E+00  -.146038E+02
0.688000E+00  -.150928E+02
0.684000E+00  -.156003E+02
0.680000E+00  -.161271E+02
0.676000E+00  -.166742E+02
0.672000E+00  -.172424E+02
0.668000E+00  -.178329E+02
0.664000E+00  -.184468E+02
0.660000E+00  -.190852E+02
0.656000E+00  -.197493E+02
0.652000E+00  -.204404E+02
0.648000E+00  -.211600E+02
0.644000E+00  -.219094E+02
0.640000E+00  -.226901E+02
0.636000E+00  -.235039E+02
0.632000E+00  -.243525E+02
0.628000E+00  -.252376E+02
0.624000E+00  -.261611E+02
0.620000E+00  -.271253E+02
0.616000E+00  -.281321E+02
0.612000E+00  -.291840E+02
0.608000E+00  -.302833E+02
0.604000E+00  -.314328E+02
0.600000E+00  -.326351E+02
