0.996000E+00  -.549771E-01
0.992000E+00  -.110636E+00
0.988000E+00  -.166993E+00
0.984000E+00  -.224062E+00
0.980000E+00  -.281860E+00
0.976000E+00  -.340405E+00
0.972000E+00  -.399711E+00
0.968000E+00  -.459799E+00
0.964000E+00  -.520684E+00
0.960000E+00  -.582387E+00
0.956000E+00  -.644925E+00
0.952000E+00  -.708320E+00
0.948000E+00  -.772590E+00
0.944000E+00  -.837758E+00
0.940000E+00  -.903844E+00
0.936000E+00  -.970870E+00
0.932000E+00  -.103886E+01
0.928000E+00  -.110784E+01
0.924000E+00  -.117782E+01
0.920000E+00  -.124885E+01
0.916000E+00  -.132093E+01
0.912000E+00  -.139411E+01
0.908000E+00  -.146839E+01
0.904000E+00  -.154383E+01
0.900000E+00  -.162043E+01
0.896000E+00  -.169824E+01
0.892000E+00  -.177728E+01
0.888000E+00  -.185759E+01
0.884000E+00  -.193919E+01
0.880000E+00  -.202213E+01
0.876000E+00  -.210644E+01
0.872000E+00  -.219214E+01
0.868000E+00  -.227929E+01
0.864000E+00  -.236792E+01
0.860000E+00  -.245807E+01
0.856000E+00  -.254978E+01
0.852000E+00  -.264309E+01
0.848000E+00  -.273805E+01
0.844000E+00  -.283470E+01
0.840000E+00  -.293308E+01
0.836000E+00  -.303326E+01
0.832000E+00  -.313528E+01
0.828000E+00  -.323918E+01
0.824000E+00  -.334503E+01
0.820000E+00  -.345288E+01
0.816000E+00  -.356279E+01
0.812000E+00  -.367481E+01
0.808000E+00  -.378901E+01
0.804000E+00  -.390545E+01
0.800000E+00  -.402421E+01
0.796000E+00  -.414533E+01
0.792000E+00  -.426891E+01
0.788000E+00  -.439501E+01
0.784000E+00  -.452370E+01
0.780000E+00  -.465507E+01
0.776000E+00  -.478920E+01
0.772000E+00  -.492617E+01
0.768000E+00  -.506608E+01
0.764000E+00  -.520900E+01
0.760000E+00  -.535505E+01
0.756000E+00  -.550431E+01
0.752000E+00  -.565689E+01
0.748000E+00  -.581289E+01
0.744000E+00  -.597243E+01
0.740000E+00  -.613562E+01
0.736000E+00  -.630258E+01
0.732000E+00  -.647343E+01
0.728000E+00  -.664831E+01
0.724000E+00  -.682733E+01
0.720000E+00  -.701065E+01
0.716000E+00  -.719841E+01
0.712000E+00  -.739076E+01
0.708000E+00  -.758785E+01
0.704000E+00  -.778986E+01
0.700000E+00  -.799694E+01
0.696000E+00  -.820928E+01
0.692000E+00  -.842705E+01
0.688000E+00  -.865046E+01
0.684000E+00  -.887970E+01
0.680000E+00  -.911498E+01
0.676000E+00  -.935652E+01
0.672000E+00  -.960454E+01
0.668000E+00  -.985928E+01
0.664000E+00  -.101210E+02
0.660000E+00  -.103899E+02
0.656000E+00  -.106664E+02
0.652000E+00  -.109506E+02
0.648000E+00  -.112429E+02
0.644000E+00  -.115435E+02
0.640000E+00  -.118529E+02
0.636000E+00  -.121713E+02
0.632000E+00  -.124990E+02
0.628000E+00  -.128366E+02
0.624000E+00  -.131842E+02
0.620000E+00  -.135424E+02
0.616000E+00  -.139116E+02
0.612000E+00  -.142922E+02
0.608000E+00  -.146846E+02
0.604000E+00  -.150894E+02
0.600000E+00  -.155070E+02
