0.996000E+00  -.519075E-01
0.992000E+00  -.104165E+00
0.988000E+00  -.156845E+00
0.984000E+00  -.210020E+00
0.980000E+00  -.263766E+00
0.976000E+00  -.318159E+00
0.972000E+00  -.373278E+00
0.968000E+00  -.429204E+00
0.964000E+00  -.486019E+00
0.960000E+00  -.543808E+00
0.956000E+00  -.602659E+00
0.952000E+00  -.662662E+00
0.948000E+00  -.723910E+00
0.944000E+00  -.786497E+00
0.940000E+00  -.850523E+00
0.936000E+00  -.916089E+00
0.932000E+00  -.983300E+00
0.928000E+00  -.105227E+01
0.924000E+00  -.112310E+01
0.920000E+00  -.119591E+01
0.916000E+00  -.127083E+01
0.912000E+00  -.134797E+01
0.908000E+00  -.142748E+01
0.904000E+00  -.150948E+01
0.900000E+00  -.159410E+01
0.896000E+00  -.168151E+01
0.892000E+00  -.177185E+01
0.888000E+00  -.186527E+01
0.884000E+00  -.196195E+01
0.880000E+00  -.206205E+01
0.876000E+00  -.216574E+01
0.872000E+00  -.227323E+01
0.868000E+00  -.238469E+01
0.864000E+00  -.250033E+01
0.860000E+00  -.262036E+01
0.856000E+00  -.274501E+01
0.852000E+00  -.287450E+01
0.848000E+00  -.300908E+01
0.844000E+00  -.314900E+01
0.840000E+00  -.329451E+01
0.836000E+00  -.344591E+01
0.832000E+00  -.360347E+01
0.828000E+00  -.376750E+01
0.824000E+00  -.393832E+01
0.820000E+00  -.411627E+01
0.816000E+00  -.430169E+01
0.812000E+00  -.449495E+01
0.808000E+00  -.469643E+01
0.804000E+00  -.490655E+01
0.800000E+00  -.512573E+01
0.796000E+00  -.535441E+01
0.792000E+00  -.559306E+01
0.788000E+00  -.584219E+01
0.784000E+00  -.610230E+01
0.780000E+00  -.637396E+01
0.776000E+00  -.665772E+01
0.772000E+00  -.695421E+01
0.768000E+00  -.726406E+01
0.764000E+00  -.758794E+01
0.760000E+00  -.792656E+01
0.756000E+00  -.828068E+01
0.752000E+00  -.865109E+01
0.748000E+00  -.903861E+01
0.744000E+00  -.944413E+01
0.740000E+00  -.986857E+01
0.736000E+00  -.103129E+02
0.732000E+00  -.107782E+02
0.728000E+00  -.112656E+02
0.724000E+00  -.117761E+02
0.720000E+00  -.123111E+02
0.716000E+00  -.128718E+02
0.712000E+00  -.134595E+02
0.708000E+00  -.140759E+02
0.704000E+00  -.147223E+02
0.700000E+00  -.154004E+02
0.696000E+00  -.161120E+02
0.692000E+00  -.168588E+02
0.688000E+00  -.176429E+02
0.684000E+00  -.184662E+02
0.680000E+00  -.193310E+02
0.676000E+00  -.202396E+02
0.672000E+00  -.211944E+02
0.668000E+00  -.221981E+02
0.664000E+00  -.232535E+02
0.660000E+00  -.243635E+02
0.656000E+00  -.255313E+02
0.652000E+00  -.267601E+02
0.648000E+00  -.280537E+02
0.644000E+00  -.294158E+02
0.640000E+00  -.308504E+02
0.636000E+00  -.323619E+02
0.632000E+00  -.339548E+02
0.628000E+00  -.356341E+02
0.624000E+00  -.374050E+02
0.620000E+00  -.392731E+02
0.616000E+00  -.412443E+02
0.612000E+00  -.433252E+02
0.608000E+00  -.455224E+02
0.604000E+00  -.478432E+02
0.600000E+00  -.502956E+02
