0.996000E+00  -.126320E+00
0.992000E+00  -.254434E+00
0.988000E+00  -.384435E+00
0.984000E+00  -.516419E+00
0.980000E+00  -.650485E+00
0.976000E+00  -.786737E+00
0.972000E+00  -.925285E+00
0.968000E+00  -.106624E+01
0.964000E+00  -.120972E+01
0.960000E+00  -.135586E+01
0.956000E+00  -.150477E+01
0.952000E+00  -.165659E+01
0.948000E+00  -.181147E+01
0.944000E+00  -.196955E+01
0.940000E+00  -.213099E+01
0.936000E+00  -.229594E+01
0.932000E+00  -.246458E+01
0.928000E+00  -.263708E+01
0.924000E+00  -.281363E+01
0.920000E+00  -.299441E+01
0.916000E+00  -.317964E+01
0.912000E+00  -.336952E+01
0.908000E+00  -.356427E+01
0.904000E+00  -.376414E+01
0.900000E+00  -.396936E+01
0.896000E+00  -.418020E+01
0.892000E+00  -.439692E+01
0.888000E+00  -.461980E+01
0.884000E+00  -.484915E+01
0.880000E+00  -.508527E+01
0.876000E+00  -.532850E+01
0.872000E+00  -.557918E+01
0.868000E+00  -.583768E+01
0.864000E+00  -.610437E+01
0.860000E+00  -.637967E+01
0.856000E+00  -.666398E+01
0.852000E+00  -.695777E+01
0.848000E+00  -.726149E+01
0.844000E+00  -.757566E+01
0.840000E+00  -.790078E+01
0.836000E+00  -.823740E+01
0.832000E+00  -.858612E+01
0.828000E+00  -.894753E+01
0.824000E+00  -.932230E+01
0.820000E+00  -.971109E+01
0.816000E+00  -.101146E+02
0.812000E+00  -.105337E+02
0.808000E+00  -.109691E+02
0.804000E+00  -.114216E+02
0.800000E+00  -.118922E+02
0.796000E+00  -.123818E+02
0.792000E+00  -.128915E+02
0.788000E+00  -.134222E+02
0.784000E+00  -.139751E+02
0.780000E+00  -.145515E+02
0.776000E+00  -.151525E+02
0.772000E+00  -.157795E+02
0.768000E+00  -.164340E+02
0.764000E+00  -.171174E+02
0.760000E+00  -.178313E+02
0.756000E+00  -.185775E+02
0.752000E+00  -.193578E+02
0.748000E+00  -.201739E+02
0.744000E+00  -.210281E+02
0.740000E+00  -.219224E+02
0.736000E+00  -.228592E+02
0.732000E+00  -.238408E+02
0.728000E+00  -.248700E+02
0.724000E+00  -.259494E+02
0.720000E+00  -.270819E+02
0.716000E+00  -.282709E+02
0.712000E+00  -.295195E+02
0.708000E+00  -.308313E+02
0.704000E+00  -.322102E+02
0.700000E+00  -.336601E+02
0.696000E+00  -.351855E+02
0.692000E+00  -.367910E+02
0.688000E+00  -.384814E+02
0.684000E+00  -.402620E+02
0.680000E+00  -.421385E+02
0.676000E+00  -.441169E+02
0.672000E+00  -.462036E+02
0.668000E+00  -.484056E+02
0.664000E+00  -.507302E+02
0.660000E+00  -.531853E+02
0.656000E+00  -.557795E+02
0.652000E+00  -.585217E+02
0.648000E+00  -.614218E+02
0.644000E+00  -.644901E+02
0.640000E+00  -.677380E+02
0.636000E+00  -.711775E+02
0.632000E+00  -.748216E+02
0.628000E+00  -.786841E+02
0.624000E+00  -.827801E+02
0.620000E+00  -.871256E+02
0.616000E+00  -.917381E+02
0.612000E+00  -.966363E+02
0.608000E+00  -.101840E+03
0.604000E+00  -.107372E+03
0.600000E+00  -.113254E+03
