0.996000E+00  -.355637E-01
0.992000E+00  -.712945E-01
0.988000E+00  -.107202E+00
0.984000E+00  -.143296E+00
0.980000E+00  -.179586E+00
0.976000E+00  -.216083E+00
0.972000E+00  -.252796E+00
0.968000E+00  -.289736E+00
0.964000E+00  -.326915E+00
0.960000E+00  -.364341E+00
0.956000E+00  -.402028E+00
0.952000E+00  -.439987E+00
0.948000E+00  -.478228E+00
0.944000E+00  -.516764E+00
0.940000E+00  -.555607E+00
0.936000E+00  -.594770E+00
0.932000E+00  -.634265E+00
0.928000E+00  -.674106E+00
0.924000E+00  -.714305E+00
0.920000E+00  -.754877E+00
0.916000E+00  -.795835E+00
0.912000E+00  -.837194E+00
0.908000E+00  -.878968E+00
0.904000E+00  -.921173E+00
0.900000E+00  -.963823E+00
0.896000E+00  -.100694E+01
0.892000E+00  -.105053E+01
0.888000E+00  -.109461E+01
0.884000E+00  -.113921E+01
0.880000E+00  -.118433E+01
0.876000E+00  -.123000E+01
0.872000E+00  -.127624E+01
0.868000E+00  -.132306E+01
0.864000E+00  -.137049E+01
0.860000E+00  -.141854E+01
0.856000E+00  -.146724E+01
0.852000E+00  -.151660E+01
0.848000E+00  -.156664E+01
0.844000E+00  -.161740E+01
0.840000E+00  -.166889E+01
0.836000E+00  -.172114E+01
0.832000E+00  -.177416E+01
0.828000E+00  -.182800E+01
0.824000E+00  -.188266E+01
0.820000E+00  -.193818E+01
0.816000E+00  -.199459E+01
0.812000E+00  -.205191E+01
0.808000E+00  -.211017E+01
0.804000E+00  -.216941E+01
0.800000E+00  -.222965E+01
0.796000E+00  -.229092E+01
0.792000E+00  -.235326E+01
0.788000E+00  -.241671E+01
0.784000E+00  -.248129E+01
0.780000E+00  -.254704E+01
0.776000E+00  -.261401E+01
0.772000E+00  -.268222E+01
0.768000E+00  -.275172E+01
0.764000E+00  -.282256E+01
0.760000E+00  -.289476E+01
0.756000E+00  -.296838E+01
0.752000E+00  -.304346E+01
0.748000E+00  -.312006E+01
0.744000E+00  -.319820E+01
0.740000E+00  -.327796E+01
0.736000E+00  -.335938E+01
0.732000E+00  -.344251E+01
0.728000E+00  -.352740E+01
0.724000E+00  -.361413E+01
0.720000E+00  -.370274E+01
0.716000E+00  -.379331E+01
0.712000E+00  -.388588E+01
0.708000E+00  -.398054E+01
0.704000E+00  -.407735E+01
0.700000E+00  -.417637E+01
0.696000E+00  -.427770E+01
0.692000E+00  -.438139E+01
0.688000E+00  -.448754E+01
0.684000E+00  -.459623E+01
0.680000E+00  -.470754E+01
0.676000E+00  -.482156E+01
0.672000E+00  -.493839E+01
0.668000E+00  -.505812E+01
0.664000E+00  -.518086E+01
0.660000E+00  -.530671E+01
0.656000E+00  -.543578E+01
0.652000E+00  -.556818E+01
0.648000E+00  -.570403E+01
0.644000E+00  -.584346E+01
0.640000E+00  -.598659E+01
0.636000E+00  -.613356E+01
0.632000E+00  -.628451E+01
0.628000E+00  -.643958E+01
0.624000E+00  -.659892E+01
0.620000E+00  -.676270E+01
0.616000E+00  -.693107E+01
0.612000E+00  -.710421E+01
0.608000E+00  -.728230E+01
0.604000E+00  -.746553E+01
0.600000E+00  -.765409E+01
