0.996000E+00  -.123662E-01
0.992000E+00  -.247171E-01
0.988000E+00  -.370620E-01
0.984000E+00  -.494101E-01
0.980000E+00  -.617710E-01
0.976000E+00  -.741541E-01
0.972000E+00  -.865692E-01
0.968000E+00  -.990261E-01
0.964000E+00  -.111535E+00
0.960000E+00  -.124106E+00
0.956000E+00  -.136750E+00
0.952000E+00  -.149476E+00
0.948000E+00  -.162296E+00
0.944000E+00  -.175222E+00
0.940000E+00  -.188263E+00
0.936000E+00  -.201431E+00
0.932000E+00  -.214738E+00
0.928000E+00  -.228197E+00
0.924000E+00  -.241817E+00
0.920000E+00  -.255614E+00
0.916000E+00  -.269598E+00
0.912000E+00  -.283783E+00
0.908000E+00  -.298182E+00
0.904000E+00  -.312808E+00
0.900000E+00  -.327676E+00
0.896000E+00  -.342799E+00
0.892000E+00  -.358192E+00
0.888000E+00  -.373871E+00
0.884000E+00  -.389849E+00
0.880000E+00  -.406144E+00
0.876000E+00  -.422770E+00
0.872000E+00  -.439745E+00
0.868000E+00  -.457086E+00
0.864000E+00  -.474809E+00
0.860000E+00  -.492934E+00
0.856000E+00  -.511478E+00
0.852000E+00  -.530460E+00
0.848000E+00  -.549900E+00
0.844000E+00  -.569818E+00
0.840000E+00  -.590235E+00
0.836000E+00  -.611172E+00
0.832000E+00  -.632651E+00
0.828000E+00  -.654696E+00
0.824000E+00  -.677329E+00
0.820000E+00  -.700574E+00
0.816000E+00  -.724457E+00
0.812000E+00  -.749003E+00
0.808000E+00  -.774240E+00
0.804000E+00  -.800194E+00
0.800000E+00  -.826895E+00
0.796000E+00  -.854371E+00
0.792000E+00  -.882654E+00
0.788000E+00  -.911774E+00
0.784000E+00  -.941765E+00
0.780000E+00  -.972660E+00
0.776000E+00  -.100450E+01
0.772000E+00  -.103731E+01
0.768000E+00  -.107113E+01
0.764000E+00  -.110601E+01
0.760000E+00  -.114198E+01
0.756000E+00  -.117908E+01
0.752000E+00  -.121736E+01
0.748000E+00  -.125687E+01
0.744000E+00  -.129765E+01
0.740000E+00  -.133975E+01
0.736000E+00  -.138322E+01
0.732000E+00  -.142812E+01
0.728000E+00  -.147449E+01
0.724000E+00  -.152240E+01
0.720000E+00  -.157190E+01
0.716000E+00  -.162306E+01
0.712000E+00  -.167595E+01
0.708000E+00  -.173062E+01
0.704000E+00  -.178715E+01
0.700000E+00  -.184561E+01
0.696000E+00  -.190608E+01
0.692000E+00  -.196863E+01
0.688000E+00  -.203336E+01
0.684000E+00  -.210033E+01
0.680000E+00  -.216966E+01
0.676000E+00  -.224142E+01
0.672000E+00  -.231572E+01
0.668000E+00  -.239265E+01
0.664000E+00  -.247233E+01
0.660000E+00  -.255487E+01
0.656000E+00  -.264038E+01
0.652000E+00  -.272899E+01
0.648000E+00  -.282082E+01
0.644000E+00  -.291600E+01
0.640000E+00  -.301468E+01
0.636000E+00  -.311700E+01
0.632000E+00  -.322312E+01
0.628000E+00  -.333320E+01
0.624000E+00  -.344739E+01
0.620000E+00  -.356589E+01
0.616000E+00  -.368888E+01
0.612000E+00  -.381654E+01
0.608000E+00  -.394908E+01
0.604000E+00  -.408672E+01
0.600000E+00  -.422968E+01
