0.996000E+00  -.276682E-01
0.992000E+00  -.553353E-01
0.988000E+00  -.830104E-01
0.984000E+00  -.110702E+00
0.980000E+00  -.138421E+00
0.976000E+00  -.166175E+00
0.972000E+00  -.193975E+00
0.968000E+00  -.221831E+00
0.964000E+00  -.249752E+00
0.960000E+00  -.277749E+00
0.956000E+00  -.305833E+00
0.952000E+00  -.334014E+00
0.948000E+00  -.362303E+00
0.944000E+00  -.390712E+00
0.940000E+00  -.419253E+00
0.936000E+00  -.447936E+00
0.932000E+00  -.476774E+00
0.928000E+00  -.505779E+00
0.924000E+00  -.534964E+00
0.920000E+00  -.564342E+00
0.916000E+00  -.593926E+00
0.912000E+00  -.623730E+00
0.908000E+00  -.653768E+00
0.904000E+00  -.684053E+00
0.900000E+00  -.714601E+00
0.896000E+00  -.745426E+00
0.892000E+00  -.776544E+00
0.888000E+00  -.807970E+00
0.884000E+00  -.839721E+00
0.880000E+00  -.871813E+00
0.876000E+00  -.904264E+00
0.872000E+00  -.937091E+00
0.868000E+00  -.970312E+00
0.864000E+00  -.100394E+01
0.860000E+00  -.103801E+01
0.856000E+00  -.107252E+01
0.852000E+00  -.110751E+01
0.848000E+00  -.114299E+01
0.844000E+00  -.117898E+01
0.840000E+00  -.121551E+01
0.836000E+00  -.125259E+01
0.832000E+00  -.129025E+01
0.828000E+00  -.132852E+01
0.824000E+00  -.136742E+01
0.820000E+00  -.140697E+01
0.816000E+00  -.144720E+01
0.812000E+00  -.148815E+01
0.808000E+00  -.152982E+01
0.804000E+00  -.157226E+01
0.800000E+00  -.161549E+01
0.796000E+00  -.165955E+01
0.792000E+00  -.170447E+01
0.788000E+00  -.175027E+01
0.784000E+00  -.179699E+01
0.780000E+00  -.184467E+01
0.776000E+00  -.189334E+01
0.772000E+00  -.194304E+01
0.768000E+00  -.199381E+01
0.764000E+00  -.204568E+01
0.760000E+00  -.209871E+01
0.756000E+00  -.215292E+01
0.752000E+00  -.220837E+01
0.748000E+00  -.226509E+01
0.744000E+00  -.232315E+01
0.740000E+00  -.238257E+01
0.736000E+00  -.244343E+01
0.732000E+00  -.250576E+01
0.728000E+00  -.256962E+01
0.724000E+00  -.263506E+01
0.720000E+00  -.270216E+01
0.716000E+00  -.277095E+01
0.712000E+00  -.284152E+01
0.708000E+00  -.291391E+01
0.704000E+00  -.298821E+01
0.700000E+00  -.306447E+01
0.696000E+00  -.314277E+01
0.692000E+00  -.322319E+01
0.688000E+00  -.330581E+01
0.684000E+00  -.339069E+01
0.680000E+00  -.347794E+01
0.676000E+00  -.356763E+01
0.672000E+00  -.365986E+01
0.668000E+00  -.375472E+01
0.664000E+00  -.385231E+01
0.660000E+00  -.395274E+01
0.656000E+00  -.405610E+01
0.652000E+00  -.416251E+01
0.648000E+00  -.427208E+01
0.644000E+00  -.438495E+01
0.640000E+00  -.450122E+01
0.636000E+00  -.462103E+01
0.632000E+00  -.474452E+01
0.628000E+00  -.487182E+01
0.624000E+00  -.500310E+01
0.620000E+00  -.513849E+01
0.616000E+00  -.527817E+01
0.612000E+00  -.542230E+01
0.608000E+00  -.557105E+01
0.604000E+00  -.572461E+01
0.600000E+00  -.588317E+01
