0.996000E+00  -.579988E-01
0.992000E+00  -.116165E+00
0.988000E+00  -.174542E+00
0.984000E+00  -.233171E+00
0.980000E+00  -.292097E+00
0.976000E+00  -.351362E+00
0.972000E+00  -.411013E+00
0.968000E+00  -.471094E+00
0.964000E+00  -.531651E+00
0.960000E+00  -.592733E+00
0.956000E+00  -.654387E+00
0.952000E+00  -.716662E+00
0.948000E+00  -.779608E+00
0.944000E+00  -.843276E+00
0.940000E+00  -.907719E+00
0.936000E+00  -.972991E+00
0.932000E+00  -.103914E+01
0.928000E+00  -.110624E+01
0.924000E+00  -.117433E+01
0.920000E+00  -.124347E+01
0.916000E+00  -.131373E+01
0.912000E+00  -.138517E+01
0.908000E+00  -.145786E+01
0.904000E+00  -.153185E+01
0.900000E+00  -.160721E+01
0.896000E+00  -.168402E+01
0.892000E+00  -.176235E+01
0.888000E+00  -.184227E+01
0.884000E+00  -.192386E+01
0.880000E+00  -.200719E+01
0.876000E+00  -.209235E+01
0.872000E+00  -.217942E+01
0.868000E+00  -.226849E+01
0.864000E+00  -.235964E+01
0.860000E+00  -.245298E+01
0.856000E+00  -.254860E+01
0.852000E+00  -.264659E+01
0.848000E+00  -.274706E+01
0.844000E+00  -.285011E+01
0.840000E+00  -.295587E+01
0.836000E+00  -.306443E+01
0.832000E+00  -.317593E+01
0.828000E+00  -.329048E+01
0.824000E+00  -.340822E+01
0.820000E+00  -.352928E+01
0.816000E+00  -.365379E+01
0.812000E+00  -.378190E+01
0.808000E+00  -.391376E+01
0.804000E+00  -.404954E+01
0.800000E+00  -.418938E+01
0.796000E+00  -.433346E+01
0.792000E+00  -.448196E+01
0.788000E+00  -.463506E+01
0.784000E+00  -.479296E+01
0.780000E+00  -.495584E+01
0.776000E+00  -.512393E+01
0.772000E+00  -.529744E+01
0.768000E+00  -.547659E+01
0.764000E+00  -.566163E+01
0.760000E+00  -.585280E+01
0.756000E+00  -.605036E+01
0.752000E+00  -.625458E+01
0.748000E+00  -.646575E+01
0.744000E+00  -.668415E+01
0.740000E+00  -.691011E+01
0.736000E+00  -.714393E+01
0.732000E+00  -.738597E+01
0.728000E+00  -.763658E+01
0.724000E+00  -.789612E+01
0.720000E+00  -.816499E+01
0.716000E+00  -.844360E+01
0.712000E+00  -.873237E+01
0.708000E+00  -.903176E+01
0.704000E+00  -.934222E+01
0.700000E+00  -.966426E+01
0.696000E+00  -.999840E+01
0.692000E+00  -.103452E+02
0.688000E+00  -.107052E+02
0.684000E+00  -.110789E+02
0.680000E+00  -.114672E+02
0.676000E+00  -.118705E+02
0.672000E+00  -.122897E+02
0.668000E+00  -.127253E+02
0.664000E+00  -.131783E+02
0.660000E+00  -.136494E+02
0.656000E+00  -.141394E+02
0.652000E+00  -.146494E+02
0.648000E+00  -.151801E+02
0.644000E+00  -.157327E+02
0.640000E+00  -.163081E+02
0.636000E+00  -.169076E+02
0.632000E+00  -.175322E+02
0.628000E+00  -.181832E+02
0.624000E+00  -.188619E+02
0.620000E+00  -.195696E+02
0.616000E+00  -.203080E+02
0.612000E+00  -.210784E+02
0.608000E+00  -.218825E+02
0.604000E+00  -.227221E+02
0.600000E+00  -.235989E+02
