0.996000E+00  -.663669E-01
0.992000E+00  -.133598E+00
0.988000E+00  -.201713E+00
0.984000E+00  -.270731E+00
0.980000E+00  -.340672E+00
0.976000E+00  -.411557E+00
0.972000E+00  -.483406E+00
0.968000E+00  -.556241E+00
0.964000E+00  -.630084E+00
0.960000E+00  -.704958E+00
0.956000E+00  -.780887E+00
0.952000E+00  -.857894E+00
0.948000E+00  -.936005E+00
0.944000E+00  -.101524E+01
0.940000E+00  -.109564E+01
0.936000E+00  -.117721E+01
0.932000E+00  -.126000E+01
0.928000E+00  -.134402E+01
0.924000E+00  -.142931E+01
0.920000E+00  -.151589E+01
0.916000E+00  -.160381E+01
0.912000E+00  -.169308E+01
0.908000E+00  -.178374E+01
0.904000E+00  -.187583E+01
0.900000E+00  -.196938E+01
0.896000E+00  -.206442E+01
0.892000E+00  -.216100E+01
0.888000E+00  -.225915E+01
0.884000E+00  -.235890E+01
0.880000E+00  -.246031E+01
0.876000E+00  -.256340E+01
0.872000E+00  -.266822E+01
0.868000E+00  -.277483E+01
0.864000E+00  -.288325E+01
0.860000E+00  -.299354E+01
0.856000E+00  -.310574E+01
0.852000E+00  -.321991E+01
0.848000E+00  -.333610E+01
0.844000E+00  -.345435E+01
0.840000E+00  -.357473E+01
0.836000E+00  -.369728E+01
0.832000E+00  -.382206E+01
0.828000E+00  -.394914E+01
0.824000E+00  -.407858E+01
0.820000E+00  -.421044E+01
0.816000E+00  -.434478E+01
0.812000E+00  -.448167E+01
0.808000E+00  -.462118E+01
0.804000E+00  -.476338E+01
0.800000E+00  -.490836E+01
0.796000E+00  -.505617E+01
0.792000E+00  -.520691E+01
0.788000E+00  -.536065E+01
0.784000E+00  -.551749E+01
0.780000E+00  -.567750E+01
0.776000E+00  -.584077E+01
0.772000E+00  -.600741E+01
0.768000E+00  -.617751E+01
0.764000E+00  -.635117E+01
0.760000E+00  -.652848E+01
0.756000E+00  -.670957E+01
0.752000E+00  -.689454E+01
0.748000E+00  -.708350E+01
0.744000E+00  -.727658E+01
0.740000E+00  -.747390E+01
0.736000E+00  -.767558E+01
0.732000E+00  -.788176E+01
0.728000E+00  -.809258E+01
0.724000E+00  -.830817E+01
0.720000E+00  -.852869E+01
0.716000E+00  -.875430E+01
0.712000E+00  -.898514E+01
0.708000E+00  -.922138E+01
0.704000E+00  -.946319E+01
0.700000E+00  -.971076E+01
0.696000E+00  -.996427E+01
0.692000E+00  -.102239E+02
0.688000E+00  -.104899E+02
0.684000E+00  -.107623E+02
0.680000E+00  -.110416E+02
0.676000E+00  -.113278E+02
0.672000E+00  -.116212E+02
0.668000E+00  -.119221E+02
0.664000E+00  -.122306E+02
0.660000E+00  -.125471E+02
0.656000E+00  -.128719E+02
0.652000E+00  -.132051E+02
0.648000E+00  -.135472E+02
0.644000E+00  -.138984E+02
0.640000E+00  -.142590E+02
0.636000E+00  -.146293E+02
0.632000E+00  -.150098E+02
0.628000E+00  -.154008E+02
0.624000E+00  -.158026E+02
0.620000E+00  -.162157E+02
0.616000E+00  -.166404E+02
0.612000E+00  -.170772E+02
0.608000E+00  -.175265E+02
0.604000E+00  -.179889E+02
0.600000E+00  -.184648E+02
