0.996000E+00  -.515573E-01
0.992000E+00  -.103444E+00
0.988000E+00  -.155670E+00
0.984000E+00  -.208246E+00
0.980000E+00  -.261184E+00
0.976000E+00  -.314495E+00
0.972000E+00  -.368190E+00
0.968000E+00  -.422281E+00
0.964000E+00  -.476779E+00
0.960000E+00  -.531697E+00
0.956000E+00  -.587047E+00
0.952000E+00  -.642842E+00
0.948000E+00  -.699094E+00
0.944000E+00  -.755816E+00
0.940000E+00  -.813022E+00
0.936000E+00  -.870725E+00
0.932000E+00  -.928939E+00
0.928000E+00  -.987678E+00
0.924000E+00  -.104696E+01
0.920000E+00  -.110679E+01
0.916000E+00  -.116719E+01
0.912000E+00  -.122818E+01
0.908000E+00  -.128977E+01
0.904000E+00  -.135197E+01
0.900000E+00  -.141481E+01
0.896000E+00  -.147829E+01
0.892000E+00  -.154244E+01
0.888000E+00  -.160728E+01
0.884000E+00  -.167282E+01
0.880000E+00  -.173908E+01
0.876000E+00  -.180608E+01
0.872000E+00  -.187384E+01
0.868000E+00  -.194238E+01
0.864000E+00  -.201172E+01
0.860000E+00  -.208187E+01
0.856000E+00  -.215287E+01
0.852000E+00  -.222473E+01
0.848000E+00  -.229748E+01
0.844000E+00  -.237113E+01
0.840000E+00  -.244572E+01
0.836000E+00  -.252126E+01
0.832000E+00  -.259778E+01
0.828000E+00  -.267531E+01
0.824000E+00  -.275387E+01
0.820000E+00  -.283349E+01
0.816000E+00  -.291420E+01
0.812000E+00  -.299603E+01
0.808000E+00  -.307900E+01
0.804000E+00  -.316314E+01
0.800000E+00  -.324849E+01
0.796000E+00  -.333508E+01
0.792000E+00  -.342294E+01
0.788000E+00  -.351211E+01
0.784000E+00  -.360261E+01
0.780000E+00  -.369449E+01
0.776000E+00  -.378778E+01
0.772000E+00  -.388251E+01
0.768000E+00  -.397874E+01
0.764000E+00  -.407650E+01
0.760000E+00  -.417583E+01
0.756000E+00  -.427677E+01
0.752000E+00  -.437937E+01
0.748000E+00  -.448367E+01
0.744000E+00  -.458973E+01
0.740000E+00  -.469758E+01
0.736000E+00  -.480728E+01
0.732000E+00  -.491889E+01
0.728000E+00  -.503245E+01
0.724000E+00  -.514802E+01
0.720000E+00  -.526566E+01
0.716000E+00  -.538543E+01
0.712000E+00  -.550739E+01
0.708000E+00  -.563160E+01
0.704000E+00  -.575812E+01
0.700000E+00  -.588704E+01
0.696000E+00  -.601841E+01
0.692000E+00  -.615231E+01
0.688000E+00  -.628881E+01
0.684000E+00  -.642800E+01
0.680000E+00  -.656996E+01
0.676000E+00  -.671476E+01
0.672000E+00  -.686250E+01
0.668000E+00  -.701326E+01
0.664000E+00  -.716715E+01
0.660000E+00  -.732425E+01
0.656000E+00  -.748468E+01
0.652000E+00  -.764853E+01
0.648000E+00  -.781591E+01
0.644000E+00  -.798695E+01
0.640000E+00  -.816175E+01
0.636000E+00  -.834044E+01
0.632000E+00  -.852314E+01
0.628000E+00  -.871000E+01
0.624000E+00  -.890115E+01
0.620000E+00  -.909673E+01
0.616000E+00  -.929690E+01
0.612000E+00  -.950181E+01
0.608000E+00  -.971162E+01
0.604000E+00  -.992651E+01
0.600000E+00  -.101466E+02
