0.996000E+00  -.573592E-01
0.992000E+00  -.115670E+00
0.988000E+00  -.174980E+00
0.984000E+00  -.235337E+00
0.980000E+00  -.296792E+00
0.976000E+00  -.359398E+00
0.972000E+00  -.423210E+00
0.968000E+00  -.488286E+00
0.964000E+00  -.554685E+00
0.960000E+00  -.622470E+00
0.956000E+00  -.691705E+00
0.952000E+00  -.762459E+00
0.948000E+00  -.834801E+00
0.944000E+00  -.908805E+00
0.940000E+00  -.984549E+00
0.936000E+00  -.106211E+01
0.932000E+00  -.114158E+01
0.928000E+00  -.122304E+01
0.924000E+00  -.130658E+01
0.920000E+00  -.139230E+01
0.916000E+00  -.148030E+01
0.912000E+00  -.157068E+01
0.908000E+00  -.166355E+01
0.904000E+00  -.175903E+01
0.900000E+00  -.185724E+01
0.896000E+00  -.195830E+01
0.892000E+00  -.206234E+01
0.888000E+00  -.216950E+01
0.884000E+00  -.227993E+01
0.880000E+00  -.239377E+01
0.876000E+00  -.251119E+01
0.872000E+00  -.263234E+01
0.868000E+00  -.275741E+01
0.864000E+00  -.288658E+01
0.860000E+00  -.302003E+01
0.856000E+00  -.315798E+01
0.852000E+00  -.330062E+01
0.848000E+00  -.344818E+01
0.844000E+00  -.360090E+01
0.840000E+00  -.375901E+01
0.836000E+00  -.392279E+01
0.832000E+00  -.409249E+01
0.828000E+00  -.426840E+01
0.824000E+00  -.445082E+01
0.820000E+00  -.464006E+01
0.816000E+00  -.483646E+01
0.812000E+00  -.504037E+01
0.808000E+00  -.525214E+01
0.804000E+00  -.547218E+01
0.800000E+00  -.570089E+01
0.796000E+00  -.593869E+01
0.792000E+00  -.618604E+01
0.788000E+00  -.644342E+01
0.784000E+00  -.671133E+01
0.780000E+00  -.699030E+01
0.776000E+00  -.728091E+01
0.772000E+00  -.758373E+01
0.768000E+00  -.789940E+01
0.764000E+00  -.822858E+01
0.760000E+00  -.857197E+01
0.756000E+00  -.893030E+01
0.752000E+00  -.930437E+01
0.748000E+00  -.969500E+01
0.744000E+00  -.101031E+02
0.740000E+00  -.105295E+02
0.736000E+00  -.109753E+02
0.732000E+00  -.114414E+02
0.728000E+00  -.119291E+02
0.724000E+00  -.124394E+02
0.720000E+00  -.129736E+02
0.716000E+00  -.135330E+02
0.712000E+00  -.141191E+02
0.708000E+00  -.147332E+02
0.704000E+00  -.153770E+02
0.700000E+00  -.160521E+02
0.696000E+00  -.167603E+02
0.692000E+00  -.175036E+02
0.688000E+00  -.182838E+02
0.684000E+00  -.191032E+02
0.680000E+00  -.199640E+02
0.676000E+00  -.208687E+02
0.672000E+00  -.218197E+02
0.668000E+00  -.228200E+02
0.664000E+00  -.238723E+02
0.660000E+00  -.249798E+02
0.656000E+00  -.261459E+02
0.652000E+00  -.273740E+02
0.648000E+00  -.286681E+02
0.644000E+00  -.300321E+02
0.640000E+00  -.314703E+02
0.636000E+00  -.329875E+02
0.632000E+00  -.345885E+02
0.628000E+00  -.362787E+02
0.624000E+00  -.380637E+02
0.620000E+00  -.399495E+02
0.616000E+00  -.419428E+02
0.612000E+00  -.440504E+02
0.608000E+00  -.462799E+02
0.604000E+00  -.486392E+02
0.600000E+00  -.511369E+02
