0.996000E+00  -.477093E-01
0.992000E+00  -.960226E-01
0.988000E+00  -.144964E+00
0.984000E+00  -.194558E+00
0.980000E+00  -.244830E+00
0.976000E+00  -.295805E+00
0.972000E+00  -.347510E+00
0.968000E+00  -.399972E+00
0.964000E+00  -.453218E+00
0.960000E+00  -.507278E+00
0.956000E+00  -.562180E+00
0.952000E+00  -.617955E+00
0.948000E+00  -.674633E+00
0.944000E+00  -.732246E+00
0.940000E+00  -.790826E+00
0.936000E+00  -.850408E+00
0.932000E+00  -.911026E+00
0.928000E+00  -.972714E+00
0.924000E+00  -.103551E+01
0.920000E+00  -.109945E+01
0.916000E+00  -.116458E+01
0.912000E+00  -.123093E+01
0.908000E+00  -.129854E+01
0.904000E+00  -.136747E+01
0.900000E+00  -.143774E+01
0.896000E+00  -.150941E+01
0.892000E+00  -.158252E+01
0.888000E+00  -.165712E+01
0.884000E+00  -.173327E+01
0.880000E+00  -.181100E+01
0.876000E+00  -.189038E+01
0.872000E+00  -.197146E+01
0.868000E+00  -.205430E+01
0.864000E+00  -.213894E+01
0.860000E+00  -.222546E+01
0.856000E+00  -.231392E+01
0.852000E+00  -.240438E+01
0.848000E+00  -.249691E+01
0.844000E+00  -.259157E+01
0.840000E+00  -.268844E+01
0.836000E+00  -.278760E+01
0.832000E+00  -.288911E+01
0.828000E+00  -.299306E+01
0.824000E+00  -.309954E+01
0.820000E+00  -.320862E+01
0.816000E+00  -.332040E+01
0.812000E+00  -.343496E+01
0.808000E+00  -.355241E+01
0.804000E+00  -.367284E+01
0.800000E+00  -.379635E+01
0.796000E+00  -.392305E+01
0.792000E+00  -.405306E+01
0.788000E+00  -.418649E+01
0.784000E+00  -.432345E+01
0.780000E+00  -.446407E+01
0.776000E+00  -.460848E+01
0.772000E+00  -.475682E+01
0.768000E+00  -.490923E+01
0.764000E+00  -.506585E+01
0.760000E+00  -.522683E+01
0.756000E+00  -.539233E+01
0.752000E+00  -.556251E+01
0.748000E+00  -.573755E+01
0.744000E+00  -.591763E+01
0.740000E+00  -.610292E+01
0.736000E+00  -.629364E+01
0.732000E+00  -.648996E+01
0.728000E+00  -.669212E+01
0.724000E+00  -.690032E+01
0.720000E+00  -.711481E+01
0.716000E+00  -.733581E+01
0.712000E+00  -.756358E+01
0.708000E+00  -.779837E+01
0.704000E+00  -.804048E+01
0.700000E+00  -.829017E+01
0.696000E+00  -.854776E+01
0.692000E+00  -.881354E+01
0.688000E+00  -.908786E+01
0.684000E+00  -.937105E+01
0.680000E+00  -.966347E+01
0.676000E+00  -.996549E+01
0.672000E+00  -.102775E+02
0.668000E+00  -.106000E+02
0.664000E+00  -.109333E+02
0.660000E+00  -.112779E+02
0.656000E+00  -.116342E+02
0.652000E+00  -.120029E+02
0.648000E+00  -.123843E+02
0.644000E+00  -.127791E+02
0.640000E+00  -.131879E+02
0.636000E+00  -.136112E+02
0.632000E+00  -.140496E+02
0.628000E+00  -.145040E+02
0.624000E+00  -.149749E+02
0.620000E+00  -.154631E+02
0.616000E+00  -.159694E+02
0.612000E+00  -.164946E+02
0.608000E+00  -.170396E+02
0.604000E+00  -.176054E+02
0.600000E+00  -.181928E+02
