0.996000E+00  -.111807E+00
0.992000E+00  -.225615E+00
0.988000E+00  -.341547E+00
0.984000E+00  -.459728E+00
0.980000E+00  -.580290E+00
0.976000E+00  -.703371E+00
0.972000E+00  -.829113E+00
0.968000E+00  -.957667E+00
0.964000E+00  -.108919E+01
0.960000E+00  -.122384E+01
0.956000E+00  -.136180E+01
0.952000E+00  -.150325E+01
0.948000E+00  -.164836E+01
0.944000E+00  -.179734E+01
0.940000E+00  -.195040E+01
0.936000E+00  -.210775E+01
0.932000E+00  -.226961E+01
0.928000E+00  -.243623E+01
0.924000E+00  -.260785E+01
0.920000E+00  -.278474E+01
0.916000E+00  -.296718E+01
0.912000E+00  -.315544E+01
0.908000E+00  -.334983E+01
0.904000E+00  -.355067E+01
0.900000E+00  -.375831E+01
0.896000E+00  -.397308E+01
0.892000E+00  -.419536E+01
0.888000E+00  -.442554E+01
0.884000E+00  -.466403E+01
0.880000E+00  -.491127E+01
0.876000E+00  -.516771E+01
0.872000E+00  -.543382E+01
0.868000E+00  -.571013E+01
0.864000E+00  -.599715E+01
0.860000E+00  -.629546E+01
0.856000E+00  -.660564E+01
0.852000E+00  -.692833E+01
0.848000E+00  -.726418E+01
0.844000E+00  -.761390E+01
0.840000E+00  -.797823E+01
0.836000E+00  -.835794E+01
0.832000E+00  -.875386E+01
0.828000E+00  -.916686E+01
0.824000E+00  -.959787E+01
0.820000E+00  -.100479E+02
0.816000E+00  -.105179E+02
0.812000E+00  -.110090E+02
0.808000E+00  -.115224E+02
0.804000E+00  -.120592E+02
0.800000E+00  -.126209E+02
0.796000E+00  -.132088E+02
0.792000E+00  -.138243E+02
0.788000E+00  -.144690E+02
0.784000E+00  -.151445E+02
0.780000E+00  -.158526E+02
0.776000E+00  -.165952E+02
0.772000E+00  -.173742E+02
0.768000E+00  -.181917E+02
0.764000E+00  -.190500E+02
0.760000E+00  -.199514E+02
0.756000E+00  -.208984E+02
0.752000E+00  -.218937E+02
0.748000E+00  -.229402E+02
0.744000E+00  -.240410E+02
0.740000E+00  -.251991E+02
0.736000E+00  -.264182E+02
0.732000E+00  -.277019E+02
0.728000E+00  -.290541E+02
0.724000E+00  -.304791E+02
0.720000E+00  -.319812E+02
0.716000E+00  -.335652E+02
0.712000E+00  -.352363E+02
0.708000E+00  -.369998E+02
0.704000E+00  -.388617E+02
0.700000E+00  -.408281E+02
0.696000E+00  -.429057E+02
0.692000E+00  -.451016E+02
0.688000E+00  -.474234E+02
0.684000E+00  -.498794E+02
0.680000E+00  -.524782E+02
0.676000E+00  -.552293E+02
0.672000E+00  -.581427E+02
0.668000E+00  -.612292E+02
0.664000E+00  -.645004E+02
0.660000E+00  -.679687E+02
0.656000E+00  -.716476E+02
0.652000E+00  -.755513E+02
0.648000E+00  -.796954E+02
0.644000E+00  -.840964E+02
0.640000E+00  -.887722E+02
0.636000E+00  -.937421E+02
0.632000E+00  -.990269E+02
0.628000E+00  -.104649E+03
0.624000E+00  -.110632E+03
0.620000E+00  -.117003E+03
0.616000E+00  -.123789E+03
0.612000E+00  -.131020E+03
0.608000E+00  -.138730E+03
0.604000E+00  -.146954E+03
0.600000E+00  -.155730E+03
