0.996000E+00  -.264156E-01
0.992000E+00  -.526711E-01
0.988000E+00  -.787833E-01
0.984000E+00  -.104769E+00
0.980000E+00  -.130644E+00
0.976000E+00  -.156426E+00
0.972000E+00  -.182133E+00
0.968000E+00  -.207781E+00
0.964000E+00  -.233388E+00
0.960000E+00  -.258972E+00
0.956000E+00  -.284552E+00
0.952000E+00  -.310145E+00
0.948000E+00  -.335770E+00
0.944000E+00  -.361447E+00
0.940000E+00  -.387195E+00
0.936000E+00  -.413033E+00
0.932000E+00  -.438982E+00
0.928000E+00  -.465064E+00
0.924000E+00  -.491297E+00
0.920000E+00  -.517706E+00
0.916000E+00  -.544311E+00
0.912000E+00  -.571137E+00
0.908000E+00  -.598205E+00
0.904000E+00  -.625541E+00
0.900000E+00  -.653169E+00
0.896000E+00  -.681115E+00
0.892000E+00  -.709405E+00
0.888000E+00  -.738068E+00
0.884000E+00  -.767130E+00
0.880000E+00  -.796622E+00
0.876000E+00  -.826574E+00
0.872000E+00  -.857017E+00
0.868000E+00  -.887984E+00
0.864000E+00  -.919509E+00
0.860000E+00  -.951628E+00
0.856000E+00  -.984377E+00
0.852000E+00  -.101779E+01
0.848000E+00  -.105192E+01
0.844000E+00  -.108680E+01
0.840000E+00  -.112247E+01
0.836000E+00  -.115899E+01
0.832000E+00  -.119639E+01
0.828000E+00  -.123473E+01
0.824000E+00  -.127406E+01
0.820000E+00  -.131445E+01
0.816000E+00  -.135593E+01
0.812000E+00  -.139859E+01
0.808000E+00  -.144248E+01
0.804000E+00  -.148767E+01
0.800000E+00  -.153423E+01
0.796000E+00  -.158225E+01
0.792000E+00  -.163179E+01
0.788000E+00  -.168295E+01
0.784000E+00  -.173582E+01
0.780000E+00  -.179048E+01
0.776000E+00  -.184705E+01
0.772000E+00  -.190563E+01
0.768000E+00  -.196634E+01
0.764000E+00  -.202929E+01
0.760000E+00  -.209461E+01
0.756000E+00  -.216245E+01
0.752000E+00  -.223295E+01
0.748000E+00  -.230626E+01
0.744000E+00  -.238256E+01
0.740000E+00  -.246201E+01
0.736000E+00  -.254482E+01
0.732000E+00  -.263117E+01
0.728000E+00  -.272130E+01
0.724000E+00  -.281543E+01
0.720000E+00  -.291381E+01
0.716000E+00  -.301672E+01
0.712000E+00  -.312443E+01
0.708000E+00  -.323725E+01
0.704000E+00  -.335552E+01
0.700000E+00  -.347959E+01
0.696000E+00  -.360984E+01
0.692000E+00  -.374669E+01
0.688000E+00  -.389057E+01
0.684000E+00  -.404197E+01
0.680000E+00  -.420141E+01
0.676000E+00  -.436943E+01
0.672000E+00  -.454665E+01
0.668000E+00  -.473370E+01
0.664000E+00  -.493130E+01
0.660000E+00  -.514020E+01
0.656000E+00  -.536123E+01
0.652000E+00  -.559527E+01
0.648000E+00  -.584331E+01
0.644000E+00  -.610638E+01
0.640000E+00  -.638564E+01
0.636000E+00  -.668230E+01
0.632000E+00  -.699773E+01
0.628000E+00  -.733339E+01
0.624000E+00  -.769087E+01
0.620000E+00  -.807192E+01
0.616000E+00  -.847841E+01
0.612000E+00  -.891242E+01
0.608000E+00  -.937621E+01
0.604000E+00  -.987223E+01
0.600000E+00  -.104032E+02
