0.996000E+00  -.872222E-01
0.992000E+00  -.175616E+00
0.988000E+00  -.265232E+00
0.984000E+00  -.356122E+00
0.980000E+00  -.448339E+00
0.976000E+00  -.541938E+00
0.972000E+00  -.636974E+00
0.968000E+00  -.733504E+00
0.964000E+00  -.831587E+00
0.960000E+00  -.931284E+00
0.956000E+00  -.103265E+01
0.952000E+00  -.113576E+01
0.948000E+00  -.124068E+01
0.944000E+00  -.134746E+01
0.940000E+00  -.145618E+01
0.936000E+00  -.156691E+01
0.932000E+00  -.167973E+01
0.928000E+00  -.179470E+01
0.924000E+00  -.191191E+01
0.920000E+00  -.203144E+01
0.916000E+00  -.215336E+01
0.912000E+00  -.227777E+01
0.908000E+00  -.240475E+01
0.904000E+00  -.253438E+01
0.900000E+00  -.266678E+01
0.896000E+00  -.280202E+01
0.892000E+00  -.294022E+01
0.888000E+00  -.308147E+01
0.884000E+00  -.322588E+01
0.880000E+00  -.337357E+01
0.876000E+00  -.352464E+01
0.872000E+00  -.367921E+01
0.868000E+00  -.383741E+01
0.864000E+00  -.399937E+01
0.860000E+00  -.416521E+01
0.856000E+00  -.433508E+01
0.852000E+00  -.450911E+01
0.848000E+00  -.468746E+01
0.844000E+00  -.487026E+01
0.840000E+00  -.505769E+01
0.836000E+00  -.524991E+01
0.832000E+00  -.544708E+01
0.828000E+00  -.564940E+01
0.824000E+00  -.585703E+01
0.820000E+00  -.607017E+01
0.816000E+00  -.628902E+01
0.812000E+00  -.651379E+01
0.808000E+00  -.674470E+01
0.804000E+00  -.698197E+01
0.800000E+00  -.722583E+01
0.796000E+00  -.747653E+01
0.792000E+00  -.773432E+01
0.788000E+00  -.799947E+01
0.784000E+00  -.827225E+01
0.780000E+00  -.855295E+01
0.776000E+00  -.884188E+01
0.772000E+00  -.913933E+01
0.768000E+00  -.944565E+01
0.764000E+00  -.976118E+01
0.760000E+00  -.100863E+02
0.756000E+00  -.104213E+02
0.752000E+00  -.107666E+02
0.748000E+00  -.111227E+02
0.744000E+00  -.114899E+02
0.740000E+00  -.118687E+02
0.736000E+00  -.122596E+02
0.732000E+00  -.126631E+02
0.728000E+00  -.130796E+02
0.724000E+00  -.135097E+02
0.720000E+00  -.139539E+02
0.716000E+00  -.144129E+02
0.712000E+00  -.148873E+02
0.708000E+00  -.153777E+02
0.704000E+00  -.158847E+02
0.700000E+00  -.164092E+02
0.696000E+00  -.169518E+02
0.692000E+00  -.175133E+02
0.688000E+00  -.180945E+02
0.684000E+00  -.186964E+02
0.680000E+00  -.193198E+02
0.676000E+00  -.199656E+02
0.672000E+00  -.206350E+02
0.668000E+00  -.213288E+02
0.664000E+00  -.220483E+02
0.660000E+00  -.227947E+02
0.656000E+00  -.235690E+02
0.652000E+00  -.243728E+02
0.648000E+00  -.252072E+02
0.644000E+00  -.260738E+02
0.640000E+00  -.269741E+02
0.636000E+00  -.279097E+02
0.632000E+00  -.288824E+02
0.628000E+00  -.298938E+02
0.624000E+00  -.309459E+02
0.620000E+00  -.320407E+02
0.616000E+00  -.331803E+02
0.612000E+00  -.343669E+02
0.608000E+00  -.356031E+02
0.604000E+00  -.368911E+02
0.600000E+00  -.382338E+02
