0.996000E+00  -.124558E+00
0.992000E+00  -.249494E+00
0.988000E+00  -.374876E+00
0.984000E+00  -.500774E+00
0.980000E+00  -.627261E+00
0.976000E+00  -.754411E+00
0.972000E+00  -.882297E+00
0.968000E+00  -.101100E+01
0.964000E+00  -.114059E+01
0.960000E+00  -.127115E+01
0.956000E+00  -.140277E+01
0.952000E+00  -.153552E+01
0.948000E+00  -.166950E+01
0.944000E+00  -.180479E+01
0.940000E+00  -.194148E+01
0.936000E+00  -.207966E+01
0.932000E+00  -.221943E+01
0.928000E+00  -.236090E+01
0.924000E+00  -.250415E+01
0.920000E+00  -.264929E+01
0.916000E+00  -.279643E+01
0.912000E+00  -.294568E+01
0.908000E+00  -.309715E+01
0.904000E+00  -.325096E+01
0.900000E+00  -.340723E+01
0.896000E+00  -.356608E+01
0.892000E+00  -.372764E+01
0.888000E+00  -.389205E+01
0.884000E+00  -.405945E+01
0.880000E+00  -.422996E+01
0.876000E+00  -.440375E+01
0.872000E+00  -.458096E+01
0.868000E+00  -.476175E+01
0.864000E+00  -.494628E+01
0.860000E+00  -.513473E+01
0.856000E+00  -.532727E+01
0.852000E+00  -.552408E+01
0.848000E+00  -.572534E+01
0.844000E+00  -.593126E+01
0.840000E+00  -.614204E+01
0.836000E+00  -.635790E+01
0.832000E+00  -.657904E+01
0.828000E+00  -.680571E+01
0.824000E+00  -.703813E+01
0.820000E+00  -.727656E+01
0.816000E+00  -.752126E+01
0.812000E+00  -.777248E+01
0.808000E+00  -.803053E+01
0.804000E+00  -.829568E+01
0.800000E+00  -.856824E+01
0.796000E+00  -.884853E+01
0.792000E+00  -.913688E+01
0.788000E+00  -.943363E+01
0.784000E+00  -.973916E+01
0.780000E+00  -.100538E+02
0.776000E+00  -.103780E+02
0.772000E+00  -.107122E+02
0.768000E+00  -.110567E+02
0.764000E+00  -.114121E+02
0.760000E+00  -.117788E+02
0.756000E+00  -.121573E+02
0.752000E+00  -.125481E+02
0.748000E+00  -.129517E+02
0.744000E+00  -.133688E+02
0.740000E+00  -.137999E+02
0.736000E+00  -.142457E+02
0.732000E+00  -.147067E+02
0.728000E+00  -.151837E+02
0.724000E+00  -.156775E+02
0.720000E+00  -.161887E+02
0.716000E+00  -.167181E+02
0.712000E+00  -.172666E+02
0.708000E+00  -.178351E+02
0.704000E+00  -.184245E+02
0.700000E+00  -.190358E+02
0.696000E+00  -.196699E+02
0.692000E+00  -.203280E+02
0.688000E+00  -.210111E+02
0.684000E+00  -.217205E+02
0.680000E+00  -.224575E+02
0.676000E+00  -.232233E+02
0.672000E+00  -.240193E+02
0.668000E+00  -.248470E+02
0.664000E+00  -.257080E+02
0.660000E+00  -.266039E+02
0.656000E+00  -.275364E+02
0.652000E+00  -.285073E+02
0.648000E+00  -.295186E+02
0.644000E+00  -.305724E+02
0.640000E+00  -.316707E+02
0.636000E+00  -.328158E+02
0.632000E+00  -.340102E+02
0.628000E+00  -.352565E+02
0.624000E+00  -.365572E+02
0.620000E+00  -.379154E+02
0.616000E+00  -.393339E+02
0.612000E+00  -.408161E+02
0.608000E+00  -.423654E+02
0.604000E+00  -.439854E+02
0.600000E+00  -.456800E+02
