0.996000E+00  -.949245E-01
0.992000E+00  -.190214E+00
0.988000E+00  -.285944E+00
0.984000E+00  -.382192E+00
0.980000E+00  -.479035E+00
0.976000E+00  -.576553E+00
0.972000E+00  -.674829E+00
0.968000E+00  -.773946E+00
0.964000E+00  -.873989E+00
0.960000E+00  -.975047E+00
0.956000E+00  -.107721E+01
0.952000E+00  -.118057E+01
0.948000E+00  -.128522E+01
0.944000E+00  -.139125E+01
0.940000E+00  -.149878E+01
0.936000E+00  -.160790E+01
0.932000E+00  -.171871E+01
0.928000E+00  -.183133E+01
0.924000E+00  -.194588E+01
0.920000E+00  -.206246E+01
0.916000E+00  -.218119E+01
0.912000E+00  -.230221E+01
0.908000E+00  -.242564E+01
0.904000E+00  -.255161E+01
0.900000E+00  -.268027E+01
0.896000E+00  -.281175E+01
0.892000E+00  -.294620E+01
0.888000E+00  -.308378E+01
0.884000E+00  -.322465E+01
0.880000E+00  -.336897E+01
0.876000E+00  -.351691E+01
0.872000E+00  -.366867E+01
0.868000E+00  -.382441E+01
0.864000E+00  -.398434E+01
0.860000E+00  -.414865E+01
0.856000E+00  -.431757E+01
0.852000E+00  -.449130E+01
0.848000E+00  -.467009E+01
0.844000E+00  -.485416E+01
0.840000E+00  -.504376E+01
0.836000E+00  -.523916E+01
0.832000E+00  -.544064E+01
0.828000E+00  -.564846E+01
0.824000E+00  -.586294E+01
0.820000E+00  -.608438E+01
0.816000E+00  -.631310E+01
0.812000E+00  -.654945E+01
0.808000E+00  -.679379E+01
0.804000E+00  -.704649E+01
0.800000E+00  -.730794E+01
0.796000E+00  -.757855E+01
0.792000E+00  -.785875E+01
0.788000E+00  -.814900E+01
0.784000E+00  -.844976E+01
0.780000E+00  -.876154E+01
0.776000E+00  -.908486E+01
0.772000E+00  -.942027E+01
0.768000E+00  -.976835E+01
0.764000E+00  -.101297E+02
0.760000E+00  -.105050E+02
0.756000E+00  -.108948E+02
0.752000E+00  -.112999E+02
0.748000E+00  -.117211E+02
0.744000E+00  -.121591E+02
0.740000E+00  -.126148E+02
0.736000E+00  -.130889E+02
0.732000E+00  -.135825E+02
0.728000E+00  -.140965E+02
0.724000E+00  -.146319E+02
0.720000E+00  -.151899E+02
0.716000E+00  -.157715E+02
0.712000E+00  -.163779E+02
0.708000E+00  -.170104E+02
0.704000E+00  -.176705E+02
0.700000E+00  -.183594E+02
0.696000E+00  -.190786E+02
0.692000E+00  -.198299E+02
0.688000E+00  -.206148E+02
0.684000E+00  -.214352E+02
0.680000E+00  -.222929E+02
0.676000E+00  -.231899E+02
0.672000E+00  -.241284E+02
0.668000E+00  -.251106E+02
0.664000E+00  -.261389E+02
0.660000E+00  -.272158E+02
0.656000E+00  -.283440E+02
0.652000E+00  -.295264E+02
0.648000E+00  -.307661E+02
0.644000E+00  -.320661E+02
0.640000E+00  -.334301E+02
0.636000E+00  -.348615E+02
0.632000E+00  -.363644E+02
0.628000E+00  -.379429E+02
0.624000E+00  -.396013E+02
0.620000E+00  -.413444E+02
0.616000E+00  -.431772E+02
0.612000E+00  -.451050E+02
0.608000E+00  -.471336E+02
0.604000E+00  -.492690E+02
0.600000E+00  -.515178E+02
