0.996000E+00  -.105775E+00
0.992000E+00  -.212941E+00
0.988000E+00  -.321525E+00
0.984000E+00  -.431556E+00
0.980000E+00  -.543063E+00
0.976000E+00  -.656075E+00
0.972000E+00  -.770624E+00
0.968000E+00  -.886741E+00
0.964000E+00  -.100446E+01
0.960000E+00  -.112381E+01
0.956000E+00  -.124482E+01
0.952000E+00  -.136754E+01
0.948000E+00  -.149199E+01
0.944000E+00  -.161822E+01
0.940000E+00  -.174625E+01
0.936000E+00  -.187614E+01
0.932000E+00  -.200791E+01
0.928000E+00  -.214161E+01
0.924000E+00  -.227728E+01
0.920000E+00  -.241496E+01
0.916000E+00  -.255470E+01
0.912000E+00  -.269654E+01
0.908000E+00  -.284052E+01
0.904000E+00  -.298670E+01
0.900000E+00  -.313512E+01
0.896000E+00  -.328583E+01
0.892000E+00  -.343888E+01
0.888000E+00  -.359432E+01
0.884000E+00  -.375222E+01
0.880000E+00  -.391262E+01
0.876000E+00  -.407558E+01
0.872000E+00  -.424115E+01
0.868000E+00  -.440941E+01
0.864000E+00  -.458041E+01
0.860000E+00  -.475421E+01
0.856000E+00  -.493089E+01
0.852000E+00  -.511050E+01
0.848000E+00  -.529311E+01
0.844000E+00  -.547881E+01
0.840000E+00  -.566765E+01
0.836000E+00  -.585972E+01
0.832000E+00  -.605509E+01
0.828000E+00  -.625385E+01
0.824000E+00  -.645607E+01
0.820000E+00  -.666184E+01
0.816000E+00  -.687125E+01
0.812000E+00  -.708438E+01
0.808000E+00  -.730133E+01
0.804000E+00  -.752220E+01
0.800000E+00  -.774708E+01
0.796000E+00  -.797607E+01
0.792000E+00  -.820928E+01
0.788000E+00  -.844682E+01
0.784000E+00  -.868879E+01
0.780000E+00  -.893531E+01
0.776000E+00  -.918650E+01
0.772000E+00  -.944248E+01
0.768000E+00  -.970337E+01
0.764000E+00  -.996931E+01
0.760000E+00  -.102404E+02
0.756000E+00  -.105169E+02
0.752000E+00  -.107987E+02
0.748000E+00  -.110862E+02
0.744000E+00  -.113795E+02
0.740000E+00  -.116787E+02
0.736000E+00  -.119839E+02
0.732000E+00  -.122954E+02
0.728000E+00  -.126133E+02
0.724000E+00  -.129379E+02
0.720000E+00  -.132691E+02
0.716000E+00  -.136074E+02
0.712000E+00  -.139529E+02
0.708000E+00  -.143057E+02
0.704000E+00  -.146661E+02
0.700000E+00  -.150344E+02
0.696000E+00  -.154106E+02
0.692000E+00  -.157952E+02
0.688000E+00  -.161882E+02
0.684000E+00  -.165901E+02
0.680000E+00  -.170010E+02
0.676000E+00  -.174212E+02
0.672000E+00  -.178509E+02
0.668000E+00  -.182906E+02
0.664000E+00  -.187405E+02
0.660000E+00  -.192008E+02
0.656000E+00  -.196720E+02
0.652000E+00  -.201544E+02
0.648000E+00  -.206482E+02
0.644000E+00  -.211540E+02
0.640000E+00  -.216720E+02
0.636000E+00  -.222027E+02
0.632000E+00  -.227465E+02
0.628000E+00  -.233037E+02
0.624000E+00  -.238749E+02
0.620000E+00  -.244605E+02
0.616000E+00  -.250610E+02
0.612000E+00  -.256769E+02
0.608000E+00  -.263086E+02
0.604000E+00  -.269569E+02
0.600000E+00  -.276221E+02
