0.996000E+00  -.109886E+00
0.992000E+00  -.221385E+00
0.988000E+00  -.334531E+00
0.984000E+00  -.449359E+00
0.980000E+00  -.565904E+00
0.976000E+00  -.684205E+00
0.972000E+00  -.804299E+00
0.968000E+00  -.926225E+00
0.964000E+00  -.105002E+01
0.960000E+00  -.117573E+01
0.956000E+00  -.130340E+01
0.952000E+00  -.143307E+01
0.948000E+00  -.156477E+01
0.944000E+00  -.169857E+01
0.940000E+00  -.183451E+01
0.936000E+00  -.197262E+01
0.932000E+00  -.211298E+01
0.928000E+00  -.225561E+01
0.924000E+00  -.240059E+01
0.920000E+00  -.254795E+01
0.916000E+00  -.269776E+01
0.912000E+00  -.285008E+01
0.908000E+00  -.300496E+01
0.904000E+00  -.316245E+01
0.900000E+00  -.332264E+01
0.896000E+00  -.348557E+01
0.892000E+00  -.365131E+01
0.888000E+00  -.381994E+01
0.884000E+00  -.399151E+01
0.880000E+00  -.416611E+01
0.876000E+00  -.434380E+01
0.872000E+00  -.452466E+01
0.868000E+00  -.470877E+01
0.864000E+00  -.489620E+01
0.860000E+00  -.508705E+01
0.856000E+00  -.528140E+01
0.852000E+00  -.547933E+01
0.848000E+00  -.568094E+01
0.844000E+00  -.588631E+01
0.840000E+00  -.609555E+01
0.836000E+00  -.630875E+01
0.832000E+00  -.652601E+01
0.828000E+00  -.674745E+01
0.824000E+00  -.697316E+01
0.820000E+00  -.720326E+01
0.816000E+00  -.743788E+01
0.812000E+00  -.767711E+01
0.808000E+00  -.792110E+01
0.804000E+00  -.816996E+01
0.800000E+00  -.842383E+01
0.796000E+00  -.868284E+01
0.792000E+00  -.894713E+01
0.788000E+00  -.921685E+01
0.784000E+00  -.949214E+01
0.780000E+00  -.977316E+01
0.776000E+00  -.100601E+02
0.772000E+00  -.103530E+02
0.768000E+00  -.106522E+02
0.764000E+00  -.109578E+02
0.760000E+00  -.112700E+02
0.756000E+00  -.115889E+02
0.752000E+00  -.119149E+02
0.748000E+00  -.122479E+02
0.744000E+00  -.125884E+02
0.740000E+00  -.129364E+02
0.736000E+00  -.132923E+02
0.732000E+00  -.136562E+02
0.728000E+00  -.140284E+02
0.724000E+00  -.144091E+02
0.720000E+00  -.147986E+02
0.716000E+00  -.151972E+02
0.712000E+00  -.156051E+02
0.708000E+00  -.160227E+02
0.704000E+00  -.164501E+02
0.700000E+00  -.168878E+02
0.696000E+00  -.173361E+02
0.692000E+00  -.177952E+02
0.688000E+00  -.182656E+02
0.684000E+00  -.187475E+02
0.680000E+00  -.192414E+02
0.676000E+00  -.197476E+02
0.672000E+00  -.202666E+02
0.668000E+00  -.207988E+02
0.664000E+00  -.213445E+02
0.660000E+00  -.219043E+02
0.656000E+00  -.224786E+02
0.652000E+00  -.230679E+02
0.648000E+00  -.236727E+02
0.644000E+00  -.242936E+02
0.640000E+00  -.249310E+02
0.636000E+00  -.255856E+02
0.632000E+00  -.262580E+02
0.628000E+00  -.269487E+02
0.624000E+00  -.276584E+02
0.620000E+00  -.283879E+02
0.616000E+00  -.291378E+02
0.612000E+00  -.299087E+02
0.608000E+00  -.307016E+02
0.604000E+00  -.315172E+02
0.600000E+00  -.323563E+02
