0.996000E+00  -.917549E-01
0.992000E+00  -.183763E+00
0.988000E+00  -.276045E+00
0.984000E+00  -.368626E+00
0.980000E+00  -.461527E+00
0.976000E+00  -.554772E+00
0.972000E+00  -.648384E+00
0.968000E+00  -.742389E+00
0.964000E+00  -.836811E+00
0.960000E+00  -.931676E+00
0.956000E+00  -.102701E+01
0.952000E+00  -.112284E+01
0.948000E+00  -.121919E+01
0.944000E+00  -.131609E+01
0.940000E+00  -.141356E+01
0.936000E+00  -.151165E+01
0.932000E+00  -.161037E+01
0.928000E+00  -.170976E+01
0.924000E+00  -.180984E+01
0.920000E+00  -.191065E+01
0.916000E+00  -.201223E+01
0.912000E+00  -.211460E+01
0.908000E+00  -.221779E+01
0.904000E+00  -.232185E+01
0.900000E+00  -.242681E+01
0.896000E+00  -.253271E+01
0.892000E+00  -.263957E+01
0.888000E+00  -.274745E+01
0.884000E+00  -.285638E+01
0.880000E+00  -.296640E+01
0.876000E+00  -.307755E+01
0.872000E+00  -.318987E+01
0.868000E+00  -.330342E+01
0.864000E+00  -.341822E+01
0.860000E+00  -.353434E+01
0.856000E+00  -.365181E+01
0.852000E+00  -.377069E+01
0.848000E+00  -.389102E+01
0.844000E+00  -.401286E+01
0.840000E+00  -.413625E+01
0.836000E+00  -.426126E+01
0.832000E+00  -.438794E+01
0.828000E+00  -.451635E+01
0.824000E+00  -.464654E+01
0.820000E+00  -.477858E+01
0.816000E+00  -.491253E+01
0.812000E+00  -.504845E+01
0.808000E+00  -.518641E+01
0.804000E+00  -.532648E+01
0.800000E+00  -.546874E+01
0.796000E+00  -.561324E+01
0.792000E+00  -.576008E+01
0.788000E+00  -.590932E+01
0.784000E+00  -.606105E+01
0.780000E+00  -.621535E+01
0.776000E+00  -.637230E+01
0.772000E+00  -.653199E+01
0.768000E+00  -.669452E+01
0.764000E+00  -.685997E+01
0.760000E+00  -.702845E+01
0.756000E+00  -.720005E+01
0.752000E+00  -.737488E+01
0.748000E+00  -.755305E+01
0.744000E+00  -.773466E+01
0.740000E+00  -.791983E+01
0.736000E+00  -.810869E+01
0.732000E+00  -.830134E+01
0.728000E+00  -.849793E+01
0.724000E+00  -.869858E+01
0.720000E+00  -.890342E+01
0.716000E+00  -.911261E+01
0.712000E+00  -.932628E+01
0.708000E+00  -.954459E+01
0.704000E+00  -.976769E+01
0.700000E+00  -.999575E+01
0.696000E+00  -.102289E+02
0.692000E+00  -.104674E+02
0.688000E+00  -.107114E+02
0.684000E+00  -.109611E+02
0.680000E+00  -.112166E+02
0.676000E+00  -.114782E+02
0.672000E+00  -.117461E+02
0.668000E+00  -.120204E+02
0.664000E+00  -.123016E+02
0.660000E+00  -.125897E+02
0.656000E+00  -.128850E+02
0.652000E+00  -.131878E+02
0.648000E+00  -.134983E+02
0.644000E+00  -.138169E+02
0.640000E+00  -.141438E+02
0.636000E+00  -.144793E+02
0.632000E+00  -.148237E+02
0.628000E+00  -.151774E+02
0.624000E+00  -.155407E+02
0.620000E+00  -.159139E+02
0.616000E+00  -.162975E+02
0.612000E+00  -.166918E+02
0.608000E+00  -.170973E+02
0.604000E+00  -.175142E+02
0.600000E+00  -.179432E+02
