0.996000E+00  -.129092E+00
0.992000E+00  -.260771E+00
0.988000E+00  -.395184E+00
0.984000E+00  -.532485E+00
0.980000E+00  -.672836E+00
0.976000E+00  -.816409E+00
0.972000E+00  -.963382E+00
0.968000E+00  -.111394E+01
0.964000E+00  -.126829E+01
0.960000E+00  -.142663E+01
0.956000E+00  -.158918E+01
0.952000E+00  -.175617E+01
0.948000E+00  -.192784E+01
0.944000E+00  -.210445E+01
0.940000E+00  -.228626E+01
0.936000E+00  -.247357E+01
0.932000E+00  -.266665E+01
0.928000E+00  -.286584E+01
0.924000E+00  -.307145E+01
0.920000E+00  -.328385E+01
0.916000E+00  -.350338E+01
0.912000E+00  -.373045E+01
0.908000E+00  -.396547E+01
0.904000E+00  -.420886E+01
0.900000E+00  -.446108E+01
0.896000E+00  -.472263E+01
0.892000E+00  -.499400E+01
0.888000E+00  -.527574E+01
0.884000E+00  -.556842E+01
0.880000E+00  -.587264E+01
0.876000E+00  -.618905E+01
0.872000E+00  -.651833E+01
0.868000E+00  -.686119E+01
0.864000E+00  -.721839E+01
0.860000E+00  -.759074E+01
0.856000E+00  -.797910E+01
0.852000E+00  -.838437E+01
0.848000E+00  -.880752E+01
0.844000E+00  -.924956E+01
0.840000E+00  -.971159E+01
0.836000E+00  -.101947E+02
0.832000E+00  -.107003E+02
0.828000E+00  -.112294E+02
0.824000E+00  -.117837E+02
0.820000E+00  -.123644E+02
0.816000E+00  -.129732E+02
0.812000E+00  -.136118E+02
0.808000E+00  -.142819E+02
0.804000E+00  -.149854E+02
0.800000E+00  -.157243E+02
0.796000E+00  -.165007E+02
0.792000E+00  -.173171E+02
0.788000E+00  -.181757E+02
0.784000E+00  -.190792E+02
0.780000E+00  -.200304E+02
0.776000E+00  -.210323E+02
0.772000E+00  -.220879E+02
0.768000E+00  -.232007E+02
0.764000E+00  -.243744E+02
0.760000E+00  -.256128E+02
0.756000E+00  -.269200E+02
0.752000E+00  -.283004E+02
0.748000E+00  -.297589E+02
0.744000E+00  -.313005E+02
0.740000E+00  -.329306E+02
0.736000E+00  -.346551E+02
0.732000E+00  -.364802E+02
0.728000E+00  -.384128E+02
0.724000E+00  -.404599E+02
0.720000E+00  -.426293E+02
0.716000E+00  -.449294E+02
0.712000E+00  -.473691E+02
0.708000E+00  -.499580E+02
0.704000E+00  -.527064E+02
0.700000E+00  -.556255E+02
0.696000E+00  -.587273E+02
0.692000E+00  -.620246E+02
0.688000E+00  -.655314E+02
0.684000E+00  -.692627E+02
0.680000E+00  -.732346E+02
0.676000E+00  -.774645E+02
0.672000E+00  -.819714E+02
0.668000E+00  -.867755E+02
0.664000E+00  -.918989E+02
0.660000E+00  -.973654E+02
0.656000E+00  -.103201E+03
0.652000E+00  -.109432E+03
0.648000E+00  -.116091E+03
0.644000E+00  -.123209E+03
0.640000E+00  -.130821E+03
0.636000E+00  -.138967E+03
0.632000E+00  -.147688E+03
0.628000E+00  -.157028E+03
0.624000E+00  -.167038E+03
0.620000E+00  -.177770E+03
0.616000E+00  -.189283E+03
0.612000E+00  -.201640E+03
0.608000E+00  -.214909E+03
0.604000E+00  -.229166E+03
0.600000E+00  -.244492E+03
