0.996000E+00  -.223214E-01
0.992000E+00  -.450714E-01
0.988000E+00  -.682737E-01
0.984000E+00  -.919533E-01
0.980000E+00  -.116136E+00
0.976000E+00  -.140850E+00
0.972000E+00  -.166122E+00
0.968000E+00  -.191984E+00
0.964000E+00  -.218465E+00
0.960000E+00  -.245600E+00
0.956000E+00  -.273422E+00
0.952000E+00  -.301967E+00
0.948000E+00  -.331272E+00
0.944000E+00  -.361379E+00
0.940000E+00  -.392327E+00
0.936000E+00  -.424162E+00
0.932000E+00  -.456928E+00
0.928000E+00  -.490674E+00
0.924000E+00  -.525450E+00
0.920000E+00  -.561311E+00
0.916000E+00  -.598312E+00
0.912000E+00  -.636512E+00
0.908000E+00  -.675974E+00
0.904000E+00  -.716763E+00
0.900000E+00  -.758948E+00
0.896000E+00  -.802603E+00
0.892000E+00  -.847804E+00
0.888000E+00  -.894632E+00
0.884000E+00  -.943173E+00
0.880000E+00  -.993518E+00
0.876000E+00  -.104576E+01
0.872000E+00  -.110001E+01
0.868000E+00  -.115636E+01
0.864000E+00  -.121493E+01
0.860000E+00  -.127584E+01
0.856000E+00  -.133921E+01
0.852000E+00  -.140519E+01
0.848000E+00  -.147391E+01
0.844000E+00  -.154552E+01
0.840000E+00  -.162018E+01
0.836000E+00  -.169806E+01
0.832000E+00  -.177934E+01
0.828000E+00  -.186421E+01
0.824000E+00  -.195287E+01
0.820000E+00  -.204554E+01
0.816000E+00  -.214244E+01
0.812000E+00  -.224382E+01
0.808000E+00  -.234993E+01
0.804000E+00  -.246106E+01
0.800000E+00  -.257748E+01
0.796000E+00  -.269951E+01
0.792000E+00  -.282748E+01
0.788000E+00  -.296175E+01
0.784000E+00  -.310268E+01
0.780000E+00  -.325068E+01
0.776000E+00  -.340618E+01
0.772000E+00  -.356963E+01
0.768000E+00  -.374152E+01
0.764000E+00  -.392237E+01
0.760000E+00  -.411272E+01
0.756000E+00  -.431319E+01
0.752000E+00  -.452440E+01
0.748000E+00  -.474703E+01
0.744000E+00  -.498180E+01
0.740000E+00  -.522950E+01
0.736000E+00  -.549096E+01
0.732000E+00  -.576708E+01
0.728000E+00  -.605881E+01
0.724000E+00  -.636717E+01
0.720000E+00  -.669328E+01
0.716000E+00  -.703832E+01
0.712000E+00  -.740355E+01
0.708000E+00  -.779036E+01
0.704000E+00  -.820020E+01
0.700000E+00  -.863465E+01
0.696000E+00  -.909543E+01
0.692000E+00  -.958436E+01
0.688000E+00  -.101034E+02
0.684000E+00  -.106547E+02
0.680000E+00  -.112406E+02
0.676000E+00  -.118635E+02
0.672000E+00  -.125260E+02
0.668000E+00  -.132312E+02
0.664000E+00  -.139821E+02
0.660000E+00  -.147820E+02
0.656000E+00  -.156346E+02
0.652000E+00  -.165439E+02
0.648000E+00  -.175141E+02
0.644000E+00  -.185499E+02
0.640000E+00  -.196562E+02
0.636000E+00  -.208385E+02
0.632000E+00  -.221028E+02
0.628000E+00  -.234554E+02
0.624000E+00  -.249032E+02
0.620000E+00  -.264539E+02
0.616000E+00  -.281157E+02
0.612000E+00  -.298975E+02
0.608000E+00  -.318092E+02
0.604000E+00  -.338612E+02
0.600000E+00  -.360653E+02
