0.996000E+00  -.346484E-01
0.992000E+00  -.699045E-01
0.988000E+00  -.105802E+00
0.984000E+00  -.142378E+00
0.980000E+00  -.179669E+00
0.976000E+00  -.217715E+00
0.972000E+00  -.256558E+00
0.968000E+00  -.296241E+00
0.964000E+00  -.336811E+00
0.960000E+00  -.378316E+00
0.956000E+00  -.420807E+00
0.952000E+00  -.464340E+00
0.948000E+00  -.508969E+00
0.944000E+00  -.554755E+00
0.940000E+00  -.601761E+00
0.936000E+00  -.650053E+00
0.932000E+00  -.699702E+00
0.928000E+00  -.750781E+00
0.924000E+00  -.803368E+00
0.920000E+00  -.857544E+00
0.916000E+00  -.913398E+00
0.912000E+00  -.971019E+00
0.908000E+00  -.103050E+01
0.904000E+00  -.109196E+01
0.900000E+00  -.115548E+01
0.896000E+00  -.122119E+01
0.892000E+00  -.128921E+01
0.888000E+00  -.135967E+01
0.884000E+00  -.143269E+01
0.880000E+00  -.150842E+01
0.876000E+00  -.158701E+01
0.872000E+00  -.166862E+01
0.868000E+00  -.175341E+01
0.864000E+00  -.184157E+01
0.860000E+00  -.193327E+01
0.856000E+00  -.202872E+01
0.852000E+00  -.212813E+01
0.848000E+00  -.223172E+01
0.844000E+00  -.233973E+01
0.840000E+00  -.245241E+01
0.836000E+00  -.257002E+01
0.832000E+00  -.269284E+01
0.828000E+00  -.282117E+01
0.824000E+00  -.295533E+01
0.820000E+00  -.309565E+01
0.816000E+00  -.324249E+01
0.812000E+00  -.339622E+01
0.808000E+00  -.355726E+01
0.804000E+00  -.372601E+01
0.800000E+00  -.390295E+01
0.796000E+00  -.408854E+01
0.792000E+00  -.428330E+01
0.788000E+00  -.448778E+01
0.784000E+00  -.470255E+01
0.780000E+00  -.492823E+01
0.776000E+00  -.516547E+01
0.772000E+00  -.541498E+01
0.768000E+00  -.567750E+01
0.764000E+00  -.595382E+01
0.760000E+00  -.624478E+01
0.756000E+00  -.655129E+01
0.752000E+00  -.687431E+01
0.748000E+00  -.721486E+01
0.744000E+00  -.757403E+01
0.740000E+00  -.795300E+01
0.736000E+00  -.835300E+01
0.732000E+00  -.877537E+01
0.728000E+00  -.922154E+01
0.724000E+00  -.969302E+01
0.720000E+00  -.101914E+02
0.716000E+00  -.107185E+02
0.712000E+00  -.112762E+02
0.708000E+00  -.118664E+02
0.704000E+00  -.124912E+02
0.700000E+00  -.131530E+02
0.696000E+00  -.138542E+02
0.692000E+00  -.145975E+02
0.688000E+00  -.153856E+02
0.684000E+00  -.162216E+02
0.680000E+00  -.171087E+02
0.676000E+00  -.180504E+02
0.672000E+00  -.190505E+02
0.668000E+00  -.201130E+02
0.664000E+00  -.212422E+02
0.660000E+00  -.224428E+02
0.656000E+00  -.237197E+02
0.652000E+00  -.250784E+02
0.648000E+00  -.265247E+02
0.644000E+00  -.280649E+02
0.640000E+00  -.297056E+02
0.636000E+00  -.314542E+02
0.632000E+00  -.333186E+02
0.628000E+00  -.353072E+02
0.624000E+00  -.374291E+02
0.620000E+00  -.396943E+02
0.616000E+00  -.421134E+02
0.612000E+00  -.446981E+02
0.608000E+00  -.474609E+02
0.604000E+00  -.504152E+02
0.600000E+00  -.535759E+02
