0.996000E+00  -.563753E-01
0.992000E+00  -.112669E+00
0.988000E+00  -.168922E+00
0.984000E+00  -.225179E+00
0.980000E+00  -.281483E+00
0.976000E+00  -.337879E+00
0.972000E+00  -.394413E+00
0.968000E+00  -.451131E+00
0.964000E+00  -.508080E+00
0.960000E+00  -.565310E+00
0.956000E+00  -.622870E+00
0.952000E+00  -.680811E+00
0.948000E+00  -.739186E+00
0.944000E+00  -.798048E+00
0.940000E+00  -.857453E+00
0.936000E+00  -.917457E+00
0.932000E+00  -.978119E+00
0.928000E+00  -.103950E+01
0.924000E+00  -.110166E+01
0.920000E+00  -.116467E+01
0.916000E+00  -.122858E+01
0.912000E+00  -.129348E+01
0.908000E+00  -.135943E+01
0.904000E+00  -.142651E+01
0.900000E+00  -.149478E+01
0.896000E+00  -.156434E+01
0.892000E+00  -.163527E+01
0.888000E+00  -.170764E+01
0.884000E+00  -.178156E+01
0.880000E+00  -.185711E+01
0.876000E+00  -.193439E+01
0.872000E+00  -.201350E+01
0.868000E+00  -.209455E+01
0.864000E+00  -.217766E+01
0.860000E+00  -.226292E+01
0.856000E+00  -.235048E+01
0.852000E+00  -.244045E+01
0.848000E+00  -.253297E+01
0.844000E+00  -.262817E+01
0.840000E+00  -.272621E+01
0.836000E+00  -.282724E+01
0.832000E+00  -.293142E+01
0.828000E+00  -.303892E+01
0.824000E+00  -.314993E+01
0.820000E+00  -.326462E+01
0.816000E+00  -.338320E+01
0.812000E+00  -.350588E+01
0.808000E+00  -.363288E+01
0.804000E+00  -.376443E+01
0.800000E+00  -.390079E+01
0.796000E+00  -.404220E+01
0.792000E+00  -.418896E+01
0.788000E+00  -.434135E+01
0.784000E+00  -.449967E+01
0.780000E+00  -.466427E+01
0.776000E+00  -.483548E+01
0.772000E+00  -.501368E+01
0.768000E+00  -.519926E+01
0.764000E+00  -.539263E+01
0.760000E+00  -.559423E+01
0.756000E+00  -.580454E+01
0.752000E+00  -.602405E+01
0.748000E+00  -.625330E+01
0.744000E+00  -.649286E+01
0.740000E+00  -.674332E+01
0.736000E+00  -.700533E+01
0.732000E+00  -.727958E+01
0.728000E+00  -.756681E+01
0.724000E+00  -.786778E+01
0.720000E+00  -.818336E+01
0.716000E+00  -.851442E+01
0.712000E+00  -.886192E+01
0.708000E+00  -.922690E+01
0.704000E+00  -.961046E+01
0.700000E+00  -.100138E+02
0.696000E+00  -.104381E+02
0.692000E+00  -.108847E+02
0.688000E+00  -.113553E+02
0.684000E+00  -.118511E+02
0.680000E+00  -.123741E+02
0.676000E+00  -.129259E+02
0.672000E+00  -.135086E+02
0.668000E+00  -.141242E+02
0.664000E+00  -.147749E+02
0.660000E+00  -.154633E+02
0.656000E+00  -.161919E+02
0.652000E+00  -.169636E+02
0.648000E+00  -.177815E+02
0.644000E+00  -.186488E+02
0.640000E+00  -.195692E+02
0.636000E+00  -.205465E+02
0.632000E+00  -.215849E+02
0.628000E+00  -.226890E+02
0.624000E+00  -.238638E+02
0.620000E+00  -.251145E+02
0.616000E+00  -.264471E+02
0.612000E+00  -.278678E+02
0.608000E+00  -.293836E+02
0.604000E+00  -.310018E+02
0.600000E+00  -.327308E+02
