0.996000E+00  -.139717E+00
0.992000E+00  -.282300E+00
0.988000E+00  -.427879E+00
0.984000E+00  -.576590E+00
0.980000E+00  -.728575E+00
0.976000E+00  -.883983E+00
0.972000E+00  -.104297E+01
0.968000E+00  -.120570E+01
0.964000E+00  -.137234E+01
0.960000E+00  -.154308E+01
0.956000E+00  -.171810E+01
0.952000E+00  -.189760E+01
0.948000E+00  -.208178E+01
0.944000E+00  -.227088E+01
0.940000E+00  -.246511E+01
0.936000E+00  -.266471E+01
0.932000E+00  -.286994E+01
0.928000E+00  -.308107E+01
0.924000E+00  -.329837E+01
0.920000E+00  -.352214E+01
0.916000E+00  -.375268E+01
0.912000E+00  -.399033E+01
0.908000E+00  -.423542E+01
0.904000E+00  -.448832E+01
0.900000E+00  -.474939E+01
0.896000E+00  -.501906E+01
0.892000E+00  -.529772E+01
0.888000E+00  -.558584E+01
0.884000E+00  -.588388E+01
0.880000E+00  -.619232E+01
0.876000E+00  -.651170E+01
0.872000E+00  -.684256E+01
0.868000E+00  -.718549E+01
0.864000E+00  -.754109E+01
0.860000E+00  -.791001E+01
0.856000E+00  -.829294E+01
0.852000E+00  -.869061E+01
0.848000E+00  -.910377E+01
0.844000E+00  -.953324E+01
0.840000E+00  -.997986E+01
0.836000E+00  -.104446E+02
0.832000E+00  -.109283E+02
0.828000E+00  -.114320E+02
0.824000E+00  -.119569E+02
0.820000E+00  -.125041E+02
0.816000E+00  -.130747E+02
0.812000E+00  -.136700E+02
0.808000E+00  -.142915E+02
0.804000E+00  -.149405E+02
0.800000E+00  -.156186E+02
0.796000E+00  -.163275E+02
0.792000E+00  -.170687E+02
0.788000E+00  -.178443E+02
0.784000E+00  -.186561E+02
0.780000E+00  -.195061E+02
0.776000E+00  -.203967E+02
0.772000E+00  -.213302E+02
0.768000E+00  -.223091E+02
0.764000E+00  -.233360E+02
0.760000E+00  -.244137E+02
0.756000E+00  -.255454E+02
0.752000E+00  -.267342E+02
0.748000E+00  -.279836E+02
0.744000E+00  -.292973E+02
0.740000E+00  -.306791E+02
0.736000E+00  -.321333E+02
0.732000E+00  -.336644E+02
0.728000E+00  -.352771E+02
0.724000E+00  -.369765E+02
0.720000E+00  -.387682E+02
0.716000E+00  -.406579E+02
0.712000E+00  -.426520E+02
0.708000E+00  -.447571E+02
0.704000E+00  -.469805E+02
0.700000E+00  -.493299E+02
0.696000E+00  -.518135E+02
0.692000E+00  -.544403E+02
0.688000E+00  -.572196E+02
0.684000E+00  -.601619E+02
0.680000E+00  -.632780E+02
0.676000E+00  -.665798E+02
0.672000E+00  -.700800E+02
0.668000E+00  -.737922E+02
0.664000E+00  -.777312E+02
0.660000E+00  -.819129E+02
0.656000E+00  -.863542E+02
0.652000E+00  -.910736E+02
0.648000E+00  -.960909E+02
0.644000E+00  -.101428E+03
0.640000E+00  -.107107E+03
0.636000E+00  -.113153E+03
0.632000E+00  -.119594E+03
0.628000E+00  -.126459E+03
0.624000E+00  -.133779E+03
0.620000E+00  -.141588E+03
0.616000E+00  -.149924E+03
0.612000E+00  -.158826E+03
0.608000E+00  -.168339E+03
0.604000E+00  -.178508E+03
0.600000E+00  -.189386E+03
