0.996000E+00  -.720714E-01
0.992000E+00  -.145701E+00
0.988000E+00  -.220975E+00
0.984000E+00  -.297984E+00
0.980000E+00  -.376820E+00
0.976000E+00  -.457582E+00
0.972000E+00  -.540373E+00
0.968000E+00  -.625298E+00
0.964000E+00  -.712471E+00
0.960000E+00  -.802007E+00
0.956000E+00  -.894028E+00
0.952000E+00  -.988664E+00
0.948000E+00  -.108605E+01
0.944000E+00  -.118632E+01
0.940000E+00  -.128962E+01
0.936000E+00  -.139612E+01
0.932000E+00  -.150596E+01
0.928000E+00  -.161932E+01
0.924000E+00  -.173638E+01
0.920000E+00  -.185732E+01
0.916000E+00  -.198234E+01
0.912000E+00  -.211165E+01
0.908000E+00  -.224545E+01
0.904000E+00  -.238398E+01
0.900000E+00  -.252748E+01
0.896000E+00  -.267619E+01
0.892000E+00  -.283038E+01
0.888000E+00  -.299033E+01
0.884000E+00  -.315632E+01
0.880000E+00  -.332867E+01
0.876000E+00  -.350769E+01
0.872000E+00  -.369374E+01
0.868000E+00  -.388716E+01
0.864000E+00  -.408834E+01
0.860000E+00  -.429768E+01
0.856000E+00  -.451558E+01
0.852000E+00  -.474251E+01
0.848000E+00  -.497892E+01
0.844000E+00  -.522532E+01
0.840000E+00  -.548221E+01
0.836000E+00  -.575016E+01
0.832000E+00  -.602974E+01
0.828000E+00  -.632157E+01
0.824000E+00  -.662630E+01
0.820000E+00  -.694462E+01
0.816000E+00  -.727725E+01
0.812000E+00  -.762496E+01
0.808000E+00  -.798856E+01
0.804000E+00  -.836892E+01
0.800000E+00  -.876695E+01
0.796000E+00  -.918362E+01
0.792000E+00  -.961994E+01
0.788000E+00  -.100770E+02
0.784000E+00  -.105560E+02
0.780000E+00  -.110580E+02
0.776000E+00  -.115845E+02
0.772000E+00  -.121368E+02
0.768000E+00  -.127163E+02
0.764000E+00  -.133246E+02
0.760000E+00  -.139633E+02
0.756000E+00  -.146342E+02
0.752000E+00  -.153392E+02
0.748000E+00  -.160801E+02
0.744000E+00  -.168592E+02
0.740000E+00  -.176787E+02
0.736000E+00  -.185408E+02
0.732000E+00  -.194483E+02
0.728000E+00  -.204037E+02
0.724000E+00  -.214100E+02
0.720000E+00  -.224702E+02
0.716000E+00  -.235875E+02
0.712000E+00  -.247656E+02
0.708000E+00  -.260081E+02
0.704000E+00  -.273189E+02
0.700000E+00  -.287023E+02
0.696000E+00  -.301629E+02
0.692000E+00  -.317056E+02
0.688000E+00  -.333353E+02
0.684000E+00  -.350579E+02
0.680000E+00  -.368791E+02
0.676000E+00  -.388052E+02
0.672000E+00  -.408432E+02
0.668000E+00  -.430003E+02
0.664000E+00  -.452843E+02
0.660000E+00  -.477036E+02
0.656000E+00  -.502671E+02
0.652000E+00  -.529845E+02
0.648000E+00  -.558661E+02
0.644000E+00  -.589231E+02
0.640000E+00  -.621673E+02
0.636000E+00  -.656117E+02
0.632000E+00  -.692700E+02
0.628000E+00  -.731571E+02
0.624000E+00  -.772890E+02
0.620000E+00  -.816829E+02
0.616000E+00  -.863574E+02
0.612000E+00  -.913325E+02
0.608000E+00  -.966298E+02
0.604000E+00  -.102273E+03
0.600000E+00  -.108286E+03
