0.996000E+00  -.972914E-01
0.992000E+00  -.195234E+00
0.988000E+00  -.293847E+00
0.984000E+00  -.393147E+00
0.980000E+00  -.493153E+00
0.976000E+00  -.593883E+00
0.972000E+00  -.695357E+00
0.968000E+00  -.797594E+00
0.964000E+00  -.900614E+00
0.960000E+00  -.100444E+01
0.956000E+00  -.110909E+01
0.952000E+00  -.121458E+01
0.948000E+00  -.132094E+01
0.944000E+00  -.142819E+01
0.940000E+00  -.153635E+01
0.936000E+00  -.164545E+01
0.932000E+00  -.175550E+01
0.928000E+00  -.186654E+01
0.924000E+00  -.197858E+01
0.920000E+00  -.209166E+01
0.916000E+00  -.220579E+01
0.912000E+00  -.232101E+01
0.908000E+00  -.243734E+01
0.904000E+00  -.255481E+01
0.900000E+00  -.267345E+01
0.896000E+00  -.279328E+01
0.892000E+00  -.291433E+01
0.888000E+00  -.303665E+01
0.884000E+00  -.316024E+01
0.880000E+00  -.328516E+01
0.876000E+00  -.341143E+01
0.872000E+00  -.353908E+01
0.868000E+00  -.366814E+01
0.864000E+00  -.379866E+01
0.860000E+00  -.393067E+01
0.856000E+00  -.406420E+01
0.852000E+00  -.419930E+01
0.848000E+00  -.433599E+01
0.844000E+00  -.447433E+01
0.840000E+00  -.461434E+01
0.836000E+00  -.475608E+01
0.832000E+00  -.489958E+01
0.828000E+00  -.504489E+01
0.824000E+00  -.519206E+01
0.820000E+00  -.534112E+01
0.816000E+00  -.549213E+01
0.812000E+00  -.564513E+01
0.808000E+00  -.580018E+01
0.804000E+00  -.595732E+01
0.800000E+00  -.611661E+01
0.796000E+00  -.627810E+01
0.792000E+00  -.644185E+01
0.788000E+00  -.660792E+01
0.784000E+00  -.677635E+01
0.780000E+00  -.694723E+01
0.776000E+00  -.712059E+01
0.772000E+00  -.729652E+01
0.768000E+00  -.747507E+01
0.764000E+00  -.765632E+01
0.760000E+00  -.784033E+01
0.756000E+00  -.802717E+01
0.752000E+00  -.821692E+01
0.748000E+00  -.840966E+01
0.744000E+00  -.860545E+01
0.740000E+00  -.880439E+01
0.736000E+00  -.900656E+01
0.732000E+00  -.921203E+01
0.728000E+00  -.942091E+01
0.724000E+00  -.963328E+01
0.720000E+00  -.984923E+01
0.716000E+00  -.100689E+02
0.712000E+00  -.102923E+02
0.708000E+00  -.105196E+02
0.704000E+00  -.107509E+02
0.700000E+00  -.109863E+02
0.696000E+00  -.112259E+02
0.692000E+00  -.114698E+02
0.688000E+00  -.117183E+02
0.684000E+00  -.119712E+02
0.680000E+00  -.122289E+02
0.676000E+00  -.124915E+02
0.672000E+00  -.127590E+02
0.668000E+00  -.130316E+02
0.664000E+00  -.133095E+02
0.660000E+00  -.135929E+02
0.656000E+00  -.138818E+02
0.652000E+00  -.141765E+02
0.648000E+00  -.144771E+02
0.644000E+00  -.147838E+02
0.640000E+00  -.150968E+02
0.636000E+00  -.154163E+02
0.632000E+00  -.157424E+02
0.628000E+00  -.160754E+02
0.624000E+00  -.164155E+02
0.620000E+00  -.167629E+02
0.616000E+00  -.171178E+02
0.612000E+00  -.174805E+02
0.608000E+00  -.178512E+02
0.604000E+00  -.182302E+02
0.600000E+00  -.186178E+02
