0.996000E+00  -.711791E-01
0.992000E+00  -.143034E+00
0.988000E+00  -.215580E+00
0.984000E+00  -.288836E+00
0.980000E+00  -.362818E+00
0.976000E+00  -.437544E+00
0.972000E+00  -.513032E+00
0.968000E+00  -.589302E+00
0.964000E+00  -.666372E+00
0.960000E+00  -.744262E+00
0.956000E+00  -.822993E+00
0.952000E+00  -.902585E+00
0.948000E+00  -.983059E+00
0.944000E+00  -.106444E+01
0.940000E+00  -.114675E+01
0.936000E+00  -.123000E+01
0.932000E+00  -.131423E+01
0.928000E+00  -.139946E+01
0.924000E+00  -.148572E+01
0.920000E+00  -.157302E+01
0.916000E+00  -.166140E+01
0.912000E+00  -.175089E+01
0.908000E+00  -.184150E+01
0.904000E+00  -.193328E+01
0.900000E+00  -.202625E+01
0.896000E+00  -.212044E+01
0.892000E+00  -.221589E+01
0.888000E+00  -.231262E+01
0.884000E+00  -.241067E+01
0.880000E+00  -.251007E+01
0.876000E+00  -.261087E+01
0.872000E+00  -.271309E+01
0.868000E+00  -.281677E+01
0.864000E+00  -.292196E+01
0.860000E+00  -.302870E+01
0.856000E+00  -.313702E+01
0.852000E+00  -.324697E+01
0.848000E+00  -.335859E+01
0.844000E+00  -.347193E+01
0.840000E+00  -.358704E+01
0.836000E+00  -.370396E+01
0.832000E+00  -.382275E+01
0.828000E+00  -.394345E+01
0.824000E+00  -.406613E+01
0.820000E+00  -.419084E+01
0.816000E+00  -.431763E+01
0.812000E+00  -.444656E+01
0.808000E+00  -.457771E+01
0.804000E+00  -.471112E+01
0.800000E+00  -.484687E+01
0.796000E+00  -.498502E+01
0.792000E+00  -.512565E+01
0.788000E+00  -.526884E+01
0.784000E+00  -.541464E+01
0.780000E+00  -.556316E+01
0.776000E+00  -.571446E+01
0.772000E+00  -.586863E+01
0.768000E+00  -.602577E+01
0.764000E+00  -.618596E+01
0.760000E+00  -.634930E+01
0.756000E+00  -.651588E+01
0.752000E+00  -.668582E+01
0.748000E+00  -.685921E+01
0.744000E+00  -.703617E+01
0.740000E+00  -.721682E+01
0.736000E+00  -.740127E+01
0.732000E+00  -.758966E+01
0.728000E+00  -.778210E+01
0.724000E+00  -.797874E+01
0.720000E+00  -.817972E+01
0.716000E+00  -.838519E+01
0.712000E+00  -.859529E+01
0.708000E+00  -.881020E+01
0.704000E+00  -.903008E+01
0.700000E+00  -.925510E+01
0.696000E+00  -.948545E+01
0.692000E+00  -.972132E+01
0.688000E+00  -.996290E+01
0.684000E+00  -.102104E+02
0.680000E+00  -.104641E+02
0.676000E+00  -.107241E+02
0.672000E+00  -.109908E+02
0.668000E+00  -.112643E+02
0.664000E+00  -.115449E+02
0.660000E+00  -.118329E+02
0.656000E+00  -.121287E+02
0.652000E+00  -.124324E+02
0.648000E+00  -.127444E+02
0.644000E+00  -.130651E+02
0.640000E+00  -.133948E+02
0.636000E+00  -.137338E+02
0.632000E+00  -.140826E+02
0.628000E+00  -.144416E+02
0.624000E+00  -.148111E+02
0.620000E+00  -.151917E+02
0.616000E+00  -.155838E+02
0.612000E+00  -.159879E+02
0.608000E+00  -.164046E+02
0.604000E+00  -.168344E+02
0.600000E+00  -.172779E+02
