0.996000E+00  -.830684E-01
0.992000E+00  -.167972E+00
0.988000E+00  -.254814E+00
0.984000E+00  -.343705E+00
0.980000E+00  -.434757E+00
0.976000E+00  -.528092E+00
0.972000E+00  -.623837E+00
0.968000E+00  -.722124E+00
0.964000E+00  -.823094E+00
0.960000E+00  -.926896E+00
0.956000E+00  -.103368E+01
0.952000E+00  -.114362E+01
0.948000E+00  -.125688E+01
0.944000E+00  -.137365E+01
0.940000E+00  -.149412E+01
0.936000E+00  -.161848E+01
0.932000E+00  -.174696E+01
0.928000E+00  -.187978E+01
0.924000E+00  -.201718E+01
0.920000E+00  -.215940E+01
0.916000E+00  -.230673E+01
0.912000E+00  -.245943E+01
0.908000E+00  -.261780E+01
0.904000E+00  -.278216E+01
0.900000E+00  -.295284E+01
0.896000E+00  -.313019E+01
0.892000E+00  -.331458E+01
0.888000E+00  -.350641E+01
0.884000E+00  -.370609E+01
0.880000E+00  -.391406E+01
0.876000E+00  -.413080E+01
0.872000E+00  -.435679E+01
0.868000E+00  -.459257E+01
0.864000E+00  -.483868E+01
0.860000E+00  -.509573E+01
0.856000E+00  -.536433E+01
0.852000E+00  -.564515E+01
0.848000E+00  -.593891E+01
0.844000E+00  -.624635E+01
0.840000E+00  -.656826E+01
0.836000E+00  -.690550E+01
0.832000E+00  -.725897E+01
0.828000E+00  -.762963E+01
0.824000E+00  -.801849E+01
0.820000E+00  -.842664E+01
0.816000E+00  -.885524E+01
0.812000E+00  -.930552E+01
0.808000E+00  -.977878E+01
0.804000E+00  -.102764E+02
0.800000E+00  -.107999E+02
0.796000E+00  -.113509E+02
0.792000E+00  -.119310E+02
0.788000E+00  -.125421E+02
0.784000E+00  -.131861E+02
0.780000E+00  -.138650E+02
0.776000E+00  -.145810E+02
0.772000E+00  -.153366E+02
0.768000E+00  -.161341E+02
0.764000E+00  -.169763E+02
0.760000E+00  -.178661E+02
0.756000E+00  -.188065E+02
0.752000E+00  -.198009E+02
0.748000E+00  -.208527E+02
0.744000E+00  -.219657E+02
0.740000E+00  -.231440E+02
0.736000E+00  -.243919E+02
0.732000E+00  -.257140E+02
0.728000E+00  -.271154E+02
0.724000E+00  -.286014E+02
0.720000E+00  -.301778E+02
0.716000E+00  -.318507E+02
0.712000E+00  -.336268E+02
0.708000E+00  -.355132E+02
0.704000E+00  -.375176E+02
0.700000E+00  -.396483E+02
0.696000E+00  -.419141E+02
0.692000E+00  -.443247E+02
0.688000E+00  -.468904E+02
0.684000E+00  -.496222E+02
0.680000E+00  -.525322E+02
0.676000E+00  -.556334E+02
0.672000E+00  -.589397E+02
0.668000E+00  -.624661E+02
0.664000E+00  -.662291E+02
0.660000E+00  -.702462E+02
0.656000E+00  -.745364E+02
0.652000E+00  -.791205E+02
0.648000E+00  -.840206E+02
0.644000E+00  -.892610E+02
0.640000E+00  -.948678E+02
0.636000E+00  -.100869E+03
0.632000E+00  -.107297E+03
0.628000E+00  -.114183E+03
0.624000E+00  -.121564E+03
0.620000E+00  -.129481E+03
0.616000E+00  -.137974E+03
0.612000E+00  -.147092E+03
0.608000E+00  -.156885E+03
0.604000E+00  -.167407E+03
0.600000E+00  -.178720E+03
