0.996000E+00  -.158228E-01
0.992000E+00  -.314410E-01
0.988000E+00  -.468614E-01
0.984000E+00  -.620919E-01
0.980000E+00  -.771407E-01
0.976000E+00  -.920171E-01
0.972000E+00  -.106731E+00
0.968000E+00  -.121294E+00
0.964000E+00  -.135717E+00
0.960000E+00  -.150014E+00
0.956000E+00  -.164199E+00
0.952000E+00  -.178287E+00
0.948000E+00  -.192294E+00
0.944000E+00  -.206240E+00
0.940000E+00  -.220143E+00
0.936000E+00  -.234024E+00
0.932000E+00  -.247908E+00
0.928000E+00  -.261818E+00
0.924000E+00  -.275781E+00
0.920000E+00  -.289827E+00
0.916000E+00  -.303986E+00
0.912000E+00  -.318293E+00
0.908000E+00  -.332784E+00
0.904000E+00  -.347498E+00
0.900000E+00  -.362478E+00
0.896000E+00  -.377770E+00
0.892000E+00  -.393422E+00
0.888000E+00  -.409488E+00
0.884000E+00  -.426024E+00
0.880000E+00  -.443093E+00
0.876000E+00  -.460760E+00
0.872000E+00  -.479097E+00
0.868000E+00  -.498181E+00
0.864000E+00  -.518092E+00
0.860000E+00  -.538922E+00
0.856000E+00  -.560763E+00
0.852000E+00  -.583720E+00
0.848000E+00  -.607902E+00
0.844000E+00  -.633428E+00
0.840000E+00  -.660425E+00
0.836000E+00  -.689031E+00
0.832000E+00  -.719392E+00
0.828000E+00  -.751666E+00
0.824000E+00  -.786024E+00
0.820000E+00  -.822649E+00
0.816000E+00  -.861737E+00
0.812000E+00  -.903499E+00
0.808000E+00  -.948163E+00
0.804000E+00  -.995972E+00
0.800000E+00  -.104719E+01
0.796000E+00  -.110210E+01
0.792000E+00  -.116100E+01
0.788000E+00  -.122422E+01
0.784000E+00  -.129212E+01
0.780000E+00  -.136506E+01
0.776000E+00  -.144346E+01
0.772000E+00  -.152774E+01
0.768000E+00  -.161839E+01
0.764000E+00  -.171590E+01
0.760000E+00  -.182083E+01
0.756000E+00  -.193375E+01
0.752000E+00  -.205530E+01
0.748000E+00  -.218615E+01
0.744000E+00  -.232703E+01
0.740000E+00  -.247874E+01
0.736000E+00  -.264211E+01
0.732000E+00  -.281807E+01
0.728000E+00  -.300760E+01
0.724000E+00  -.321175E+01
0.720000E+00  -.343168E+01
0.716000E+00  -.366861E+01
0.712000E+00  -.392387E+01
0.708000E+00  -.419891E+01
0.704000E+00  -.449526E+01
0.700000E+00  -.481460E+01
0.696000E+00  -.515874E+01
0.692000E+00  -.552962E+01
0.688000E+00  -.592935E+01
0.684000E+00  -.636020E+01
0.680000E+00  -.682464E+01
0.676000E+00  -.732531E+01
0.672000E+00  -.786510E+01
0.668000E+00  -.844712E+01
0.664000E+00  -.907473E+01
0.660000E+00  -.975158E+01
0.656000E+00  -.104816E+02
0.652000E+00  -.112691E+02
0.648000E+00  -.121187E+02
0.644000E+00  -.130354E+02
0.640000E+00  -.140246E+02
0.636000E+00  -.150923E+02
0.632000E+00  -.162449E+02
0.628000E+00  -.174893E+02
0.624000E+00  -.188331E+02
0.620000E+00  -.202846E+02
0.616000E+00  -.218525E+02
0.612000E+00  -.235468E+02
0.608000E+00  -.253778E+02
0.604000E+00  -.273572E+02
0.600000E+00  -.294973E+02
