0.996000E+00  -.541194E-01
0.992000E+00  -.108998E+00
0.988000E+00  -.164658E+00
0.984000E+00  -.221125E+00
0.980000E+00  -.278424E+00
0.976000E+00  -.336580E+00
0.972000E+00  -.395623E+00
0.968000E+00  -.455580E+00
0.964000E+00  -.516481E+00
0.960000E+00  -.578358E+00
0.956000E+00  -.641244E+00
0.952000E+00  -.705173E+00
0.948000E+00  -.770181E+00
0.944000E+00  -.836305E+00
0.940000E+00  -.903585E+00
0.936000E+00  -.972061E+00
0.932000E+00  -.104178E+01
0.928000E+00  -.111278E+01
0.924000E+00  -.118511E+01
0.920000E+00  -.125883E+01
0.916000E+00  -.133397E+01
0.912000E+00  -.141061E+01
0.908000E+00  -.148879E+01
0.904000E+00  -.156858E+01
0.900000E+00  -.165004E+01
0.896000E+00  -.173323E+01
0.892000E+00  -.181823E+01
0.888000E+00  -.190511E+01
0.884000E+00  -.199394E+01
0.880000E+00  -.208481E+01
0.876000E+00  -.217781E+01
0.872000E+00  -.227301E+01
0.868000E+00  -.237053E+01
0.864000E+00  -.247046E+01
0.860000E+00  -.257290E+01
0.856000E+00  -.267797E+01
0.852000E+00  -.278579E+01
0.848000E+00  -.289647E+01
0.844000E+00  -.301016E+01
0.840000E+00  -.312699E+01
0.836000E+00  -.324710E+01
0.832000E+00  -.337066E+01
0.828000E+00  -.349782E+01
0.824000E+00  -.362877E+01
0.820000E+00  -.376368E+01
0.816000E+00  -.390276E+01
0.812000E+00  -.404620E+01
0.808000E+00  -.419423E+01
0.804000E+00  -.434708E+01
0.800000E+00  -.450500E+01
0.796000E+00  -.466825E+01
0.792000E+00  -.483711E+01
0.788000E+00  -.501187E+01
0.784000E+00  -.519285E+01
0.780000E+00  -.538038E+01
0.776000E+00  -.557482E+01
0.772000E+00  -.577655E+01
0.768000E+00  -.598597E+01
0.764000E+00  -.620350E+01
0.760000E+00  -.642961E+01
0.756000E+00  -.666478E+01
0.752000E+00  -.690953E+01
0.748000E+00  -.716441E+01
0.744000E+00  -.743001E+01
0.740000E+00  -.770698E+01
0.736000E+00  -.799596E+01
0.732000E+00  -.829770E+01
0.728000E+00  -.861296E+01
0.724000E+00  -.894256E+01
0.720000E+00  -.928737E+01
0.716000E+00  -.964835E+01
0.712000E+00  -.100265E+02
0.708000E+00  -.104229E+02
0.704000E+00  -.108387E+02
0.700000E+00  -.112752E+02
0.696000E+00  -.117337E+02
0.692000E+00  -.122155E+02
0.688000E+00  -.127224E+02
0.684000E+00  -.132558E+02
0.680000E+00  -.138176E+02
0.676000E+00  -.144097E+02
0.672000E+00  -.150341E+02
0.668000E+00  -.156931E+02
0.664000E+00  -.163889E+02
0.660000E+00  -.171243E+02
0.656000E+00  -.179019E+02
0.652000E+00  -.187247E+02
0.648000E+00  -.195959E+02
0.644000E+00  -.205190E+02
0.640000E+00  -.214977E+02
0.636000E+00  -.225362E+02
0.632000E+00  -.236386E+02
0.628000E+00  -.248099E+02
0.624000E+00  -.260550E+02
0.620000E+00  -.273796E+02
0.616000E+00  -.287896E+02
0.612000E+00  -.302916E+02
0.608000E+00  -.318926E+02
0.604000E+00  -.336003E+02
0.600000E+00  -.354230E+02
