0.996000E+00  -.510521E-01
0.992000E+00  -.103359E+00
0.988000E+00  -.156973E+00
0.984000E+00  -.211948E+00
0.980000E+00  -.268340E+00
0.976000E+00  -.326207E+00
0.972000E+00  -.385611E+00
0.968000E+00  -.446616E+00
0.964000E+00  -.509289E+00
0.960000E+00  -.573699E+00
0.956000E+00  -.639919E+00
0.952000E+00  -.708027E+00
0.948000E+00  -.778100E+00
0.944000E+00  -.850224E+00
0.940000E+00  -.924484E+00
0.936000E+00  -.100097E+01
0.932000E+00  -.107978E+01
0.928000E+00  -.116102E+01
0.924000E+00  -.124478E+01
0.920000E+00  -.133118E+01
0.916000E+00  -.142033E+01
0.912000E+00  -.151235E+01
0.908000E+00  -.160736E+01
0.904000E+00  -.170551E+01
0.900000E+00  -.180692E+01
0.896000E+00  -.191174E+01
0.892000E+00  -.202012E+01
0.888000E+00  -.213221E+01
0.884000E+00  -.224820E+01
0.880000E+00  -.236824E+01
0.876000E+00  -.249253E+01
0.872000E+00  -.262125E+01
0.868000E+00  -.275461E+01
0.864000E+00  -.289282E+01
0.860000E+00  -.303610E+01
0.856000E+00  -.318468E+01
0.852000E+00  -.333882E+01
0.848000E+00  -.349876E+01
0.844000E+00  -.366478E+01
0.840000E+00  -.383716E+01
0.836000E+00  -.401620E+01
0.832000E+00  -.420222E+01
0.828000E+00  -.439556E+01
0.824000E+00  -.459655E+01
0.820000E+00  -.480556E+01
0.816000E+00  -.502299E+01
0.812000E+00  -.524924E+01
0.808000E+00  -.548474E+01
0.804000E+00  -.572993E+01
0.800000E+00  -.598531E+01
0.796000E+00  -.625137E+01
0.792000E+00  -.652864E+01
0.788000E+00  -.681767E+01
0.784000E+00  -.711907E+01
0.780000E+00  -.743345E+01
0.776000E+00  -.776146E+01
0.772000E+00  -.810382E+01
0.768000E+00  -.846123E+01
0.764000E+00  -.883449E+01
0.760000E+00  -.922442E+01
0.756000E+00  -.963187E+01
0.752000E+00  -.100578E+02
0.748000E+00  -.105031E+02
0.744000E+00  -.109688E+02
0.740000E+00  -.114561E+02
0.736000E+00  -.119660E+02
0.732000E+00  -.124998E+02
0.728000E+00  -.130588E+02
0.724000E+00  -.136444E+02
0.720000E+00  -.142580E+02
0.716000E+00  -.149010E+02
0.712000E+00  -.155753E+02
0.708000E+00  -.162824E+02
0.704000E+00  -.170243E+02
0.700000E+00  -.178029E+02
0.696000E+00  -.186202E+02
0.692000E+00  -.194785E+02
0.688000E+00  -.203802E+02
0.684000E+00  -.213276E+02
0.680000E+00  -.223234E+02
0.676000E+00  -.233706E+02
0.672000E+00  -.244720E+02
0.668000E+00  -.256309E+02
0.664000E+00  -.268507E+02
0.660000E+00  -.281350E+02
0.656000E+00  -.294877E+02
0.652000E+00  -.309129E+02
0.648000E+00  -.324151E+02
0.644000E+00  -.339989E+02
0.640000E+00  -.356695E+02
0.636000E+00  -.374320E+02
0.632000E+00  -.392924E+02
0.628000E+00  -.412567E+02
0.624000E+00  -.433315E+02
0.620000E+00  -.455239E+02
0.616000E+00  -.478414E+02
0.612000E+00  -.502920E+02
0.608000E+00  -.528844E+02
0.604000E+00  -.556278E+02
0.600000E+00  -.585323E+02
