0.996000E+00  -.845013E-01
0.992000E+00  -.169974E+00
0.988000E+00  -.256455E+00
0.984000E+00  -.343978E+00
0.980000E+00  -.432581E+00
0.976000E+00  -.522302E+00
0.972000E+00  -.613179E+00
0.968000E+00  -.705254E+00
0.964000E+00  -.798566E+00
0.960000E+00  -.893159E+00
0.956000E+00  -.989075E+00
0.952000E+00  -.108636E+01
0.948000E+00  -.118506E+01
0.944000E+00  -.128522E+01
0.940000E+00  -.138689E+01
0.936000E+00  -.149012E+01
0.932000E+00  -.159496E+01
0.928000E+00  -.170147E+01
0.924000E+00  -.180970E+01
0.920000E+00  -.191970E+01
0.916000E+00  -.203153E+01
0.912000E+00  -.214526E+01
0.908000E+00  -.226094E+01
0.904000E+00  -.237864E+01
0.900000E+00  -.249843E+01
0.896000E+00  -.262036E+01
0.892000E+00  -.274452E+01
0.888000E+00  -.287096E+01
0.884000E+00  -.299977E+01
0.880000E+00  -.313102E+01
0.876000E+00  -.326480E+01
0.872000E+00  -.340117E+01
0.868000E+00  -.354023E+01
0.864000E+00  -.368206E+01
0.860000E+00  -.382676E+01
0.856000E+00  -.397441E+01
0.852000E+00  -.412511E+01
0.848000E+00  -.427895E+01
0.844000E+00  -.443605E+01
0.840000E+00  -.459650E+01
0.836000E+00  -.476042E+01
0.832000E+00  -.492792E+01
0.828000E+00  -.509911E+01
0.824000E+00  -.527412E+01
0.820000E+00  -.545307E+01
0.816000E+00  -.563609E+01
0.812000E+00  -.582331E+01
0.808000E+00  -.601488E+01
0.804000E+00  -.621093E+01
0.800000E+00  -.641162E+01
0.796000E+00  -.661710E+01
0.792000E+00  -.682754E+01
0.788000E+00  -.704309E+01
0.784000E+00  -.726393E+01
0.780000E+00  -.749023E+01
0.776000E+00  -.772219E+01
0.772000E+00  -.796000E+01
0.768000E+00  -.820385E+01
0.764000E+00  -.845395E+01
0.760000E+00  -.871051E+01
0.756000E+00  -.897377E+01
0.752000E+00  -.924395E+01
0.748000E+00  -.952129E+01
0.744000E+00  -.980604E+01
0.740000E+00  -.100985E+02
0.736000E+00  -.103988E+02
0.732000E+00  -.107074E+02
0.728000E+00  -.110245E+02
0.724000E+00  -.113505E+02
0.720000E+00  -.116855E+02
0.716000E+00  -.120301E+02
0.712000E+00  -.123844E+02
0.708000E+00  -.127489E+02
0.704000E+00  -.131240E+02
0.700000E+00  -.135099E+02
0.696000E+00  -.139073E+02
0.692000E+00  -.143163E+02
0.688000E+00  -.147376E+02
0.684000E+00  -.151715E+02
0.680000E+00  -.156185E+02
0.676000E+00  -.160792E+02
0.672000E+00  -.165540E+02
0.668000E+00  -.170435E+02
0.664000E+00  -.175483E+02
0.660000E+00  -.180689E+02
0.656000E+00  -.186060E+02
0.652000E+00  -.191602E+02
0.648000E+00  -.197322E+02
0.644000E+00  -.203227E+02
0.640000E+00  -.209324E+02
0.636000E+00  -.215622E+02
0.632000E+00  -.222128E+02
0.628000E+00  -.228850E+02
0.624000E+00  -.235798E+02
0.620000E+00  -.242982E+02
0.616000E+00  -.250409E+02
0.612000E+00  -.258092E+02
0.608000E+00  -.266041E+02
0.604000E+00  -.274266E+02
0.600000E+00  -.282780E+02
