0.996000E+00  -.813356E-01
0.992000E+00  -.163244E+00
0.988000E+00  -.245777E+00
0.984000E+00  -.328984E+00
0.980000E+00  -.412918E+00
0.976000E+00  -.497631E+00
0.972000E+00  -.583179E+00
0.968000E+00  -.669617E+00
0.964000E+00  -.757000E+00
0.960000E+00  -.845386E+00
0.956000E+00  -.934835E+00
0.952000E+00  -.102541E+01
0.948000E+00  -.111716E+01
0.944000E+00  -.121017E+01
0.940000E+00  -.130448E+01
0.936000E+00  -.140018E+01
0.932000E+00  -.149732E+01
0.928000E+00  -.159598E+01
0.924000E+00  -.169623E+01
0.920000E+00  -.179813E+01
0.916000E+00  -.190178E+01
0.912000E+00  -.200725E+01
0.908000E+00  -.211460E+01
0.904000E+00  -.222394E+01
0.900000E+00  -.233534E+01
0.896000E+00  -.244889E+01
0.892000E+00  -.256469E+01
0.888000E+00  -.268281E+01
0.884000E+00  -.280337E+01
0.880000E+00  -.292646E+01
0.876000E+00  -.305217E+01
0.872000E+00  -.318063E+01
0.868000E+00  -.331193E+01
0.864000E+00  -.344618E+01
0.860000E+00  -.358352E+01
0.856000E+00  -.372404E+01
0.852000E+00  -.386789E+01
0.848000E+00  -.401519E+01
0.844000E+00  -.416607E+01
0.840000E+00  -.432068E+01
0.836000E+00  -.447915E+01
0.832000E+00  -.464163E+01
0.828000E+00  -.480828E+01
0.824000E+00  -.497927E+01
0.820000E+00  -.515474E+01
0.816000E+00  -.533489E+01
0.812000E+00  -.551988E+01
0.808000E+00  -.570990E+01
0.804000E+00  -.590515E+01
0.800000E+00  -.610583E+01
0.796000E+00  -.631214E+01
0.792000E+00  -.652431E+01
0.788000E+00  -.674255E+01
0.784000E+00  -.696711E+01
0.780000E+00  -.719822E+01
0.776000E+00  -.743615E+01
0.772000E+00  -.768116E+01
0.768000E+00  -.793351E+01
0.764000E+00  -.819352E+01
0.760000E+00  -.846146E+01
0.756000E+00  -.873766E+01
0.752000E+00  -.902244E+01
0.748000E+00  -.931614E+01
0.744000E+00  -.961912E+01
0.740000E+00  -.993174E+01
0.736000E+00  -.102544E+02
0.732000E+00  -.105875E+02
0.728000E+00  -.109315E+02
0.724000E+00  -.112867E+02
0.720000E+00  -.116537E+02
0.716000E+00  -.120330E+02
0.712000E+00  -.124250E+02
0.708000E+00  -.128303E+02
0.704000E+00  -.132495E+02
0.700000E+00  -.136830E+02
0.696000E+00  -.141315E+02
0.692000E+00  -.145957E+02
0.688000E+00  -.150762E+02
0.684000E+00  -.155737E+02
0.680000E+00  -.160890E+02
0.676000E+00  -.166227E+02
0.672000E+00  -.171757E+02
0.668000E+00  -.177489E+02
0.664000E+00  -.183431E+02
0.660000E+00  -.189593E+02
0.656000E+00  -.195984E+02
0.652000E+00  -.202614E+02
0.648000E+00  -.209495E+02
0.644000E+00  -.216637E+02
0.640000E+00  -.224053E+02
0.636000E+00  -.231754E+02
0.632000E+00  -.239755E+02
0.628000E+00  -.248069E+02
0.624000E+00  -.256710E+02
0.620000E+00  -.265694E+02
0.616000E+00  -.275037E+02
0.612000E+00  -.284756E+02
0.608000E+00  -.294869E+02
0.604000E+00  -.305395E+02
0.600000E+00  -.316354E+02
