0.996000E+00  -.116071E+00
0.992000E+00  -.233506E+00
0.988000E+00  -.352423E+00
0.984000E+00  -.472947E+00
0.980000E+00  -.595205E+00
0.976000E+00  -.719333E+00
0.972000E+00  -.845471E+00
0.968000E+00  -.973765E+00
0.964000E+00  -.110437E+01
0.960000E+00  -.123744E+01
0.956000E+00  -.137316E+01
0.952000E+00  -.151169E+01
0.948000E+00  -.165321E+01
0.944000E+00  -.179794E+01
0.940000E+00  -.194606E+01
0.936000E+00  -.209779E+01
0.932000E+00  -.225337E+01
0.928000E+00  -.241302E+01
0.924000E+00  -.257699E+01
0.920000E+00  -.274556E+01
0.916000E+00  -.291899E+01
0.912000E+00  -.309759E+01
0.908000E+00  -.328165E+01
0.904000E+00  -.347152E+01
0.900000E+00  -.366753E+01
0.896000E+00  -.387004E+01
0.892000E+00  -.407945E+01
0.888000E+00  -.429617E+01
0.884000E+00  -.452062E+01
0.880000E+00  -.475327E+01
0.876000E+00  -.499460E+01
0.872000E+00  -.524513E+01
0.868000E+00  -.550541E+01
0.864000E+00  -.577601E+01
0.860000E+00  -.605755E+01
0.856000E+00  -.635069E+01
0.852000E+00  -.665613E+01
0.848000E+00  -.697459E+01
0.844000E+00  -.730688E+01
0.840000E+00  -.765382E+01
0.836000E+00  -.801632E+01
0.832000E+00  -.839531E+01
0.828000E+00  -.879181E+01
0.824000E+00  -.920691E+01
0.820000E+00  -.964174E+01
0.816000E+00  -.100975E+02
0.812000E+00  -.105756E+02
0.808000E+00  -.110774E+02
0.804000E+00  -.116043E+02
0.800000E+00  -.121579E+02
0.796000E+00  -.127401E+02
0.792000E+00  -.133525E+02
0.788000E+00  -.139972E+02
0.784000E+00  -.146762E+02
0.780000E+00  -.153918E+02
0.776000E+00  -.161463E+02
0.772000E+00  -.169424E+02
0.768000E+00  -.177827E+02
0.764000E+00  -.186703E+02
0.760000E+00  -.196083E+02
0.756000E+00  -.206001E+02
0.752000E+00  -.216493E+02
0.748000E+00  -.227599E+02
0.744000E+00  -.239361E+02
0.740000E+00  -.251824E+02
0.736000E+00  -.265037E+02
0.732000E+00  -.279053E+02
0.728000E+00  -.293928E+02
0.724000E+00  -.309723E+02
0.720000E+00  -.326503E+02
0.716000E+00  -.344339E+02
0.712000E+00  -.363308E+02
0.708000E+00  -.383492E+02
0.704000E+00  -.404980E+02
0.700000E+00  -.427867E+02
0.696000E+00  -.452259E+02
0.692000E+00  -.478266E+02
0.688000E+00  -.506010E+02
0.684000E+00  -.535623E+02
0.680000E+00  -.567246E+02
0.676000E+00  -.601035E+02
0.672000E+00  -.637155E+02
0.668000E+00  -.675788E+02
0.664000E+00  -.717131E+02
0.660000E+00  -.761397E+02
0.656000E+00  -.808817E+02
0.652000E+00  -.859643E+02
0.648000E+00  -.914148E+02
0.644000E+00  -.972632E+02
0.640000E+00  -.103542E+03
0.636000E+00  -.110286E+03
0.632000E+00  -.117533E+03
0.628000E+00  -.125327E+03
0.624000E+00  -.133712E+03
0.620000E+00  -.142739E+03
0.616000E+00  -.152461E+03
0.612000E+00  -.162939E+03
0.608000E+00  -.174238E+03
0.604000E+00  -.186429E+03
0.600000E+00  -.199589E+03
