0.996000E+00  -.421091E-01
0.992000E+00  -.842171E-01
0.988000E+00  -.126340E+00
0.984000E+00  -.168493E+00
0.980000E+00  -.210693E+00
0.976000E+00  -.252956E+00
0.972000E+00  -.295299E+00
0.968000E+00  -.337739E+00
0.964000E+00  -.380293E+00
0.960000E+00  -.422978E+00
0.956000E+00  -.465814E+00
0.952000E+00  -.508817E+00
0.948000E+00  -.552006E+00
0.944000E+00  -.595401E+00
0.940000E+00  -.639020E+00
0.936000E+00  -.682883E+00
0.932000E+00  -.727010E+00
0.928000E+00  -.771422E+00
0.924000E+00  -.816139E+00
0.920000E+00  -.861184E+00
0.916000E+00  -.906576E+00
0.912000E+00  -.952340E+00
0.908000E+00  -.998498E+00
0.904000E+00  -.104507E+01
0.900000E+00  -.109209E+01
0.896000E+00  -.113957E+01
0.892000E+00  -.118754E+01
0.888000E+00  -.123603E+01
0.884000E+00  -.128506E+01
0.880000E+00  -.133466E+01
0.876000E+00  -.138486E+01
0.872000E+00  -.143568E+01
0.868000E+00  -.148716E+01
0.864000E+00  -.153932E+01
0.860000E+00  -.159220E+01
0.856000E+00  -.164583E+01
0.852000E+00  -.170024E+01
0.848000E+00  -.175546E+01
0.844000E+00  -.181154E+01
0.840000E+00  -.186849E+01
0.836000E+00  -.192637E+01
0.832000E+00  -.198521E+01
0.828000E+00  -.204504E+01
0.824000E+00  -.210591E+01
0.820000E+00  -.216787E+01
0.816000E+00  -.223094E+01
0.812000E+00  -.229518E+01
0.808000E+00  -.236064E+01
0.804000E+00  -.242735E+01
0.800000E+00  -.249537E+01
0.796000E+00  -.256475E+01
0.792000E+00  -.263553E+01
0.788000E+00  -.270779E+01
0.784000E+00  -.278156E+01
0.780000E+00  -.285690E+01
0.776000E+00  -.293389E+01
0.772000E+00  -.301257E+01
0.768000E+00  -.309301E+01
0.764000E+00  -.317528E+01
0.760000E+00  -.325945E+01
0.756000E+00  -.334558E+01
0.752000E+00  -.343376E+01
0.748000E+00  -.352405E+01
0.744000E+00  -.361654E+01
0.740000E+00  -.371131E+01
0.736000E+00  -.380844E+01
0.732000E+00  -.390803E+01
0.728000E+00  -.401016E+01
0.724000E+00  -.411493E+01
0.720000E+00  -.422245E+01
0.716000E+00  -.433280E+01
0.712000E+00  -.444611E+01
0.708000E+00  -.456248E+01
0.704000E+00  -.468203E+01
0.700000E+00  -.480488E+01
0.696000E+00  -.493116E+01
0.692000E+00  -.506100E+01
0.688000E+00  -.519454E+01
0.684000E+00  -.533191E+01
0.680000E+00  -.547327E+01
0.676000E+00  -.561878E+01
0.672000E+00  -.576858E+01
0.668000E+00  -.592286E+01
0.664000E+00  -.608180E+01
0.660000E+00  -.624556E+01
0.656000E+00  -.641435E+01
0.652000E+00  -.658837E+01
0.648000E+00  -.676782E+01
0.644000E+00  -.695293E+01
0.640000E+00  -.714393E+01
0.636000E+00  -.734104E+01
0.632000E+00  -.754454E+01
0.628000E+00  -.775467E+01
0.624000E+00  -.797172E+01
0.620000E+00  -.819596E+01
0.616000E+00  -.842771E+01
0.612000E+00  -.866728E+01
0.608000E+00  -.891499E+01
0.604000E+00  -.917121E+01
0.600000E+00  -.943628E+01
