0.996000E+00  -.743210E-01
0.992000E+00  -.148900E+00
0.988000E+00  -.223760E+00
0.984000E+00  -.298923E+00
0.980000E+00  -.374413E+00
0.976000E+00  -.450254E+00
0.972000E+00  -.526471E+00
0.968000E+00  -.603089E+00
0.964000E+00  -.680134E+00
0.960000E+00  -.757633E+00
0.956000E+00  -.835613E+00
0.952000E+00  -.914103E+00
0.948000E+00  -.993131E+00
0.944000E+00  -.107273E+01
0.940000E+00  -.115293E+01
0.936000E+00  -.123375E+01
0.932000E+00  -.131525E+01
0.928000E+00  -.139744E+01
0.924000E+00  -.148036E+01
0.920000E+00  -.156405E+01
0.916000E+00  -.164854E+01
0.912000E+00  -.173388E+01
0.908000E+00  -.182010E+01
0.904000E+00  -.190724E+01
0.900000E+00  -.199535E+01
0.896000E+00  -.208447E+01
0.892000E+00  -.217464E+01
0.888000E+00  -.226591E+01
0.884000E+00  -.235833E+01
0.880000E+00  -.245194E+01
0.876000E+00  -.254680E+01
0.872000E+00  -.264297E+01
0.868000E+00  -.274049E+01
0.864000E+00  -.283943E+01
0.860000E+00  -.293984E+01
0.856000E+00  -.304179E+01
0.852000E+00  -.314534E+01
0.848000E+00  -.325055E+01
0.844000E+00  -.335750E+01
0.840000E+00  -.346625E+01
0.836000E+00  -.357689E+01
0.832000E+00  -.368948E+01
0.828000E+00  -.380412E+01
0.824000E+00  -.392087E+01
0.820000E+00  -.403984E+01
0.816000E+00  -.416111E+01
0.812000E+00  -.428478E+01
0.808000E+00  -.441094E+01
0.804000E+00  -.453970E+01
0.800000E+00  -.467117E+01
0.796000E+00  -.480546E+01
0.792000E+00  -.494269E+01
0.788000E+00  -.508297E+01
0.784000E+00  -.522645E+01
0.780000E+00  -.537324E+01
0.776000E+00  -.552350E+01
0.772000E+00  -.567736E+01
0.768000E+00  -.583499E+01
0.764000E+00  -.599655E+01
0.760000E+00  -.616219E+01
0.756000E+00  -.633211E+01
0.752000E+00  -.650648E+01
0.748000E+00  -.668550E+01
0.744000E+00  -.686938E+01
0.740000E+00  -.705833E+01
0.736000E+00  -.725257E+01
0.732000E+00  -.745235E+01
0.728000E+00  -.765791E+01
0.724000E+00  -.786952E+01
0.720000E+00  -.808745E+01
0.716000E+00  -.831200E+01
0.712000E+00  -.854347E+01
0.708000E+00  -.878219E+01
0.704000E+00  -.902850E+01
0.700000E+00  -.928276E+01
0.696000E+00  -.954534E+01
0.692000E+00  -.981667E+01
0.688000E+00  -.100972E+02
0.684000E+00  -.103872E+02
0.680000E+00  -.106874E+02
0.676000E+00  -.109982E+02
0.672000E+00  -.113201E+02
0.668000E+00  -.116537E+02
0.664000E+00  -.119996E+02
0.660000E+00  -.123584E+02
0.656000E+00  -.127309E+02
0.652000E+00  -.131177E+02
0.648000E+00  -.135195E+02
0.644000E+00  -.139373E+02
0.640000E+00  -.143719E+02
0.636000E+00  -.148241E+02
0.632000E+00  -.152950E+02
0.628000E+00  -.157857E+02
0.624000E+00  -.162972E+02
0.620000E+00  -.168307E+02
0.616000E+00  -.173875E+02
0.612000E+00  -.179690E+02
0.608000E+00  -.185766E+02
0.604000E+00  -.192119E+02
0.600000E+00  -.198765E+02
