0.996000E+00  -.418209E-01
0.992000E+00  -.839859E-01
0.988000E+00  -.126500E+00
0.984000E+00  -.169368E+00
0.980000E+00  -.212596E+00
0.976000E+00  -.256189E+00
0.972000E+00  -.300152E+00
0.968000E+00  -.344491E+00
0.964000E+00  -.389213E+00
0.960000E+00  -.434322E+00
0.956000E+00  -.479825E+00
0.952000E+00  -.525728E+00
0.948000E+00  -.572038E+00
0.944000E+00  -.618761E+00
0.940000E+00  -.665904E+00
0.936000E+00  -.713474E+00
0.932000E+00  -.761478E+00
0.928000E+00  -.809923E+00
0.924000E+00  -.858817E+00
0.920000E+00  -.908167E+00
0.916000E+00  -.957982E+00
0.912000E+00  -.100827E+01
0.908000E+00  -.105904E+01
0.904000E+00  -.111029E+01
0.900000E+00  -.116205E+01
0.896000E+00  -.121431E+01
0.892000E+00  -.126709E+01
0.888000E+00  -.132040E+01
0.884000E+00  -.137424E+01
0.880000E+00  -.142863E+01
0.876000E+00  -.148358E+01
0.872000E+00  -.153910E+01
0.868000E+00  -.159519E+01
0.864000E+00  -.165188E+01
0.860000E+00  -.170917E+01
0.856000E+00  -.176707E+01
0.852000E+00  -.182560E+01
0.848000E+00  -.188477E+01
0.844000E+00  -.194460E+01
0.840000E+00  -.200510E+01
0.836000E+00  -.206628E+01
0.832000E+00  -.212815E+01
0.828000E+00  -.219074E+01
0.824000E+00  -.225407E+01
0.820000E+00  -.231813E+01
0.816000E+00  -.238296E+01
0.812000E+00  -.244858E+01
0.808000E+00  -.251499E+01
0.804000E+00  -.258222E+01
0.800000E+00  -.265029E+01
0.796000E+00  -.271922E+01
0.792000E+00  -.278903E+01
0.788000E+00  -.285974E+01
0.784000E+00  -.293138E+01
0.780000E+00  -.300397E+01
0.776000E+00  -.307753E+01
0.772000E+00  -.315209E+01
0.768000E+00  -.322768E+01
0.764000E+00  -.330432E+01
0.760000E+00  -.338205E+01
0.756000E+00  -.346089E+01
0.752000E+00  -.354088E+01
0.748000E+00  -.362204E+01
0.744000E+00  -.370442E+01
0.740000E+00  -.378805E+01
0.736000E+00  -.387295E+01
0.732000E+00  -.395918E+01
0.728000E+00  -.404678E+01
0.724000E+00  -.413578E+01
0.720000E+00  -.422623E+01
0.716000E+00  -.431817E+01
0.712000E+00  -.441165E+01
0.708000E+00  -.450673E+01
0.704000E+00  -.460345E+01
0.700000E+00  -.470187E+01
0.696000E+00  -.480205E+01
0.692000E+00  -.490404E+01
0.688000E+00  -.500791E+01
0.684000E+00  -.511372E+01
0.680000E+00  -.522155E+01
0.676000E+00  -.533146E+01
0.672000E+00  -.544353E+01
0.668000E+00  -.555783E+01
0.664000E+00  -.567446E+01
0.660000E+00  -.579350E+01
0.656000E+00  -.591504E+01
0.652000E+00  -.603917E+01
0.648000E+00  -.616600E+01
0.644000E+00  -.629564E+01
0.640000E+00  -.642819E+01
0.636000E+00  -.656377E+01
0.632000E+00  -.670250E+01
0.628000E+00  -.684452E+01
0.624000E+00  -.698996E+01
0.620000E+00  -.713897E+01
0.616000E+00  -.729170E+01
0.612000E+00  -.744831E+01
0.608000E+00  -.760896E+01
0.604000E+00  -.777384E+01
0.600000E+00  -.794313E+01
