0.996000E+00  -.143445E+00
0.992000E+00  -.289464E+00
0.988000E+00  -.438136E+00
0.984000E+00  -.589543E+00
0.980000E+00  -.743770E+00
0.976000E+00  -.900906E+00
0.972000E+00  -.106104E+01
0.968000E+00  -.122428E+01
0.964000E+00  -.139071E+01
0.960000E+00  -.156043E+01
0.956000E+00  -.173357E+01
0.952000E+00  -.191022E+01
0.948000E+00  -.209050E+01
0.944000E+00  -.227454E+01
0.940000E+00  -.246245E+01
0.936000E+00  -.265437E+01
0.932000E+00  -.285044E+01
0.928000E+00  -.305079E+01
0.924000E+00  -.325558E+01
0.920000E+00  -.346495E+01
0.916000E+00  -.367907E+01
0.912000E+00  -.389810E+01
0.908000E+00  -.412221E+01
0.904000E+00  -.435159E+01
0.900000E+00  -.458642E+01
0.896000E+00  -.482690E+01
0.892000E+00  -.507323E+01
0.888000E+00  -.532564E+01
0.884000E+00  -.558434E+01
0.880000E+00  -.584956E+01
0.876000E+00  -.612155E+01
0.872000E+00  -.640056E+01
0.868000E+00  -.668687E+01
0.864000E+00  -.698074E+01
0.860000E+00  -.728246E+01
0.856000E+00  -.759235E+01
0.852000E+00  -.791072E+01
0.848000E+00  -.823790E+01
0.844000E+00  -.857423E+01
0.840000E+00  -.892010E+01
0.836000E+00  -.927586E+01
0.832000E+00  -.964194E+01
0.828000E+00  -.100187E+02
0.824000E+00  -.104067E+02
0.820000E+00  -.108063E+02
0.816000E+00  -.112180E+02
0.812000E+00  -.116423E+02
0.808000E+00  -.120797E+02
0.804000E+00  -.125309E+02
0.800000E+00  -.129963E+02
0.796000E+00  -.134767E+02
0.792000E+00  -.139726E+02
0.788000E+00  -.144847E+02
0.784000E+00  -.150137E+02
0.780000E+00  -.155605E+02
0.776000E+00  -.161258E+02
0.772000E+00  -.167103E+02
0.768000E+00  -.173151E+02
0.764000E+00  -.179409E+02
0.760000E+00  -.185889E+02
0.756000E+00  -.192599E+02
0.752000E+00  -.199552E+02
0.748000E+00  -.206757E+02
0.744000E+00  -.214228E+02
0.740000E+00  -.221977E+02
0.736000E+00  -.230016E+02
0.732000E+00  -.238361E+02
0.728000E+00  -.247027E+02
0.724000E+00  -.256027E+02
0.720000E+00  -.265381E+02
0.716000E+00  -.275104E+02
0.712000E+00  -.285216E+02
0.708000E+00  -.295736E+02
0.704000E+00  -.306685E+02
0.700000E+00  -.318085E+02
0.696000E+00  -.329960E+02
0.692000E+00  -.342333E+02
0.688000E+00  -.355231E+02
0.684000E+00  -.368683E+02
0.680000E+00  -.382717E+02
0.676000E+00  -.397364E+02
0.672000E+00  -.412658E+02
0.668000E+00  -.428634E+02
0.664000E+00  -.445330E+02
0.660000E+00  -.462784E+02
0.656000E+00  -.481040E+02
0.652000E+00  -.500142E+02
0.648000E+00  -.520138E+02
0.644000E+00  -.541080E+02
0.640000E+00  -.563020E+02
0.636000E+00  -.586018E+02
0.632000E+00  -.610135E+02
0.628000E+00  -.635435E+02
0.624000E+00  -.661991E+02
0.620000E+00  -.689875E+02
0.616000E+00  -.719168E+02
0.612000E+00  -.749956E+02
0.608000E+00  -.782329E+02
0.604000E+00  -.816386E+02
0.600000E+00  -.852229E+02
