0.996000E+00  -.770959E-01
0.992000E+00  -.154576E+00
0.988000E+00  -.232455E+00
0.984000E+00  -.310746E+00
0.980000E+00  -.389463E+00
0.976000E+00  -.468621E+00
0.972000E+00  -.548235E+00
0.968000E+00  -.628319E+00
0.964000E+00  -.708889E+00
0.960000E+00  -.789962E+00
0.956000E+00  -.871552E+00
0.952000E+00  -.953678E+00
0.948000E+00  -.103635E+01
0.944000E+00  -.111960E+01
0.940000E+00  -.120343E+01
0.936000E+00  -.128787E+01
0.932000E+00  -.137293E+01
0.928000E+00  -.145863E+01
0.924000E+00  -.154500E+01
0.920000E+00  -.163204E+01
0.916000E+00  -.171979E+01
0.912000E+00  -.180826E+01
0.908000E+00  -.189747E+01
0.904000E+00  -.198745E+01
0.900000E+00  -.207822E+01
0.896000E+00  -.216980E+01
0.892000E+00  -.226222E+01
0.888000E+00  -.235549E+01
0.884000E+00  -.244964E+01
0.880000E+00  -.254471E+01
0.876000E+00  -.264071E+01
0.872000E+00  -.273767E+01
0.868000E+00  -.283562E+01
0.864000E+00  -.293459E+01
0.860000E+00  -.303460E+01
0.856000E+00  -.313569E+01
0.852000E+00  -.323788E+01
0.848000E+00  -.334121E+01
0.844000E+00  -.344571E+01
0.840000E+00  -.355141E+01
0.836000E+00  -.365835E+01
0.832000E+00  -.376656E+01
0.828000E+00  -.387607E+01
0.824000E+00  -.398693E+01
0.820000E+00  -.409916E+01
0.816000E+00  -.421282E+01
0.812000E+00  -.432793E+01
0.808000E+00  -.444454E+01
0.804000E+00  -.456270E+01
0.800000E+00  -.468244E+01
0.796000E+00  -.480381E+01
0.792000E+00  -.492686E+01
0.788000E+00  -.505163E+01
0.784000E+00  -.517817E+01
0.780000E+00  -.530654E+01
0.776000E+00  -.543678E+01
0.772000E+00  -.556894E+01
0.768000E+00  -.570309E+01
0.764000E+00  -.583927E+01
0.760000E+00  -.597755E+01
0.756000E+00  -.611799E+01
0.752000E+00  -.626065E+01
0.748000E+00  -.640559E+01
0.744000E+00  -.655288E+01
0.740000E+00  -.670258E+01
0.736000E+00  -.685477E+01
0.732000E+00  -.700952E+01
0.728000E+00  -.716690E+01
0.724000E+00  -.732700E+01
0.720000E+00  -.748988E+01
0.716000E+00  -.765564E+01
0.712000E+00  -.782435E+01
0.708000E+00  -.799611E+01
0.704000E+00  -.817101E+01
0.700000E+00  -.834914E+01
0.696000E+00  -.853059E+01
0.692000E+00  -.871547E+01
0.688000E+00  -.890389E+01
0.684000E+00  -.909594E+01
0.680000E+00  -.929175E+01
0.676000E+00  -.949142E+01
0.672000E+00  -.969508E+01
0.668000E+00  -.990285E+01
0.664000E+00  -.101149E+02
0.660000E+00  -.103312E+02
0.656000E+00  -.105521E+02
0.652000E+00  -.107777E+02
0.648000E+00  -.110080E+02
0.644000E+00  -.112433E+02
0.640000E+00  -.114837E+02
0.636000E+00  -.117293E+02
0.632000E+00  -.119804E+02
0.628000E+00  -.122372E+02
0.624000E+00  -.124997E+02
0.620000E+00  -.127683E+02
0.616000E+00  -.130430E+02
0.612000E+00  -.133242E+02
0.608000E+00  -.136120E+02
0.604000E+00  -.139066E+02
0.600000E+00  -.142083E+02
