0.996000E+00  -.185481E-01
0.992000E+00  -.373062E-01
0.988000E+00  -.562860E-01
0.984000E+00  -.754993E-01
0.980000E+00  -.949585E-01
0.976000E+00  -.114676E+00
0.972000E+00  -.134665E+00
0.968000E+00  -.154939E+00
0.964000E+00  -.175512E+00
0.960000E+00  -.196398E+00
0.956000E+00  -.217611E+00
0.952000E+00  -.239166E+00
0.948000E+00  -.261080E+00
0.944000E+00  -.283368E+00
0.940000E+00  -.306047E+00
0.936000E+00  -.329134E+00
0.932000E+00  -.352647E+00
0.928000E+00  -.376605E+00
0.924000E+00  -.401025E+00
0.920000E+00  -.425929E+00
0.916000E+00  -.451336E+00
0.912000E+00  -.477268E+00
0.908000E+00  -.503746E+00
0.904000E+00  -.530795E+00
0.900000E+00  -.558436E+00
0.896000E+00  -.586695E+00
0.892000E+00  -.615597E+00
0.888000E+00  -.645169E+00
0.884000E+00  -.675438E+00
0.880000E+00  -.706433E+00
0.876000E+00  -.738184E+00
0.872000E+00  -.770722E+00
0.868000E+00  -.804079E+00
0.864000E+00  -.838288E+00
0.860000E+00  -.873386E+00
0.856000E+00  -.909408E+00
0.852000E+00  -.946392E+00
0.848000E+00  -.984378E+00
0.844000E+00  -.102341E+01
0.840000E+00  -.106352E+01
0.836000E+00  -.110477E+01
0.832000E+00  -.114720E+01
0.828000E+00  -.119085E+01
0.824000E+00  -.123579E+01
0.820000E+00  -.128205E+01
0.816000E+00  -.132971E+01
0.812000E+00  -.137881E+01
0.808000E+00  -.142942E+01
0.804000E+00  -.148161E+01
0.800000E+00  -.153543E+01
0.796000E+00  -.159097E+01
0.792000E+00  -.164829E+01
0.788000E+00  -.170747E+01
0.784000E+00  -.176859E+01
0.780000E+00  -.183174E+01
0.776000E+00  -.189700E+01
0.772000E+00  -.196447E+01
0.768000E+00  -.203425E+01
0.764000E+00  -.210643E+01
0.760000E+00  -.218113E+01
0.756000E+00  -.225847E+01
0.752000E+00  -.233854E+01
0.748000E+00  -.242149E+01
0.744000E+00  -.250744E+01
0.740000E+00  -.259653E+01
0.736000E+00  -.268891E+01
0.732000E+00  -.278472E+01
0.728000E+00  -.288413E+01
0.724000E+00  -.298731E+01
0.720000E+00  -.309443E+01
0.716000E+00  -.320568E+01
0.712000E+00  -.332125E+01
0.708000E+00  -.344136E+01
0.704000E+00  -.356622E+01
0.700000E+00  -.369606E+01
0.696000E+00  -.383113E+01
0.692000E+00  -.397168E+01
0.688000E+00  -.411799E+01
0.684000E+00  -.427033E+01
0.680000E+00  -.442901E+01
0.676000E+00  -.459436E+01
0.672000E+00  -.476670E+01
0.668000E+00  -.494639E+01
0.664000E+00  -.513382E+01
0.660000E+00  -.532937E+01
0.656000E+00  -.553347E+01
0.652000E+00  -.574658E+01
0.648000E+00  -.596915E+01
0.644000E+00  -.620170E+01
0.640000E+00  -.644475E+01
0.636000E+00  -.669887E+01
0.632000E+00  -.696466E+01
0.628000E+00  -.724276E+01
0.624000E+00  -.753382E+01
0.620000E+00  -.783858E+01
0.616000E+00  -.815779E+01
0.612000E+00  -.849226E+01
0.608000E+00  -.884285E+01
0.604000E+00  -.921046E+01
0.600000E+00  -.959609E+01
