0.996000E+00  -.836716E-01
0.992000E+00  -.167918E+00
0.988000E+00  -.252761E+00
0.984000E+00  -.338222E+00
0.980000E+00  -.424325E+00
0.976000E+00  -.511092E+00
0.972000E+00  -.598548E+00
0.968000E+00  -.686716E+00
0.964000E+00  -.775622E+00
0.960000E+00  -.865292E+00
0.956000E+00  -.955751E+00
0.952000E+00  -.104703E+01
0.948000E+00  -.113915E+01
0.944000E+00  -.123214E+01
0.940000E+00  -.132603E+01
0.936000E+00  -.142086E+01
0.932000E+00  -.151664E+01
0.928000E+00  -.161343E+01
0.924000E+00  -.171123E+01
0.920000E+00  -.181010E+01
0.916000E+00  -.191006E+01
0.912000E+00  -.201114E+01
0.908000E+00  -.211339E+01
0.904000E+00  -.221684E+01
0.900000E+00  -.232153E+01
0.896000E+00  -.242750E+01
0.892000E+00  -.253478E+01
0.888000E+00  -.264343E+01
0.884000E+00  -.275347E+01
0.880000E+00  -.286496E+01
0.876000E+00  -.297794E+01
0.872000E+00  -.309246E+01
0.868000E+00  -.320856E+01
0.864000E+00  -.332630E+01
0.860000E+00  -.344571E+01
0.856000E+00  -.356687E+01
0.852000E+00  -.368981E+01
0.848000E+00  -.381459E+01
0.844000E+00  -.394128E+01
0.840000E+00  -.406993E+01
0.836000E+00  -.420059E+01
0.832000E+00  -.433334E+01
0.828000E+00  -.446824E+01
0.824000E+00  -.460535E+01
0.820000E+00  -.474474E+01
0.816000E+00  -.488648E+01
0.812000E+00  -.503065E+01
0.808000E+00  -.517732E+01
0.804000E+00  -.532656E+01
0.800000E+00  -.547847E+01
0.796000E+00  -.563311E+01
0.792000E+00  -.579059E+01
0.788000E+00  -.595097E+01
0.784000E+00  -.611437E+01
0.780000E+00  -.628086E+01
0.776000E+00  -.645056E+01
0.772000E+00  -.662355E+01
0.768000E+00  -.679995E+01
0.764000E+00  -.697986E+01
0.760000E+00  -.716340E+01
0.756000E+00  -.735068E+01
0.752000E+00  -.754182E+01
0.748000E+00  -.773695E+01
0.744000E+00  -.793619E+01
0.740000E+00  -.813968E+01
0.736000E+00  -.834755E+01
0.732000E+00  -.855995E+01
0.728000E+00  -.877704E+01
0.724000E+00  -.899895E+01
0.720000E+00  -.922585E+01
0.716000E+00  -.945792E+01
0.712000E+00  -.969531E+01
0.708000E+00  -.993821E+01
0.704000E+00  -.101868E+02
0.700000E+00  -.104413E+02
0.696000E+00  -.107019E+02
0.692000E+00  -.109687E+02
0.688000E+00  -.112421E+02
0.684000E+00  -.115222E+02
0.680000E+00  -.118093E+02
0.676000E+00  -.121035E+02
0.672000E+00  -.124053E+02
0.668000E+00  -.127147E+02
0.664000E+00  -.130322E+02
0.660000E+00  -.133579E+02
0.656000E+00  -.136923E+02
0.652000E+00  -.140355E+02
0.648000E+00  -.143879E+02
0.644000E+00  -.147498E+02
0.640000E+00  -.151217E+02
0.636000E+00  -.155038E+02
0.632000E+00  -.158965E+02
0.628000E+00  -.163002E+02
0.624000E+00  -.167154E+02
0.620000E+00  -.171425E+02
0.616000E+00  -.175819E+02
0.612000E+00  -.180341E+02
0.608000E+00  -.184996E+02
0.604000E+00  -.189788E+02
0.600000E+00  -.194725E+02
