0.996000E+00  -.880047E-01
0.992000E+00  -.176570E+00
0.988000E+00  -.265751E+00
0.984000E+00  -.355603E+00
0.980000E+00  -.446185E+00
0.976000E+00  -.537555E+00
0.972000E+00  -.629776E+00
0.968000E+00  -.722911E+00
0.964000E+00  -.817026E+00
0.960000E+00  -.912189E+00
0.956000E+00  -.100847E+01
0.952000E+00  -.110595E+01
0.948000E+00  -.120469E+01
0.944000E+00  -.130478E+01
0.940000E+00  -.140629E+01
0.936000E+00  -.150932E+01
0.932000E+00  -.161395E+01
0.928000E+00  -.172028E+01
0.924000E+00  -.182838E+01
0.920000E+00  -.193838E+01
0.916000E+00  -.205037E+01
0.912000E+00  -.216445E+01
0.908000E+00  -.228074E+01
0.904000E+00  -.239935E+01
0.900000E+00  -.252041E+01
0.896000E+00  -.264404E+01
0.892000E+00  -.277037E+01
0.888000E+00  -.289955E+01
0.884000E+00  -.303172E+01
0.880000E+00  -.316702E+01
0.876000E+00  -.330562E+01
0.872000E+00  -.344768E+01
0.868000E+00  -.359337E+01
0.864000E+00  -.374288E+01
0.860000E+00  -.389639E+01
0.856000E+00  -.405410E+01
0.852000E+00  -.421622E+01
0.848000E+00  -.438297E+01
0.844000E+00  -.455458E+01
0.840000E+00  -.473128E+01
0.836000E+00  -.491334E+01
0.832000E+00  -.510101E+01
0.828000E+00  -.529457E+01
0.824000E+00  -.549432E+01
0.820000E+00  -.570057E+01
0.816000E+00  -.591364E+01
0.812000E+00  -.613387E+01
0.808000E+00  -.636161E+01
0.804000E+00  -.659726E+01
0.800000E+00  -.684121E+01
0.796000E+00  -.709388E+01
0.792000E+00  -.735571E+01
0.788000E+00  -.762717E+01
0.784000E+00  -.790876E+01
0.780000E+00  -.820100E+01
0.776000E+00  -.850444E+01
0.772000E+00  -.881966E+01
0.768000E+00  -.914729E+01
0.764000E+00  -.948796E+01
0.760000E+00  -.984238E+01
0.756000E+00  -.102113E+02
0.752000E+00  -.105954E+02
0.748000E+00  -.109956E+02
0.744000E+00  -.114127E+02
0.740000E+00  -.118477E+02
0.736000E+00  -.123015E+02
0.732000E+00  -.127752E+02
0.728000E+00  -.132698E+02
0.724000E+00  -.137866E+02
0.720000E+00  -.143267E+02
0.716000E+00  -.148915E+02
0.712000E+00  -.154824E+02
0.708000E+00  -.161009E+02
0.704000E+00  -.167486E+02
0.700000E+00  -.174271E+02
0.696000E+00  -.181382E+02
0.692000E+00  -.188839E+02
0.688000E+00  -.196663E+02
0.684000E+00  -.204874E+02
0.680000E+00  -.213496E+02
0.676000E+00  -.222555E+02
0.672000E+00  -.232075E+02
0.668000E+00  -.242087E+02
0.664000E+00  -.252619E+02
0.660000E+00  -.263704E+02
0.656000E+00  -.275378E+02
0.652000E+00  -.287676E+02
0.648000E+00  -.300639E+02
0.644000E+00  -.314310E+02
0.640000E+00  -.328732E+02
0.636000E+00  -.343957E+02
0.632000E+00  -.360035E+02
0.628000E+00  -.377023E+02
0.624000E+00  -.394982E+02
0.620000E+00  -.413977E+02
0.616000E+00  -.434076E+02
0.612000E+00  -.455356E+02
0.608000E+00  -.477898E+02
0.604000E+00  -.501787E+02
0.600000E+00  -.527119E+02
