0.996000E+00  -.136479E-01
0.992000E+00  -.275032E-01
0.988000E+00  -.415882E-01
0.984000E+00  -.559257E-01
0.980000E+00  -.705396E-01
0.976000E+00  -.854546E-01
0.972000E+00  -.100696E+00
0.968000E+00  -.116290E+00
0.964000E+00  -.132265E+00
0.960000E+00  -.148648E+00
0.956000E+00  -.165470E+00
0.952000E+00  -.182759E+00
0.948000E+00  -.200549E+00
0.944000E+00  -.218873E+00
0.940000E+00  -.237763E+00
0.936000E+00  -.257257E+00
0.932000E+00  -.277390E+00
0.928000E+00  -.298202E+00
0.924000E+00  -.319732E+00
0.920000E+00  -.342022E+00
0.916000E+00  -.365116E+00
0.912000E+00  -.389058E+00
0.908000E+00  -.413895E+00
0.904000E+00  -.439677E+00
0.900000E+00  -.466455E+00
0.896000E+00  -.494283E+00
0.892000E+00  -.523215E+00
0.888000E+00  -.553310E+00
0.884000E+00  -.584628E+00
0.880000E+00  -.617234E+00
0.876000E+00  -.651193E+00
0.872000E+00  -.686575E+00
0.868000E+00  -.723451E+00
0.864000E+00  -.761898E+00
0.860000E+00  -.801994E+00
0.856000E+00  -.843822E+00
0.852000E+00  -.887470E+00
0.848000E+00  -.933027E+00
0.844000E+00  -.980589E+00
0.840000E+00  -.103026E+01
0.836000E+00  -.108213E+01
0.832000E+00  -.113632E+01
0.828000E+00  -.119295E+01
0.824000E+00  -.125212E+01
0.820000E+00  -.131398E+01
0.816000E+00  -.137864E+01
0.812000E+00  -.144625E+01
0.808000E+00  -.151696E+01
0.804000E+00  -.159092E+01
0.800000E+00  -.166828E+01
0.796000E+00  -.174922E+01
0.792000E+00  -.183391E+01
0.788000E+00  -.192255E+01
0.784000E+00  -.201532E+01
0.780000E+00  -.211243E+01
0.776000E+00  -.221410E+01
0.772000E+00  -.232056E+01
0.768000E+00  -.243205E+01
0.764000E+00  -.254882E+01
0.760000E+00  -.267114E+01
0.756000E+00  -.279928E+01
0.752000E+00  -.293355E+01
0.748000E+00  -.307425E+01
0.744000E+00  -.322172E+01
0.740000E+00  -.337630E+01
0.736000E+00  -.353836E+01
0.732000E+00  -.370829E+01
0.728000E+00  -.388648E+01
0.724000E+00  -.407338E+01
0.720000E+00  -.426944E+01
0.716000E+00  -.447513E+01
0.712000E+00  -.469097E+01
0.708000E+00  -.491750E+01
0.704000E+00  -.515529E+01
0.700000E+00  -.540492E+01
0.696000E+00  -.566705E+01
0.692000E+00  -.594235E+01
0.688000E+00  -.623153E+01
0.684000E+00  -.653534E+01
0.680000E+00  -.685460E+01
0.676000E+00  -.719015E+01
0.672000E+00  -.754288E+01
0.668000E+00  -.791377E+01
0.664000E+00  -.830382E+01
0.660000E+00  -.871411E+01
0.656000E+00  -.914579E+01
0.652000E+00  -.960007E+01
0.648000E+00  -.100783E+02
0.644000E+00  -.105817E+02
0.640000E+00  -.111119E+02
0.636000E+00  -.116704E+02
0.632000E+00  -.122588E+02
0.628000E+00  -.128789E+02
0.624000E+00  -.135327E+02
0.620000E+00  -.142220E+02
0.616000E+00  -.149491E+02
0.612000E+00  -.157162E+02
0.608000E+00  -.165257E+02
0.604000E+00  -.173803E+02
0.600000E+00  -.182827E+02
