0.996000E+00  -.749457E-01
0.992000E+00  -.150845E+00
0.988000E+00  -.227743E+00
0.984000E+00  -.305687E+00
0.980000E+00  -.384724E+00
0.976000E+00  -.464904E+00
0.972000E+00  -.546278E+00
0.968000E+00  -.628900E+00
0.964000E+00  -.712825E+00
0.960000E+00  -.798109E+00
0.956000E+00  -.884811E+00
0.952000E+00  -.972992E+00
0.948000E+00  -.106271E+01
0.944000E+00  -.115404E+01
0.940000E+00  -.124705E+01
0.936000E+00  -.134180E+01
0.932000E+00  -.143837E+01
0.928000E+00  -.153683E+01
0.924000E+00  -.163726E+01
0.920000E+00  -.173975E+01
0.916000E+00  -.184438E+01
0.912000E+00  -.195123E+01
0.908000E+00  -.206040E+01
0.904000E+00  -.217198E+01
0.900000E+00  -.228607E+01
0.896000E+00  -.240278E+01
0.892000E+00  -.252222E+01
0.888000E+00  -.264448E+01
0.884000E+00  -.276970E+01
0.880000E+00  -.289798E+01
0.876000E+00  -.302947E+01
0.872000E+00  -.316428E+01
0.868000E+00  -.330256E+01
0.864000E+00  -.344446E+01
0.860000E+00  -.359011E+01
0.856000E+00  -.373968E+01
0.852000E+00  -.389333E+01
0.848000E+00  -.405123E+01
0.844000E+00  -.421357E+01
0.840000E+00  -.438052E+01
0.836000E+00  -.455228E+01
0.832000E+00  -.472907E+01
0.828000E+00  -.491108E+01
0.824000E+00  -.509855E+01
0.820000E+00  -.529171E+01
0.816000E+00  -.549081E+01
0.812000E+00  -.569610E+01
0.808000E+00  -.590786E+01
0.804000E+00  -.612637E+01
0.800000E+00  -.635192E+01
0.796000E+00  -.658484E+01
0.792000E+00  -.682544E+01
0.788000E+00  -.707408E+01
0.784000E+00  -.733112E+01
0.780000E+00  -.759693E+01
0.776000E+00  -.787192E+01
0.772000E+00  -.815651E+01
0.768000E+00  -.845115E+01
0.764000E+00  -.875630E+01
0.760000E+00  -.907245E+01
0.756000E+00  -.940012E+01
0.752000E+00  -.973985E+01
0.748000E+00  -.100922E+02
0.744000E+00  -.104579E+02
0.740000E+00  -.108374E+02
0.736000E+00  -.112315E+02
0.732000E+00  -.116408E+02
0.728000E+00  -.120662E+02
0.724000E+00  -.125085E+02
0.720000E+00  -.129684E+02
0.716000E+00  -.134469E+02
0.712000E+00  -.139448E+02
0.708000E+00  -.144633E+02
0.704000E+00  -.150034E+02
0.700000E+00  -.155661E+02
0.696000E+00  -.161527E+02
0.692000E+00  -.167644E+02
0.688000E+00  -.174025E+02
0.684000E+00  -.180685E+02
0.680000E+00  -.187639E+02
0.676000E+00  -.194902E+02
0.672000E+00  -.202492E+02
0.668000E+00  -.210426E+02
0.664000E+00  -.218723E+02
0.660000E+00  -.227404E+02
0.656000E+00  -.236491E+02
0.652000E+00  -.246006E+02
0.648000E+00  -.255975E+02
0.644000E+00  -.266422E+02
0.640000E+00  -.277376E+02
0.636000E+00  -.288867E+02
0.632000E+00  -.300926E+02
0.628000E+00  -.313587E+02
0.624000E+00  -.326886E+02
0.620000E+00  -.340862E+02
0.616000E+00  -.355556E+02
0.612000E+00  -.371012E+02
0.608000E+00  -.387278E+02
0.604000E+00  -.404403E+02
0.600000E+00  -.422443E+02
