0.996000E+00  -.124393E+00
0.992000E+00  -.249410E+00
0.988000E+00  -.375073E+00
0.984000E+00  -.501405E+00
0.980000E+00  -.628427E+00
0.976000E+00  -.756162E+00
0.972000E+00  -.884634E+00
0.968000E+00  -.101387E+01
0.964000E+00  -.114388E+01
0.960000E+00  -.127471E+01
0.956000E+00  -.140637E+01
0.952000E+00  -.153890E+01
0.948000E+00  -.167231E+01
0.944000E+00  -.180664E+01
0.940000E+00  -.194191E+01
0.936000E+00  -.207815E+01
0.932000E+00  -.221540E+01
0.928000E+00  -.235367E+01
0.924000E+00  -.249301E+01
0.920000E+00  -.263344E+01
0.916000E+00  -.277500E+01
0.912000E+00  -.291772E+01
0.908000E+00  -.306162E+01
0.904000E+00  -.320676E+01
0.900000E+00  -.335316E+01
0.896000E+00  -.350085E+01
0.892000E+00  -.364988E+01
0.888000E+00  -.380029E+01
0.884000E+00  -.395211E+01
0.880000E+00  -.410538E+01
0.876000E+00  -.426015E+01
0.872000E+00  -.441645E+01
0.868000E+00  -.457434E+01
0.864000E+00  -.473385E+01
0.860000E+00  -.489503E+01
0.856000E+00  -.505792E+01
0.852000E+00  -.522259E+01
0.848000E+00  -.538906E+01
0.844000E+00  -.555740E+01
0.840000E+00  -.572766E+01
0.836000E+00  -.589989E+01
0.832000E+00  -.607415E+01
0.828000E+00  -.625049E+01
0.824000E+00  -.642897E+01
0.820000E+00  -.660965E+01
0.816000E+00  -.679259E+01
0.812000E+00  -.697786E+01
0.808000E+00  -.716551E+01
0.804000E+00  -.735562E+01
0.800000E+00  -.754826E+01
0.796000E+00  -.774349E+01
0.792000E+00  -.794140E+01
0.788000E+00  -.814204E+01
0.784000E+00  -.834551E+01
0.780000E+00  -.855187E+01
0.776000E+00  -.876122E+01
0.772000E+00  -.897363E+01
0.768000E+00  -.918919E+01
0.764000E+00  -.940800E+01
0.760000E+00  -.963014E+01
0.756000E+00  -.985571E+01
0.752000E+00  -.100848E+02
0.748000E+00  -.103175E+02
0.744000E+00  -.105540E+02
0.740000E+00  -.107943E+02
0.736000E+00  -.110385E+02
0.732000E+00  -.112868E+02
0.728000E+00  -.115393E+02
0.724000E+00  -.117961E+02
0.720000E+00  -.120573E+02
0.716000E+00  -.123231E+02
0.712000E+00  -.125936E+02
0.708000E+00  -.128689E+02
0.704000E+00  -.131492E+02
0.700000E+00  -.134346E+02
0.696000E+00  -.137253E+02
0.692000E+00  -.140214E+02
0.688000E+00  -.143232E+02
0.684000E+00  -.146307E+02
0.680000E+00  -.149441E+02
0.676000E+00  -.152636E+02
0.672000E+00  -.155895E+02
0.668000E+00  -.159219E+02
0.664000E+00  -.162610E+02
0.660000E+00  -.166070E+02
0.656000E+00  -.169601E+02
0.652000E+00  -.173206E+02
0.648000E+00  -.176887E+02
0.644000E+00  -.180646E+02
0.640000E+00  -.184486E+02
0.636000E+00  -.188410E+02
0.632000E+00  -.192419E+02
0.628000E+00  -.196517E+02
0.624000E+00  -.200707E+02
0.620000E+00  -.204992E+02
0.616000E+00  -.209375E+02
0.612000E+00  -.213858E+02
0.608000E+00  -.218447E+02
0.604000E+00  -.223143E+02
0.600000E+00  -.227951E+02
