0.996000E+00  -.613724E-01
0.992000E+00  -.123300E+00
0.988000E+00  -.185816E+00
0.984000E+00  -.248958E+00
0.980000E+00  -.312762E+00
0.976000E+00  -.377267E+00
0.972000E+00  -.442514E+00
0.968000E+00  -.508544E+00
0.964000E+00  -.575401E+00
0.960000E+00  -.643128E+00
0.956000E+00  -.711774E+00
0.952000E+00  -.781386E+00
0.948000E+00  -.852016E+00
0.944000E+00  -.923716E+00
0.940000E+00  -.996540E+00
0.936000E+00  -.107055E+01
0.932000E+00  -.114579E+01
0.928000E+00  -.122234E+01
0.924000E+00  -.130026E+01
0.920000E+00  -.137961E+01
0.916000E+00  -.146047E+01
0.912000E+00  -.154291E+01
0.908000E+00  -.162700E+01
0.904000E+00  -.171282E+01
0.900000E+00  -.180047E+01
0.896000E+00  -.189002E+01
0.892000E+00  -.198156E+01
0.888000E+00  -.207520E+01
0.884000E+00  -.217103E+01
0.880000E+00  -.226915E+01
0.876000E+00  -.236968E+01
0.872000E+00  -.247273E+01
0.868000E+00  -.257842E+01
0.864000E+00  -.268687E+01
0.860000E+00  -.279823E+01
0.856000E+00  -.291261E+01
0.852000E+00  -.303017E+01
0.848000E+00  -.315107E+01
0.844000E+00  -.327546E+01
0.840000E+00  -.340350E+01
0.836000E+00  -.353538E+01
0.832000E+00  -.367128E+01
0.828000E+00  -.381139E+01
0.824000E+00  -.395592E+01
0.820000E+00  -.410509E+01
0.816000E+00  -.425911E+01
0.812000E+00  -.441823E+01
0.808000E+00  -.458270E+01
0.804000E+00  -.475277E+01
0.800000E+00  -.492874E+01
0.796000E+00  -.511089E+01
0.792000E+00  -.529953E+01
0.788000E+00  -.549500E+01
0.784000E+00  -.569762E+01
0.780000E+00  -.590777E+01
0.776000E+00  -.612583E+01
0.772000E+00  -.635220E+01
0.768000E+00  -.658731E+01
0.764000E+00  -.683162E+01
0.760000E+00  -.708560E+01
0.756000E+00  -.734976E+01
0.752000E+00  -.762464E+01
0.748000E+00  -.791080E+01
0.744000E+00  -.820884E+01
0.740000E+00  -.851939E+01
0.736000E+00  -.884314E+01
0.732000E+00  -.918080E+01
0.728000E+00  -.953312E+01
0.724000E+00  -.990091E+01
0.720000E+00  -.102850E+02
0.716000E+00  -.106864E+02
0.712000E+00  -.111059E+02
0.708000E+00  -.115446E+02
0.704000E+00  -.120037E+02
0.700000E+00  -.124842E+02
0.696000E+00  -.129874E+02
0.692000E+00  -.135146E+02
0.688000E+00  -.140672E+02
0.684000E+00  -.146466E+02
0.680000E+00  -.152546E+02
0.676000E+00  -.158927E+02
0.672000E+00  -.165627E+02
0.668000E+00  -.172666E+02
0.664000E+00  -.180064E+02
0.660000E+00  -.187843E+02
0.656000E+00  -.196027E+02
0.652000E+00  -.204641E+02
0.648000E+00  -.213710E+02
0.644000E+00  -.223265E+02
0.640000E+00  -.233335E+02
0.636000E+00  -.243953E+02
0.632000E+00  -.255155E+02
0.628000E+00  -.266978E+02
0.624000E+00  -.279462E+02
0.620000E+00  -.292652E+02
0.616000E+00  -.306592E+02
0.612000E+00  -.321335E+02
0.608000E+00  -.336932E+02
0.604000E+00  -.353442E+02
0.600000E+00  -.370926E+02
