0.996000E+00  -.486088E-01
0.992000E+00  -.976872E-01
0.988000E+00  -.147254E+00
0.984000E+00  -.197330E+00
0.980000E+00  -.247935E+00
0.976000E+00  -.299091E+00
0.972000E+00  -.350819E+00
0.968000E+00  -.403143E+00
0.964000E+00  -.456086E+00
0.960000E+00  -.509673E+00
0.956000E+00  -.563928E+00
0.952000E+00  -.618880E+00
0.948000E+00  -.674554E+00
0.944000E+00  -.730979E+00
0.940000E+00  -.788184E+00
0.936000E+00  -.846201E+00
0.932000E+00  -.905061E+00
0.928000E+00  -.964796E+00
0.924000E+00  -.102544E+01
0.920000E+00  -.108703E+01
0.916000E+00  -.114960E+01
0.912000E+00  -.121320E+01
0.908000E+00  -.127785E+01
0.904000E+00  -.134361E+01
0.900000E+00  -.141051E+01
0.896000E+00  -.147860E+01
0.892000E+00  -.154792E+01
0.888000E+00  -.161853E+01
0.884000E+00  -.169048E+01
0.880000E+00  -.176381E+01
0.876000E+00  -.183859E+01
0.872000E+00  -.191487E+01
0.868000E+00  -.199270E+01
0.864000E+00  -.207216E+01
0.860000E+00  -.215331E+01
0.856000E+00  -.223621E+01
0.852000E+00  -.232093E+01
0.848000E+00  -.240755E+01
0.844000E+00  -.249615E+01
0.840000E+00  -.258680E+01
0.836000E+00  -.267958E+01
0.832000E+00  -.277460E+01
0.828000E+00  -.287193E+01
0.824000E+00  -.297168E+01
0.820000E+00  -.307393E+01
0.816000E+00  -.317881E+01
0.812000E+00  -.328641E+01
0.808000E+00  -.339685E+01
0.804000E+00  -.351025E+01
0.800000E+00  -.362674E+01
0.796000E+00  -.374645E+01
0.792000E+00  -.386951E+01
0.788000E+00  -.399607E+01
0.784000E+00  -.412628E+01
0.780000E+00  -.426031E+01
0.776000E+00  -.439830E+01
0.772000E+00  -.454045E+01
0.768000E+00  -.468693E+01
0.764000E+00  -.483794E+01
0.760000E+00  -.499368E+01
0.756000E+00  -.515436E+01
0.752000E+00  -.532020E+01
0.748000E+00  -.549145E+01
0.744000E+00  -.566834E+01
0.740000E+00  -.585113E+01
0.736000E+00  -.604011E+01
0.732000E+00  -.623555E+01
0.728000E+00  -.643777E+01
0.724000E+00  -.664707E+01
0.720000E+00  -.686380E+01
0.716000E+00  -.708832E+01
0.712000E+00  -.732099E+01
0.708000E+00  -.756221E+01
0.704000E+00  -.781239E+01
0.700000E+00  -.807199E+01
0.696000E+00  -.834146E+01
0.692000E+00  -.862129E+01
0.688000E+00  -.891200E+01
0.684000E+00  -.921414E+01
0.680000E+00  -.952829E+01
0.676000E+00  -.985506E+01
0.672000E+00  -.101951E+02
0.668000E+00  -.105491E+02
0.664000E+00  -.109178E+02
0.660000E+00  -.113020E+02
0.656000E+00  -.117024E+02
0.652000E+00  -.121200E+02
0.648000E+00  -.125557E+02
0.644000E+00  -.130104E+02
0.640000E+00  -.134852E+02
0.636000E+00  -.139811E+02
0.632000E+00  -.144995E+02
0.628000E+00  -.150414E+02
0.624000E+00  -.156083E+02
0.620000E+00  -.162015E+02
0.616000E+00  -.168226E+02
0.612000E+00  -.174731E+02
0.608000E+00  -.181547E+02
0.604000E+00  -.188693E+02
0.600000E+00  -.196188E+02
