0.996000E+00  -.105172E+00
0.992000E+00  -.211526E+00
0.988000E+00  -.319087E+00
0.984000E+00  -.427881E+00
0.980000E+00  -.537936E+00
0.976000E+00  -.649279E+00
0.972000E+00  -.761939E+00
0.968000E+00  -.875944E+00
0.964000E+00  -.991324E+00
0.960000E+00  -.110811E+01
0.956000E+00  -.122633E+01
0.952000E+00  -.134602E+01
0.948000E+00  -.146721E+01
0.944000E+00  -.158994E+01
0.940000E+00  -.171423E+01
0.936000E+00  -.184013E+01
0.932000E+00  -.196766E+01
0.928000E+00  -.209688E+01
0.924000E+00  -.222780E+01
0.920000E+00  -.236048E+01
0.916000E+00  -.249496E+01
0.912000E+00  -.263127E+01
0.908000E+00  -.276945E+01
0.904000E+00  -.290955E+01
0.900000E+00  -.305162E+01
0.896000E+00  -.319569E+01
0.892000E+00  -.334182E+01
0.888000E+00  -.349005E+01
0.884000E+00  -.364043E+01
0.880000E+00  -.379301E+01
0.876000E+00  -.394784E+01
0.872000E+00  -.410498E+01
0.868000E+00  -.426448E+01
0.864000E+00  -.442639E+01
0.860000E+00  -.459078E+01
0.856000E+00  -.475770E+01
0.852000E+00  -.492721E+01
0.848000E+00  -.509938E+01
0.844000E+00  -.527426E+01
0.840000E+00  -.545193E+01
0.836000E+00  -.563245E+01
0.832000E+00  -.581589E+01
0.828000E+00  -.600232E+01
0.824000E+00  -.619183E+01
0.820000E+00  -.638447E+01
0.816000E+00  -.658033E+01
0.812000E+00  -.677949E+01
0.808000E+00  -.698203E+01
0.804000E+00  -.718804E+01
0.800000E+00  -.739760E+01
0.796000E+00  -.761081E+01
0.792000E+00  -.782775E+01
0.788000E+00  -.804852E+01
0.784000E+00  -.827322E+01
0.780000E+00  -.850195E+01
0.776000E+00  -.873482E+01
0.772000E+00  -.897192E+01
0.768000E+00  -.921338E+01
0.764000E+00  -.945930E+01
0.760000E+00  -.970981E+01
0.756000E+00  -.996502E+01
0.752000E+00  -.102251E+02
0.748000E+00  -.104901E+02
0.744000E+00  -.107601E+02
0.740000E+00  -.110355E+02
0.736000E+00  -.113161E+02
0.732000E+00  -.116023E+02
0.728000E+00  -.118942E+02
0.724000E+00  -.121919E+02
0.720000E+00  -.124956E+02
0.716000E+00  -.128054E+02
0.712000E+00  -.131215E+02
0.708000E+00  -.134441E+02
0.704000E+00  -.137734E+02
0.700000E+00  -.141096E+02
0.696000E+00  -.144529E+02
0.692000E+00  -.148034E+02
0.688000E+00  -.151614E+02
0.684000E+00  -.155270E+02
0.680000E+00  -.159006E+02
0.676000E+00  -.162824E+02
0.672000E+00  -.166725E+02
0.668000E+00  -.170713E+02
0.664000E+00  -.174789E+02
0.660000E+00  -.178957E+02
0.656000E+00  -.183220E+02
0.652000E+00  -.187580E+02
0.648000E+00  -.192039E+02
0.644000E+00  -.196603E+02
0.640000E+00  -.201272E+02
0.636000E+00  -.206051E+02
0.632000E+00  -.210944E+02
0.628000E+00  -.215953E+02
0.624000E+00  -.221083E+02
0.620000E+00  -.226336E+02
0.616000E+00  -.231718E+02
0.612000E+00  -.237233E+02
0.608000E+00  -.242884E+02
0.604000E+00  -.248676E+02
0.600000E+00  -.254613E+02
