0.996000E+00  -.108975E+00
0.992000E+00  -.219646E+00
0.988000E+00  -.332056E+00
0.984000E+00  -.446245E+00
0.980000E+00  -.562258E+00
0.976000E+00  -.680138E+00
0.972000E+00  -.799932E+00
0.968000E+00  -.921687E+00
0.964000E+00  -.104545E+01
0.960000E+00  -.117128E+01
0.956000E+00  -.129921E+01
0.952000E+00  -.142931E+01
0.948000E+00  -.156163E+01
0.944000E+00  -.169623E+01
0.940000E+00  -.183316E+01
0.936000E+00  -.197248E+01
0.932000E+00  -.211426E+01
0.928000E+00  -.225856E+01
0.924000E+00  -.240544E+01
0.920000E+00  -.255497E+01
0.916000E+00  -.270723E+01
0.912000E+00  -.286227E+01
0.908000E+00  -.302019E+01
0.904000E+00  -.318105E+01
0.900000E+00  -.334493E+01
0.896000E+00  -.351192E+01
0.892000E+00  -.368210E+01
0.888000E+00  -.385555E+01
0.884000E+00  -.403237E+01
0.880000E+00  -.421264E+01
0.876000E+00  -.439647E+01
0.872000E+00  -.458395E+01
0.868000E+00  -.477518E+01
0.864000E+00  -.497028E+01
0.860000E+00  -.516934E+01
0.856000E+00  -.537248E+01
0.852000E+00  -.557982E+01
0.848000E+00  -.579148E+01
0.844000E+00  -.600758E+01
0.840000E+00  -.622825E+01
0.836000E+00  -.645363E+01
0.832000E+00  -.668384E+01
0.828000E+00  -.691905E+01
0.824000E+00  -.715939E+01
0.820000E+00  -.740501E+01
0.816000E+00  -.765608E+01
0.812000E+00  -.791275E+01
0.808000E+00  -.817521E+01
0.804000E+00  -.844362E+01
0.800000E+00  -.871816E+01
0.796000E+00  -.899904E+01
0.792000E+00  -.928644E+01
0.788000E+00  -.958056E+01
0.784000E+00  -.988162E+01
0.780000E+00  -.101898E+02
0.776000E+00  -.105054E+02
0.772000E+00  -.108287E+02
0.768000E+00  -.111598E+02
0.764000E+00  -.114990E+02
0.760000E+00  -.118466E+02
0.756000E+00  -.122028E+02
0.752000E+00  -.125680E+02
0.748000E+00  -.129424E+02
0.744000E+00  -.133264E+02
0.740000E+00  -.137202E+02
0.736000E+00  -.141243E+02
0.732000E+00  -.145389E+02
0.728000E+00  -.149644E+02
0.724000E+00  -.154011E+02
0.720000E+00  -.158496E+02
0.716000E+00  -.163101E+02
0.712000E+00  -.167831E+02
0.708000E+00  -.172691E+02
0.704000E+00  -.177685E+02
0.700000E+00  -.182817E+02
0.696000E+00  -.188094E+02
0.692000E+00  -.193519E+02
0.688000E+00  -.199099E+02
0.684000E+00  -.204839E+02
0.680000E+00  -.210744E+02
0.676000E+00  -.216823E+02
0.672000E+00  -.223079E+02
0.668000E+00  -.229521E+02
0.664000E+00  -.236156E+02
0.660000E+00  -.242990E+02
0.656000E+00  -.250032E+02
0.652000E+00  -.257289E+02
0.648000E+00  -.264770E+02
0.644000E+00  -.272484E+02
0.640000E+00  -.280440E+02
0.636000E+00  -.288647E+02
0.632000E+00  -.297116E+02
0.628000E+00  -.305857E+02
0.624000E+00  -.314881E+02
0.620000E+00  -.324200E+02
0.616000E+00  -.333827E+02
0.612000E+00  -.343773E+02
0.608000E+00  -.354053E+02
0.604000E+00  -.364680E+02
0.600000E+00  -.375669E+02
