0.996000E+00  -.239174E-01
0.992000E+00  -.480070E-01
0.988000E+00  -.722760E-01
0.984000E+00  -.967321E-01
0.980000E+00  -.121383E+00
0.976000E+00  -.146237E+00
0.972000E+00  -.171302E+00
0.968000E+00  -.196586E+00
0.964000E+00  -.222099E+00
0.960000E+00  -.247850E+00
0.956000E+00  -.273848E+00
0.952000E+00  -.300104E+00
0.948000E+00  -.326626E+00
0.944000E+00  -.353426E+00
0.940000E+00  -.380514E+00
0.936000E+00  -.407902E+00
0.932000E+00  -.435602E+00
0.928000E+00  -.463625E+00
0.924000E+00  -.491984E+00
0.920000E+00  -.520692E+00
0.916000E+00  -.549762E+00
0.912000E+00  -.579210E+00
0.908000E+00  -.609048E+00
0.904000E+00  -.639293E+00
0.900000E+00  -.669960E+00
0.896000E+00  -.701066E+00
0.892000E+00  -.732627E+00
0.888000E+00  -.764662E+00
0.884000E+00  -.797189E+00
0.880000E+00  -.830227E+00
0.876000E+00  -.863797E+00
0.872000E+00  -.897919E+00
0.868000E+00  -.932616E+00
0.864000E+00  -.967910E+00
0.860000E+00  -.100383E+01
0.856000E+00  -.104039E+01
0.852000E+00  -.107762E+01
0.848000E+00  -.111556E+01
0.844000E+00  -.115422E+01
0.840000E+00  -.119364E+01
0.836000E+00  -.123385E+01
0.832000E+00  -.127488E+01
0.828000E+00  -.131677E+01
0.824000E+00  -.135955E+01
0.820000E+00  -.140327E+01
0.816000E+00  -.144795E+01
0.812000E+00  -.149365E+01
0.808000E+00  -.154040E+01
0.804000E+00  -.158825E+01
0.800000E+00  -.163726E+01
0.796000E+00  -.168747E+01
0.792000E+00  -.173893E+01
0.788000E+00  -.179171E+01
0.784000E+00  -.184586E+01
0.780000E+00  -.190144E+01
0.776000E+00  -.195852E+01
0.772000E+00  -.201717E+01
0.768000E+00  -.207747E+01
0.764000E+00  -.213949E+01
0.760000E+00  -.220331E+01
0.756000E+00  -.226903E+01
0.752000E+00  -.233672E+01
0.748000E+00  -.240650E+01
0.744000E+00  -.247845E+01
0.740000E+00  -.255270E+01
0.736000E+00  -.262936E+01
0.732000E+00  -.270854E+01
0.728000E+00  -.279039E+01
0.724000E+00  -.287502E+01
0.720000E+00  -.296260E+01
0.716000E+00  -.305328E+01
0.712000E+00  -.314722E+01
0.708000E+00  -.324459E+01
0.704000E+00  -.334559E+01
0.700000E+00  -.345040E+01
0.696000E+00  -.355924E+01
0.692000E+00  -.367234E+01
0.688000E+00  -.378994E+01
0.684000E+00  -.391228E+01
0.680000E+00  -.403964E+01
0.676000E+00  -.417232E+01
0.672000E+00  -.431061E+01
0.668000E+00  -.445486E+01
0.664000E+00  -.460541E+01
0.660000E+00  -.476265E+01
0.656000E+00  -.492697E+01
0.652000E+00  -.509882E+01
0.648000E+00  -.527865E+01
0.644000E+00  -.546697E+01
0.640000E+00  -.566430E+01
0.636000E+00  -.587123E+01
0.632000E+00  -.608836E+01
0.628000E+00  -.631635E+01
0.624000E+00  -.655591E+01
0.620000E+00  -.680781E+01
0.616000E+00  -.707287E+01
0.612000E+00  -.735196E+01
0.608000E+00  -.764605E+01
0.604000E+00  -.795615E+01
0.600000E+00  -.828337E+01
