0.996000E+00  -.799401E-02
0.992000E+00  -.162498E-01
0.988000E+00  -.248041E-01
0.984000E+00  -.336950E-01
0.980000E+00  -.429622E-01
0.976000E+00  -.526470E-01
0.972000E+00  -.627924E-01
0.968000E+00  -.734433E-01
0.964000E+00  -.846463E-01
0.960000E+00  -.964503E-01
0.956000E+00  -.108906E+00
0.952000E+00  -.122067E+00
0.948000E+00  -.135988E+00
0.944000E+00  -.150728E+00
0.940000E+00  -.166346E+00
0.936000E+00  -.182907E+00
0.932000E+00  -.200478E+00
0.928000E+00  -.219126E+00
0.924000E+00  -.238926E+00
0.920000E+00  -.259953E+00
0.916000E+00  -.282288E+00
0.912000E+00  -.306015E+00
0.908000E+00  -.331221E+00
0.904000E+00  -.357998E+00
0.900000E+00  -.386444E+00
0.896000E+00  -.416661E+00
0.892000E+00  -.448756E+00
0.888000E+00  -.482840E+00
0.884000E+00  -.519033E+00
0.880000E+00  -.557458E+00
0.876000E+00  -.598247E+00
0.872000E+00  -.641538E+00
0.868000E+00  -.687474E+00
0.864000E+00  -.736210E+00
0.860000E+00  -.787906E+00
0.856000E+00  -.842731E+00
0.852000E+00  -.900865E+00
0.848000E+00  -.962496E+00
0.844000E+00  -.102782E+01
0.840000E+00  -.109706E+01
0.836000E+00  -.117042E+01
0.832000E+00  -.124814E+01
0.828000E+00  -.133047E+01
0.824000E+00  -.141768E+01
0.820000E+00  -.151003E+01
0.816000E+00  -.160781E+01
0.812000E+00  -.171135E+01
0.808000E+00  -.182096E+01
0.804000E+00  -.193700E+01
0.800000E+00  -.205982E+01
0.796000E+00  -.218981E+01
0.792000E+00  -.232739E+01
0.788000E+00  -.247300E+01
0.784000E+00  -.262708E+01
0.780000E+00  -.279014E+01
0.776000E+00  -.296270E+01
0.772000E+00  -.314529E+01
0.768000E+00  -.333852E+01
0.764000E+00  -.354300E+01
0.760000E+00  -.375939E+01
0.756000E+00  -.398839E+01
0.752000E+00  -.423075E+01
0.748000E+00  -.448727E+01
0.744000E+00  -.475878E+01
0.740000E+00  -.504618E+01
0.736000E+00  -.535042E+01
0.732000E+00  -.567254E+01
0.728000E+00  -.601360E+01
0.724000E+00  -.637476E+01
0.720000E+00  -.675726E+01
0.716000E+00  -.716241E+01
0.712000E+00  -.759161E+01
0.708000E+00  -.804634E+01
0.704000E+00  -.852822E+01
0.700000E+00  -.903894E+01
0.696000E+00  -.958032E+01
0.692000E+00  -.101543E+02
0.688000E+00  -.107630E+02
0.684000E+00  -.114086E+02
0.680000E+00  -.120935E+02
0.676000E+00  -.128202E+02
0.672000E+00  -.135915E+02
0.668000E+00  -.144104E+02
0.664000E+00  -.152798E+02
0.660000E+00  -.162033E+02
0.656000E+00  -.171844E+02
0.652000E+00  -.182270E+02
0.648000E+00  -.193352E+02
0.644000E+00  -.205135E+02
0.640000E+00  -.217668E+02
0.636000E+00  -.231001E+02
0.632000E+00  -.245191E+02
0.628000E+00  -.260297E+02
0.624000E+00  -.276384E+02
0.620000E+00  -.293521E+02
0.616000E+00  -.311782E+02
0.612000E+00  -.331248E+02
0.608000E+00  -.352007E+02
0.604000E+00  -.374152E+02
0.600000E+00  -.397785E+02
