0.996000E+00  -.759290E-01
0.992000E+00  -.152893E+00
0.988000E+00  -.230922E+00
0.984000E+00  -.310044E+00
0.980000E+00  -.390292E+00
0.976000E+00  -.471696E+00
0.972000E+00  -.554292E+00
0.968000E+00  -.638113E+00
0.964000E+00  -.723197E+00
0.960000E+00  -.809580E+00
0.956000E+00  -.897302E+00
0.952000E+00  -.986405E+00
0.948000E+00  -.107693E+01
0.944000E+00  -.116892E+01
0.940000E+00  -.126243E+01
0.936000E+00  -.135749E+01
0.932000E+00  -.145417E+01
0.928000E+00  -.155251E+01
0.924000E+00  -.165257E+01
0.920000E+00  -.175440E+01
0.916000E+00  -.185807E+01
0.912000E+00  -.196364E+01
0.908000E+00  -.207117E+01
0.904000E+00  -.218072E+01
0.900000E+00  -.229238E+01
0.896000E+00  -.240621E+01
0.892000E+00  -.252230E+01
0.888000E+00  -.264071E+01
0.884000E+00  -.276155E+01
0.880000E+00  -.288489E+01
0.876000E+00  -.301084E+01
0.872000E+00  -.313948E+01
0.868000E+00  -.327092E+01
0.864000E+00  -.340526E+01
0.860000E+00  -.354263E+01
0.856000E+00  -.368313E+01
0.852000E+00  -.382690E+01
0.848000E+00  -.397405E+01
0.844000E+00  -.412473E+01
0.840000E+00  -.427909E+01
0.836000E+00  -.443726E+01
0.832000E+00  -.459941E+01
0.828000E+00  -.476571E+01
0.824000E+00  -.493633E+01
0.820000E+00  -.511146E+01
0.816000E+00  -.529128E+01
0.812000E+00  -.547601E+01
0.808000E+00  -.566586E+01
0.804000E+00  -.586105E+01
0.800000E+00  -.606182E+01
0.796000E+00  -.626844E+01
0.792000E+00  -.648115E+01
0.788000E+00  -.670025E+01
0.784000E+00  -.692603E+01
0.780000E+00  -.715881E+01
0.776000E+00  -.739890E+01
0.772000E+00  -.764667E+01
0.768000E+00  -.790248E+01
0.764000E+00  -.816672E+01
0.760000E+00  -.843981E+01
0.756000E+00  -.872218E+01
0.752000E+00  -.901430E+01
0.748000E+00  -.931666E+01
0.744000E+00  -.962978E+01
0.740000E+00  -.995420E+01
0.736000E+00  -.102905E+02
0.732000E+00  -.106393E+02
0.728000E+00  -.110013E+02
0.724000E+00  -.113772E+02
0.720000E+00  -.117677E+02
0.716000E+00  -.121736E+02
0.712000E+00  -.125957E+02
0.708000E+00  -.130349E+02
0.704000E+00  -.134922E+02
0.700000E+00  -.139686E+02
0.696000E+00  -.144652E+02
0.692000E+00  -.149830E+02
0.688000E+00  -.155234E+02
0.684000E+00  -.160876E+02
0.680000E+00  -.166770E+02
0.676000E+00  -.172931E+02
0.672000E+00  -.179374E+02
0.668000E+00  -.186117E+02
0.664000E+00  -.193177E+02
0.660000E+00  -.200573E+02
0.656000E+00  -.208327E+02
0.652000E+00  -.216460E+02
0.648000E+00  -.224996E+02
0.644000E+00  -.233959E+02
0.640000E+00  -.243378E+02
0.636000E+00  -.253280E+02
0.632000E+00  -.263696E+02
0.628000E+00  -.274661E+02
0.624000E+00  -.286209E+02
0.620000E+00  -.298380E+02
0.616000E+00  -.311213E+02
0.612000E+00  -.324754E+02
0.608000E+00  -.339050E+02
0.604000E+00  -.354151E+02
0.600000E+00  -.370114E+02
