0.996000E+00  -.164100E-01
0.992000E+00  -.327487E-01
0.988000E+00  -.490430E-01
0.984000E+00  -.653202E-01
0.980000E+00  -.816078E-01
0.976000E+00  -.979336E-01
0.972000E+00  -.114326E+00
0.968000E+00  -.130813E+00
0.964000E+00  -.147425E+00
0.960000E+00  -.164191E+00
0.956000E+00  -.181140E+00
0.952000E+00  -.198303E+00
0.948000E+00  -.215711E+00
0.944000E+00  -.233396E+00
0.940000E+00  -.251389E+00
0.936000E+00  -.269724E+00
0.932000E+00  -.288435E+00
0.928000E+00  -.307554E+00
0.924000E+00  -.327117E+00
0.920000E+00  -.347160E+00
0.916000E+00  -.367719E+00
0.912000E+00  -.388831E+00
0.908000E+00  -.410535E+00
0.904000E+00  -.432870E+00
0.900000E+00  -.455876E+00
0.896000E+00  -.479593E+00
0.892000E+00  -.504066E+00
0.888000E+00  -.529336E+00
0.884000E+00  -.555449E+00
0.880000E+00  -.582450E+00
0.876000E+00  -.610387E+00
0.872000E+00  -.639309E+00
0.868000E+00  -.669265E+00
0.864000E+00  -.700308E+00
0.860000E+00  -.732490E+00
0.856000E+00  -.765867E+00
0.852000E+00  -.800495E+00
0.848000E+00  -.836434E+00
0.844000E+00  -.873743E+00
0.840000E+00  -.912485E+00
0.836000E+00  -.952726E+00
0.832000E+00  -.994531E+00
0.828000E+00  -.103797E+01
0.824000E+00  -.108312E+01
0.820000E+00  -.113004E+01
0.816000E+00  -.117883E+01
0.812000E+00  -.122955E+01
0.808000E+00  -.128229E+01
0.804000E+00  -.133714E+01
0.800000E+00  -.139418E+01
0.796000E+00  -.145352E+01
0.792000E+00  -.151523E+01
0.788000E+00  -.157944E+01
0.784000E+00  -.164623E+01
0.780000E+00  -.171572E+01
0.776000E+00  -.178801E+01
0.772000E+00  -.186324E+01
0.768000E+00  -.194151E+01
0.764000E+00  -.202296E+01
0.760000E+00  -.210771E+01
0.756000E+00  -.219591E+01
0.752000E+00  -.228770E+01
0.748000E+00  -.238322E+01
0.744000E+00  -.248264E+01
0.740000E+00  -.258611E+01
0.736000E+00  -.269381E+01
0.732000E+00  -.280592E+01
0.728000E+00  -.292261E+01
0.724000E+00  -.304408E+01
0.720000E+00  -.317054E+01
0.716000E+00  -.330219E+01
0.712000E+00  -.343926E+01
0.708000E+00  -.358197E+01
0.704000E+00  -.373056E+01
0.700000E+00  -.388530E+01
0.696000E+00  -.404643E+01
0.692000E+00  -.421425E+01
0.688000E+00  -.438904E+01
0.684000E+00  -.457109E+01
0.680000E+00  -.476074E+01
0.676000E+00  -.495831E+01
0.672000E+00  -.516415E+01
0.668000E+00  -.537862E+01
0.664000E+00  -.560212E+01
0.660000E+00  -.583504E+01
0.656000E+00  -.607781E+01
0.652000E+00  -.633088E+01
0.648000E+00  -.659470E+01
0.644000E+00  -.686977E+01
0.640000E+00  -.715660E+01
0.636000E+00  -.745575E+01
0.632000E+00  -.776776E+01
0.628000E+00  -.809325E+01
0.624000E+00  -.843285E+01
0.620000E+00  -.878722E+01
0.616000E+00  -.915705E+01
0.612000E+00  -.954309E+01
0.608000E+00  -.994612E+01
0.604000E+00  -.103669E+02
0.600000E+00  -.108064E+02
