0.996000E+00  -.286813E-01
0.992000E+00  -.578360E-01
0.988000E+00  -.874894E-01
0.984000E+00  -.117668E+00
0.980000E+00  -.148398E+00
0.976000E+00  -.179708E+00
0.972000E+00  -.211627E+00
0.968000E+00  -.244184E+00
0.964000E+00  -.277410E+00
0.960000E+00  -.311338E+00
0.956000E+00  -.346000E+00
0.952000E+00  -.381430E+00
0.948000E+00  -.417663E+00
0.944000E+00  -.454737E+00
0.940000E+00  -.492690E+00
0.936000E+00  -.531560E+00
0.932000E+00  -.571390E+00
0.928000E+00  -.612221E+00
0.924000E+00  -.654097E+00
0.920000E+00  -.697065E+00
0.916000E+00  -.741173E+00
0.912000E+00  -.786470E+00
0.908000E+00  -.833008E+00
0.904000E+00  -.880840E+00
0.900000E+00  -.930023E+00
0.896000E+00  -.980615E+00
0.892000E+00  -.103268E+01
0.888000E+00  -.108627E+01
0.884000E+00  -.114147E+01
0.880000E+00  -.119833E+01
0.876000E+00  -.125693E+01
0.872000E+00  -.131735E+01
0.868000E+00  -.137966E+01
0.864000E+00  -.144394E+01
0.860000E+00  -.151029E+01
0.856000E+00  -.157878E+01
0.852000E+00  -.164952E+01
0.848000E+00  -.172260E+01
0.844000E+00  -.179812E+01
0.840000E+00  -.187619E+01
0.836000E+00  -.195692E+01
0.832000E+00  -.204043E+01
0.828000E+00  -.212684E+01
0.824000E+00  -.221627E+01
0.820000E+00  -.230887E+01
0.816000E+00  -.240477E+01
0.812000E+00  -.250412E+01
0.808000E+00  -.260708E+01
0.804000E+00  -.271380E+01
0.800000E+00  -.282446E+01
0.796000E+00  -.293924E+01
0.792000E+00  -.305832E+01
0.788000E+00  -.318190E+01
0.784000E+00  -.331018E+01
0.780000E+00  -.344339E+01
0.776000E+00  -.358175E+01
0.772000E+00  -.372550E+01
0.768000E+00  -.387490E+01
0.764000E+00  -.403020E+01
0.760000E+00  -.419170E+01
0.756000E+00  -.435967E+01
0.752000E+00  -.453443E+01
0.748000E+00  -.471631E+01
0.744000E+00  -.490565E+01
0.740000E+00  -.510281E+01
0.736000E+00  -.530818E+01
0.732000E+00  -.552214E+01
0.728000E+00  -.574513E+01
0.724000E+00  -.597760E+01
0.720000E+00  -.622001E+01
0.716000E+00  -.647286E+01
0.712000E+00  -.673669E+01
0.708000E+00  -.701203E+01
0.704000E+00  -.729949E+01
0.700000E+00  -.759968E+01
0.696000E+00  -.791325E+01
0.692000E+00  -.824091E+01
0.688000E+00  -.858338E+01
0.684000E+00  -.894144E+01
0.680000E+00  -.931591E+01
0.676000E+00  -.970767E+01
0.672000E+00  -.101176E+02
0.668000E+00  -.105468E+02
0.664000E+00  -.109962E+02
0.660000E+00  -.114669E+02
0.656000E+00  -.119601E+02
0.652000E+00  -.124770E+02
0.648000E+00  -.130190E+02
0.644000E+00  -.135874E+02
0.640000E+00  -.141838E+02
0.636000E+00  -.148097E+02
0.632000E+00  -.154668E+02
0.628000E+00  -.161569E+02
0.624000E+00  -.168818E+02
0.620000E+00  -.176437E+02
0.616000E+00  -.184447E+02
0.612000E+00  -.192870E+02
0.608000E+00  -.201732E+02
0.604000E+00  -.211058E+02
0.600000E+00  -.220877E+02
