0.996000E+00  -.665238E-02
0.992000E+00  -.130644E-01
0.988000E+00  -.192634E-01
0.984000E+00  -.252770E-01
0.980000E+00  -.311330E-01
0.976000E+00  -.368596E-01
0.972000E+00  -.424851E-01
0.968000E+00  -.480383E-01
0.964000E+00  -.535483E-01
0.960000E+00  -.590445E-01
0.956000E+00  -.645570E-01
0.952000E+00  -.701162E-01
0.948000E+00  -.757529E-01
0.944000E+00  -.814986E-01
0.940000E+00  -.873855E-01
0.936000E+00  -.934461E-01
0.932000E+00  -.997140E-01
0.928000E+00  -.106223E+00
0.924000E+00  -.113008E+00
0.920000E+00  -.120106E+00
0.916000E+00  -.127551E+00
0.912000E+00  -.135383E+00
0.908000E+00  -.143639E+00
0.904000E+00  -.152360E+00
0.900000E+00  -.161585E+00
0.896000E+00  -.171357E+00
0.892000E+00  -.181719E+00
0.888000E+00  -.192715E+00
0.884000E+00  -.204391E+00
0.880000E+00  -.216796E+00
0.876000E+00  -.229977E+00
0.872000E+00  -.243985E+00
0.868000E+00  -.258873E+00
0.864000E+00  -.274696E+00
0.860000E+00  -.291508E+00
0.856000E+00  -.309370E+00
0.852000E+00  -.328340E+00
0.848000E+00  -.348483E+00
0.844000E+00  -.369863E+00
0.840000E+00  -.392548E+00
0.836000E+00  -.416610E+00
0.832000E+00  -.442121E+00
0.828000E+00  -.469157E+00
0.824000E+00  -.497800E+00
0.820000E+00  -.528131E+00
0.816000E+00  -.560237E+00
0.812000E+00  -.594209E+00
0.808000E+00  -.630141E+00
0.804000E+00  -.668132E+00
0.800000E+00  -.708285E+00
0.796000E+00  -.750706E+00
0.792000E+00  -.795509E+00
0.788000E+00  -.842811E+00
0.784000E+00  -.892736E+00
0.780000E+00  -.945412E+00
0.776000E+00  -.100097E+01
0.772000E+00  -.105956E+01
0.768000E+00  -.112133E+01
0.764000E+00  -.118643E+01
0.760000E+00  -.125502E+01
0.756000E+00  -.132727E+01
0.752000E+00  -.140337E+01
0.748000E+00  -.148350E+01
0.744000E+00  -.156787E+01
0.740000E+00  -.165667E+01
0.736000E+00  -.175012E+01
0.732000E+00  -.184847E+01
0.728000E+00  -.195194E+01
0.724000E+00  -.206079E+01
0.720000E+00  -.217528E+01
0.716000E+00  -.229571E+01
0.712000E+00  -.242236E+01
0.708000E+00  -.255555E+01
0.704000E+00  -.269560E+01
0.700000E+00  -.284287E+01
0.696000E+00  -.299771E+01
0.692000E+00  -.316051E+01
0.688000E+00  -.333167E+01
0.684000E+00  -.351163E+01
0.680000E+00  -.370083E+01
0.676000E+00  -.389976E+01
0.672000E+00  -.410891E+01
0.668000E+00  -.432882E+01
0.664000E+00  -.456005E+01
0.660000E+00  -.480319E+01
0.656000E+00  -.505888E+01
0.652000E+00  -.532778E+01
0.648000E+00  -.561060E+01
0.644000E+00  -.590807E+01
0.640000E+00  -.622099E+01
0.636000E+00  -.655020E+01
0.632000E+00  -.689657E+01
0.628000E+00  -.726106E+01
0.624000E+00  -.764464E+01
0.620000E+00  -.804840E+01
0.616000E+00  -.847343E+01
0.612000E+00  -.892094E+01
0.608000E+00  -.939218E+01
0.604000E+00  -.988851E+01
0.600000E+00  -.104113E+02
