0.996000E+00  -.105301E+00
0.992000E+00  -.211710E+00
0.988000E+00  -.319249E+00
0.984000E+00  -.427943E+00
0.980000E+00  -.537814E+00
0.976000E+00  -.648886E+00
0.972000E+00  -.761186E+00
0.968000E+00  -.874737E+00
0.964000E+00  -.989566E+00
0.960000E+00  -.110570E+01
0.956000E+00  -.122317E+01
0.952000E+00  -.134199E+01
0.948000E+00  -.146221E+01
0.944000E+00  -.158385E+01
0.940000E+00  -.170694E+01
0.936000E+00  -.183150E+01
0.932000E+00  -.195759E+01
0.928000E+00  -.208521E+01
0.924000E+00  -.221442E+01
0.920000E+00  -.234525E+01
0.916000E+00  -.247773E+01
0.912000E+00  -.261189E+01
0.908000E+00  -.274778E+01
0.904000E+00  -.288544E+01
0.900000E+00  -.302490E+01
0.896000E+00  -.316620E+01
0.892000E+00  -.330940E+01
0.888000E+00  -.345452E+01
0.884000E+00  -.360163E+01
0.880000E+00  -.375075E+01
0.876000E+00  -.390195E+01
0.872000E+00  -.405526E+01
0.868000E+00  -.421075E+01
0.864000E+00  -.436845E+01
0.860000E+00  -.452843E+01
0.856000E+00  -.469073E+01
0.852000E+00  -.485542E+01
0.848000E+00  -.502256E+01
0.844000E+00  -.519219E+01
0.840000E+00  -.536439E+01
0.836000E+00  -.553922E+01
0.832000E+00  -.571674E+01
0.828000E+00  -.589703E+01
0.824000E+00  -.608014E+01
0.820000E+00  -.626615E+01
0.816000E+00  -.645515E+01
0.812000E+00  -.664719E+01
0.808000E+00  -.684237E+01
0.804000E+00  -.704076E+01
0.800000E+00  -.724245E+01
0.796000E+00  -.744752E+01
0.792000E+00  -.765606E+01
0.788000E+00  -.786817E+01
0.784000E+00  -.808395E+01
0.780000E+00  -.830348E+01
0.776000E+00  -.852688E+01
0.772000E+00  -.875424E+01
0.768000E+00  -.898568E+01
0.764000E+00  -.922132E+01
0.760000E+00  -.946126E+01
0.756000E+00  -.970562E+01
0.752000E+00  -.995454E+01
0.748000E+00  -.102081E+02
0.744000E+00  -.104666E+02
0.740000E+00  -.107299E+02
0.736000E+00  -.109984E+02
0.732000E+00  -.112721E+02
0.728000E+00  -.115512E+02
0.724000E+00  -.118359E+02
0.720000E+00  -.121263E+02
0.716000E+00  -.124226E+02
0.712000E+00  -.127250E+02
0.708000E+00  -.130337E+02
0.704000E+00  -.133488E+02
0.700000E+00  -.136705E+02
0.696000E+00  -.139991E+02
0.692000E+00  -.143348E+02
0.688000E+00  -.146778E+02
0.684000E+00  -.150283E+02
0.680000E+00  -.153866E+02
0.676000E+00  -.157529E+02
0.672000E+00  -.161274E+02
0.668000E+00  -.165105E+02
0.664000E+00  -.169025E+02
0.660000E+00  -.173036E+02
0.656000E+00  -.177141E+02
0.652000E+00  -.181343E+02
0.648000E+00  -.185646E+02
0.644000E+00  -.190053E+02
0.640000E+00  -.194569E+02
0.636000E+00  -.199195E+02
0.632000E+00  -.203937E+02
0.628000E+00  -.208799E+02
0.624000E+00  -.213784E+02
0.620000E+00  -.218898E+02
0.616000E+00  -.224144E+02
0.612000E+00  -.229528E+02
0.608000E+00  -.235054E+02
0.604000E+00  -.240729E+02
0.600000E+00  -.246557E+02
