0.996000E+00  -.196860E-02
0.992000E+00  -.396137E-02
0.988000E+00  -.598223E-02
0.984000E+00  -.803534E-02
0.980000E+00  -.101251E-01
0.976000E+00  -.122561E-01
0.972000E+00  -.144334E-01
0.968000E+00  -.166620E-01
0.964000E+00  -.189477E-01
0.960000E+00  -.212962E-01
0.956000E+00  -.237138E-01
0.952000E+00  -.262070E-01
0.948000E+00  -.287829E-01
0.944000E+00  -.314489E-01
0.940000E+00  -.342128E-01
0.936000E+00  -.370831E-01
0.932000E+00  -.400686E-01
0.928000E+00  -.431787E-01
0.924000E+00  -.464234E-01
0.920000E+00  -.498134E-01
0.916000E+00  -.533600E-01
0.912000E+00  -.570752E-01
0.908000E+00  -.609718E-01
0.904000E+00  -.650632E-01
0.900000E+00  -.693640E-01
0.896000E+00  -.738895E-01
0.892000E+00  -.786561E-01
0.888000E+00  -.836810E-01
0.884000E+00  -.889827E-01
0.880000E+00  -.945810E-01
0.876000E+00  -.100497E+00
0.872000E+00  -.106752E+00
0.868000E+00  -.113371E+00
0.864000E+00  -.120379E+00
0.860000E+00  -.127802E+00
0.856000E+00  -.135670E+00
0.852000E+00  -.144013E+00
0.848000E+00  -.152863E+00
0.844000E+00  -.162256E+00
0.840000E+00  -.172228E+00
0.836000E+00  -.182819E+00
0.832000E+00  -.194071E+00
0.828000E+00  -.206030E+00
0.824000E+00  -.218743E+00
0.820000E+00  -.232261E+00
0.816000E+00  -.246639E+00
0.812000E+00  -.261936E+00
0.808000E+00  -.278215E+00
0.804000E+00  -.295541E+00
0.800000E+00  -.313987E+00
0.796000E+00  -.333629E+00
0.792000E+00  -.354547E+00
0.788000E+00  -.376831E+00
0.784000E+00  -.400572E+00
0.780000E+00  -.425871E+00
0.776000E+00  -.452835E+00
0.772000E+00  -.481578E+00
0.768000E+00  -.512223E+00
0.764000E+00  -.544900E+00
0.760000E+00  -.579752E+00
0.756000E+00  -.616928E+00
0.752000E+00  -.656591E+00
0.748000E+00  -.698913E+00
0.744000E+00  -.744081E+00
0.740000E+00  -.792294E+00
0.736000E+00  -.843766E+00
0.732000E+00  -.898728E+00
0.728000E+00  -.957427E+00
0.724000E+00  -.102013E+01
0.720000E+00  -.108711E+01
0.716000E+00  -.115869E+01
0.712000E+00  -.123520E+01
0.708000E+00  -.131698E+01
0.704000E+00  -.140442E+01
0.700000E+00  -.149793E+01
0.696000E+00  -.159795E+01
0.692000E+00  -.170497E+01
0.688000E+00  -.181948E+01
0.684000E+00  -.194205E+01
0.680000E+00  -.207327E+01
0.676000E+00  -.221378E+01
0.672000E+00  -.236429E+01
0.668000E+00  -.252553E+01
0.664000E+00  -.269833E+01
0.660000E+00  -.288354E+01
0.656000E+00  -.308213E+01
0.652000E+00  -.329511E+01
0.648000E+00  -.352358E+01
0.644000E+00  -.376875E+01
0.640000E+00  -.403191E+01
0.636000E+00  -.431446E+01
0.632000E+00  -.461792E+01
0.628000E+00  -.494393E+01
0.624000E+00  -.529430E+01
0.620000E+00  -.567094E+01
0.616000E+00  -.607598E+01
0.612000E+00  -.651169E+01
0.608000E+00  -.698055E+01
0.604000E+00  -.748527E+01
0.600000E+00  -.802877E+01
