0.996000E+00  -.126037E+00
0.992000E+00  -.252796E+00
0.988000E+00  -.380354E+00
0.984000E+00  -.508791E+00
0.980000E+00  -.638185E+00
0.976000E+00  -.768619E+00
0.972000E+00  -.900174E+00
0.968000E+00  -.103294E+01
0.964000E+00  -.116699E+01
0.960000E+00  -.130242E+01
0.956000E+00  -.143933E+01
0.952000E+00  -.157779E+01
0.948000E+00  -.171790E+01
0.944000E+00  -.185977E+01
0.940000E+00  -.200348E+01
0.936000E+00  -.214913E+01
0.932000E+00  -.229683E+01
0.928000E+00  -.244668E+01
0.924000E+00  -.259879E+01
0.920000E+00  -.275326E+01
0.916000E+00  -.291022E+01
0.912000E+00  -.306977E+01
0.908000E+00  -.323203E+01
0.904000E+00  -.339713E+01
0.900000E+00  -.356518E+01
0.896000E+00  -.373633E+01
0.892000E+00  -.391070E+01
0.888000E+00  -.408842E+01
0.884000E+00  -.426965E+01
0.880000E+00  -.445451E+01
0.876000E+00  -.464317E+01
0.872000E+00  -.483577E+01
0.868000E+00  -.503248E+01
0.864000E+00  -.523346E+01
0.860000E+00  -.543887E+01
0.856000E+00  -.564890E+01
0.852000E+00  -.586372E+01
0.848000E+00  -.608352E+01
0.844000E+00  -.630849E+01
0.840000E+00  -.653883E+01
0.836000E+00  -.677475E+01
0.832000E+00  -.701647E+01
0.828000E+00  -.726420E+01
0.824000E+00  -.751818E+01
0.820000E+00  -.777864E+01
0.816000E+00  -.804582E+01
0.812000E+00  -.832000E+01
0.808000E+00  -.860143E+01
0.804000E+00  -.889038E+01
0.800000E+00  -.918715E+01
0.796000E+00  -.949203E+01
0.792000E+00  -.980533E+01
0.788000E+00  -.101274E+02
0.784000E+00  -.104585E+02
0.780000E+00  -.107990E+02
0.776000E+00  -.111493E+02
0.772000E+00  -.115098E+02
0.768000E+00  -.118808E+02
0.764000E+00  -.122628E+02
0.760000E+00  -.126562E+02
0.756000E+00  -.130614E+02
0.752000E+00  -.134788E+02
0.748000E+00  -.139090E+02
0.744000E+00  -.143525E+02
0.740000E+00  -.148098E+02
0.736000E+00  -.152814E+02
0.732000E+00  -.157678E+02
0.728000E+00  -.162698E+02
0.724000E+00  -.167878E+02
0.720000E+00  -.173226E+02
0.716000E+00  -.178749E+02
0.712000E+00  -.184452E+02
0.708000E+00  -.190344E+02
0.704000E+00  -.196433E+02
0.700000E+00  -.202726E+02
0.696000E+00  -.209231E+02
0.692000E+00  -.215959E+02
0.688000E+00  -.222917E+02
0.684000E+00  -.230115E+02
0.680000E+00  -.237565E+02
0.676000E+00  -.245275E+02
0.672000E+00  -.253258E+02
0.668000E+00  -.261525E+02
0.664000E+00  -.270089E+02
0.660000E+00  -.278961E+02
0.656000E+00  -.288156E+02
0.652000E+00  -.297688E+02
0.648000E+00  -.307571E+02
0.644000E+00  -.317821E+02
0.640000E+00  -.328455E+02
0.636000E+00  -.339490E+02
0.632000E+00  -.350943E+02
0.628000E+00  -.362834E+02
0.624000E+00  -.375183E+02
0.620000E+00  -.388011E+02
0.616000E+00  -.401340E+02
0.612000E+00  -.415194E+02
0.608000E+00  -.429596E+02
0.604000E+00  -.444574E+02
0.600000E+00  -.460154E+02
