0.996000E+00  -.452012E-01
0.992000E+00  -.909036E-01
0.988000E+00  -.137120E+00
0.984000E+00  -.183864E+00
0.980000E+00  -.231149E+00
0.976000E+00  -.278990E+00
0.972000E+00  -.327401E+00
0.968000E+00  -.376397E+00
0.964000E+00  -.425993E+00
0.960000E+00  -.476206E+00
0.956000E+00  -.527052E+00
0.952000E+00  -.578547E+00
0.948000E+00  -.630709E+00
0.944000E+00  -.683556E+00
0.940000E+00  -.737107E+00
0.936000E+00  -.791379E+00
0.932000E+00  -.846393E+00
0.928000E+00  -.902169E+00
0.924000E+00  -.958727E+00
0.920000E+00  -.101609E+01
0.916000E+00  -.107428E+01
0.912000E+00  -.113331E+01
0.908000E+00  -.119322E+01
0.904000E+00  -.125402E+01
0.900000E+00  -.131575E+01
0.896000E+00  -.137842E+01
0.892000E+00  -.144206E+01
0.888000E+00  -.150671E+01
0.884000E+00  -.157238E+01
0.880000E+00  -.163911E+01
0.876000E+00  -.170692E+01
0.872000E+00  -.177586E+01
0.868000E+00  -.184594E+01
0.864000E+00  -.191721E+01
0.860000E+00  -.198969E+01
0.856000E+00  -.206343E+01
0.852000E+00  -.213845E+01
0.848000E+00  -.221480E+01
0.844000E+00  -.229251E+01
0.840000E+00  -.237163E+01
0.836000E+00  -.245220E+01
0.832000E+00  -.253425E+01
0.828000E+00  -.261784E+01
0.824000E+00  -.270301E+01
0.820000E+00  -.278980E+01
0.816000E+00  -.287827E+01
0.812000E+00  -.296847E+01
0.808000E+00  -.306044E+01
0.804000E+00  -.315425E+01
0.800000E+00  -.324995E+01
0.796000E+00  -.334760E+01
0.792000E+00  -.344725E+01
0.788000E+00  -.354897E+01
0.784000E+00  -.365284E+01
0.780000E+00  -.375890E+01
0.776000E+00  -.386724E+01
0.772000E+00  -.397792E+01
0.768000E+00  -.409102E+01
0.764000E+00  -.420661E+01
0.760000E+00  -.432479E+01
0.756000E+00  -.444563E+01
0.752000E+00  -.456921E+01
0.748000E+00  -.469564E+01
0.744000E+00  -.482499E+01
0.740000E+00  -.495737E+01
0.736000E+00  -.509289E+01
0.732000E+00  -.523164E+01
0.728000E+00  -.537373E+01
0.724000E+00  -.551927E+01
0.720000E+00  -.566839E+01
0.716000E+00  -.582121E+01
0.712000E+00  -.597785E+01
0.708000E+00  -.613845E+01
0.704000E+00  -.630313E+01
0.700000E+00  -.647206E+01
0.696000E+00  -.664537E+01
0.692000E+00  -.682322E+01
0.688000E+00  -.700578E+01
0.684000E+00  -.719321E+01
0.680000E+00  -.738568E+01
0.676000E+00  -.758339E+01
0.672000E+00  -.778651E+01
0.668000E+00  -.799526E+01
0.664000E+00  -.820984E+01
0.660000E+00  -.843046E+01
0.656000E+00  -.865735E+01
0.652000E+00  -.889075E+01
0.648000E+00  -.913090E+01
0.644000E+00  -.937806E+01
0.640000E+00  -.963251E+01
0.636000E+00  -.989452E+01
0.632000E+00  -.101644E+02
0.628000E+00  -.104424E+02
0.624000E+00  -.107289E+02
0.620000E+00  -.110243E+02
0.616000E+00  -.113288E+02
0.612000E+00  -.116428E+02
0.608000E+00  -.119668E+02
0.604000E+00  -.123011E+02
0.600000E+00  -.126462E+02
