0.996000E+00  -.188231E-01
0.992000E+00  -.381548E-01
0.988000E+00  -.580158E-01
0.984000E+00  -.784279E-01
0.980000E+00  -.994135E-01
0.976000E+00  -.120996E+00
0.972000E+00  -.143200E+00
0.968000E+00  -.166052E+00
0.964000E+00  -.189577E+00
0.960000E+00  -.213803E+00
0.956000E+00  -.238760E+00
0.952000E+00  -.264476E+00
0.948000E+00  -.290985E+00
0.944000E+00  -.318318E+00
0.940000E+00  -.346510E+00
0.936000E+00  -.375596E+00
0.932000E+00  -.405613E+00
0.928000E+00  -.436600E+00
0.924000E+00  -.468599E+00
0.920000E+00  -.501650E+00
0.916000E+00  -.535798E+00
0.912000E+00  -.571089E+00
0.908000E+00  -.607571E+00
0.904000E+00  -.645295E+00
0.900000E+00  -.684312E+00
0.896000E+00  -.724678E+00
0.892000E+00  -.766449E+00
0.888000E+00  -.809687E+00
0.884000E+00  -.854452E+00
0.880000E+00  -.900811E+00
0.876000E+00  -.948833E+00
0.872000E+00  -.998587E+00
0.868000E+00  -.105015E+01
0.864000E+00  -.110360E+01
0.860000E+00  -.115902E+01
0.856000E+00  -.121649E+01
0.852000E+00  -.127610E+01
0.848000E+00  -.133795E+01
0.844000E+00  -.140214E+01
0.840000E+00  -.146877E+01
0.836000E+00  -.153794E+01
0.832000E+00  -.160978E+01
0.828000E+00  -.168439E+01
0.824000E+00  -.176190E+01
0.820000E+00  -.184244E+01
0.816000E+00  -.192615E+01
0.812000E+00  -.201317E+01
0.808000E+00  -.210366E+01
0.804000E+00  -.219776E+01
0.800000E+00  -.229564E+01
0.796000E+00  -.239748E+01
0.792000E+00  -.250346E+01
0.788000E+00  -.261377E+01
0.784000E+00  -.272861E+01
0.780000E+00  -.284819E+01
0.776000E+00  -.297273E+01
0.772000E+00  -.310246E+01
0.768000E+00  -.323763E+01
0.764000E+00  -.337850E+01
0.760000E+00  -.352533E+01
0.756000E+00  -.367841E+01
0.752000E+00  -.383805E+01
0.748000E+00  -.400454E+01
0.744000E+00  -.417823E+01
0.740000E+00  -.435947E+01
0.736000E+00  -.454861E+01
0.732000E+00  -.474606E+01
0.728000E+00  -.495221E+01
0.724000E+00  -.516750E+01
0.720000E+00  -.539237E+01
0.716000E+00  -.562731E+01
0.712000E+00  -.587283E+01
0.708000E+00  -.612944E+01
0.704000E+00  -.639772E+01
0.700000E+00  -.667825E+01
0.696000E+00  -.697167E+01
0.692000E+00  -.727862E+01
0.688000E+00  -.759982E+01
0.684000E+00  -.793599E+01
0.680000E+00  -.828792E+01
0.676000E+00  -.865643E+01
0.672000E+00  -.904240E+01
0.668000E+00  -.944674E+01
0.664000E+00  -.987043E+01
0.660000E+00  -.103145E+02
0.656000E+00  -.107801E+02
0.652000E+00  -.112683E+02
0.648000E+00  -.117804E+02
0.644000E+00  -.123176E+02
0.640000E+00  -.128815E+02
0.636000E+00  -.134733E+02
0.632000E+00  -.140947E+02
0.628000E+00  -.147474E+02
0.624000E+00  -.154331E+02
0.620000E+00  -.161536E+02
0.616000E+00  -.169110E+02
0.612000E+00  -.177073E+02
0.608000E+00  -.185447E+02
0.604000E+00  -.194258E+02
0.600000E+00  -.203530E+02
