0.996000E+00  -.137640E+00
0.992000E+00  -.277027E+00
0.988000E+00  -.418276E+00
0.984000E+00  -.561510E+00
0.980000E+00  -.706855E+00
0.976000E+00  -.854445E+00
0.972000E+00  -.100442E+01
0.968000E+00  -.115692E+01
0.964000E+00  -.131211E+01
0.960000E+00  -.147015E+01
0.956000E+00  -.163119E+01
0.952000E+00  -.179543E+01
0.948000E+00  -.196305E+01
0.944000E+00  -.213423E+01
0.940000E+00  -.230920E+01
0.936000E+00  -.248817E+01
0.932000E+00  -.267136E+01
0.928000E+00  -.285902E+01
0.924000E+00  -.305140E+01
0.920000E+00  -.324877E+01
0.916000E+00  -.345142E+01
0.912000E+00  -.365964E+01
0.908000E+00  -.387375E+01
0.904000E+00  -.409408E+01
0.900000E+00  -.432099E+01
0.896000E+00  -.455486E+01
0.892000E+00  -.479607E+01
0.888000E+00  -.504506E+01
0.884000E+00  -.530226E+01
0.880000E+00  -.556815E+01
0.876000E+00  -.584322E+01
0.872000E+00  -.612802E+01
0.868000E+00  -.642310E+01
0.864000E+00  -.672906E+01
0.860000E+00  -.704654E+01
0.856000E+00  -.737622E+01
0.852000E+00  -.771881E+01
0.848000E+00  -.807509E+01
0.844000E+00  -.844586E+01
0.840000E+00  -.883199E+01
0.836000E+00  -.923441E+01
0.832000E+00  -.965411E+01
0.828000E+00  -.100921E+02
0.824000E+00  -.105496E+02
0.820000E+00  -.110277E+02
0.816000E+00  -.115277E+02
0.812000E+00  -.120510E+02
0.808000E+00  -.125990E+02
0.804000E+00  -.131733E+02
0.800000E+00  -.137755E+02
0.796000E+00  -.144075E+02
0.792000E+00  -.150711E+02
0.788000E+00  -.157684E+02
0.784000E+00  -.165015E+02
0.780000E+00  -.172728E+02
0.776000E+00  -.180848E+02
0.772000E+00  -.189401E+02
0.768000E+00  -.198417E+02
0.764000E+00  -.207927E+02
0.760000E+00  -.217963E+02
0.756000E+00  -.228562E+02
0.752000E+00  -.239761E+02
0.748000E+00  -.251602E+02
0.744000E+00  -.264129E+02
0.740000E+00  -.277390E+02
0.736000E+00  -.291436E+02
0.732000E+00  -.306323E+02
0.728000E+00  -.322109E+02
0.724000E+00  -.338859E+02
0.720000E+00  -.356643E+02
0.716000E+00  -.375534E+02
0.712000E+00  -.395614E+02
0.708000E+00  -.416969E+02
0.704000E+00  -.439693E+02
0.700000E+00  -.463888E+02
0.696000E+00  -.489664E+02
0.692000E+00  -.517139E+02
0.688000E+00  -.546443E+02
0.684000E+00  -.577714E+02
0.680000E+00  -.611103E+02
0.676000E+00  -.646775E+02
0.672000E+00  -.684905E+02
0.668000E+00  -.725687E+02
0.664000E+00  -.769330E+02
0.660000E+00  -.816061E+02
0.656000E+00  -.866126E+02
0.652000E+00  -.919794E+02
0.648000E+00  -.977357E+02
0.644000E+00  -.103913E+03
0.640000E+00  -.110546E+03
0.636000E+00  -.117673E+03
0.632000E+00  -.125334E+03
0.628000E+00  -.133575E+03
0.624000E+00  -.142444E+03
0.620000E+00  -.151995E+03
0.616000E+00  -.162287E+03
0.612000E+00  -.173382E+03
0.608000E+00  -.185352E+03
0.604000E+00  -.198271E+03
0.600000E+00  -.212226E+03
