0.996000E+00  -.699250E-01
0.992000E+00  -.140001E+00
0.988000E+00  -.210272E+00
0.984000E+00  -.280784E+00
0.980000E+00  -.351585E+00
0.976000E+00  -.422723E+00
0.972000E+00  -.494248E+00
0.968000E+00  -.566209E+00
0.964000E+00  -.638660E+00
0.960000E+00  -.711653E+00
0.956000E+00  -.785244E+00
0.952000E+00  -.859489E+00
0.948000E+00  -.934447E+00
0.944000E+00  -.101018E+01
0.940000E+00  -.108674E+01
0.936000E+00  -.116421E+01
0.932000E+00  -.124264E+01
0.928000E+00  -.132210E+01
0.924000E+00  -.140267E+01
0.920000E+00  -.148441E+01
0.916000E+00  -.156741E+01
0.912000E+00  -.165173E+01
0.908000E+00  -.173747E+01
0.904000E+00  -.182470E+01
0.900000E+00  -.191352E+01
0.896000E+00  -.200401E+01
0.892000E+00  -.209626E+01
0.888000E+00  -.219039E+01
0.884000E+00  -.228648E+01
0.880000E+00  -.238464E+01
0.876000E+00  -.248499E+01
0.872000E+00  -.258764E+01
0.868000E+00  -.269270E+01
0.864000E+00  -.280031E+01
0.860000E+00  -.291059E+01
0.856000E+00  -.302369E+01
0.852000E+00  -.313973E+01
0.848000E+00  -.325888E+01
0.844000E+00  -.338129E+01
0.840000E+00  -.350711E+01
0.836000E+00  -.363652E+01
0.832000E+00  -.376970E+01
0.828000E+00  -.390684E+01
0.824000E+00  -.404813E+01
0.820000E+00  -.419377E+01
0.816000E+00  -.434399E+01
0.812000E+00  -.449900E+01
0.808000E+00  -.465905E+01
0.804000E+00  -.482438E+01
0.800000E+00  -.499526E+01
0.796000E+00  -.517196E+01
0.792000E+00  -.535477E+01
0.788000E+00  -.554400E+01
0.784000E+00  -.573997E+01
0.780000E+00  -.594302E+01
0.776000E+00  -.615350E+01
0.772000E+00  -.637179E+01
0.768000E+00  -.659829E+01
0.764000E+00  -.683341E+01
0.760000E+00  -.707761E+01
0.756000E+00  -.733134E+01
0.752000E+00  -.759510E+01
0.748000E+00  -.786941E+01
0.744000E+00  -.815481E+01
0.740000E+00  -.845191E+01
0.736000E+00  -.876131E+01
0.732000E+00  -.908366E+01
0.728000E+00  -.941967E+01
0.724000E+00  -.977006E+01
0.720000E+00  -.101356E+02
0.716000E+00  -.105172E+02
0.712000E+00  -.109156E+02
0.708000E+00  -.113318E+02
0.704000E+00  -.117668E+02
0.700000E+00  -.122216E+02
0.696000E+00  -.126974E+02
0.692000E+00  -.131953E+02
0.688000E+00  -.137166E+02
0.684000E+00  -.142627E+02
0.680000E+00  -.148350E+02
0.676000E+00  -.154350E+02
0.672000E+00  -.160643E+02
0.668000E+00  -.167248E+02
0.664000E+00  -.174182E+02
0.660000E+00  -.181465E+02
0.656000E+00  -.189118E+02
0.652000E+00  -.197165E+02
0.648000E+00  -.205629E+02
0.644000E+00  -.214536E+02
0.640000E+00  -.223914E+02
0.636000E+00  -.233793E+02
0.632000E+00  -.244204E+02
0.628000E+00  -.255182E+02
0.624000E+00  -.266763E+02
0.620000E+00  -.278986E+02
0.616000E+00  -.291894E+02
0.612000E+00  -.305532E+02
0.608000E+00  -.319949E+02
0.604000E+00  -.335196E+02
0.600000E+00  -.351332E+02
