0.996000E+00  -.119433E+00
0.992000E+00  -.239614E+00
0.988000E+00  -.360609E+00
0.984000E+00  -.482484E+00
0.980000E+00  -.605307E+00
0.976000E+00  -.729149E+00
0.972000E+00  -.854080E+00
0.968000E+00  -.980175E+00
0.964000E+00  -.110751E+01
0.960000E+00  -.123616E+01
0.956000E+00  -.136621E+01
0.952000E+00  -.149773E+01
0.948000E+00  -.163083E+01
0.944000E+00  -.176557E+01
0.940000E+00  -.190205E+01
0.936000E+00  -.204037E+01
0.932000E+00  -.218062E+01
0.928000E+00  -.232289E+01
0.924000E+00  -.246730E+01
0.920000E+00  -.261394E+01
0.916000E+00  -.276293E+01
0.912000E+00  -.291437E+01
0.908000E+00  -.306838E+01
0.904000E+00  -.322508E+01
0.900000E+00  -.338460E+01
0.896000E+00  -.354707E+01
0.892000E+00  -.371261E+01
0.888000E+00  -.388137E+01
0.884000E+00  -.405348E+01
0.880000E+00  -.422910E+01
0.876000E+00  -.440838E+01
0.872000E+00  -.459148E+01
0.868000E+00  -.477856E+01
0.864000E+00  -.496979E+01
0.860000E+00  -.516536E+01
0.856000E+00  -.536545E+01
0.852000E+00  -.557024E+01
0.848000E+00  -.577995E+01
0.844000E+00  -.599477E+01
0.840000E+00  -.621492E+01
0.836000E+00  -.644063E+01
0.832000E+00  -.667214E+01
0.828000E+00  -.690967E+01
0.824000E+00  -.715350E+01
0.820000E+00  -.740387E+01
0.816000E+00  -.766108E+01
0.812000E+00  -.792540E+01
0.808000E+00  -.819713E+01
0.804000E+00  -.847659E+01
0.800000E+00  -.876410E+01
0.796000E+00  -.906000E+01
0.792000E+00  -.936465E+01
0.788000E+00  -.967841E+01
0.784000E+00  -.100017E+02
0.780000E+00  -.103349E+02
0.776000E+00  -.106784E+02
0.772000E+00  -.110326E+02
0.768000E+00  -.113982E+02
0.764000E+00  -.117754E+02
0.760000E+00  -.121649E+02
0.756000E+00  -.125671E+02
0.752000E+00  -.129827E+02
0.748000E+00  -.134121E+02
0.744000E+00  -.138560E+02
0.740000E+00  -.143151E+02
0.736000E+00  -.147900E+02
0.732000E+00  -.152815E+02
0.728000E+00  -.157902E+02
0.724000E+00  -.163169E+02
0.720000E+00  -.168625E+02
0.716000E+00  -.174278E+02
0.712000E+00  -.180136E+02
0.708000E+00  -.186211E+02
0.704000E+00  -.192510E+02
0.700000E+00  -.199046E+02
0.696000E+00  -.205828E+02
0.692000E+00  -.212868E+02
0.688000E+00  -.220179E+02
0.684000E+00  -.227774E+02
0.680000E+00  -.235665E+02
0.676000E+00  -.243867E+02
0.672000E+00  -.252395E+02
0.668000E+00  -.261265E+02
0.664000E+00  -.270494E+02
0.660000E+00  -.280099E+02
0.656000E+00  -.290098E+02
0.652000E+00  -.300512E+02
0.648000E+00  -.311361E+02
0.644000E+00  -.322666E+02
0.640000E+00  -.334452E+02
0.636000E+00  -.346743E+02
0.632000E+00  -.359564E+02
0.628000E+00  -.372943E+02
0.624000E+00  -.386910E+02
0.620000E+00  -.401494E+02
0.616000E+00  -.416729E+02
0.612000E+00  -.432649E+02
0.608000E+00  -.449291E+02
0.604000E+00  -.466693E+02
0.600000E+00  -.484898E+02
