0.996000E+00  -.315796E-01
0.992000E+00  -.640434E-01
0.988000E+00  -.974437E-01
0.984000E+00  -.131835E+00
0.980000E+00  -.167276E+00
0.976000E+00  -.203827E+00
0.972000E+00  -.241553E+00
0.968000E+00  -.280521E+00
0.964000E+00  -.320802E+00
0.960000E+00  -.362473E+00
0.956000E+00  -.405612E+00
0.952000E+00  -.450304E+00
0.948000E+00  -.496638E+00
0.944000E+00  -.544707E+00
0.940000E+00  -.594610E+00
0.936000E+00  -.646451E+00
0.932000E+00  -.700342E+00
0.928000E+00  -.756400E+00
0.924000E+00  -.814747E+00
0.920000E+00  -.875514E+00
0.916000E+00  -.938842E+00
0.912000E+00  -.100487E+01
0.908000E+00  -.107377E+01
0.904000E+00  -.114569E+01
0.900000E+00  -.122081E+01
0.896000E+00  -.129931E+01
0.892000E+00  -.138139E+01
0.888000E+00  -.146726E+01
0.884000E+00  -.155714E+01
0.880000E+00  -.165126E+01
0.876000E+00  -.174987E+01
0.872000E+00  -.185323E+01
0.868000E+00  -.196163E+01
0.864000E+00  -.207535E+01
0.860000E+00  -.219471E+01
0.856000E+00  -.232006E+01
0.852000E+00  -.245174E+01
0.848000E+00  -.259014E+01
0.844000E+00  -.273565E+01
0.840000E+00  -.288872E+01
0.836000E+00  -.304979E+01
0.832000E+00  -.321935E+01
0.828000E+00  -.339792E+01
0.824000E+00  -.358606E+01
0.820000E+00  -.378435E+01
0.816000E+00  -.399341E+01
0.812000E+00  -.421393E+01
0.808000E+00  -.444662E+01
0.804000E+00  -.469223E+01
0.800000E+00  -.495158E+01
0.796000E+00  -.522555E+01
0.792000E+00  -.551506E+01
0.788000E+00  -.582110E+01
0.784000E+00  -.614474E+01
0.780000E+00  -.648711E+01
0.776000E+00  -.684943E+01
0.772000E+00  -.723300E+01
0.768000E+00  -.763921E+01
0.764000E+00  -.806955E+01
0.760000E+00  -.852562E+01
0.756000E+00  -.900913E+01
0.752000E+00  -.952193E+01
0.748000E+00  -.100660E+02
0.744000E+00  -.106434E+02
0.740000E+00  -.112564E+02
0.736000E+00  -.119075E+02
0.732000E+00  -.125993E+02
0.728000E+00  -.133346E+02
0.724000E+00  -.141164E+02
0.720000E+00  -.149479E+02
0.716000E+00  -.158328E+02
0.712000E+00  -.167746E+02
0.708000E+00  -.177776E+02
0.704000E+00  -.188461E+02
0.700000E+00  -.199847E+02
0.696000E+00  -.211986E+02
0.692000E+00  -.224932E+02
0.688000E+00  -.238744E+02
0.684000E+00  -.253487E+02
0.680000E+00  -.269230E+02
0.676000E+00  -.286046E+02
0.672000E+00  -.304016E+02
0.668000E+00  -.323228E+02
0.664000E+00  -.343776E+02
0.660000E+00  -.365762E+02
0.656000E+00  -.389297E+02
0.652000E+00  -.414500E+02
0.648000E+00  -.441502E+02
0.644000E+00  -.470443E+02
0.640000E+00  -.501477E+02
0.636000E+00  -.534769E+02
0.632000E+00  -.570501E+02
0.628000E+00  -.608868E+02
0.624000E+00  -.650085E+02
0.620000E+00  -.694383E+02
0.616000E+00  -.742015E+02
0.612000E+00  -.793257E+02
0.608000E+00  -.848410E+02
0.604000E+00  -.907801E+02
0.600000E+00  -.971787E+02
