0.996000E+00  -.284518E-01
0.992000E+00  -.578419E-01
0.988000E+00  -.882382E-01
0.984000E+00  -.119712E+00
0.980000E+00  -.152341E+00
0.976000E+00  -.186203E+00
0.972000E+00  -.221384E+00
0.968000E+00  -.257975E+00
0.964000E+00  -.296070E+00
0.960000E+00  -.335771E+00
0.956000E+00  -.377185E+00
0.952000E+00  -.420424E+00
0.948000E+00  -.465610E+00
0.944000E+00  -.512870E+00
0.940000E+00  -.562339E+00
0.936000E+00  -.614161E+00
0.932000E+00  -.668489E+00
0.928000E+00  -.725485E+00
0.924000E+00  -.785320E+00
0.920000E+00  -.848178E+00
0.916000E+00  -.914252E+00
0.912000E+00  -.983750E+00
0.908000E+00  -.105689E+01
0.904000E+00  -.113391E+01
0.900000E+00  -.121505E+01
0.896000E+00  -.130058E+01
0.892000E+00  -.139078E+01
0.888000E+00  -.148595E+01
0.884000E+00  -.158641E+01
0.880000E+00  -.169250E+01
0.876000E+00  -.180459E+01
0.872000E+00  -.192305E+01
0.868000E+00  -.204830E+01
0.864000E+00  -.218078E+01
0.860000E+00  -.232095E+01
0.856000E+00  -.246933E+01
0.852000E+00  -.262644E+01
0.848000E+00  -.279284E+01
0.844000E+00  -.296916E+01
0.840000E+00  -.315604E+01
0.836000E+00  -.335417E+01
0.832000E+00  -.356429E+01
0.828000E+00  -.378721E+01
0.824000E+00  -.402377E+01
0.820000E+00  -.427488E+01
0.816000E+00  -.454151E+01
0.812000E+00  -.482471E+01
0.808000E+00  -.512558E+01
0.804000E+00  -.544532E+01
0.800000E+00  -.578521E+01
0.796000E+00  -.614663E+01
0.792000E+00  -.653105E+01
0.788000E+00  -.694003E+01
0.784000E+00  -.737528E+01
0.780000E+00  -.783862E+01
0.776000E+00  -.833198E+01
0.772000E+00  -.885748E+01
0.768000E+00  -.941735E+01
0.764000E+00  -.100140E+02
0.760000E+00  -.106501E+02
0.756000E+00  -.113284E+02
0.752000E+00  -.120518E+02
0.748000E+00  -.128238E+02
0.744000E+00  -.136476E+02
0.740000E+00  -.145272E+02
0.736000E+00  -.154665E+02
0.732000E+00  -.164699E+02
0.728000E+00  -.175421E+02
0.724000E+00  -.186882E+02
0.720000E+00  -.199137E+02
0.716000E+00  -.212245E+02
0.712000E+00  -.226269E+02
0.708000E+00  -.241280E+02
0.704000E+00  -.257350E+02
0.700000E+00  -.274562E+02
0.696000E+00  -.293002E+02
0.692000E+00  -.312765E+02
0.688000E+00  -.333953E+02
0.684000E+00  -.356677E+02
0.680000E+00  -.381058E+02
0.676000E+00  -.407225E+02
0.672000E+00  -.435319E+02
0.668000E+00  -.465495E+02
0.664000E+00  -.497918E+02
0.660000E+00  -.532769E+02
0.656000E+00  -.570245E+02
0.652000E+00  -.610560E+02
0.648000E+00  -.653946E+02
0.644000E+00  -.700656E+02
0.640000E+00  -.750965E+02
0.636000E+00  -.805175E+02
0.632000E+00  -.863611E+02
0.628000E+00  -.926632E+02
0.624000E+00  -.994626E+02
0.620000E+00  -.106802E+03
0.616000E+00  -.114727E+03
0.612000E+00  -.123290E+03
0.608000E+00  -.132546E+03
0.604000E+00  -.142554E+03
0.600000E+00  -.153383E+03
