0.996000E+00  -.895050E-01
0.992000E+00  -.179556E+00
0.988000E+00  -.270207E+00
0.984000E+00  -.361512E+00
0.980000E+00  -.453529E+00
0.976000E+00  -.546315E+00
0.972000E+00  -.639930E+00
0.968000E+00  -.734435E+00
0.964000E+00  -.829895E+00
0.960000E+00  -.926372E+00
0.956000E+00  -.102394E+01
0.952000E+00  -.112265E+01
0.948000E+00  -.122260E+01
0.944000E+00  -.132384E+01
0.940000E+00  -.142647E+01
0.936000E+00  -.153054E+01
0.932000E+00  -.163616E+01
0.928000E+00  -.174339E+01
0.924000E+00  -.185233E+01
0.920000E+00  -.196307E+01
0.916000E+00  -.207570E+01
0.912000E+00  -.219033E+01
0.908000E+00  -.230704E+01
0.904000E+00  -.242595E+01
0.900000E+00  -.254717E+01
0.896000E+00  -.267080E+01
0.892000E+00  -.279697E+01
0.888000E+00  -.292580E+01
0.884000E+00  -.305742E+01
0.880000E+00  -.319196E+01
0.876000E+00  -.332957E+01
0.872000E+00  -.347038E+01
0.868000E+00  -.361454E+01
0.864000E+00  -.376223E+01
0.860000E+00  -.391360E+01
0.856000E+00  -.406882E+01
0.852000E+00  -.422808E+01
0.848000E+00  -.439157E+01
0.844000E+00  -.455948E+01
0.840000E+00  -.473202E+01
0.836000E+00  -.490942E+01
0.832000E+00  -.509189E+01
0.828000E+00  -.527969E+01
0.824000E+00  -.547305E+01
0.820000E+00  -.567225E+01
0.816000E+00  -.587756E+01
0.812000E+00  -.608928E+01
0.808000E+00  -.630771E+01
0.804000E+00  -.653318E+01
0.800000E+00  -.676602E+01
0.796000E+00  -.700659E+01
0.792000E+00  -.725527E+01
0.788000E+00  -.751246E+01
0.784000E+00  -.777858E+01
0.780000E+00  -.805407E+01
0.776000E+00  -.833939E+01
0.772000E+00  -.863504E+01
0.768000E+00  -.894155E+01
0.764000E+00  -.925945E+01
0.760000E+00  -.958934E+01
0.756000E+00  -.993182E+01
0.752000E+00  -.102876E+02
0.748000E+00  -.106572E+02
0.744000E+00  -.110416E+02
0.740000E+00  -.114414E+02
0.736000E+00  -.118575E+02
0.732000E+00  -.122907E+02
0.728000E+00  -.127419E+02
0.724000E+00  -.132123E+02
0.720000E+00  -.137027E+02
0.716000E+00  -.142143E+02
0.712000E+00  -.147484E+02
0.708000E+00  -.153060E+02
0.704000E+00  -.158887E+02
0.700000E+00  -.164977E+02
0.696000E+00  -.171347E+02
0.692000E+00  -.178012E+02
0.688000E+00  -.184989E+02
0.684000E+00  -.192298E+02
0.680000E+00  -.199958E+02
0.676000E+00  -.207989E+02
0.672000E+00  -.216414E+02
0.668000E+00  -.225257E+02
0.664000E+00  -.234545E+02
0.660000E+00  -.244303E+02
0.656000E+00  -.254562E+02
0.652000E+00  -.265353E+02
0.648000E+00  -.276710E+02
0.644000E+00  -.288670E+02
0.640000E+00  -.301270E+02
0.636000E+00  -.314554E+02
0.632000E+00  -.328565E+02
0.628000E+00  -.343352E+02
0.624000E+00  -.358967E+02
0.620000E+00  -.375465E+02
0.616000E+00  -.392908E+02
0.612000E+00  -.411359E+02
0.608000E+00  -.430888E+02
0.604000E+00  -.451571E+02
0.600000E+00  -.473489E+02
