0.996000E+00  -.892203E-01
0.992000E+00  -.180133E+00
0.988000E+00  -.272794E+00
0.984000E+00  -.367260E+00
0.980000E+00  -.463592E+00
0.976000E+00  -.561851E+00
0.972000E+00  -.662102E+00
0.968000E+00  -.764411E+00
0.964000E+00  -.868850E+00
0.960000E+00  -.975489E+00
0.956000E+00  -.108441E+01
0.952000E+00  -.119568E+01
0.948000E+00  -.130938E+01
0.944000E+00  -.142561E+01
0.940000E+00  -.154445E+01
0.936000E+00  -.166599E+01
0.932000E+00  -.179032E+01
0.928000E+00  -.191755E+01
0.924000E+00  -.204778E+01
0.920000E+00  -.218112E+01
0.916000E+00  -.231768E+01
0.912000E+00  -.245757E+01
0.908000E+00  -.260093E+01
0.904000E+00  -.274787E+01
0.900000E+00  -.289853E+01
0.896000E+00  -.305305E+01
0.892000E+00  -.321157E+01
0.888000E+00  -.337425E+01
0.884000E+00  -.354123E+01
0.880000E+00  -.371269E+01
0.876000E+00  -.388880E+01
0.872000E+00  -.406973E+01
0.868000E+00  -.425567E+01
0.864000E+00  -.444683E+01
0.860000E+00  -.464339E+01
0.856000E+00  -.484558E+01
0.852000E+00  -.505361E+01
0.848000E+00  -.526773E+01
0.844000E+00  -.548817E+01
0.840000E+00  -.571520E+01
0.836000E+00  -.594907E+01
0.832000E+00  -.619007E+01
0.828000E+00  -.643849E+01
0.824000E+00  -.669463E+01
0.820000E+00  -.695883E+01
0.816000E+00  -.723141E+01
0.812000E+00  -.751272E+01
0.808000E+00  -.780315E+01
0.804000E+00  -.810307E+01
0.800000E+00  -.841289E+01
0.796000E+00  -.873303E+01
0.792000E+00  -.906396E+01
0.788000E+00  -.940613E+01
0.784000E+00  -.976003E+01
0.780000E+00  -.101262E+02
0.776000E+00  -.105052E+02
0.772000E+00  -.108975E+02
0.768000E+00  -.113038E+02
0.764000E+00  -.117247E+02
0.760000E+00  -.121609E+02
0.756000E+00  -.126131E+02
0.752000E+00  -.130819E+02
0.748000E+00  -.135682E+02
0.744000E+00  -.140729E+02
0.740000E+00  -.145966E+02
0.736000E+00  -.151405E+02
0.732000E+00  -.157053E+02
0.728000E+00  -.162922E+02
0.724000E+00  -.169021E+02
0.720000E+00  -.175362E+02
0.716000E+00  -.181957E+02
0.712000E+00  -.188818E+02
0.708000E+00  -.195958E+02
0.704000E+00  -.203391E+02
0.700000E+00  -.211132E+02
0.696000E+00  -.219196E+02
0.692000E+00  -.227600E+02
0.688000E+00  -.236360E+02
0.684000E+00  -.245496E+02
0.680000E+00  -.255027E+02
0.676000E+00  -.264972E+02
0.672000E+00  -.275354E+02
0.668000E+00  -.286196E+02
0.664000E+00  -.297523E+02
0.660000E+00  -.309359E+02
0.656000E+00  -.321733E+02
0.652000E+00  -.334673E+02
0.648000E+00  -.348210E+02
0.644000E+00  -.362378E+02
0.640000E+00  -.377210E+02
0.636000E+00  -.392744E+02
0.632000E+00  -.409019E+02
0.628000E+00  -.426077E+02
0.624000E+00  -.443963E+02
0.620000E+00  -.462722E+02
0.616000E+00  -.482407E+02
0.612000E+00  -.503070E+02
0.608000E+00  -.524769E+02
0.604000E+00  -.547564E+02
0.600000E+00  -.571520E+02
