0.996000E+00  -.578446E-01
0.992000E+00  -.115781E+00
0.988000E+00  -.173845E+00
0.984000E+00  -.232075E+00
0.980000E+00  -.290511E+00
0.976000E+00  -.349192E+00
0.972000E+00  -.408159E+00
0.968000E+00  -.467456E+00
0.964000E+00  -.527127E+00
0.960000E+00  -.587216E+00
0.956000E+00  -.647771E+00
0.952000E+00  -.708840E+00
0.948000E+00  -.770473E+00
0.944000E+00  -.832722E+00
0.940000E+00  -.895641E+00
0.936000E+00  -.959285E+00
0.932000E+00  -.102371E+01
0.928000E+00  -.108898E+01
0.924000E+00  -.115516E+01
0.920000E+00  -.122231E+01
0.916000E+00  -.129049E+01
0.912000E+00  -.135978E+01
0.908000E+00  -.143025E+01
0.904000E+00  -.150198E+01
0.900000E+00  -.157504E+01
0.896000E+00  -.164952E+01
0.892000E+00  -.172550E+01
0.888000E+00  -.180308E+01
0.884000E+00  -.188234E+01
0.880000E+00  -.196339E+01
0.876000E+00  -.204633E+01
0.872000E+00  -.213126E+01
0.868000E+00  -.221830E+01
0.864000E+00  -.230756E+01
0.860000E+00  -.239917E+01
0.856000E+00  -.249326E+01
0.852000E+00  -.258996E+01
0.848000E+00  -.268942E+01
0.844000E+00  -.279178E+01
0.840000E+00  -.289720E+01
0.836000E+00  -.300585E+01
0.832000E+00  -.311789E+01
0.828000E+00  -.323352E+01
0.824000E+00  -.335292E+01
0.820000E+00  -.347629E+01
0.816000E+00  -.360385E+01
0.812000E+00  -.373582E+01
0.808000E+00  -.387244E+01
0.804000E+00  -.401395E+01
0.800000E+00  -.416062E+01
0.796000E+00  -.431272E+01
0.792000E+00  -.447055E+01
0.788000E+00  -.463441E+01
0.784000E+00  -.480464E+01
0.780000E+00  -.498158E+01
0.776000E+00  -.516558E+01
0.772000E+00  -.535705E+01
0.768000E+00  -.555638E+01
0.764000E+00  -.576400E+01
0.760000E+00  -.598039E+01
0.756000E+00  -.620602E+01
0.752000E+00  -.644140E+01
0.748000E+00  -.668709E+01
0.744000E+00  -.694366E+01
0.740000E+00  -.721173E+01
0.736000E+00  -.749195E+01
0.732000E+00  -.778501E+01
0.728000E+00  -.809164E+01
0.724000E+00  -.841265E+01
0.720000E+00  -.874884E+01
0.716000E+00  -.910112E+01
0.712000E+00  -.947043E+01
0.708000E+00  -.985776E+01
0.704000E+00  -.102642E+02
0.700000E+00  -.106909E+02
0.696000E+00  -.111390E+02
0.692000E+00  -.116099E+02
0.688000E+00  -.121049E+02
0.684000E+00  -.126256E+02
0.680000E+00  -.131734E+02
0.676000E+00  -.137501E+02
0.672000E+00  -.143575E+02
0.668000E+00  -.149976E+02
0.664000E+00  -.156723E+02
0.660000E+00  -.163838E+02
0.656000E+00  -.171346E+02
0.652000E+00  -.179272E+02
0.648000E+00  -.187643E+02
0.644000E+00  -.196488E+02
0.640000E+00  -.205839E+02
0.636000E+00  -.215728E+02
0.632000E+00  -.226191E+02
0.628000E+00  -.237269E+02
0.624000E+00  -.249001E+02
0.620000E+00  -.261433E+02
0.616000E+00  -.274613E+02
0.612000E+00  -.288593E+02
0.608000E+00  -.303428E+02
0.604000E+00  -.319178E+02
0.600000E+00  -.335908E+02
