0.996000E+00  -.792995E-01
0.992000E+00  -.159678E+00
0.988000E+00  -.241161E+00
0.984000E+00  -.323775E+00
0.980000E+00  -.407548E+00
0.976000E+00  -.492508E+00
0.972000E+00  -.578684E+00
0.968000E+00  -.666107E+00
0.964000E+00  -.754807E+00
0.960000E+00  -.844818E+00
0.956000E+00  -.936171E+00
0.952000E+00  -.102890E+01
0.948000E+00  -.112305E+01
0.944000E+00  -.121864E+01
0.940000E+00  -.131572E+01
0.936000E+00  -.141433E+01
0.932000E+00  -.151451E+01
0.928000E+00  -.161629E+01
0.924000E+00  -.171973E+01
0.920000E+00  -.182487E+01
0.916000E+00  -.193175E+01
0.912000E+00  -.204042E+01
0.908000E+00  -.215094E+01
0.904000E+00  -.226335E+01
0.900000E+00  -.237771E+01
0.896000E+00  -.249408E+01
0.892000E+00  -.261251E+01
0.888000E+00  -.273306E+01
0.884000E+00  -.285579E+01
0.880000E+00  -.298077E+01
0.876000E+00  -.310807E+01
0.872000E+00  -.323775E+01
0.868000E+00  -.336989E+01
0.864000E+00  -.350456E+01
0.860000E+00  -.364184E+01
0.856000E+00  -.378181E+01
0.852000E+00  -.392455E+01
0.848000E+00  -.407016E+01
0.844000E+00  -.421871E+01
0.840000E+00  -.437032E+01
0.836000E+00  -.452507E+01
0.832000E+00  -.468307E+01
0.828000E+00  -.484443E+01
0.824000E+00  -.500925E+01
0.820000E+00  -.517765E+01
0.816000E+00  -.534975E+01
0.812000E+00  -.552569E+01
0.808000E+00  -.570558E+01
0.804000E+00  -.588957E+01
0.800000E+00  -.607779E+01
0.796000E+00  -.627041E+01
0.792000E+00  -.646756E+01
0.788000E+00  -.666943E+01
0.784000E+00  -.687616E+01
0.780000E+00  -.708795E+01
0.776000E+00  -.730498E+01
0.772000E+00  -.752744E+01
0.768000E+00  -.775553E+01
0.764000E+00  -.798947E+01
0.760000E+00  -.822948E+01
0.756000E+00  -.847578E+01
0.752000E+00  -.872863E+01
0.748000E+00  -.898828E+01
0.744000E+00  -.925499E+01
0.740000E+00  -.952904E+01
0.736000E+00  -.981074E+01
0.732000E+00  -.101004E+02
0.728000E+00  -.103983E+02
0.724000E+00  -.107048E+02
0.720000E+00  -.110203E+02
0.716000E+00  -.113451E+02
0.712000E+00  -.116797E+02
0.708000E+00  -.120243E+02
0.704000E+00  -.123796E+02
0.700000E+00  -.127459E+02
0.696000E+00  -.131238E+02
0.692000E+00  -.135136E+02
0.688000E+00  -.139160E+02
0.684000E+00  -.143316E+02
0.680000E+00  -.147608E+02
0.676000E+00  -.152044E+02
0.672000E+00  -.156630E+02
0.668000E+00  -.161372E+02
0.664000E+00  -.166279E+02
0.660000E+00  -.171358E+02
0.656000E+00  -.176617E+02
0.652000E+00  -.182065E+02
0.648000E+00  -.187711E+02
0.644000E+00  -.193565E+02
0.640000E+00  -.199636E+02
0.636000E+00  -.205937E+02
0.632000E+00  -.212477E+02
0.628000E+00  -.219271E+02
0.624000E+00  -.226329E+02
0.620000E+00  -.233666E+02
0.616000E+00  -.241297E+02
0.612000E+00  -.249237E+02
0.608000E+00  -.257503E+02
0.604000E+00  -.266111E+02
0.600000E+00  -.275080E+02
