0.996000E+00  -.146651E-01
0.992000E+00  -.294838E-01
0.988000E+00  -.444608E-01
0.984000E+00  -.596008E-01
0.980000E+00  -.749089E-01
0.976000E+00  -.903899E-01
0.972000E+00  -.106049E+00
0.968000E+00  -.121892E+00
0.964000E+00  -.137923E+00
0.960000E+00  -.154148E+00
0.956000E+00  -.170573E+00
0.952000E+00  -.187204E+00
0.948000E+00  -.204047E+00
0.944000E+00  -.221106E+00
0.940000E+00  -.238390E+00
0.936000E+00  -.255903E+00
0.932000E+00  -.273653E+00
0.928000E+00  -.291646E+00
0.924000E+00  -.309888E+00
0.920000E+00  -.328388E+00
0.916000E+00  -.347151E+00
0.912000E+00  -.366186E+00
0.908000E+00  -.385500E+00
0.904000E+00  -.405100E+00
0.900000E+00  -.424995E+00
0.896000E+00  -.445192E+00
0.892000E+00  -.465700E+00
0.888000E+00  -.486527E+00
0.884000E+00  -.507683E+00
0.880000E+00  -.529176E+00
0.876000E+00  -.551015E+00
0.872000E+00  -.573211E+00
0.868000E+00  -.595772E+00
0.864000E+00  -.618709E+00
0.860000E+00  -.642032E+00
0.856000E+00  -.665752E+00
0.852000E+00  -.689880E+00
0.848000E+00  -.714426E+00
0.844000E+00  -.739403E+00
0.840000E+00  -.764823E+00
0.836000E+00  -.790696E+00
0.832000E+00  -.817037E+00
0.828000E+00  -.843858E+00
0.824000E+00  -.871172E+00
0.820000E+00  -.898994E+00
0.816000E+00  -.927336E+00
0.812000E+00  -.956214E+00
0.808000E+00  -.985643E+00
0.804000E+00  -.101564E+01
0.800000E+00  -.104622E+01
0.796000E+00  -.107739E+01
0.792000E+00  -.110918E+01
0.788000E+00  -.114161E+01
0.784000E+00  -.117468E+01
0.780000E+00  -.120843E+01
0.776000E+00  -.124286E+01
0.772000E+00  -.127800E+01
0.768000E+00  -.131387E+01
0.764000E+00  -.135049E+01
0.760000E+00  -.138789E+01
0.756000E+00  -.142607E+01
0.752000E+00  -.146508E+01
0.748000E+00  -.150492E+01
0.744000E+00  -.154563E+01
0.740000E+00  -.158723E+01
0.736000E+00  -.162976E+01
0.732000E+00  -.167322E+01
0.728000E+00  -.171766E+01
0.724000E+00  -.176311E+01
0.720000E+00  -.180959E+01
0.716000E+00  -.185713E+01
0.712000E+00  -.190577E+01
0.708000E+00  -.195554E+01
0.704000E+00  -.200648E+01
0.700000E+00  -.205862E+01
0.696000E+00  -.211200E+01
0.692000E+00  -.216665E+01
0.688000E+00  -.222263E+01
0.684000E+00  -.227997E+01
0.680000E+00  -.233871E+01
0.676000E+00  -.239889E+01
0.672000E+00  -.246058E+01
0.668000E+00  -.252380E+01
0.664000E+00  -.258862E+01
0.660000E+00  -.265508E+01
0.656000E+00  -.272324E+01
0.652000E+00  -.279316E+01
0.648000E+00  -.286489E+01
0.644000E+00  -.293849E+01
0.640000E+00  -.301404E+01
0.636000E+00  -.309158E+01
0.632000E+00  -.317119E+01
0.628000E+00  -.325294E+01
0.624000E+00  -.333691E+01
0.620000E+00  -.342317E+01
0.616000E+00  -.351180E+01
0.612000E+00  -.360289E+01
0.608000E+00  -.369652E+01
0.604000E+00  -.379278E+01
0.600000E+00  -.389176E+01
