0.996000E+00  -.117624E+00
0.992000E+00  -.237785E+00
0.988000E+00  -.360585E+00
0.984000E+00  -.486129E+00
0.980000E+00  -.614529E+00
0.976000E+00  -.745901E+00
0.972000E+00  -.880367E+00
0.968000E+00  -.101805E+01
0.964000E+00  -.115909E+01
0.960000E+00  -.130362E+01
0.956000E+00  -.145179E+01
0.952000E+00  -.160375E+01
0.948000E+00  -.175966E+01
0.944000E+00  -.191968E+01
0.940000E+00  -.208399E+01
0.936000E+00  -.225278E+01
0.932000E+00  -.242624E+01
0.928000E+00  -.260456E+01
0.924000E+00  -.278796E+01
0.920000E+00  -.297666E+01
0.916000E+00  -.317090E+01
0.912000E+00  -.337091E+01
0.908000E+00  -.357697E+01
0.904000E+00  -.378932E+01
0.900000E+00  -.400826E+01
0.896000E+00  -.423409E+01
0.892000E+00  -.446712E+01
0.888000E+00  -.470767E+01
0.884000E+00  -.495610E+01
0.880000E+00  -.521277E+01
0.876000E+00  -.547806E+01
0.872000E+00  -.575237E+01
0.868000E+00  -.603614E+01
0.864000E+00  -.632981E+01
0.860000E+00  -.663385E+01
0.856000E+00  -.694876E+01
0.852000E+00  -.727507E+01
0.848000E+00  -.761333E+01
0.844000E+00  -.796412E+01
0.840000E+00  -.832807E+01
0.836000E+00  -.870582E+01
0.832000E+00  -.909807E+01
0.828000E+00  -.950554E+01
0.824000E+00  -.992900E+01
0.820000E+00  -.103693E+02
0.816000E+00  -.108272E+02
0.812000E+00  -.113037E+02
0.808000E+00  -.117998E+02
0.804000E+00  -.123164E+02
0.800000E+00  -.128546E+02
0.796000E+00  -.134157E+02
0.792000E+00  -.140008E+02
0.788000E+00  -.146111E+02
0.784000E+00  -.152481E+02
0.780000E+00  -.159133E+02
0.776000E+00  -.166081E+02
0.772000E+00  -.173341E+02
0.768000E+00  -.180933E+02
0.764000E+00  -.188872E+02
0.760000E+00  -.197181E+02
0.756000E+00  -.205878E+02
0.752000E+00  -.214987E+02
0.748000E+00  -.224531E+02
0.744000E+00  -.234536E+02
0.740000E+00  -.245028E+02
0.736000E+00  -.256035E+02
0.732000E+00  -.267589E+02
0.728000E+00  -.279722E+02
0.724000E+00  -.292468E+02
0.720000E+00  -.305866E+02
0.716000E+00  -.319953E+02
0.712000E+00  -.334773E+02
0.708000E+00  -.350371E+02
0.704000E+00  -.366795E+02
0.700000E+00  -.384097E+02
0.696000E+00  -.402333E+02
0.692000E+00  -.421561E+02
0.688000E+00  -.441845E+02
0.684000E+00  -.463253E+02
0.680000E+00  -.485859E+02
0.676000E+00  -.509740E+02
0.672000E+00  -.534981E+02
0.668000E+00  -.561673E+02
0.664000E+00  -.589911E+02
0.660000E+00  -.619800E+02
0.656000E+00  -.651453E+02
0.652000E+00  -.684990E+02
0.648000E+00  -.720541E+02
0.644000E+00  -.758246E+02
0.640000E+00  -.798256E+02
0.636000E+00  -.840733E+02
0.632000E+00  -.885852E+02
0.628000E+00  -.933803E+02
0.624000E+00  -.984790E+02
0.620000E+00  -.103903E+03
0.616000E+00  -.109677E+03
0.612000E+00  -.115826E+03
0.608000E+00  -.122379E+03
0.604000E+00  -.129365E+03
0.600000E+00  -.136817E+03
