0.996000E+00  -.154048E+00
0.992000E+00  -.310950E+00
0.988000E+00  -.470923E+00
0.984000E+00  -.634193E+00
0.980000E+00  -.800998E+00
0.976000E+00  -.971584E+00
0.972000E+00  -.114621E+01
0.968000E+00  -.132515E+01
0.964000E+00  -.150868E+01
0.960000E+00  -.169711E+01
0.956000E+00  -.189074E+01
0.952000E+00  -.208990E+01
0.948000E+00  -.229494E+01
0.944000E+00  -.250622E+01
0.940000E+00  -.272411E+01
0.936000E+00  -.294902E+01
0.932000E+00  -.318137E+01
0.928000E+00  -.342159E+01
0.924000E+00  -.367015E+01
0.920000E+00  -.392755E+01
0.916000E+00  -.419431E+01
0.912000E+00  -.447096E+01
0.908000E+00  -.475808E+01
0.904000E+00  -.505628E+01
0.900000E+00  -.536620E+01
0.896000E+00  -.568853E+01
0.892000E+00  -.602397E+01
0.888000E+00  -.637328E+01
0.884000E+00  -.673727E+01
0.880000E+00  -.711678E+01
0.876000E+00  -.751272E+01
0.872000E+00  -.792602E+01
0.868000E+00  -.835770E+01
0.864000E+00  -.880883E+01
0.860000E+00  -.928054E+01
0.856000E+00  -.977402E+01
0.852000E+00  -.102905E+02
0.848000E+00  -.108315E+02
0.844000E+00  -.113982E+02
0.840000E+00  -.119924E+02
0.836000E+00  -.126155E+02
0.832000E+00  -.132693E+02
0.828000E+00  -.139556E+02
0.824000E+00  -.146764E+02
0.820000E+00  -.154338E+02
0.816000E+00  -.162299E+02
0.812000E+00  -.170671E+02
0.808000E+00  -.179479E+02
0.804000E+00  -.188749E+02
0.800000E+00  -.198511E+02
0.796000E+00  -.208794E+02
0.792000E+00  -.219630E+02
0.788000E+00  -.231054E+02
0.784000E+00  -.243103E+02
0.780000E+00  -.255817E+02
0.776000E+00  -.269236E+02
0.772000E+00  -.283406E+02
0.768000E+00  -.298375E+02
0.764000E+00  -.314194E+02
0.760000E+00  -.330918E+02
0.756000E+00  -.348606E+02
0.752000E+00  -.367320E+02
0.748000E+00  -.387129E+02
0.744000E+00  -.408103E+02
0.740000E+00  -.430321E+02
0.736000E+00  -.453865E+02
0.732000E+00  -.478824E+02
0.728000E+00  -.505295E+02
0.724000E+00  -.533378E+02
0.720000E+00  -.563186E+02
0.716000E+00  -.594835E+02
0.712000E+00  -.628453E+02
0.708000E+00  -.664178E+02
0.704000E+00  -.702155E+02
0.700000E+00  -.742545E+02
0.696000E+00  -.785517E+02
0.692000E+00  -.831255E+02
0.688000E+00  -.879958E+02
0.684000E+00  -.931840E+02
0.680000E+00  -.987130E+02
0.676000E+00  -.104608E+03
0.672000E+00  -.110895E+03
0.668000E+00  -.117604E+03
0.664000E+00  -.124767E+03
0.660000E+00  -.132416E+03
0.656000E+00  -.140589E+03
0.652000E+00  -.149325E+03
0.648000E+00  -.158668E+03
0.644000E+00  -.168664E+03
0.640000E+00  -.179364E+03
0.636000E+00  -.190822E+03
0.632000E+00  -.203098E+03
0.628000E+00  -.216257E+03
0.624000E+00  -.230368E+03
0.620000E+00  -.245509E+03
0.616000E+00  -.261761E+03
0.612000E+00  -.279216E+03
0.608000E+00  -.297971E+03
0.604000E+00  -.318134E+03
0.600000E+00  -.339820E+03
