0.100500E+01  0.805816E-01
0.101000E+01  0.160343E+00
0.101500E+01  0.239299E+00
0.102000E+01  0.317464E+00
0.102500E+01  0.394851E+00
0.103000E+01  0.471474E+00
0.103500E+01  0.547346E+00
0.104000E+01  0.622481E+00
0.104500E+01  0.696891E+00
0.105000E+01  0.770589E+00
0.105500E+01  0.843587E+00
0.106000E+01  0.915898E+00
0.106500E+01  0.987533E+00
0.107000E+01  0.105850E+01
0.107500E+01  0.112882E+01
0.108000E+01  0.119850E+01
0.108500E+01  0.126755E+01
0.109000E+01  0.133598E+01
0.109500E+01  0.140380E+01
0.110000E+01  0.147102E+01
0.110500E+01  0.153766E+01
0.111000E+01  0.160372E+01
0.111500E+01  0.166921E+01
0.112000E+01  0.173414E+01
0.112500E+01  0.179852E+01
0.113000E+01  0.186237E+01
0.113500E+01  0.192568E+01
0.114000E+01  0.198847E+01
0.114500E+01  0.205075E+01
0.115000E+01  0.211253E+01
0.115500E+01  0.217381E+01
0.116000E+01  0.223461E+01
0.116500E+01  0.229492E+01
0.117000E+01  0.235477E+01
0.117500E+01  0.241415E+01
0.118000E+01  0.247307E+01
0.118500E+01  0.253155E+01
0.119000E+01  0.258959E+01
0.119500E+01  0.264719E+01
0.120000E+01  0.270437E+01
0.120500E+01  0.276113E+01
0.121000E+01  0.281748E+01
0.121500E+01  0.287342E+01
0.122000E+01  0.292896E+01
0.122500E+01  0.298411E+01
0.123000E+01  0.303888E+01
0.123500E+01  0.309326E+01
0.124000E+01  0.314727E+01
0.124500E+01  0.320091E+01
0.125000E+01  0.325419E+01
0.125500E+01  0.330711E+01
0.126000E+01  0.335969E+01
0.126500E+01  0.341191E+01
0.127000E+01  0.346380E+01
0.127500E+01  0.351535E+01
0.128000E+01  0.356658E+01
0.128500E+01  0.361748E+01
0.129000E+01  0.366806E+01
0.129500E+01  0.371833E+01
0.130000E+01  0.376828E+01
0.130500E+01  0.381794E+01
0.131000E+01  0.386729E+01
0.131500E+01  0.391635E+01
0.132000E+01  0.396512E+01
0.132500E+01  0.401360E+01
0.133000E+01  0.406180E+01
0.133500E+01  0.410973E+01
0.134000E+01  0.415738E+01
0.134500E+01  0.420476E+01
0.135000E+01  0.425187E+01
0.135500E+01  0.429873E+01
0.136000E+01  0.434533E+01
0.136500E+01  0.439167E+01
0.137000E+01  0.443777E+01
0.137500E+01  0.448361E+01
0.138000E+01  0.452922E+01
0.138500E+01  0.457459E+01
0.139000E+01  0.461972E+01
0.139500E+01  0.466462E+01
0.140000E+01  0.470930E+01
0.140500E+01  0.475375E+01
0.141000E+01  0.479797E+01
0.141500E+01  0.484198E+01
0.142000E+01  0.488577E+01
0.142500E+01  0.492935E+01
0.143000E+01  0.497273E+01
0.143500E+01  0.501589E+01
0.144000E+01  0.505885E+01
0.144500E+01  0.510162E+01
0.145000E+01  0.514418E+01
0.145500E+01  0.518655E+01
0.146000E+01  0.522873E+01
0.146500E+01  0.527072E+01
0.147000E+01  0.531252E+01
0.147500E+01  0.535414E+01
0.148000E+01  0.539557E+01
0.148500E+01  0.543683E+01
0.149000E+01  0.547791E+01
0.149500E+01  0.551882E+01
0.150000E+01  0.555956E+01
