0.100500E+01  0.566005E-01
0.101000E+01  0.112625E+00
0.101500E+01  0.168084E+00
0.102000E+01  0.222987E+00
0.102500E+01  0.277343E+00
0.103000E+01  0.331163E+00
0.103500E+01  0.384456E+00
0.104000E+01  0.437231E+00
0.104500E+01  0.489496E+00
0.105000E+01  0.541262E+00
0.105500E+01  0.592536E+00
0.106000E+01  0.643327E+00
0.106500E+01  0.693643E+00
0.107000E+01  0.743494E+00
0.107500E+01  0.792886E+00
0.108000E+01  0.841828E+00
0.108500E+01  0.890328E+00
0.109000E+01  0.938392E+00
0.109500E+01  0.986030E+00
0.110000E+01  0.103325E+01
0.110500E+01  0.108005E+01
0.111000E+01  0.112645E+01
0.111500E+01  0.117245E+01
0.112000E+01  0.121806E+01
0.112500E+01  0.126328E+01
0.113000E+01  0.130813E+01
0.113500E+01  0.135260E+01
0.114000E+01  0.139670E+01
0.114500E+01  0.144045E+01
0.115000E+01  0.148384E+01
0.115500E+01  0.152688E+01
0.116000E+01  0.156959E+01
0.116500E+01  0.161195E+01
0.117000E+01  0.165399E+01
0.117500E+01  0.169570E+01
0.118000E+01  0.173709E+01
0.118500E+01  0.177816E+01
0.119000E+01  0.181893E+01
0.119500E+01  0.185939E+01
0.120000E+01  0.189955E+01
0.120500E+01  0.193942E+01
0.121000E+01  0.197900E+01
0.121500E+01  0.201829E+01
0.122000E+01  0.205730E+01
0.122500E+01  0.209604E+01
0.123000E+01  0.213451E+01
0.123500E+01  0.217271E+01
0.124000E+01  0.221064E+01
0.124500E+01  0.224832E+01
0.125000E+01  0.228574E+01
0.125500E+01  0.232292E+01
0.126000E+01  0.235984E+01
0.126500E+01  0.239653E+01
0.127000E+01  0.243297E+01
0.127500E+01  0.246918E+01
0.128000E+01  0.250516E+01
0.128500E+01  0.254092E+01
0.129000E+01  0.257644E+01
0.129500E+01  0.261175E+01
0.130000E+01  0.264684E+01
0.130500E+01  0.268172E+01
0.131000E+01  0.271639E+01
0.131500E+01  0.275084E+01
0.132000E+01  0.278510E+01
0.132500E+01  0.281915E+01
0.133000E+01  0.285301E+01
0.133500E+01  0.288667E+01
0.134000E+01  0.292014E+01
0.134500E+01  0.295342E+01
0.135000E+01  0.298652E+01
0.135500E+01  0.301943E+01
0.136000E+01  0.305216E+01
0.136500E+01  0.308471E+01
0.137000E+01  0.311709E+01
0.137500E+01  0.314929E+01
0.138000E+01  0.318133E+01
0.138500E+01  0.321319E+01
0.139000E+01  0.324489E+01
0.139500E+01  0.327643E+01
0.140000E+01  0.330781E+01
0.140500E+01  0.333903E+01
0.141000E+01  0.337010E+01
0.141500E+01  0.340101E+01
0.142000E+01  0.343177E+01
0.142500E+01  0.346238E+01
0.143000E+01  0.349284E+01
0.143500E+01  0.352316E+01
0.144000E+01  0.355334E+01
0.144500E+01  0.358337E+01
0.145000E+01  0.361327E+01
0.145500E+01  0.364303E+01
0.146000E+01  0.367266E+01
0.146500E+01  0.370215E+01
0.147000E+01  0.373151E+01
0.147500E+01  0.376075E+01
0.148000E+01  0.378985E+01
0.148500E+01  0.381883E+01
0.149000E+01  0.384769E+01
0.149500E+01  0.387642E+01
0.150000E+01  0.390503E+01
