0.100500E+01  0.148673E-01
0.101000E+01  0.295833E-01
0.101500E+01  0.441508E-01
0.102000E+01  0.585721E-01
0.102500E+01  0.728500E-01
0.103000E+01  0.869870E-01
0.103500E+01  0.100985E+00
0.104000E+01  0.114848E+00
0.104500E+01  0.128576E+00
0.105000E+01  0.142174E+00
0.105500E+01  0.155642E+00
0.106000E+01  0.168983E+00
0.106500E+01  0.182200E+00
0.107000E+01  0.195294E+00
0.107500E+01  0.208268E+00
0.108000E+01  0.221124E+00
0.108500E+01  0.233863E+00
0.109000E+01  0.246488E+00
0.109500E+01  0.259001E+00
0.110000E+01  0.271404E+00
0.110500E+01  0.283698E+00
0.111000E+01  0.295886E+00
0.111500E+01  0.307969E+00
0.112000E+01  0.319949E+00
0.112500E+01  0.331827E+00
0.113000E+01  0.343606E+00
0.113500E+01  0.355288E+00
0.114000E+01  0.366873E+00
0.114500E+01  0.378364E+00
0.115000E+01  0.389762E+00
0.115500E+01  0.401068E+00
0.116000E+01  0.412285E+00
0.116500E+01  0.423413E+00
0.117000E+01  0.434454E+00
0.117500E+01  0.445410E+00
0.118000E+01  0.456282E+00
0.118500E+01  0.467071E+00
0.119000E+01  0.477779E+00
0.119500E+01  0.488407E+00
0.120000E+01  0.498957E+00
0.120500E+01  0.509429E+00
0.121000E+01  0.519825E+00
0.121500E+01  0.530146E+00
0.122000E+01  0.540394E+00
0.122500E+01  0.550569E+00
0.123000E+01  0.560673E+00
0.123500E+01  0.570706E+00
0.124000E+01  0.580671E+00
0.124500E+01  0.590568E+00
0.125000E+01  0.600398E+00
0.125500E+01  0.610162E+00
0.126000E+01  0.619862E+00
0.126500E+01  0.629498E+00
0.127000E+01  0.639071E+00
0.127500E+01  0.648583E+00
0.128000E+01  0.658033E+00
0.128500E+01  0.667425E+00
0.129000E+01  0.676757E+00
0.129500E+01  0.686031E+00
0.130000E+01  0.695248E+00
0.130500E+01  0.704409E+00
0.131000E+01  0.713515E+00
0.131500E+01  0.722567E+00
0.132000E+01  0.731565E+00
0.132500E+01  0.740510E+00
0.133000E+01  0.749403E+00
0.133500E+01  0.758244E+00
0.134000E+01  0.767036E+00
0.134500E+01  0.775778E+00
0.135000E+01  0.784471E+00
0.135500E+01  0.793115E+00
0.136000E+01  0.801713E+00
0.136500E+01  0.810263E+00
0.137000E+01  0.818768E+00
0.137500E+01  0.827227E+00
0.138000E+01  0.835641E+00
0.138500E+01  0.844012E+00
0.139000E+01  0.852339E+00
0.139500E+01  0.860623E+00
0.140000E+01  0.868865E+00
0.140500E+01  0.877066E+00
0.141000E+01  0.885226E+00
0.141500E+01  0.893345E+00
0.142000E+01  0.901425E+00
0.142500E+01  0.909466E+00
0.143000E+01  0.917468E+00
0.143500E+01  0.925432E+00
0.144000E+01  0.933358E+00
0.144500E+01  0.941248E+00
0.145000E+01  0.949101E+00
0.145500E+01  0.956918E+00
0.146000E+01  0.964700E+00
0.146500E+01  0.972447E+00
0.147000E+01  0.980160E+00
0.147500E+01  0.987838E+00
0.148000E+01  0.995483E+00
0.148500E+01  0.100310E+01
0.149000E+01  0.101068E+01
0.149500E+01  0.101822E+01
0.150000E+01  0.102574E+01
