0.100500E+01  0.536029E-01
0.101000E+01  0.106660E+00
0.101500E+01  0.159182E+00
0.102000E+01  0.211177E+00
0.102500E+01  0.262655E+00
0.103000E+01  0.313625E+00
0.103500E+01  0.364095E+00
0.104000E+01  0.414074E+00
0.104500E+01  0.463572E+00
0.105000E+01  0.512596E+00
0.105500E+01  0.561154E+00
0.106000E+01  0.609255E+00
0.106500E+01  0.656907E+00
0.107000E+01  0.704117E+00
0.107500E+01  0.750894E+00
0.108000E+01  0.797244E+00
0.108500E+01  0.843175E+00
0.109000E+01  0.888694E+00
0.109500E+01  0.933808E+00
0.110000E+01  0.978525E+00
0.110500E+01  0.102285E+01
0.111000E+01  0.106679E+01
0.111500E+01  0.111036E+01
0.112000E+01  0.115355E+01
0.112500E+01  0.119638E+01
0.113000E+01  0.123885E+01
0.113500E+01  0.128096E+01
0.114000E+01  0.132273E+01
0.114500E+01  0.136416E+01
0.115000E+01  0.140525E+01
0.115500E+01  0.144602E+01
0.116000E+01  0.148646E+01
0.116500E+01  0.152658E+01
0.117000E+01  0.156639E+01
0.117500E+01  0.160589E+01
0.118000E+01  0.164509E+01
0.118500E+01  0.168399E+01
0.119000E+01  0.172260E+01
0.119500E+01  0.176091E+01
0.120000E+01  0.179895E+01
0.120500E+01  0.183671E+01
0.121000E+01  0.187419E+01
0.121500E+01  0.191140E+01
0.122000E+01  0.194835E+01
0.122500E+01  0.198503E+01
0.123000E+01  0.202146E+01
0.123500E+01  0.205764E+01
0.124000E+01  0.209356E+01
0.124500E+01  0.212925E+01
0.125000E+01  0.216469E+01
0.125500E+01  0.219989E+01
0.126000E+01  0.223486E+01
0.126500E+01  0.226960E+01
0.127000E+01  0.230412E+01
0.127500E+01  0.233841E+01
0.128000E+01  0.237249E+01
0.128500E+01  0.240635E+01
0.129000E+01  0.243999E+01
0.129500E+01  0.247343E+01
0.130000E+01  0.250666E+01
0.130500E+01  0.253969E+01
0.131000E+01  0.257252E+01
0.131500E+01  0.260516E+01
0.132000E+01  0.263760E+01
0.132500E+01  0.266985E+01
0.133000E+01  0.270191E+01
0.133500E+01  0.273379E+01
0.134000E+01  0.276549E+01
0.134500E+01  0.279700E+01
0.135000E+01  0.282835E+01
0.135500E+01  0.285951E+01
0.136000E+01  0.289051E+01
0.136500E+01  0.292134E+01
0.137000E+01  0.295200E+01
0.137500E+01  0.298250E+01
0.138000E+01  0.301284E+01
0.138500E+01  0.304302E+01
0.139000E+01  0.307304E+01
0.139500E+01  0.310291E+01
0.140000E+01  0.313263E+01
0.140500E+01  0.316219E+01
0.141000E+01  0.319161E+01
0.141500E+01  0.322089E+01
0.142000E+01  0.325002E+01
0.142500E+01  0.327901E+01
0.143000E+01  0.330786E+01
0.143500E+01  0.333657E+01
0.144000E+01  0.336515E+01
0.144500E+01  0.339359E+01
0.145000E+01  0.342191E+01
0.145500E+01  0.345009E+01
0.146000E+01  0.347815E+01
0.146500E+01  0.350608E+01
0.147000E+01  0.353389E+01
0.147500E+01  0.356157E+01
0.148000E+01  0.358914E+01
0.148500E+01  0.361658E+01
0.149000E+01  0.364391E+01
0.149500E+01  0.367112E+01
0.150000E+01  0.369822E+01
