0.100500E+01  0.286226E-01
0.101000E+01  0.569540E-01
0.101500E+01  0.849992E-01
0.102000E+01  0.112763E+00
0.102500E+01  0.140251E+00
0.103000E+01  0.167468E+00
0.103500E+01  0.194417E+00
0.104000E+01  0.221105E+00
0.104500E+01  0.247536E+00
0.105000E+01  0.273713E+00
0.105500E+01  0.299642E+00
0.106000E+01  0.325327E+00
0.106500E+01  0.350772E+00
0.107000E+01  0.375981E+00
0.107500E+01  0.400958E+00
0.108000E+01  0.425708E+00
0.108500E+01  0.450234E+00
0.109000E+01  0.474540E+00
0.109500E+01  0.498630E+00
0.110000E+01  0.522508E+00
0.110500E+01  0.546176E+00
0.111000E+01  0.569640E+00
0.111500E+01  0.592902E+00
0.112000E+01  0.615966E+00
0.112500E+01  0.638835E+00
0.113000E+01  0.661512E+00
0.113500E+01  0.684001E+00
0.114000E+01  0.706305E+00
0.114500E+01  0.728427E+00
0.115000E+01  0.750371E+00
0.115500E+01  0.772138E+00
0.116000E+01  0.793732E+00
0.116500E+01  0.815156E+00
0.117000E+01  0.836413E+00
0.117500E+01  0.857505E+00
0.118000E+01  0.878436E+00
0.118500E+01  0.899207E+00
0.119000E+01  0.919822E+00
0.119500E+01  0.940283E+00
0.120000E+01  0.960593E+00
0.120500E+01  0.980754E+00
0.121000E+01  0.100077E+01
0.121500E+01  0.102064E+01
0.122000E+01  0.104037E+01
0.122500E+01  0.105996E+01
0.123000E+01  0.107941E+01
0.123500E+01  0.109873E+01
0.124000E+01  0.111791E+01
0.124500E+01  0.113696E+01
0.125000E+01  0.115589E+01
0.125500E+01  0.117469E+01
0.126000E+01  0.119336E+01
0.126500E+01  0.121191E+01
0.127000E+01  0.123034E+01
0.127500E+01  0.124865E+01
0.128000E+01  0.126685E+01
0.128500E+01  0.128493E+01
0.129000E+01  0.130289E+01
0.129500E+01  0.132075E+01
0.130000E+01  0.133849E+01
0.130500E+01  0.135613E+01
0.131000E+01  0.137366E+01
0.131500E+01  0.139109E+01
0.132000E+01  0.140841E+01
0.132500E+01  0.142563E+01
0.133000E+01  0.144275E+01
0.133500E+01  0.145977E+01
0.134000E+01  0.147670E+01
0.134500E+01  0.149353E+01
0.135000E+01  0.151027E+01
0.135500E+01  0.152691E+01
0.136000E+01  0.154346E+01
0.136500E+01  0.155992E+01
0.137000E+01  0.157629E+01
0.137500E+01  0.159258E+01
0.138000E+01  0.160878E+01
0.138500E+01  0.162489E+01
0.139000E+01  0.164093E+01
0.139500E+01  0.165687E+01
0.140000E+01  0.167274E+01
0.140500E+01  0.168853E+01
0.141000E+01  0.170424E+01
0.141500E+01  0.171987E+01
0.142000E+01  0.173543E+01
0.142500E+01  0.175091E+01
0.143000E+01  0.176631E+01
0.143500E+01  0.178164E+01
0.144000E+01  0.179690E+01
0.144500E+01  0.181209E+01
0.145000E+01  0.182721E+01
0.145500E+01  0.184226E+01
0.146000E+01  0.185724E+01
0.146500E+01  0.187216E+01
0.147000E+01  0.188701E+01
0.147500E+01  0.190179E+01
0.148000E+01  0.191651E+01
0.148500E+01  0.193116E+01
0.149000E+01  0.194576E+01
0.149500E+01  0.196029E+01
0.150000E+01  0.197476E+01
