0.100500E+01  0.765848E-01
0.101000E+01  0.152390E+00
0.101500E+01  0.227430E+00
0.102000E+01  0.301718E+00
0.102500E+01  0.375267E+00
0.103000E+01  0.448089E+00
0.103500E+01  0.520198E+00
0.104000E+01  0.591606E+00
0.104500E+01  0.662325E+00
0.105000E+01  0.732368E+00
0.105500E+01  0.801745E+00
0.106000E+01  0.870470E+00
0.106500E+01  0.938552E+00
0.107000E+01  0.100600E+01
0.107500E+01  0.107283E+01
0.108000E+01  0.113906E+01
0.108500E+01  0.120468E+01
0.109000E+01  0.126972E+01
0.109500E+01  0.133417E+01
0.110000E+01  0.139806E+01
0.110500E+01  0.146139E+01
0.111000E+01  0.152417E+01
0.111500E+01  0.158641E+01
0.112000E+01  0.164813E+01
0.112500E+01  0.170932E+01
0.113000E+01  0.176999E+01
0.113500E+01  0.183017E+01
0.114000E+01  0.188984E+01
0.114500E+01  0.194904E+01
0.115000E+01  0.200775E+01
0.115500E+01  0.206599E+01
0.116000E+01  0.212377E+01
0.116500E+01  0.218109E+01
0.117000E+01  0.223797E+01
0.117500E+01  0.229441E+01
0.118000E+01  0.235041E+01
0.118500E+01  0.240599E+01
0.119000E+01  0.246115E+01
0.119500E+01  0.251589E+01
0.120000E+01  0.257024E+01
0.120500E+01  0.262418E+01
0.121000E+01  0.267773E+01
0.121500E+01  0.273090E+01
0.122000E+01  0.278369E+01
0.122500E+01  0.283610E+01
0.123000E+01  0.288815E+01
0.123500E+01  0.293983E+01
0.124000E+01  0.299116E+01
0.124500E+01  0.304215E+01
0.125000E+01  0.309278E+01
0.125500E+01  0.314308E+01
0.126000E+01  0.319304E+01
0.126500E+01  0.324268E+01
0.127000E+01  0.329200E+01
0.127500E+01  0.334099E+01
0.128000E+01  0.338967E+01
0.128500E+01  0.343805E+01
0.129000E+01  0.348612E+01
0.129500E+01  0.353390E+01
0.130000E+01  0.358138E+01
0.130500E+01  0.362857E+01
0.131000E+01  0.367547E+01
0.131500E+01  0.372210E+01
0.132000E+01  0.376845E+01
0.132500E+01  0.381453E+01
0.133000E+01  0.386034E+01
0.133500E+01  0.390588E+01
0.134000E+01  0.395117E+01
0.134500E+01  0.399620E+01
0.135000E+01  0.404098E+01
0.135500E+01  0.408551E+01
0.136000E+01  0.412980E+01
0.136500E+01  0.417384E+01
0.137000E+01  0.421765E+01
0.137500E+01  0.426123E+01
0.138000E+01  0.430457E+01
0.138500E+01  0.434769E+01
0.139000E+01  0.439059E+01
0.139500E+01  0.443326E+01
0.140000E+01  0.447572E+01
0.140500E+01  0.451796E+01
0.141000E+01  0.455999E+01
0.141500E+01  0.460182E+01
0.142000E+01  0.464344E+01
0.142500E+01  0.468486E+01
0.143000E+01  0.472608E+01
0.143500E+01  0.476710E+01
0.144000E+01  0.480793E+01
0.144500E+01  0.484858E+01
0.145000E+01  0.488903E+01
0.145500E+01  0.492930E+01
0.146000E+01  0.496938E+01
0.146500E+01  0.500929E+01
0.147000E+01  0.504902E+01
0.147500E+01  0.508857E+01
0.148000E+01  0.512795E+01
0.148500E+01  0.516717E+01
0.149000E+01  0.520621E+01
0.149500E+01  0.524509E+01
0.150000E+01  0.528380E+01
