0.100500E+01  0.137795E-01
0.101000E+01  0.274187E-01
0.101500E+01  0.409202E-01
0.102000E+01  0.542864E-01
0.102500E+01  0.675195E-01
0.103000E+01  0.806221E-01
0.103500E+01  0.935962E-01
0.104000E+01  0.106444E+00
0.104500E+01  0.119168E+00
0.105000E+01  0.131771E+00
0.105500E+01  0.144253E+00
0.106000E+01  0.156619E+00
0.106500E+01  0.168868E+00
0.107000E+01  0.181004E+00
0.107500E+01  0.193029E+00
0.108000E+01  0.204944E+00
0.108500E+01  0.216751E+00
0.109000E+01  0.228453E+00
0.109500E+01  0.240050E+00
0.110000E+01  0.251545E+00
0.110500E+01  0.262940E+00
0.111000E+01  0.274236E+00
0.111500E+01  0.285434E+00
0.112000E+01  0.296538E+00
0.112500E+01  0.307547E+00
0.113000E+01  0.318465E+00
0.113500E+01  0.329291E+00
0.114000E+01  0.340029E+00
0.114500E+01  0.350679E+00
0.115000E+01  0.361243E+00
0.115500E+01  0.371722E+00
0.116000E+01  0.382118E+00
0.116500E+01  0.392432E+00
0.117000E+01  0.402665E+00
0.117500E+01  0.412819E+00
0.118000E+01  0.422896E+00
0.118500E+01  0.432895E+00
0.119000E+01  0.442820E+00
0.119500E+01  0.452670E+00
0.120000E+01  0.462448E+00
0.120500E+01  0.472154E+00
0.121000E+01  0.481789E+00
0.121500E+01  0.491355E+00
0.122000E+01  0.500853E+00
0.122500E+01  0.510283E+00
0.123000E+01  0.519648E+00
0.123500E+01  0.528947E+00
0.124000E+01  0.538183E+00
0.124500E+01  0.547356E+00
0.125000E+01  0.556466E+00
0.125500E+01  0.565516E+00
0.126000E+01  0.574506E+00
0.126500E+01  0.583437E+00
0.127000E+01  0.592310E+00
0.127500E+01  0.601125E+00
0.128000E+01  0.609885E+00
0.128500E+01  0.618589E+00
0.129000E+01  0.627238E+00
0.129500E+01  0.635834E+00
0.130000E+01  0.644377E+00
0.130500E+01  0.652867E+00
0.131000E+01  0.661307E+00
0.131500E+01  0.669696E+00
0.132000E+01  0.678035E+00
0.132500E+01  0.686326E+00
0.133000E+01  0.694568E+00
0.133500E+01  0.702763E+00
0.134000E+01  0.710911E+00
0.134500E+01  0.719014E+00
0.135000E+01  0.727070E+00
0.135500E+01  0.735083E+00
0.136000E+01  0.743051E+00
0.136500E+01  0.750976E+00
0.137000E+01  0.758858E+00
0.137500E+01  0.766698E+00
0.138000E+01  0.774497E+00
0.138500E+01  0.782255E+00
0.139000E+01  0.789973E+00
0.139500E+01  0.797651E+00
0.140000E+01  0.805290E+00
0.140500E+01  0.812891E+00
0.141000E+01  0.820453E+00
0.141500E+01  0.827979E+00
0.142000E+01  0.835467E+00
0.142500E+01  0.842920E+00
0.143000E+01  0.850336E+00
0.143500E+01  0.857717E+00
0.144000E+01  0.865064E+00
0.144500E+01  0.872376E+00
0.145000E+01  0.879655E+00
0.145500E+01  0.886900E+00
0.146000E+01  0.894112E+00
0.146500E+01  0.901293E+00
0.147000E+01  0.908441E+00
0.147500E+01  0.915557E+00
0.148000E+01  0.922643E+00
0.148500E+01  0.929698E+00
0.149000E+01  0.936723E+00
0.149500E+01  0.943719E+00
0.150000E+01  0.950685E+00
