0.100500E+01  0.755856E-01
0.101000E+01  0.150402E+00
0.101500E+01  0.224463E+00
0.102000E+01  0.297781E+00
0.102500E+01  0.370370E+00
0.103000E+01  0.442243E+00
0.103500E+01  0.513411E+00
0.104000E+01  0.583887E+00
0.104500E+01  0.653684E+00
0.105000E+01  0.722812E+00
0.105500E+01  0.791285E+00
0.106000E+01  0.859112E+00
0.106500E+01  0.926306E+00
0.107000E+01  0.992878E+00
0.107500E+01  0.105884E+01
0.108000E+01  0.112420E+01
0.108500E+01  0.118896E+01
0.109000E+01  0.125315E+01
0.109500E+01  0.131677E+01
0.110000E+01  0.137982E+01
0.110500E+01  0.144232E+01
0.111000E+01  0.150429E+01
0.111500E+01  0.156572E+01
0.112000E+01  0.162662E+01
0.112500E+01  0.168701E+01
0.113000E+01  0.174690E+01
0.113500E+01  0.180629E+01
0.114000E+01  0.186519E+01
0.114500E+01  0.192361E+01
0.115000E+01  0.198155E+01
0.115500E+01  0.203903E+01
0.116000E+01  0.209606E+01
0.116500E+01  0.215264E+01
0.117000E+01  0.220877E+01
0.117500E+01  0.226447E+01
0.118000E+01  0.231974E+01
0.118500E+01  0.237460E+01
0.119000E+01  0.242904E+01
0.119500E+01  0.248307E+01
0.120000E+01  0.253670E+01
0.120500E+01  0.258994E+01
0.121000E+01  0.264280E+01
0.121500E+01  0.269527E+01
0.122000E+01  0.274737E+01
0.122500E+01  0.279910E+01
0.123000E+01  0.285047E+01
0.123500E+01  0.290148E+01
0.124000E+01  0.295214E+01
0.124500E+01  0.300245E+01
0.125000E+01  0.305243E+01
0.125500E+01  0.310207E+01
0.126000E+01  0.315138E+01
0.126500E+01  0.320037E+01
0.127000E+01  0.324904E+01
0.127500E+01  0.329740E+01
0.128000E+01  0.334545E+01
0.128500E+01  0.339319E+01
0.129000E+01  0.344064E+01
0.129500E+01  0.348779E+01
0.130000E+01  0.353465E+01
0.130500E+01  0.358123E+01
0.131000E+01  0.362752E+01
0.131500E+01  0.367354E+01
0.132000E+01  0.371928E+01
0.132500E+01  0.376476E+01
0.133000E+01  0.380997E+01
0.133500E+01  0.385492E+01
0.134000E+01  0.389962E+01
0.134500E+01  0.394406E+01
0.135000E+01  0.398826E+01
0.135500E+01  0.403221E+01
0.136000E+01  0.407592E+01
0.136500E+01  0.411939E+01
0.137000E+01  0.416262E+01
0.137500E+01  0.420563E+01
0.138000E+01  0.424841E+01
0.138500E+01  0.429097E+01
0.139000E+01  0.433330E+01
0.139500E+01  0.437542E+01
0.140000E+01  0.441732E+01
0.140500E+01  0.445901E+01
0.141000E+01  0.450050E+01
0.141500E+01  0.454178E+01
0.142000E+01  0.458286E+01
0.142500E+01  0.462373E+01
0.143000E+01  0.466442E+01
0.143500E+01  0.470491E+01
0.144000E+01  0.474520E+01
0.144500E+01  0.478532E+01
0.145000E+01  0.482524E+01
0.145500E+01  0.486498E+01
0.146000E+01  0.490455E+01
0.146500E+01  0.494393E+01
0.147000E+01  0.498314E+01
0.147500E+01  0.502218E+01
0.148000E+01  0.506105E+01
0.148500E+01  0.509975E+01
0.149000E+01  0.513828E+01
0.149500E+01  0.517666E+01
0.150000E+01  0.521487E+01
