0.100500E+01  0.112411E-01
0.101000E+01  0.223679E-01
0.101500E+01  0.333823E-01
0.102000E+01  0.442862E-01
0.102500E+01  0.550817E-01
0.103000E+01  0.657706E-01
0.103500E+01  0.763548E-01
0.104000E+01  0.868361E-01
0.104500E+01  0.972163E-01
0.105000E+01  0.107497E+00
0.105500E+01  0.117680E+00
0.106000E+01  0.127768E+00
0.106500E+01  0.137761E+00
0.107000E+01  0.147661E+00
0.107500E+01  0.157471E+00
0.108000E+01  0.167191E+00
0.108500E+01  0.176823E+00
0.109000E+01  0.186369E+00
0.109500E+01  0.195830E+00
0.110000E+01  0.205208E+00
0.110500E+01  0.214503E+00
0.111000E+01  0.223718E+00
0.111500E+01  0.232854E+00
0.112000E+01  0.241912E+00
0.112500E+01  0.250894E+00
0.113000E+01  0.259800E+00
0.113500E+01  0.268632E+00
0.114000E+01  0.277392E+00
0.114500E+01  0.286080E+00
0.115000E+01  0.294698E+00
0.115500E+01  0.303247E+00
0.116000E+01  0.311727E+00
0.116500E+01  0.320141E+00
0.117000E+01  0.328490E+00
0.117500E+01  0.336774E+00
0.118000E+01  0.344994E+00
0.118500E+01  0.353151E+00
0.119000E+01  0.361248E+00
0.119500E+01  0.369284E+00
0.120000E+01  0.377260E+00
0.120500E+01  0.385178E+00
0.121000E+01  0.393038E+00
0.121500E+01  0.400842E+00
0.122000E+01  0.408590E+00
0.122500E+01  0.416284E+00
0.123000E+01  0.423923E+00
0.123500E+01  0.431510E+00
0.124000E+01  0.439044E+00
0.124500E+01  0.446527E+00
0.125000E+01  0.453959E+00
0.125500E+01  0.461342E+00
0.126000E+01  0.468676E+00
0.126500E+01  0.475962E+00
0.127000E+01  0.483200E+00
0.127500E+01  0.490392E+00
0.128000E+01  0.497538E+00
0.128500E+01  0.504638E+00
0.129000E+01  0.511694E+00
0.129500E+01  0.518706E+00
0.130000E+01  0.525676E+00
0.130500E+01  0.532602E+00
0.131000E+01  0.539487E+00
0.131500E+01  0.546331E+00
0.132000E+01  0.553134E+00
0.132500E+01  0.559897E+00
0.133000E+01  0.566621E+00
0.133500E+01  0.573307E+00
0.134000E+01  0.579954E+00
0.134500E+01  0.586564E+00
0.135000E+01  0.593136E+00
0.135500E+01  0.599673E+00
0.136000E+01  0.606173E+00
0.136500E+01  0.612638E+00
0.137000E+01  0.619068E+00
0.137500E+01  0.625464E+00
0.138000E+01  0.631826E+00
0.138500E+01  0.638155E+00
0.139000E+01  0.644451E+00
0.139500E+01  0.650715E+00
0.140000E+01  0.656947E+00
0.140500E+01  0.663148E+00
0.141000E+01  0.669317E+00
0.141500E+01  0.675456E+00
0.142000E+01  0.681565E+00
0.142500E+01  0.687645E+00
0.143000E+01  0.693695E+00
0.143500E+01  0.699717E+00
0.144000E+01  0.705710E+00
0.144500E+01  0.711675E+00
0.145000E+01  0.717613E+00
0.145500E+01  0.723524E+00
0.146000E+01  0.729408E+00
0.146500E+01  0.735265E+00
0.147000E+01  0.741096E+00
0.147500E+01  0.746902E+00
0.148000E+01  0.752683E+00
0.148500E+01  0.758438E+00
0.149000E+01  0.764169E+00
0.149500E+01  0.769876E+00
0.150000E+01  0.775558E+00
