0.100500E+01  0.174056E-01
0.101000E+01  0.346342E-01
0.101500E+01  0.516887E-01
0.102000E+01  0.685723E-01
0.102500E+01  0.852878E-01
0.103000E+01  0.101838E+00
0.103500E+01  0.118227E+00
0.104000E+01  0.134456E+00
0.104500E+01  0.150528E+00
0.105000E+01  0.166447E+00
0.105500E+01  0.182215E+00
0.106000E+01  0.197834E+00
0.106500E+01  0.213307E+00
0.107000E+01  0.228637E+00
0.107500E+01  0.243826E+00
0.108000E+01  0.258877E+00
0.108500E+01  0.273791E+00
0.109000E+01  0.288572E+00
0.109500E+01  0.303221E+00
0.110000E+01  0.317741E+00
0.110500E+01  0.332134E+00
0.111000E+01  0.346403E+00
0.111500E+01  0.360549E+00
0.112000E+01  0.374574E+00
0.112500E+01  0.388481E+00
0.113000E+01  0.402271E+00
0.113500E+01  0.415947E+00
0.114000E+01  0.429510E+00
0.114500E+01  0.442963E+00
0.115000E+01  0.456306E+00
0.115500E+01  0.469543E+00
0.116000E+01  0.482675E+00
0.116500E+01  0.495703E+00
0.117000E+01  0.508629E+00
0.117500E+01  0.521456E+00
0.118000E+01  0.534184E+00
0.118500E+01  0.546815E+00
0.119000E+01  0.559351E+00
0.119500E+01  0.571794E+00
0.120000E+01  0.584145E+00
0.120500E+01  0.596405E+00
0.121000E+01  0.608575E+00
0.121500E+01  0.620659E+00
0.122000E+01  0.632656E+00
0.122500E+01  0.644568E+00
0.123000E+01  0.656397E+00
0.123500E+01  0.668144E+00
0.124000E+01  0.679810E+00
0.124500E+01  0.691397E+00
0.125000E+01  0.702905E+00
0.125500E+01  0.714336E+00
0.126000E+01  0.725692E+00
0.126500E+01  0.736973E+00
0.127000E+01  0.748181E+00
0.127500E+01  0.759316E+00
0.128000E+01  0.770381E+00
0.128500E+01  0.781375E+00
0.129000E+01  0.792301E+00
0.129500E+01  0.803158E+00
0.130000E+01  0.813949E+00
0.130500E+01  0.824675E+00
0.131000E+01  0.835335E+00
0.131500E+01  0.845932E+00
0.132000E+01  0.856466E+00
0.132500E+01  0.866938E+00
0.133000E+01  0.877349E+00
0.133500E+01  0.887701E+00
0.134000E+01  0.897993E+00
0.134500E+01  0.908228E+00
0.135000E+01  0.918405E+00
0.135500E+01  0.928525E+00
0.136000E+01  0.938591E+00
0.136500E+01  0.948601E+00
0.137000E+01  0.958557E+00
0.137500E+01  0.968461E+00
0.138000E+01  0.978312E+00
0.138500E+01  0.988111E+00
0.139000E+01  0.997860E+00
0.139500E+01  0.100756E+01
0.140000E+01  0.101721E+01
0.140500E+01  0.102681E+01
0.141000E+01  0.103636E+01
0.141500E+01  0.104587E+01
0.142000E+01  0.105533E+01
0.142500E+01  0.106474E+01
0.143000E+01  0.107411E+01
0.143500E+01  0.108343E+01
0.144000E+01  0.109271E+01
0.144500E+01  0.110195E+01
0.145000E+01  0.111114E+01
0.145500E+01  0.112029E+01
0.146000E+01  0.112941E+01
0.146500E+01  0.113847E+01
0.147000E+01  0.114750E+01
0.147500E+01  0.115649E+01
0.148000E+01  0.116544E+01
0.148500E+01  0.117436E+01
0.149000E+01  0.118323E+01
0.149500E+01  0.119207E+01
0.150000E+01  0.120086E+01
