0.100500E+01  0.170430E-01
0.101000E+01  0.339126E-01
0.101500E+01  0.506118E-01
0.102000E+01  0.671437E-01
0.102500E+01  0.835110E-01
0.103000E+01  0.997168E-01
0.103500E+01  0.115764E+00
0.104000E+01  0.131655E+00
0.104500E+01  0.147392E+00
0.105000E+01  0.162980E+00
0.105500E+01  0.178419E+00
0.106000E+01  0.193712E+00
0.106500E+01  0.208863E+00
0.107000E+01  0.223874E+00
0.107500E+01  0.238746E+00
0.108000E+01  0.253483E+00
0.108500E+01  0.268087E+00
0.109000E+01  0.282560E+00
0.109500E+01  0.296904E+00
0.110000E+01  0.311122E+00
0.110500E+01  0.325215E+00
0.111000E+01  0.339186E+00
0.111500E+01  0.353037E+00
0.112000E+01  0.366770E+00
0.112500E+01  0.380387E+00
0.113000E+01  0.393890E+00
0.113500E+01  0.407281E+00
0.114000E+01  0.420562E+00
0.114500E+01  0.433734E+00
0.115000E+01  0.446800E+00
0.115500E+01  0.459761E+00
0.116000E+01  0.472619E+00
0.116500E+01  0.485376E+00
0.117000E+01  0.498033E+00
0.117500E+01  0.510592E+00
0.118000E+01  0.523055E+00
0.118500E+01  0.535423E+00
0.119000E+01  0.547698E+00
0.119500E+01  0.559882E+00
0.120000E+01  0.571975E+00
0.120500E+01  0.583979E+00
0.121000E+01  0.595897E+00
0.121500E+01  0.607728E+00
0.122000E+01  0.619476E+00
0.122500E+01  0.631140E+00
0.123000E+01  0.642722E+00
0.123500E+01  0.654224E+00
0.124000E+01  0.665647E+00
0.124500E+01  0.676993E+00
0.125000E+01  0.688261E+00
0.125500E+01  0.699454E+00
0.126000E+01  0.710573E+00
0.126500E+01  0.721619E+00
0.127000E+01  0.732594E+00
0.127500E+01  0.743497E+00
0.128000E+01  0.754331E+00
0.128500E+01  0.765096E+00
0.129000E+01  0.775794E+00
0.129500E+01  0.786426E+00
0.130000E+01  0.796992E+00
0.130500E+01  0.807494E+00
0.131000E+01  0.817932E+00
0.131500E+01  0.828308E+00
0.132000E+01  0.838623E+00
0.132500E+01  0.848877E+00
0.133000E+01  0.859071E+00
0.133500E+01  0.869207E+00
0.134000E+01  0.879285E+00
0.134500E+01  0.889306E+00
0.135000E+01  0.899271E+00
0.135500E+01  0.909181E+00
0.136000E+01  0.919037E+00
0.136500E+01  0.928838E+00
0.137000E+01  0.938587E+00
0.137500E+01  0.948285E+00
0.138000E+01  0.957930E+00
0.138500E+01  0.967526E+00
0.139000E+01  0.977071E+00
0.139500E+01  0.986568E+00
0.140000E+01  0.996017E+00
0.140500E+01  0.100542E+01
0.141000E+01  0.101477E+01
0.141500E+01  0.102408E+01
0.142000E+01  0.103334E+01
0.142500E+01  0.104256E+01
0.143000E+01  0.105173E+01
0.143500E+01  0.106086E+01
0.144000E+01  0.106995E+01
0.144500E+01  0.107899E+01
0.145000E+01  0.108799E+01
0.145500E+01  0.109696E+01
0.146000E+01  0.110588E+01
0.146500E+01  0.111476E+01
0.147000E+01  0.112360E+01
0.147500E+01  0.113240E+01
0.148000E+01  0.114116E+01
0.148500E+01  0.114989E+01
0.149000E+01  0.115858E+01
0.149500E+01  0.116723E+01
0.150000E+01  0.117585E+01
