0.100500E+01  0.177682E-01
0.101000E+01  0.353557E-01
0.101500E+01  0.527655E-01
0.102000E+01  0.700008E-01
0.102500E+01  0.870647E-01
0.103000E+01  0.103960E+00
0.103500E+01  0.120690E+00
0.104000E+01  0.137257E+00
0.104500E+01  0.153664E+00
0.105000E+01  0.169915E+00
0.105500E+01  0.186011E+00
0.106000E+01  0.201956E+00
0.106500E+01  0.217751E+00
0.107000E+01  0.233400E+00
0.107500E+01  0.248906E+00
0.108000E+01  0.264270E+00
0.108500E+01  0.279495E+00
0.109000E+01  0.294584E+00
0.109500E+01  0.309538E+00
0.110000E+01  0.324361E+00
0.110500E+01  0.339054E+00
0.111000E+01  0.353620E+00
0.111500E+01  0.368060E+00
0.112000E+01  0.382378E+00
0.112500E+01  0.396574E+00
0.113000E+01  0.410652E+00
0.113500E+01  0.424612E+00
0.114000E+01  0.438458E+00
0.114500E+01  0.452191E+00
0.115000E+01  0.465813E+00
0.115500E+01  0.479325E+00
0.116000E+01  0.492731E+00
0.116500E+01  0.506030E+00
0.117000E+01  0.519226E+00
0.117500E+01  0.532319E+00
0.118000E+01  0.545313E+00
0.118500E+01  0.558207E+00
0.119000E+01  0.571005E+00
0.119500E+01  0.583706E+00
0.120000E+01  0.596314E+00
0.120500E+01  0.608830E+00
0.121000E+01  0.621254E+00
0.121500E+01  0.633589E+00
0.122000E+01  0.645836E+00
0.122500E+01  0.657997E+00
0.123000E+01  0.670072E+00
0.123500E+01  0.682064E+00
0.124000E+01  0.693973E+00
0.124500E+01  0.705801E+00
0.125000E+01  0.717549E+00
0.125500E+01  0.729218E+00
0.126000E+01  0.740811E+00
0.126500E+01  0.752327E+00
0.127000E+01  0.763768E+00
0.127500E+01  0.775135E+00
0.128000E+01  0.786430E+00
0.128500E+01  0.797654E+00
0.129000E+01  0.808807E+00
0.129500E+01  0.819891E+00
0.130000E+01  0.830907E+00
0.130500E+01  0.841855E+00
0.131000E+01  0.852738E+00
0.131500E+01  0.863555E+00
0.132000E+01  0.874309E+00
0.132500E+01  0.884999E+00
0.133000E+01  0.895628E+00
0.133500E+01  0.906195E+00
0.134000E+01  0.916702E+00
0.134500E+01  0.927149E+00
0.135000E+01  0.937538E+00
0.135500E+01  0.947870E+00
0.136000E+01  0.958144E+00
0.136500E+01  0.968363E+00
0.137000E+01  0.978527E+00
0.137500E+01  0.988637E+00
0.138000E+01  0.998693E+00
0.138500E+01  0.100870E+01
0.139000E+01  0.101865E+01
0.139500E+01  0.102855E+01
0.140000E+01  0.103840E+01
0.140500E+01  0.104820E+01
0.141000E+01  0.105795E+01
0.141500E+01  0.106766E+01
0.142000E+01  0.107731E+01
0.142500E+01  0.108692E+01
0.143000E+01  0.109649E+01
0.143500E+01  0.110600E+01
0.144000E+01  0.111548E+01
0.144500E+01  0.112491E+01
0.145000E+01  0.113429E+01
0.145500E+01  0.114363E+01
0.146000E+01  0.115293E+01
0.146500E+01  0.116219E+01
0.147000E+01  0.117141E+01
0.147500E+01  0.118059E+01
0.148000E+01  0.118972E+01
0.148500E+01  0.119882E+01
0.149000E+01  0.120788E+01
0.149500E+01  0.121690E+01
0.150000E+01  0.122588E+01
