0.100500E+01  0.795824E-01
0.101000E+01  0.158355E+00
0.101500E+01  0.236332E+00
0.102000E+01  0.313528E+00
0.102500E+01  0.389955E+00
0.103000E+01  0.465628E+00
0.103500E+01  0.540559E+00
0.104000E+01  0.614762E+00
0.104500E+01  0.688250E+00
0.105000E+01  0.761034E+00
0.105500E+01  0.833127E+00
0.106000E+01  0.904541E+00
0.106500E+01  0.975288E+00
0.107000E+01  0.104538E+01
0.107500E+01  0.111483E+01
0.108000E+01  0.118364E+01
0.108500E+01  0.125183E+01
0.109000E+01  0.131941E+01
0.109500E+01  0.138639E+01
0.110000E+01  0.145278E+01
0.110500E+01  0.151859E+01
0.111000E+01  0.158383E+01
0.111500E+01  0.164851E+01
0.112000E+01  0.171264E+01
0.112500E+01  0.177622E+01
0.113000E+01  0.183927E+01
0.113500E+01  0.190180E+01
0.114000E+01  0.196382E+01
0.114500E+01  0.202532E+01
0.115000E+01  0.208633E+01
0.115500E+01  0.214686E+01
0.116000E+01  0.220690E+01
0.116500E+01  0.226646E+01
0.117000E+01  0.232557E+01
0.117500E+01  0.238421E+01
0.118000E+01  0.244241E+01
0.118500E+01  0.250016E+01
0.119000E+01  0.255748E+01
0.119500E+01  0.261437E+01
0.120000E+01  0.267084E+01
0.120500E+01  0.272689E+01
0.121000E+01  0.278254E+01
0.121500E+01  0.283779E+01
0.122000E+01  0.289264E+01
0.122500E+01  0.294711E+01
0.123000E+01  0.300119E+01
0.123500E+01  0.305490E+01
0.124000E+01  0.310824E+01
0.124500E+01  0.316122E+01
0.125000E+01  0.321384E+01
0.125500E+01  0.326610E+01
0.126000E+01  0.331803E+01
0.126500E+01  0.336960E+01
0.127000E+01  0.342085E+01
0.127500E+01  0.347176E+01
0.128000E+01  0.352235E+01
0.128500E+01  0.357262E+01
0.129000E+01  0.362257E+01
0.129500E+01  0.367222E+01
0.130000E+01  0.372156E+01
0.130500E+01  0.377060E+01
0.131000E+01  0.381934E+01
0.131500E+01  0.386779E+01
0.132000E+01  0.391595E+01
0.132500E+01  0.396383E+01
0.133000E+01  0.401144E+01
0.133500E+01  0.405877E+01
0.134000E+01  0.410583E+01
0.134500E+01  0.415262E+01
0.135000E+01  0.419915E+01
0.135500E+01  0.424542E+01
0.136000E+01  0.429144E+01
0.136500E+01  0.433721E+01
0.137000E+01  0.438274E+01
0.137500E+01  0.442802E+01
0.138000E+01  0.447306E+01
0.138500E+01  0.451787E+01
0.139000E+01  0.456244E+01
0.139500E+01  0.460678E+01
0.140000E+01  0.465090E+01
0.140500E+01  0.469480E+01
0.141000E+01  0.473848E+01
0.141500E+01  0.478194E+01
0.142000E+01  0.482519E+01
0.142500E+01  0.486823E+01
0.143000E+01  0.491106E+01
0.143500E+01  0.495369E+01
0.144000E+01  0.499612E+01
0.144500E+01  0.503836E+01
0.145000E+01  0.508039E+01
0.145500E+01  0.512224E+01
0.146000E+01  0.516389E+01
0.146500E+01  0.520536E+01
0.147000E+01  0.524664E+01
0.147500E+01  0.528775E+01
0.148000E+01  0.532867E+01
0.148500E+01  0.536942E+01
0.149000E+01  0.540999E+01
0.149500E+01  0.545039E+01
0.150000E+01  0.549062E+01
