0.100500E+01  0.775840E-01
0.101000E+01  0.154379E+00
0.101500E+01  0.230398E+00
0.102000E+01  0.305654E+00
0.102500E+01  0.380163E+00
0.103000E+01  0.453935E+00
0.103500E+01  0.526985E+00
0.104000E+01  0.599325E+00
0.104500E+01  0.670967E+00
0.105000E+01  0.741923E+00
0.105500E+01  0.812206E+00
0.106000E+01  0.881827E+00
0.106500E+01  0.950797E+00
0.107000E+01  0.101913E+01
0.107500E+01  0.108683E+01
0.108000E+01  0.115392E+01
0.108500E+01  0.122040E+01
0.109000E+01  0.128628E+01
0.109500E+01  0.135158E+01
0.110000E+01  0.141630E+01
0.110500E+01  0.148046E+01
0.111000E+01  0.154406E+01
0.111500E+01  0.160711E+01
0.112000E+01  0.166963E+01
0.112500E+01  0.173162E+01
0.113000E+01  0.179309E+01
0.113500E+01  0.185404E+01
0.114000E+01  0.191450E+01
0.114500E+01  0.197446E+01
0.115000E+01  0.203394E+01
0.115500E+01  0.209295E+01
0.116000E+01  0.215148E+01
0.116500E+01  0.220955E+01
0.117000E+01  0.226717E+01
0.117500E+01  0.232434E+01
0.118000E+01  0.238108E+01
0.118500E+01  0.243738E+01
0.119000E+01  0.249326E+01
0.119500E+01  0.254872E+01
0.120000E+01  0.260377E+01
0.120500E+01  0.265842E+01
0.121000E+01  0.271267E+01
0.121500E+01  0.276653E+01
0.122000E+01  0.282001E+01
0.122500E+01  0.287310E+01
0.123000E+01  0.292583E+01
0.123500E+01  0.297819E+01
0.124000E+01  0.303019E+01
0.124500E+01  0.308184E+01
0.125000E+01  0.313313E+01
0.125500E+01  0.318409E+01
0.126000E+01  0.323470E+01
0.126500E+01  0.328499E+01
0.127000E+01  0.333495E+01
0.127500E+01  0.338458E+01
0.128000E+01  0.343390E+01
0.128500E+01  0.348291E+01
0.129000E+01  0.353161E+01
0.129500E+01  0.358000E+01
0.130000E+01  0.362810E+01
0.130500E+01  0.367591E+01
0.131000E+01  0.372343E+01
0.131500E+01  0.377066E+01
0.132000E+01  0.381762E+01
0.132500E+01  0.386430E+01
0.133000E+01  0.391070E+01
0.133500E+01  0.395684E+01
0.134000E+01  0.400272E+01
0.134500E+01  0.404834E+01
0.135000E+01  0.409370E+01
0.135500E+01  0.413882E+01
0.136000E+01  0.418368E+01
0.136500E+01  0.422830E+01
0.137000E+01  0.427268E+01
0.137500E+01  0.431682E+01
0.138000E+01  0.436073E+01
0.138500E+01  0.440442E+01
0.139000E+01  0.444787E+01
0.139500E+01  0.449110E+01
0.140000E+01  0.453411E+01
0.140500E+01  0.457691E+01
0.141000E+01  0.461949E+01
0.141500E+01  0.466186E+01
0.142000E+01  0.470402E+01
0.142500E+01  0.474598E+01
0.143000E+01  0.478774E+01
0.143500E+01  0.482930E+01
0.144000E+01  0.487066E+01
0.144500E+01  0.491184E+01
0.145000E+01  0.495282E+01
0.145500E+01  0.499361E+01
0.146000E+01  0.503422E+01
0.146500E+01  0.507465E+01
0.147000E+01  0.511489E+01
0.147500E+01  0.515496E+01
0.148000E+01  0.519486E+01
0.148500E+01  0.523458E+01
0.149000E+01  0.527414E+01
0.149500E+01  0.531352E+01
0.150000E+01  0.535274E+01
