0.100500E+01  0.396139E-01
0.101000E+01  0.788248E-01
0.101500E+01  0.117640E+00
0.102000E+01  0.156065E+00
0.102500E+01  0.194109E+00
0.103000E+01  0.231777E+00
0.103500E+01  0.269075E+00
0.104000E+01  0.306012E+00
0.104500E+01  0.342592E+00
0.105000E+01  0.378822E+00
0.105500E+01  0.414708E+00
0.106000E+01  0.450256E+00
0.106500E+01  0.485471E+00
0.107000E+01  0.520361E+00
0.107500E+01  0.554930E+00
0.108000E+01  0.589184E+00
0.108500E+01  0.623128E+00
0.109000E+01  0.656768E+00
0.109500E+01  0.690108E+00
0.110000E+01  0.723155E+00
0.110500E+01  0.755913E+00
0.111000E+01  0.788387E+00
0.111500E+01  0.820582E+00
0.112000E+01  0.852502E+00
0.112500E+01  0.884153E+00
0.113000E+01  0.915539E+00
0.113500E+01  0.946664E+00
0.114000E+01  0.977533E+00
0.114500E+01  0.100815E+01
0.115000E+01  0.103852E+01
0.115500E+01  0.106865E+01
0.116000E+01  0.109853E+01
0.116500E+01  0.112818E+01
0.117000E+01  0.115760E+01
0.117500E+01  0.118679E+01
0.118000E+01  0.121576E+01
0.118500E+01  0.124451E+01
0.119000E+01  0.127304E+01
0.119500E+01  0.130136E+01
0.120000E+01  0.132947E+01
0.120500E+01  0.135737E+01
0.121000E+01  0.138507E+01
0.121500E+01  0.141257E+01
0.122000E+01  0.143988E+01
0.122500E+01  0.146699E+01
0.123000E+01  0.149391E+01
0.123500E+01  0.152065E+01
0.124000E+01  0.154720E+01
0.124500E+01  0.157357E+01
0.125000E+01  0.159976E+01
0.125500E+01  0.162578E+01
0.126000E+01  0.165162E+01
0.126500E+01  0.167730E+01
0.127000E+01  0.170280E+01
0.127500E+01  0.172815E+01
0.128000E+01  0.175333E+01
0.128500E+01  0.177835E+01
0.129000E+01  0.180322E+01
0.129500E+01  0.182793E+01
0.130000E+01  0.185249E+01
0.130500E+01  0.187690E+01
0.131000E+01  0.190116E+01
0.131500E+01  0.192528E+01
0.132000E+01  0.194925E+01
0.132500E+01  0.197309E+01
0.133000E+01  0.199678E+01
0.133500E+01  0.202034E+01
0.134000E+01  0.204377E+01
0.134500E+01  0.206706E+01
0.135000E+01  0.209022E+01
0.135500E+01  0.211325E+01
0.136000E+01  0.213616E+01
0.136500E+01  0.215895E+01
0.137000E+01  0.218161E+01
0.137500E+01  0.220415E+01
0.138000E+01  0.222657E+01
0.138500E+01  0.224887E+01
0.139000E+01  0.227106E+01
0.139500E+01  0.229313E+01
0.140000E+01  0.231509E+01
0.140500E+01  0.233694E+01
0.141000E+01  0.235868E+01
0.141500E+01  0.238032E+01
0.142000E+01  0.240185E+01
0.142500E+01  0.242327E+01
0.143000E+01  0.244459E+01
0.143500E+01  0.246581E+01
0.144000E+01  0.248693E+01
0.144500E+01  0.250795E+01
0.145000E+01  0.252888E+01
0.145500E+01  0.254971E+01
0.146000E+01  0.257044E+01
0.146500E+01  0.259108E+01
0.147000E+01  0.261163E+01
0.147500E+01  0.263209E+01
0.148000E+01  0.265246E+01
0.148500E+01  0.267275E+01
0.149000E+01  0.269294E+01
0.149500E+01  0.271305E+01
0.150000E+01  0.273308E+01
