0.100500E+01  0.675919E-01
0.101000E+01  0.134496E+00
0.101500E+01  0.200724E+00
0.102000E+01  0.266289E+00
0.102500E+01  0.331201E+00
0.103000E+01  0.395472E+00
0.103500E+01  0.459114E+00
0.104000E+01  0.522137E+00
0.104500E+01  0.584552E+00
0.105000E+01  0.646370E+00
0.105500E+01  0.707601E+00
0.106000E+01  0.768255E+00
0.106500E+01  0.828343E+00
0.107000E+01  0.887874E+00
0.107500E+01  0.946858E+00
0.108000E+01  0.100530E+01
0.108500E+01  0.106322E+01
0.109000E+01  0.112062E+01
0.109500E+01  0.117751E+01
0.110000E+01  0.123389E+01
0.110500E+01  0.128979E+01
0.111000E+01  0.134520E+01
0.111500E+01  0.140013E+01
0.112000E+01  0.145460E+01
0.112500E+01  0.150860E+01
0.113000E+01  0.156215E+01
0.113500E+01  0.161526E+01
0.114000E+01  0.166793E+01
0.114500E+01  0.172017E+01
0.115000E+01  0.177199E+01
0.115500E+01  0.182339E+01
0.116000E+01  0.187439E+01
0.116500E+01  0.192498E+01
0.117000E+01  0.197518E+01
0.117500E+01  0.202499E+01
0.118000E+01  0.207441E+01
0.118500E+01  0.212347E+01
0.119000E+01  0.217215E+01
0.119500E+01  0.222047E+01
0.120000E+01  0.226843E+01
0.120500E+01  0.231604E+01
0.121000E+01  0.236330E+01
0.121500E+01  0.241023E+01
0.122000E+01  0.245681E+01
0.122500E+01  0.250307E+01
0.123000E+01  0.254901E+01
0.123500E+01  0.259463E+01
0.124000E+01  0.263993E+01
0.124500E+01  0.268492E+01
0.125000E+01  0.272961E+01
0.125500E+01  0.277401E+01
0.126000E+01  0.281810E+01
0.126500E+01  0.286191E+01
0.127000E+01  0.290544E+01
0.127500E+01  0.294868E+01
0.128000E+01  0.299164E+01
0.128500E+01  0.303434E+01
0.129000E+01  0.307677E+01
0.129500E+01  0.311893E+01
0.130000E+01  0.316084E+01
0.130500E+01  0.320249E+01
0.131000E+01  0.324388E+01
0.131500E+01  0.328504E+01
0.132000E+01  0.332594E+01
0.132500E+01  0.336661E+01
0.133000E+01  0.340704E+01
0.133500E+01  0.344724E+01
0.134000E+01  0.348721E+01
0.134500E+01  0.352695E+01
0.135000E+01  0.356647E+01
0.135500E+01  0.360577E+01
0.136000E+01  0.364486E+01
0.136500E+01  0.368373E+01
0.137000E+01  0.372240E+01
0.137500E+01  0.376086E+01
0.138000E+01  0.379911E+01
0.138500E+01  0.383717E+01
0.139000E+01  0.387502E+01
0.139500E+01  0.391269E+01
0.140000E+01  0.395016E+01
0.140500E+01  0.398744E+01
0.141000E+01  0.402454E+01
0.141500E+01  0.406145E+01
0.142000E+01  0.409819E+01
0.142500E+01  0.413474E+01
0.143000E+01  0.417112E+01
0.143500E+01  0.420733E+01
0.144000E+01  0.424337E+01
0.144500E+01  0.427924E+01
0.145000E+01  0.431494E+01
0.145500E+01  0.435048E+01
0.146000E+01  0.438586E+01
0.146500E+01  0.442108E+01
0.147000E+01  0.445614E+01
0.147500E+01  0.449105E+01
0.148000E+01  0.452581E+01
0.148500E+01  0.456041E+01
0.149000E+01  0.459487E+01
0.149500E+01  0.462919E+01
0.150000E+01  0.466336E+01
