0.100500E+01  0.184935E-01
0.101000E+01  0.367988E-01
0.101500E+01  0.549192E-01
0.102000E+01  0.728580E-01
0.102500E+01  0.906183E-01
0.103000E+01  0.108203E+00
0.103500E+01  0.125616E+00
0.104000E+01  0.142859E+00
0.104500E+01  0.159937E+00
0.105000E+01  0.176850E+00
0.105500E+01  0.193603E+00
0.106000E+01  0.210199E+00
0.106500E+01  0.226639E+00
0.107000E+01  0.242927E+00
0.107500E+01  0.259065E+00
0.108000E+01  0.275056E+00
0.108500E+01  0.290903E+00
0.109000E+01  0.306607E+00
0.109500E+01  0.322172E+00
0.110000E+01  0.337600E+00
0.110500E+01  0.352893E+00
0.111000E+01  0.368053E+00
0.111500E+01  0.383083E+00
0.112000E+01  0.397985E+00
0.112500E+01  0.412761E+00
0.113000E+01  0.427413E+00
0.113500E+01  0.441943E+00
0.114000E+01  0.456354E+00
0.114500E+01  0.470648E+00
0.115000E+01  0.484826E+00
0.115500E+01  0.498890E+00
0.116000E+01  0.512842E+00
0.116500E+01  0.526684E+00
0.117000E+01  0.540419E+00
0.117500E+01  0.554047E+00
0.118000E+01  0.567570E+00
0.118500E+01  0.580991E+00
0.119000E+01  0.594311E+00
0.119500E+01  0.607531E+00
0.120000E+01  0.620654E+00
0.120500E+01  0.633680E+00
0.121000E+01  0.646611E+00
0.121500E+01  0.659450E+00
0.122000E+01  0.672197E+00
0.122500E+01  0.684854E+00
0.123000E+01  0.697422E+00
0.123500E+01  0.709903E+00
0.124000E+01  0.722298E+00
0.124500E+01  0.734609E+00
0.125000E+01  0.746837E+00
0.125500E+01  0.758982E+00
0.126000E+01  0.771048E+00
0.126500E+01  0.783034E+00
0.127000E+01  0.794942E+00
0.127500E+01  0.806774E+00
0.128000E+01  0.818529E+00
0.128500E+01  0.830211E+00
0.129000E+01  0.841819E+00
0.129500E+01  0.853356E+00
0.130000E+01  0.864821E+00
0.130500E+01  0.876217E+00
0.131000E+01  0.887543E+00
0.131500E+01  0.898803E+00
0.132000E+01  0.909995E+00
0.132500E+01  0.921122E+00
0.133000E+01  0.932184E+00
0.133500E+01  0.943182E+00
0.134000E+01  0.954118E+00
0.134500E+01  0.964992E+00
0.135000E+01  0.975805E+00
0.135500E+01  0.986558E+00
0.136000E+01  0.997252E+00
0.136500E+01  0.100789E+01
0.137000E+01  0.101847E+01
0.137500E+01  0.102899E+01
0.138000E+01  0.103946E+01
0.138500E+01  0.104987E+01
0.139000E+01  0.106023E+01
0.139500E+01  0.107053E+01
0.140000E+01  0.108078E+01
0.140500E+01  0.109098E+01
0.141000E+01  0.110113E+01
0.141500E+01  0.111123E+01
0.142000E+01  0.112129E+01
0.142500E+01  0.113129E+01
0.143000E+01  0.114124E+01
0.143500E+01  0.115115E+01
0.144000E+01  0.116101E+01
0.144500E+01  0.117082E+01
0.145000E+01  0.118059E+01
0.145500E+01  0.119031E+01
0.146000E+01  0.119999E+01
0.146500E+01  0.120963E+01
0.147000E+01  0.121922E+01
0.147500E+01  0.122877E+01
0.148000E+01  0.123828E+01
0.148500E+01  0.124775E+01
0.149000E+01  0.125718E+01
0.149500E+01  0.126657E+01
0.150000E+01  0.127592E+01
