0.100500E+01  0.155925E-01
0.101000E+01  0.310264E-01
0.101500E+01  0.463045E-01
0.102000E+01  0.614293E-01
0.102500E+01  0.764037E-01
0.103000E+01  0.912302E-01
0.103500E+01  0.105912E+00
0.104000E+01  0.120450E+00
0.104500E+01  0.134848E+00
0.105000E+01  0.149109E+00
0.105500E+01  0.163234E+00
0.106000E+01  0.177226E+00
0.106500E+01  0.191088E+00
0.107000E+01  0.204821E+00
0.107500E+01  0.218427E+00
0.108000E+01  0.231910E+00
0.108500E+01  0.245271E+00
0.109000E+01  0.258512E+00
0.109500E+01  0.271635E+00
0.110000E+01  0.284643E+00
0.110500E+01  0.297537E+00
0.111000E+01  0.310319E+00
0.111500E+01  0.322991E+00
0.112000E+01  0.335556E+00
0.112500E+01  0.348014E+00
0.113000E+01  0.360368E+00
0.113500E+01  0.372619E+00
0.114000E+01  0.384769E+00
0.114500E+01  0.396821E+00
0.115000E+01  0.408774E+00
0.115500E+01  0.420632E+00
0.116000E+01  0.432396E+00
0.116500E+01  0.444067E+00
0.117000E+01  0.455647E+00
0.117500E+01  0.467138E+00
0.118000E+01  0.478540E+00
0.118500E+01  0.489855E+00
0.119000E+01  0.501086E+00
0.119500E+01  0.512232E+00
0.120000E+01  0.523296E+00
0.120500E+01  0.534279E+00
0.121000E+01  0.545182E+00
0.121500E+01  0.556007E+00
0.122000E+01  0.566754E+00
0.122500E+01  0.577426E+00
0.123000E+01  0.588023E+00
0.123500E+01  0.598546E+00
0.124000E+01  0.608997E+00
0.124500E+01  0.619376E+00
0.125000E+01  0.629686E+00
0.125500E+01  0.639926E+00
0.126000E+01  0.650099E+00
0.126500E+01  0.660205E+00
0.127000E+01  0.670245E+00
0.127500E+01  0.680221E+00
0.128000E+01  0.690133E+00
0.128500E+01  0.699982E+00
0.129000E+01  0.709769E+00
0.129500E+01  0.719496E+00
0.130000E+01  0.729163E+00
0.130500E+01  0.738771E+00
0.131000E+01  0.748321E+00
0.131500E+01  0.757814E+00
0.132000E+01  0.767251E+00
0.132500E+01  0.776632E+00
0.133000E+01  0.785959E+00
0.133500E+01  0.795232E+00
0.134000E+01  0.804452E+00
0.134500E+01  0.813621E+00
0.135000E+01  0.822738E+00
0.135500E+01  0.831804E+00
0.136000E+01  0.840821E+00
0.136500E+01  0.849788E+00
0.137000E+01  0.858708E+00
0.137500E+01  0.867580E+00
0.138000E+01  0.876404E+00
0.138500E+01  0.885183E+00
0.139000E+01  0.893916E+00
0.139500E+01  0.902605E+00
0.140000E+01  0.911249E+00
0.140500E+01  0.919850E+00
0.141000E+01  0.928408E+00
0.141500E+01  0.936923E+00
0.142000E+01  0.945397E+00
0.142500E+01  0.953830E+00
0.143000E+01  0.962222E+00
0.143500E+01  0.970575E+00
0.144000E+01  0.978888E+00
0.144500E+01  0.987163E+00
0.145000E+01  0.995399E+00
0.145500E+01  0.100360E+01
0.146000E+01  0.101176E+01
0.146500E+01  0.101988E+01
0.147000E+01  0.102797E+01
0.147500E+01  0.103603E+01
0.148000E+01  0.104404E+01
0.148500E+01  0.105203E+01
0.149000E+01  0.105998E+01
0.149500E+01  0.106789E+01
0.150000E+01  0.107577E+01
