0.100500E+01  0.625958E-01
0.101000E+01  0.124555E+00
0.101500E+01  0.185888E+00
0.102000E+01  0.246606E+00
0.102500E+01  0.306720E+00
0.103000E+01  0.366241E+00
0.103500E+01  0.425179E+00
0.104000E+01  0.483543E+00
0.104500E+01  0.541345E+00
0.105000E+01  0.598594E+00
0.105500E+01  0.655299E+00
0.106000E+01  0.711470E+00
0.106500E+01  0.767116E+00
0.107000E+01  0.822247E+00
0.107500E+01  0.876871E+00
0.108000E+01  0.930997E+00
0.108500E+01  0.984633E+00
0.109000E+01  0.103779E+01
0.109500E+01  0.109047E+01
0.110000E+01  0.114269E+01
0.110500E+01  0.119445E+01
0.111000E+01  0.124577E+01
0.111500E+01  0.129664E+01
0.112000E+01  0.134708E+01
0.112500E+01  0.139709E+01
0.113000E+01  0.144669E+01
0.113500E+01  0.149587E+01
0.114000E+01  0.154465E+01
0.114500E+01  0.159302E+01
0.115000E+01  0.164101E+01
0.115500E+01  0.168862E+01
0.116000E+01  0.173584E+01
0.116500E+01  0.178269E+01
0.117000E+01  0.182918E+01
0.117500E+01  0.187531E+01
0.118000E+01  0.192108E+01
0.118500E+01  0.196651E+01
0.119000E+01  0.201159E+01
0.119500E+01  0.205634E+01
0.120000E+01  0.210076E+01
0.120500E+01  0.214485E+01
0.121000E+01  0.218862E+01
0.121500E+01  0.223207E+01
0.122000E+01  0.227522E+01
0.122500E+01  0.231806E+01
0.123000E+01  0.236060E+01
0.123500E+01  0.240284E+01
0.124000E+01  0.244480E+01
0.124500E+01  0.248647E+01
0.125000E+01  0.252785E+01
0.125500E+01  0.256897E+01
0.126000E+01  0.260980E+01
0.126500E+01  0.265037E+01
0.127000E+01  0.269068E+01
0.127500E+01  0.273073E+01
0.128000E+01  0.277052E+01
0.128500E+01  0.281006E+01
0.129000E+01  0.284935E+01
0.129500E+01  0.288840E+01
0.130000E+01  0.292720E+01
0.130500E+01  0.296577E+01
0.131000E+01  0.300411E+01
0.131500E+01  0.304222E+01
0.132000E+01  0.308010E+01
0.132500E+01  0.311777E+01
0.133000E+01  0.315521E+01
0.133500E+01  0.319244E+01
0.134000E+01  0.322945E+01
0.134500E+01  0.326626E+01
0.135000E+01  0.330286E+01
0.135500E+01  0.333925E+01
0.136000E+01  0.337545E+01
0.136500E+01  0.341145E+01
0.137000E+01  0.344726E+01
0.137500E+01  0.348287E+01
0.138000E+01  0.351830E+01
0.138500E+01  0.355354E+01
0.139000E+01  0.358860E+01
0.139500E+01  0.362348E+01
0.140000E+01  0.365818E+01
0.140500E+01  0.369271E+01
0.141000E+01  0.372707E+01
0.141500E+01  0.376125E+01
0.142000E+01  0.379527E+01
0.142500E+01  0.382912E+01
0.143000E+01  0.386281E+01
0.143500E+01  0.389634E+01
0.144000E+01  0.392972E+01
0.144500E+01  0.396293E+01
0.145000E+01  0.399600E+01
0.145500E+01  0.402891E+01
0.146000E+01  0.406168E+01
0.146500E+01  0.409429E+01
0.147000E+01  0.412676E+01
0.147500E+01  0.415909E+01
0.148000E+01  0.419128E+01
0.148500E+01  0.422333E+01
0.149000E+01  0.425524E+01
0.149500E+01  0.428702E+01
0.150000E+01  0.431867E+01
