0.100500E+01  0.979067E-02
0.101000E+01  0.194817E-01
0.101500E+01  0.290749E-01
0.102000E+01  0.385719E-01
0.102500E+01  0.479744E-01
0.103000E+01  0.572841E-01
0.103500E+01  0.665026E-01
0.104000E+01  0.756314E-01
0.104500E+01  0.846723E-01
0.105000E+01  0.936266E-01
0.105500E+01  0.102496E+00
0.106000E+01  0.111282E+00
0.106500E+01  0.119985E+00
0.107000E+01  0.128608E+00
0.107500E+01  0.137152E+00
0.108000E+01  0.145618E+00
0.108500E+01  0.154007E+00
0.109000E+01  0.162322E+00
0.109500E+01  0.170562E+00
0.110000E+01  0.178729E+00
0.110500E+01  0.186826E+00
0.111000E+01  0.194852E+00
0.111500E+01  0.202809E+00
0.112000E+01  0.210698E+00
0.112500E+01  0.218520E+00
0.113000E+01  0.226277E+00
0.113500E+01  0.233970E+00
0.114000E+01  0.241599E+00
0.114500E+01  0.249166E+00
0.115000E+01  0.256672E+00
0.115500E+01  0.264118E+00
0.116000E+01  0.271505E+00
0.116500E+01  0.278833E+00
0.117000E+01  0.286104E+00
0.117500E+01  0.293319E+00
0.118000E+01  0.300478E+00
0.118500E+01  0.307584E+00
0.119000E+01  0.314635E+00
0.119500E+01  0.321634E+00
0.120000E+01  0.328581E+00
0.120500E+01  0.335478E+00
0.121000E+01  0.342324E+00
0.121500E+01  0.349121E+00
0.122000E+01  0.355869E+00
0.122500E+01  0.362570E+00
0.123000E+01  0.369223E+00
0.123500E+01  0.375831E+00
0.124000E+01  0.382393E+00
0.124500E+01  0.388911E+00
0.125000E+01  0.395384E+00
0.125500E+01  0.401814E+00
0.126000E+01  0.408202E+00
0.126500E+01  0.414547E+00
0.127000E+01  0.420852E+00
0.127500E+01  0.427115E+00
0.128000E+01  0.433339E+00
0.128500E+01  0.439523E+00
0.129000E+01  0.445669E+00
0.129500E+01  0.451777E+00
0.130000E+01  0.457846E+00
0.130500E+01  0.463879E+00
0.131000E+01  0.469876E+00
0.131500E+01  0.475837E+00
0.132000E+01  0.481762E+00
0.132500E+01  0.487653E+00
0.133000E+01  0.493509E+00
0.133500E+01  0.499332E+00
0.134000E+01  0.505121E+00
0.134500E+01  0.510878E+00
0.135000E+01  0.516603E+00
0.135500E+01  0.522296E+00
0.136000E+01  0.527957E+00
0.136500E+01  0.533588E+00
0.137000E+01  0.539189E+00
0.137500E+01  0.544759E+00
0.138000E+01  0.550300E+00
0.138500E+01  0.555813E+00
0.139000E+01  0.561296E+00
0.139500E+01  0.566752E+00
0.140000E+01  0.572180E+00
0.140500E+01  0.577580E+00
0.141000E+01  0.582954E+00
0.141500E+01  0.588301E+00
0.142000E+01  0.593622E+00
0.142500E+01  0.598917E+00
0.143000E+01  0.604186E+00
0.143500E+01  0.609431E+00
0.144000E+01  0.614651E+00
0.144500E+01  0.619846E+00
0.145000E+01  0.625018E+00
0.145500E+01  0.630166E+00
0.146000E+01  0.635290E+00
0.146500E+01  0.640392E+00
0.147000E+01  0.645471E+00
0.147500E+01  0.650528E+00
0.148000E+01  0.655562E+00
0.148500E+01  0.660575E+00
0.149000E+01  0.665567E+00
0.149500E+01  0.670537E+00
0.150000E+01  0.675486E+00
