0.100500E+01  0.217570E-01
0.101000E+01  0.432927E-01
0.101500E+01  0.646109E-01
0.102000E+01  0.857153E-01
0.102500E+01  0.106610E+00
0.103000E+01  0.127298E+00
0.103500E+01  0.147784E+00
0.104000E+01  0.168070E+00
0.104500E+01  0.188161E+00
0.105000E+01  0.208059E+00
0.105500E+01  0.227769E+00
0.106000E+01  0.247292E+00
0.106500E+01  0.266634E+00
0.107000E+01  0.285796E+00
0.107500E+01  0.304783E+00
0.108000E+01  0.323596E+00
0.108500E+01  0.342239E+00
0.109000E+01  0.360715E+00
0.109500E+01  0.379026E+00
0.110000E+01  0.397176E+00
0.110500E+01  0.415168E+00
0.111000E+01  0.433003E+00
0.111500E+01  0.450686E+00
0.112000E+01  0.468217E+00
0.112500E+01  0.485601E+00
0.113000E+01  0.502839E+00
0.113500E+01  0.519934E+00
0.114000E+01  0.536888E+00
0.114500E+01  0.553703E+00
0.115000E+01  0.570383E+00
0.115500E+01  0.586929E+00
0.116000E+01  0.603343E+00
0.116500E+01  0.619629E+00
0.117000E+01  0.635787E+00
0.117500E+01  0.651820E+00
0.118000E+01  0.667730E+00
0.118500E+01  0.683519E+00
0.119000E+01  0.699189E+00
0.119500E+01  0.714742E+00
0.120000E+01  0.730181E+00
0.120500E+01  0.745506E+00
0.121000E+01  0.760719E+00
0.121500E+01  0.775824E+00
0.122000E+01  0.790820E+00
0.122500E+01  0.805710E+00
0.123000E+01  0.820497E+00
0.123500E+01  0.835180E+00
0.124000E+01  0.849763E+00
0.124500E+01  0.864246E+00
0.125000E+01  0.878631E+00
0.125500E+01  0.892920E+00
0.126000E+01  0.907115E+00
0.126500E+01  0.921216E+00
0.127000E+01  0.935226E+00
0.127500E+01  0.949145E+00
0.128000E+01  0.962976E+00
0.128500E+01  0.976719E+00
0.129000E+01  0.990376E+00
0.129500E+01  0.100395E+01
0.130000E+01  0.101744E+01
0.130500E+01  0.103084E+01
0.131000E+01  0.104417E+01
0.131500E+01  0.105741E+01
0.132000E+01  0.107058E+01
0.132500E+01  0.108367E+01
0.133000E+01  0.109669E+01
0.133500E+01  0.110963E+01
0.134000E+01  0.112249E+01
0.134500E+01  0.113528E+01
0.135000E+01  0.114801E+01
0.135500E+01  0.116066E+01
0.136000E+01  0.117324E+01
0.136500E+01  0.118575E+01
0.137000E+01  0.119820E+01
0.137500E+01  0.121058E+01
0.138000E+01  0.122289E+01
0.138500E+01  0.123514E+01
0.139000E+01  0.124733E+01
0.139500E+01  0.125945E+01
0.140000E+01  0.127151E+01
0.140500E+01  0.128351E+01
0.141000E+01  0.129545E+01
0.141500E+01  0.130733E+01
0.142000E+01  0.131916E+01
0.142500E+01  0.133093E+01
0.143000E+01  0.134264E+01
0.143500E+01  0.135429E+01
0.144000E+01  0.136589E+01
0.144500E+01  0.137744E+01
0.145000E+01  0.138893E+01
0.145500E+01  0.140037E+01
0.146000E+01  0.141176E+01
0.146500E+01  0.142309E+01
0.147000E+01  0.143438E+01
0.147500E+01  0.144562E+01
0.148000E+01  0.145680E+01
0.148500E+01  0.146794E+01
0.149000E+01  0.147904E+01
0.149500E+01  0.149008E+01
0.150000E+01  0.150108E+01
