0.100500E+01  0.705895E-01
0.101000E+01  0.140461E+00
0.101500E+01  0.209626E+00
0.102000E+01  0.278099E+00
0.102500E+01  0.345890E+00
0.103000E+01  0.413011E+00
0.103500E+01  0.479475E+00
0.104000E+01  0.545293E+00
0.104500E+01  0.610477E+00
0.105000E+01  0.675036E+00
0.105500E+01  0.738982E+00
0.106000E+01  0.802327E+00
0.106500E+01  0.865079E+00
0.107000E+01  0.927250E+00
0.107500E+01  0.988850E+00
0.108000E+01  0.104989E+01
0.108500E+01  0.111037E+01
0.109000E+01  0.117032E+01
0.109500E+01  0.122973E+01
0.110000E+01  0.128862E+01
0.110500E+01  0.134699E+01
0.111000E+01  0.140486E+01
0.111500E+01  0.146222E+01
0.112000E+01  0.151911E+01
0.112500E+01  0.157551E+01
0.113000E+01  0.163143E+01
0.113500E+01  0.168690E+01
0.114000E+01  0.174190E+01
0.114500E+01  0.179646E+01
0.115000E+01  0.185058E+01
0.115500E+01  0.190426E+01
0.116000E+01  0.195751E+01
0.116500E+01  0.201035E+01
0.117000E+01  0.206277E+01
0.117500E+01  0.211479E+01
0.118000E+01  0.216641E+01
0.118500E+01  0.221764E+01
0.119000E+01  0.226848E+01
0.119500E+01  0.231894E+01
0.120000E+01  0.236903E+01
0.120500E+01  0.241875E+01
0.121000E+01  0.246811E+01
0.121500E+01  0.251712E+01
0.122000E+01  0.256577E+01
0.122500E+01  0.261408E+01
0.123000E+01  0.266206E+01
0.123500E+01  0.270970E+01
0.124000E+01  0.275701E+01
0.124500E+01  0.280400E+01
0.125000E+01  0.285067E+01
0.125500E+01  0.289703E+01
0.126000E+01  0.294308E+01
0.126500E+01  0.298884E+01
0.127000E+01  0.303429E+01
0.127500E+01  0.307945E+01
0.128000E+01  0.312432E+01
0.128500E+01  0.316891E+01
0.129000E+01  0.321322E+01
0.129500E+01  0.325725E+01
0.130000E+01  0.330102E+01
0.130500E+01  0.334451E+01
0.131000E+01  0.338775E+01
0.131500E+01  0.343072E+01
0.132000E+01  0.347344E+01
0.132500E+01  0.351592E+01
0.133000E+01  0.355814E+01
0.133500E+01  0.360012E+01
0.134000E+01  0.364186E+01
0.134500E+01  0.368337E+01
0.135000E+01  0.372464E+01
0.135500E+01  0.376569E+01
0.136000E+01  0.380651E+01
0.136500E+01  0.384710E+01
0.137000E+01  0.388748E+01
0.137500E+01  0.392765E+01
0.138000E+01  0.396760E+01
0.138500E+01  0.400734E+01
0.139000E+01  0.404688E+01
0.139500E+01  0.408621E+01
0.140000E+01  0.412535E+01
0.140500E+01  0.416428E+01
0.141000E+01  0.420302E+01
0.141500E+01  0.424158E+01
0.142000E+01  0.427994E+01
0.142500E+01  0.431811E+01
0.143000E+01  0.435611E+01
0.143500E+01  0.439392E+01
0.144000E+01  0.443156E+01
0.144500E+01  0.446902E+01
0.145000E+01  0.450630E+01
0.145500E+01  0.454342E+01
0.146000E+01  0.458037E+01
0.146500E+01  0.461715E+01
0.147000E+01  0.465377E+01
0.147500E+01  0.469022E+01
0.148000E+01  0.472652E+01
0.148500E+01  0.476267E+01
0.149000E+01  0.479865E+01
0.149500E+01  0.483449E+01
0.150000E+01  0.487017E+01
