0.100500E+01  0.346179E-01
0.101000E+01  0.688835E-01
0.101500E+01  0.102803E+00
0.102000E+01  0.136383E+00
0.102500E+01  0.169628E+00
0.103000E+01  0.202545E+00
0.103500E+01  0.235140E+00
0.104000E+01  0.267418E+00
0.104500E+01  0.299384E+00
0.105000E+01  0.331045E+00
0.105500E+01  0.362405E+00
0.106000E+01  0.393470E+00
0.106500E+01  0.424244E+00
0.107000E+01  0.454734E+00
0.107500E+01  0.484943E+00
0.108000E+01  0.514877E+00
0.108500E+01  0.544540E+00
0.109000E+01  0.573937E+00
0.109500E+01  0.603073E+00
0.110000E+01  0.631952E+00
0.110500E+01  0.660578E+00
0.111000E+01  0.688957E+00
0.111500E+01  0.717091E+00
0.112000E+01  0.744986E+00
0.112500E+01  0.772645E+00
0.113000E+01  0.800072E+00
0.113500E+01  0.827272E+00
0.114000E+01  0.854248E+00
0.114500E+01  0.881003E+00
0.115000E+01  0.907543E+00
0.115500E+01  0.933869E+00
0.116000E+01  0.959987E+00
0.116500E+01  0.985898E+00
0.117000E+01  0.101161E+01
0.117500E+01  0.103712E+01
0.118000E+01  0.106243E+01
0.118500E+01  0.108755E+01
0.119000E+01  0.111249E+01
0.119500E+01  0.113723E+01
0.120000E+01  0.116180E+01
0.120500E+01  0.118618E+01
0.121000E+01  0.121039E+01
0.121500E+01  0.123442E+01
0.122000E+01  0.125828E+01
0.122500E+01  0.128197E+01
0.123000E+01  0.130550E+01
0.123500E+01  0.132886E+01
0.124000E+01  0.135207E+01
0.124500E+01  0.137511E+01
0.125000E+01  0.139800E+01
0.125500E+01  0.142074E+01
0.126000E+01  0.144332E+01
0.126500E+01  0.146576E+01
0.127000E+01  0.148805E+01
0.127500E+01  0.151020E+01
0.128000E+01  0.153220E+01
0.128500E+01  0.155407E+01
0.129000E+01  0.157580E+01
0.129500E+01  0.159739E+01
0.130000E+01  0.161885E+01
0.130500E+01  0.164019E+01
0.131000E+01  0.166139E+01
0.131500E+01  0.168246E+01
0.132000E+01  0.170342E+01
0.132500E+01  0.172424E+01
0.133000E+01  0.174495E+01
0.133500E+01  0.176554E+01
0.134000E+01  0.178601E+01
0.134500E+01  0.180636E+01
0.135000E+01  0.182660E+01
0.135500E+01  0.184673E+01
0.136000E+01  0.186675E+01
0.136500E+01  0.188666E+01
0.137000E+01  0.190646E+01
0.137500E+01  0.192616E+01
0.138000E+01  0.194575E+01
0.138500E+01  0.196524E+01
0.139000E+01  0.198463E+01
0.139500E+01  0.200392E+01
0.140000E+01  0.202311E+01
0.140500E+01  0.204221E+01
0.141000E+01  0.206121E+01
0.141500E+01  0.208012E+01
0.142000E+01  0.209893E+01
0.142500E+01  0.211765E+01
0.143000E+01  0.213628E+01
0.143500E+01  0.215483E+01
0.144000E+01  0.217328E+01
0.144500E+01  0.219165E+01
0.145000E+01  0.220994E+01
0.145500E+01  0.222814E+01
0.146000E+01  0.224626E+01
0.146500E+01  0.226430E+01
0.147000E+01  0.228226E+01
0.147500E+01  0.230014E+01
0.148000E+01  0.231794E+01
0.148500E+01  0.233566E+01
0.149000E+01  0.235331E+01
0.149500E+01  0.237089E+01
0.150000E+01  0.238839E+01
