0.100500E+01  0.745864E-01
0.101000E+01  0.148414E+00
0.101500E+01  0.221496E+00
0.102000E+01  0.293845E+00
0.102500E+01  0.365474E+00
0.103000E+01  0.436396E+00
0.103500E+01  0.506624E+00
0.104000E+01  0.576168E+00
0.104500E+01  0.645042E+00
0.105000E+01  0.713257E+00
0.105500E+01  0.780824E+00
0.106000E+01  0.847755E+00
0.106500E+01  0.914061E+00
0.107000E+01  0.979752E+00
0.107500E+01  0.104484E+01
0.108000E+01  0.110933E+01
0.108500E+01  0.117324E+01
0.109000E+01  0.123658E+01
0.109500E+01  0.129936E+01
0.110000E+01  0.136158E+01
0.110500E+01  0.142326E+01
0.111000E+01  0.148440E+01
0.111500E+01  0.154502E+01
0.112000E+01  0.160512E+01
0.112500E+01  0.166471E+01
0.113000E+01  0.172381E+01
0.113500E+01  0.178241E+01
0.114000E+01  0.184053E+01
0.114500E+01  0.189818E+01
0.115000E+01  0.195536E+01
0.115500E+01  0.201208E+01
0.116000E+01  0.206835E+01
0.116500E+01  0.212418E+01
0.117000E+01  0.217957E+01
0.117500E+01  0.223453E+01
0.118000E+01  0.228908E+01
0.118500E+01  0.234320E+01
0.119000E+01  0.239692E+01
0.119500E+01  0.245024E+01
0.120000E+01  0.250317E+01
0.120500E+01  0.255570E+01
0.121000E+01  0.260786E+01
0.121500E+01  0.265964E+01
0.122000E+01  0.271105E+01
0.122500E+01  0.276209E+01
0.123000E+01  0.281278E+01
0.123500E+01  0.286312E+01
0.124000E+01  0.291311E+01
0.124500E+01  0.296276E+01
0.125000E+01  0.301208E+01
0.125500E+01  0.306106E+01
0.126000E+01  0.310972E+01
0.126500E+01  0.315807E+01
0.127000E+01  0.320609E+01
0.127500E+01  0.325381E+01
0.128000E+01  0.330122E+01
0.128500E+01  0.334834E+01
0.129000E+01  0.339515E+01
0.129500E+01  0.344168E+01
0.130000E+01  0.348792E+01
0.130500E+01  0.353388E+01
0.131000E+01  0.357957E+01
0.131500E+01  0.362497E+01
0.132000E+01  0.367011E+01
0.132500E+01  0.371499E+01
0.133000E+01  0.375960E+01
0.133500E+01  0.380396E+01
0.134000E+01  0.384807E+01
0.134500E+01  0.389192E+01
0.135000E+01  0.393553E+01
0.135500E+01  0.397890E+01
0.136000E+01  0.402203E+01
0.136500E+01  0.406493E+01
0.137000E+01  0.410760E+01
0.137500E+01  0.415003E+01
0.138000E+01  0.419225E+01
0.138500E+01  0.423424E+01
0.139000E+01  0.427602E+01
0.139500E+01  0.431758E+01
0.140000E+01  0.435893E+01
0.140500E+01  0.440007E+01
0.141000E+01  0.444100E+01
0.141500E+01  0.448174E+01
0.142000E+01  0.452227E+01
0.142500E+01  0.456261E+01
0.143000E+01  0.460276E+01
0.143500E+01  0.464271E+01
0.144000E+01  0.468247E+01
0.144500E+01  0.472206E+01
0.145000E+01  0.476145E+01
0.145500E+01  0.480067E+01
0.146000E+01  0.483971E+01
0.146500E+01  0.487858E+01
0.147000E+01  0.491727E+01
0.147500E+01  0.495579E+01
0.148000E+01  0.499414E+01
0.148500E+01  0.503233E+01
0.149000E+01  0.507036E+01
0.149500E+01  0.510822E+01
0.150000E+01  0.514593E+01
