0.100500E+01  0.406131E-01
0.101000E+01  0.808130E-01
0.101500E+01  0.120607E+00
0.102000E+01  0.160002E+00
0.102500E+01  0.199005E+00
0.103000E+01  0.237623E+00
0.103500E+01  0.275863E+00
0.104000E+01  0.313730E+00
0.104500E+01  0.351233E+00
0.105000E+01  0.388377E+00
0.105500E+01  0.425168E+00
0.106000E+01  0.461613E+00
0.106500E+01  0.497717E+00
0.107000E+01  0.533486E+00
0.107500E+01  0.568927E+00
0.108000E+01  0.604045E+00
0.108500E+01  0.638846E+00
0.109000E+01  0.673334E+00
0.109500E+01  0.707516E+00
0.110000E+01  0.741396E+00
0.110500E+01  0.774980E+00
0.111000E+01  0.808273E+00
0.111500E+01  0.841280E+00
0.112000E+01  0.874006E+00
0.112500E+01  0.906455E+00
0.113000E+01  0.938632E+00
0.113500E+01  0.970543E+00
0.114000E+01  0.100219E+01
0.114500E+01  0.103358E+01
0.115000E+01  0.106471E+01
0.115500E+01  0.109560E+01
0.116000E+01  0.112624E+01
0.116500E+01  0.115664E+01
0.117000E+01  0.118680E+01
0.117500E+01  0.121673E+01
0.118000E+01  0.124643E+01
0.118500E+01  0.127590E+01
0.119000E+01  0.130515E+01
0.119500E+01  0.133419E+01
0.120000E+01  0.136300E+01
0.120500E+01  0.139161E+01
0.121000E+01  0.142001E+01
0.121500E+01  0.144820E+01
0.122000E+01  0.147620E+01
0.122500E+01  0.150399E+01
0.123000E+01  0.153159E+01
0.123500E+01  0.155900E+01
0.124000E+01  0.158622E+01
0.124500E+01  0.161326E+01
0.125000E+01  0.164011E+01
0.125500E+01  0.166678E+01
0.126000E+01  0.169328E+01
0.126500E+01  0.171960E+01
0.127000E+01  0.174576E+01
0.127500E+01  0.177174E+01
0.128000E+01  0.179755E+01
0.128500E+01  0.182321E+01
0.129000E+01  0.184870E+01
0.129500E+01  0.187404E+01
0.130000E+01  0.189922E+01
0.130500E+01  0.192424E+01
0.131000E+01  0.194912E+01
0.131500E+01  0.197384E+01
0.132000E+01  0.199842E+01
0.132500E+01  0.202286E+01
0.133000E+01  0.204715E+01
0.133500E+01  0.207130E+01
0.134000E+01  0.209532E+01
0.134500E+01  0.211920E+01
0.135000E+01  0.214294E+01
0.135500E+01  0.216656E+01
0.136000E+01  0.219004E+01
0.136500E+01  0.221340E+01
0.137000E+01  0.223663E+01
0.137500E+01  0.225974E+01
0.138000E+01  0.228273E+01
0.138500E+01  0.230559E+01
0.139000E+01  0.232834E+01
0.139500E+01  0.235097E+01
0.140000E+01  0.237349E+01
0.140500E+01  0.239589E+01
0.141000E+01  0.241818E+01
0.141500E+01  0.244036E+01
0.142000E+01  0.246243E+01
0.142500E+01  0.248439E+01
0.143000E+01  0.250625E+01
0.143500E+01  0.252801E+01
0.144000E+01  0.254966E+01
0.144500E+01  0.257121E+01
0.145000E+01  0.259267E+01
0.145500E+01  0.261402E+01
0.146000E+01  0.263528E+01
0.146500E+01  0.265644E+01
0.147000E+01  0.267751E+01
0.147500E+01  0.269849E+01
0.148000E+01  0.271937E+01
0.148500E+01  0.274016E+01
0.149000E+01  0.276087E+01
0.149500E+01  0.278149E+01
0.150000E+01  0.280202E+01
