0.100500E+01  0.605974E-01
0.101000E+01  0.120578E+00
0.101500E+01  0.179953E+00
0.102000E+01  0.238733E+00
0.102500E+01  0.296928E+00
0.103000E+01  0.354549E+00
0.103500E+01  0.411604E+00
0.104000E+01  0.468106E+00
0.104500E+01  0.524062E+00
0.105000E+01  0.579483E+00
0.105500E+01  0.634378E+00
0.106000E+01  0.688755E+00
0.106500E+01  0.742625E+00
0.107000E+01  0.795996E+00
0.107500E+01  0.848876E+00
0.108000E+01  0.901274E+00
0.108500E+01  0.953198E+00
0.109000E+01  0.100466E+01
0.109500E+01  0.105566E+01
0.110000E+01  0.110621E+01
0.110500E+01  0.115632E+01
0.111000E+01  0.120599E+01
0.111500E+01  0.125524E+01
0.112000E+01  0.130407E+01
0.112500E+01  0.135249E+01
0.113000E+01  0.140050E+01
0.113500E+01  0.144811E+01
0.114000E+01  0.149533E+01
0.114500E+01  0.154217E+01
0.115000E+01  0.158862E+01
0.115500E+01  0.163471E+01
0.116000E+01  0.168042E+01
0.116500E+01  0.172578E+01
0.117000E+01  0.177078E+01
0.117500E+01  0.181544E+01
0.118000E+01  0.185975E+01
0.118500E+01  0.190373E+01
0.119000E+01  0.194737E+01
0.119500E+01  0.199069E+01
0.120000E+01  0.203369E+01
0.120500E+01  0.207637E+01
0.121000E+01  0.211874E+01
0.121500E+01  0.216081E+01
0.122000E+01  0.220258E+01
0.122500E+01  0.224405E+01
0.123000E+01  0.228523E+01
0.123500E+01  0.232613E+01
0.124000E+01  0.236675E+01
0.124500E+01  0.240708E+01
0.125000E+01  0.244715E+01
0.125500E+01  0.248695E+01
0.126000E+01  0.252648E+01
0.126500E+01  0.256576E+01
0.127000E+01  0.260478E+01
0.127500E+01  0.264355E+01
0.128000E+01  0.268207E+01
0.128500E+01  0.272034E+01
0.129000E+01  0.275838E+01
0.129500E+01  0.279618E+01
0.130000E+01  0.283375E+01
0.130500E+01  0.287109E+01
0.131000E+01  0.290820E+01
0.131500E+01  0.294510E+01
0.132000E+01  0.298177E+01
0.132500E+01  0.301823E+01
0.133000E+01  0.305448E+01
0.133500E+01  0.309051E+01
0.134000E+01  0.312635E+01
0.134500E+01  0.316198E+01
0.135000E+01  0.319741E+01
0.135500E+01  0.323264E+01
0.136000E+01  0.326769E+01
0.136500E+01  0.330254E+01
0.137000E+01  0.333720E+01
0.137500E+01  0.337168E+01
0.138000E+01  0.340597E+01
0.138500E+01  0.344009E+01
0.139000E+01  0.347403E+01
0.139500E+01  0.350780E+01
0.140000E+01  0.354139E+01
0.140500E+01  0.357482E+01
0.141000E+01  0.360808E+01
0.141500E+01  0.364117E+01
0.142000E+01  0.367410E+01
0.142500E+01  0.370687E+01
0.143000E+01  0.373949E+01
0.143500E+01  0.377195E+01
0.144000E+01  0.380426E+01
0.144500E+01  0.383641E+01
0.145000E+01  0.386842E+01
0.145500E+01  0.390029E+01
0.146000E+01  0.393200E+01
0.146500E+01  0.396358E+01
0.147000E+01  0.399501E+01
0.147500E+01  0.402631E+01
0.148000E+01  0.405747E+01
0.148500E+01  0.408850E+01
0.149000E+01  0.411939E+01
0.149500E+01  0.415015E+01
0.150000E+01  0.418079E+01
