0.100500E+01  0.416124E-01
0.101000E+01  0.828013E-01
0.101500E+01  0.123574E+00
0.102000E+01  0.163938E+00
0.102500E+01  0.203901E+00
0.103000E+01  0.243469E+00
0.103500E+01  0.282650E+00
0.104000E+01  0.321449E+00
0.104500E+01  0.359875E+00
0.105000E+01  0.397932E+00
0.105500E+01  0.435628E+00
0.106000E+01  0.472970E+00
0.106500E+01  0.509962E+00
0.107000E+01  0.546612E+00
0.107500E+01  0.582925E+00
0.108000E+01  0.618907E+00
0.108500E+01  0.654563E+00
0.109000E+01  0.689900E+00
0.109500E+01  0.724923E+00
0.110000E+01  0.759637E+00
0.110500E+01  0.794047E+00
0.111000E+01  0.828159E+00
0.111500E+01  0.861978E+00
0.112000E+01  0.895509E+00
0.112500E+01  0.928757E+00
0.113000E+01  0.961726E+00
0.113500E+01  0.994421E+00
0.114000E+01  0.102685E+01
0.114500E+01  0.105901E+01
0.115000E+01  0.109091E+01
0.115500E+01  0.112256E+01
0.116000E+01  0.115395E+01
0.116500E+01  0.118510E+01
0.117000E+01  0.121600E+01
0.117500E+01  0.124667E+01
0.118000E+01  0.127710E+01
0.118500E+01  0.130729E+01
0.119000E+01  0.133726E+01
0.119500E+01  0.136701E+01
0.120000E+01  0.139654E+01
0.120500E+01  0.142585E+01
0.121000E+01  0.145495E+01
0.121500E+01  0.148383E+01
0.122000E+01  0.151252E+01
0.122500E+01  0.154100E+01
0.123000E+01  0.156928E+01
0.123500E+01  0.159736E+01
0.124000E+01  0.162525E+01
0.124500E+01  0.165295E+01
0.125000E+01  0.168046E+01
0.125500E+01  0.170779E+01
0.126000E+01  0.173494E+01
0.126500E+01  0.176191E+01
0.127000E+01  0.178871E+01
0.127500E+01  0.181533E+01
0.128000E+01  0.184178E+01
0.128500E+01  0.186807E+01
0.129000E+01  0.189419E+01
0.129500E+01  0.192014E+01
0.130000E+01  0.194594E+01
0.130500E+01  0.197158E+01
0.131000E+01  0.199707E+01
0.131500E+01  0.202240E+01
0.132000E+01  0.204759E+01
0.132500E+01  0.207262E+01
0.133000E+01  0.209752E+01
0.133500E+01  0.212226E+01
0.134000E+01  0.214687E+01
0.134500E+01  0.217134E+01
0.135000E+01  0.219567E+01
0.135500E+01  0.221986E+01
0.136000E+01  0.224393E+01
0.136500E+01  0.226786E+01
0.137000E+01  0.229166E+01
0.137500E+01  0.231534E+01
0.138000E+01  0.233889E+01
0.138500E+01  0.236232E+01
0.139000E+01  0.238563E+01
0.139500E+01  0.240881E+01
0.140000E+01  0.243188E+01
0.140500E+01  0.245483E+01
0.141000E+01  0.247767E+01
0.141500E+01  0.250040E+01
0.142000E+01  0.252301E+01
0.142500E+01  0.254552E+01
0.143000E+01  0.256792E+01
0.143500E+01  0.259021E+01
0.144000E+01  0.261239E+01
0.144500E+01  0.263447E+01
0.145000E+01  0.265645E+01
0.145500E+01  0.267833E+01
0.146000E+01  0.270011E+01
0.146500E+01  0.272180E+01
0.147000E+01  0.274338E+01
0.147500E+01  0.276488E+01
0.148000E+01  0.278627E+01
0.148500E+01  0.280758E+01
0.149000E+01  0.282879E+01
0.149500E+01  0.284992E+01
0.150000E+01  0.287096E+01
