0.100500E+01  0.123290E-01
0.101000E+01  0.245325E-01
0.101500E+01  0.366128E-01
0.102000E+01  0.485720E-01
0.102500E+01  0.604122E-01
0.103000E+01  0.721355E-01
0.103500E+01  0.837440E-01
0.104000E+01  0.952396E-01
0.104500E+01  0.106624E+00
0.105000E+01  0.117900E+00
0.105500E+01  0.129069E+00
0.106000E+01  0.140132E+00
0.106500E+01  0.151093E+00
0.107000E+01  0.161951E+00
0.107500E+01  0.172710E+00
0.108000E+01  0.183371E+00
0.108500E+01  0.193935E+00
0.109000E+01  0.204405E+00
0.109500E+01  0.214782E+00
0.110000E+01  0.225067E+00
0.110500E+01  0.235262E+00
0.111000E+01  0.245369E+00
0.111500E+01  0.255389E+00
0.112000E+01  0.265323E+00
0.112500E+01  0.275174E+00
0.113000E+01  0.284942E+00
0.113500E+01  0.294629E+00
0.114000E+01  0.304236E+00
0.114500E+01  0.313765E+00
0.115000E+01  0.323217E+00
0.115500E+01  0.332593E+00
0.116000E+01  0.341895E+00
0.116500E+01  0.351123E+00
0.117000E+01  0.360279E+00
0.117500E+01  0.369365E+00
0.118000E+01  0.378380E+00
0.118500E+01  0.387327E+00
0.119000E+01  0.396207E+00
0.119500E+01  0.405021E+00
0.120000E+01  0.413769E+00
0.120500E+01  0.422453E+00
0.121000E+01  0.431074E+00
0.121500E+01  0.439633E+00
0.122000E+01  0.448131E+00
0.122500E+01  0.456569E+00
0.123000E+01  0.464948E+00
0.123500E+01  0.473269E+00
0.124000E+01  0.481532E+00
0.124500E+01  0.489739E+00
0.125000E+01  0.497891E+00
0.125500E+01  0.505988E+00
0.126000E+01  0.514032E+00
0.126500E+01  0.522023E+00
0.127000E+01  0.529961E+00
0.127500E+01  0.537849E+00
0.128000E+01  0.545686E+00
0.128500E+01  0.553474E+00
0.129000E+01  0.561213E+00
0.129500E+01  0.568904E+00
0.130000E+01  0.576547E+00
0.130500E+01  0.584144E+00
0.131000E+01  0.591696E+00
0.131500E+01  0.599202E+00
0.132000E+01  0.606663E+00
0.132500E+01  0.614081E+00
0.133000E+01  0.621456E+00
0.133500E+01  0.628788E+00
0.134000E+01  0.636079E+00
0.134500E+01  0.643328E+00
0.135000E+01  0.650537E+00
0.135500E+01  0.657705E+00
0.136000E+01  0.664835E+00
0.136500E+01  0.671926E+00
0.137000E+01  0.678978E+00
0.137500E+01  0.685993E+00
0.138000E+01  0.692971E+00
0.138500E+01  0.699912E+00
0.139000E+01  0.706818E+00
0.139500E+01  0.713688E+00
0.140000E+01  0.720523E+00
0.140500E+01  0.727323E+00
0.141000E+01  0.734090E+00
0.141500E+01  0.740823E+00
0.142000E+01  0.747523E+00
0.142500E+01  0.754191E+00
0.143000E+01  0.760827E+00
0.143500E+01  0.767431E+00
0.144000E+01  0.774005E+00
0.144500E+01  0.780547E+00
0.145000E+01  0.787060E+00
0.145500E+01  0.793542E+00
0.146000E+01  0.799995E+00
0.146500E+01  0.806420E+00
0.147000E+01  0.812815E+00
0.147500E+01  0.819183E+00
0.148000E+01  0.825523E+00
0.148500E+01  0.831835E+00
0.149000E+01  0.838121E+00
0.149500E+01  0.844380E+00
0.150000E+01  0.850612E+00
