0.100500E+01  0.635950E-01
0.101000E+01  0.126543E+00
0.101500E+01  0.188855E+00
0.102000E+01  0.250543E+00
0.102500E+01  0.311617E+00
0.103000E+01  0.372087E+00
0.103500E+01  0.431966E+00
0.104000E+01  0.491262E+00
0.104500E+01  0.549986E+00
0.105000E+01  0.608149E+00
0.105500E+01  0.665759E+00
0.106000E+01  0.722827E+00
0.106500E+01  0.779361E+00
0.107000E+01  0.835372E+00
0.107500E+01  0.890868E+00
0.108000E+01  0.945858E+00
0.108500E+01  0.100035E+01
0.109000E+01  0.105436E+01
0.109500E+01  0.110788E+01
0.110000E+01  0.116093E+01
0.110500E+01  0.121352E+01
0.111000E+01  0.126565E+01
0.111500E+01  0.131734E+01
0.112000E+01  0.136858E+01
0.112500E+01  0.141939E+01
0.113000E+01  0.146978E+01
0.113500E+01  0.151975E+01
0.114000E+01  0.156930E+01
0.114500E+01  0.161845E+01
0.115000E+01  0.166721E+01
0.115500E+01  0.171557E+01
0.116000E+01  0.176355E+01
0.116500E+01  0.181115E+01
0.117000E+01  0.185838E+01
0.117500E+01  0.190525E+01
0.118000E+01  0.195175E+01
0.118500E+01  0.199790E+01
0.119000E+01  0.204370E+01
0.119500E+01  0.208917E+01
0.120000E+01  0.213429E+01
0.120500E+01  0.217909E+01
0.121000E+01  0.222355E+01
0.121500E+01  0.226770E+01
0.122000E+01  0.231154E+01
0.122500E+01  0.235506E+01
0.123000E+01  0.239828E+01
0.123500E+01  0.244120E+01
0.124000E+01  0.248382E+01
0.124500E+01  0.252616E+01
0.125000E+01  0.256821E+01
0.125500E+01  0.260997E+01
0.126000E+01  0.265146E+01
0.126500E+01  0.269268E+01
0.127000E+01  0.273363E+01
0.127500E+01  0.277432E+01
0.128000E+01  0.281474E+01
0.128500E+01  0.285491E+01
0.129000E+01  0.289483E+01
0.129500E+01  0.293450E+01
0.130000E+01  0.297393E+01
0.130500E+01  0.301312E+01
0.131000E+01  0.305207E+01
0.131500E+01  0.309078E+01
0.132000E+01  0.312927E+01
0.132500E+01  0.316753E+01
0.133000E+01  0.320557E+01
0.133500E+01  0.324340E+01
0.134000E+01  0.328100E+01
0.134500E+01  0.331839E+01
0.135000E+01  0.335558E+01
0.135500E+01  0.339256E+01
0.136000E+01  0.342933E+01
0.136500E+01  0.346591E+01
0.137000E+01  0.350228E+01
0.137500E+01  0.353847E+01
0.138000E+01  0.357446E+01
0.138500E+01  0.361027E+01
0.139000E+01  0.364589E+01
0.139500E+01  0.368132E+01
0.140000E+01  0.371658E+01
0.140500E+01  0.375166E+01
0.141000E+01  0.378656E+01
0.141500E+01  0.382129E+01
0.142000E+01  0.385585E+01
0.142500E+01  0.389025E+01
0.143000E+01  0.392448E+01
0.143500E+01  0.395854E+01
0.144000E+01  0.399245E+01
0.144500E+01  0.402619E+01
0.145000E+01  0.405979E+01
0.145500E+01  0.409323E+01
0.146000E+01  0.412651E+01
0.146500E+01  0.415965E+01
0.147000E+01  0.419264E+01
0.147500E+01  0.422548E+01
0.148000E+01  0.425819E+01
0.148500E+01  0.429075E+01
0.149000E+01  0.432317E+01
0.149500E+01  0.435545E+01
0.150000E+01  0.438760E+01
