0.100500E+01  0.870282E-02
0.101000E+01  0.173171E-01
0.101500E+01  0.258443E-01
0.102000E+01  0.342861E-01
0.102500E+01  0.426439E-01
0.103000E+01  0.509192E-01
0.103500E+01  0.591134E-01
0.104000E+01  0.672280E-01
0.104500E+01  0.752642E-01
0.105000E+01  0.832236E-01
0.105500E+01  0.911074E-01
0.106000E+01  0.989170E-01
0.106500E+01  0.106654E+00
0.107000E+01  0.114319E+00
0.107500E+01  0.121913E+00
0.108000E+01  0.129438E+00
0.108500E+01  0.136895E+00
0.109000E+01  0.144286E+00
0.109500E+01  0.151610E+00
0.110000E+01  0.158871E+00
0.110500E+01  0.166067E+00
0.111000E+01  0.173201E+00
0.111500E+01  0.180274E+00
0.112000E+01  0.187287E+00
0.112500E+01  0.194240E+00
0.113000E+01  0.201136E+00
0.113500E+01  0.207973E+00
0.114000E+01  0.214755E+00
0.114500E+01  0.221481E+00
0.115000E+01  0.228153E+00
0.115500E+01  0.234772E+00
0.116000E+01  0.241337E+00
0.116500E+01  0.247851E+00
0.117000E+01  0.254315E+00
0.117500E+01  0.260728E+00
0.118000E+01  0.267092E+00
0.118500E+01  0.273408E+00
0.119000E+01  0.279676E+00
0.119500E+01  0.285897E+00
0.120000E+01  0.292072E+00
0.120500E+01  0.298202E+00
0.121000E+01  0.304288E+00
0.121500E+01  0.310329E+00
0.122000E+01  0.316328E+00
0.122500E+01  0.322284E+00
0.123000E+01  0.328199E+00
0.123500E+01  0.334072E+00
0.124000E+01  0.339905E+00
0.124500E+01  0.345698E+00
0.125000E+01  0.351452E+00
0.125500E+01  0.357168E+00
0.126000E+01  0.362846E+00
0.126500E+01  0.368487E+00
0.127000E+01  0.374090E+00
0.127500E+01  0.379658E+00
0.128000E+01  0.385190E+00
0.128500E+01  0.390688E+00
0.129000E+01  0.396150E+00
0.129500E+01  0.401579E+00
0.130000E+01  0.406975E+00
0.130500E+01  0.412337E+00
0.131000E+01  0.417668E+00
0.131500E+01  0.422966E+00
0.132000E+01  0.428233E+00
0.132500E+01  0.433469E+00
0.133000E+01  0.438675E+00
0.133500E+01  0.443850E+00
0.134000E+01  0.448997E+00
0.134500E+01  0.454114E+00
0.135000E+01  0.459202E+00
0.135500E+01  0.464263E+00
0.136000E+01  0.469295E+00
0.136500E+01  0.474300E+00
0.137000E+01  0.479279E+00
0.137500E+01  0.484230E+00
0.138000E+01  0.489156E+00
0.138500E+01  0.494056E+00
0.139000E+01  0.498930E+00
0.139500E+01  0.503779E+00
0.140000E+01  0.508604E+00
0.140500E+01  0.513405E+00
0.141000E+01  0.518181E+00
0.141500E+01  0.522934E+00
0.142000E+01  0.527664E+00
0.142500E+01  0.532370E+00
0.143000E+01  0.537054E+00
0.143500E+01  0.541716E+00
0.144000E+01  0.546356E+00
0.144500E+01  0.550974E+00
0.145000E+01  0.555571E+00
0.145500E+01  0.560147E+00
0.146000E+01  0.564703E+00
0.146500E+01  0.569237E+00
0.147000E+01  0.573752E+00
0.147500E+01  0.578247E+00
0.148000E+01  0.582722E+00
0.148500E+01  0.587178E+00
0.149000E+01  0.591615E+00
0.149500E+01  0.596033E+00
0.150000E+01  0.600432E+00
