0.100500E+01  0.725879E-01
0.101000E+01  0.144437E+00
0.101500E+01  0.215561E+00
0.102000E+01  0.285972E+00
0.102500E+01  0.355682E+00
0.103000E+01  0.424704E+00
0.103500E+01  0.493050E+00
0.104000E+01  0.560731E+00
0.104500E+01  0.627759E+00
0.105000E+01  0.694147E+00
0.105500E+01  0.759903E+00
0.106000E+01  0.825041E+00
0.106500E+01  0.889570E+00
0.107000E+01  0.953501E+00
0.107500E+01  0.101684E+01
0.108000E+01  0.107961E+01
0.108500E+01  0.114181E+01
0.109000E+01  0.120345E+01
0.109500E+01  0.126454E+01
0.110000E+01  0.132510E+01
0.110500E+01  0.138512E+01
0.111000E+01  0.144463E+01
0.111500E+01  0.150362E+01
0.112000E+01  0.156211E+01
0.112500E+01  0.162011E+01
0.113000E+01  0.167762E+01
0.113500E+01  0.173465E+01
0.114000E+01  0.179122E+01
0.114500E+01  0.184732E+01
0.115000E+01  0.190297E+01
0.115500E+01  0.195817E+01
0.116000E+01  0.201293E+01
0.116500E+01  0.206726E+01
0.117000E+01  0.212117E+01
0.117500E+01  0.217466E+01
0.118000E+01  0.222774E+01
0.118500E+01  0.228042E+01
0.119000E+01  0.233270E+01
0.119500E+01  0.238459E+01
0.120000E+01  0.243610E+01
0.120500E+01  0.248723E+01
0.121000E+01  0.253799E+01
0.121500E+01  0.258838E+01
0.122000E+01  0.263841E+01
0.122500E+01  0.268809E+01
0.123000E+01  0.273742E+01
0.123500E+01  0.278641E+01
0.124000E+01  0.283506E+01
0.124500E+01  0.288338E+01
0.125000E+01  0.293137E+01
0.125500E+01  0.297905E+01
0.126000E+01  0.302640E+01
0.126500E+01  0.307345E+01
0.127000E+01  0.312019E+01
0.127500E+01  0.316663E+01
0.128000E+01  0.321277E+01
0.128500E+01  0.325862E+01
0.129000E+01  0.330419E+01
0.129500E+01  0.334947E+01
0.130000E+01  0.339447E+01
0.130500E+01  0.343920E+01
0.131000E+01  0.348366E+01
0.131500E+01  0.352785E+01
0.132000E+01  0.357178E+01
0.132500E+01  0.361545E+01
0.133000E+01  0.365887E+01
0.133500E+01  0.370204E+01
0.134000E+01  0.374496E+01
0.134500E+01  0.378765E+01
0.135000E+01  0.383009E+01
0.135500E+01  0.387229E+01
0.136000E+01  0.391427E+01
0.136500E+01  0.395602E+01
0.137000E+01  0.399754E+01
0.137500E+01  0.403884E+01
0.138000E+01  0.407992E+01
0.138500E+01  0.412079E+01
0.139000E+01  0.416145E+01
0.139500E+01  0.420189E+01
0.140000E+01  0.424214E+01
0.140500E+01  0.428217E+01
0.141000E+01  0.432201E+01
0.141500E+01  0.436166E+01
0.142000E+01  0.440111E+01
0.142500E+01  0.444036E+01
0.143000E+01  0.447943E+01
0.143500E+01  0.451831E+01
0.144000E+01  0.455702E+01
0.144500E+01  0.459554E+01
0.145000E+01  0.463388E+01
0.145500E+01  0.467204E+01
0.146000E+01  0.471004E+01
0.146500E+01  0.474786E+01
0.147000E+01  0.478552E+01
0.147500E+01  0.482301E+01
0.148000E+01  0.486033E+01
0.148500E+01  0.489750E+01
0.149000E+01  0.493451E+01
0.149500E+01  0.497136E+01
0.150000E+01  0.500805E+01
