0.100500E+01  0.386147E-01
0.101000E+01  0.768365E-01
0.101500E+01  0.114672E+00
0.102000E+01  0.152129E+00
0.102500E+01  0.189213E+00
0.103000E+01  0.225930E+00
0.103500E+01  0.262288E+00
0.104000E+01  0.298293E+00
0.104500E+01  0.333950E+00
0.105000E+01  0.369266E+00
0.105500E+01  0.404247E+00
0.106000E+01  0.438898E+00
0.106500E+01  0.473226E+00
0.107000E+01  0.507236E+00
0.107500E+01  0.540933E+00
0.108000E+01  0.574322E+00
0.108500E+01  0.607410E+00
0.109000E+01  0.640202E+00
0.109500E+01  0.672701E+00
0.110000E+01  0.704915E+00
0.110500E+01  0.736846E+00
0.111000E+01  0.768501E+00
0.111500E+01  0.799884E+00
0.112000E+01  0.830999E+00
0.112500E+01  0.861852E+00
0.113000E+01  0.892446E+00
0.113500E+01  0.922786E+00
0.114000E+01  0.952876E+00
0.114500E+01  0.982721E+00
0.115000E+01  0.101232E+01
0.115500E+01  0.104169E+01
0.116000E+01  0.107082E+01
0.116500E+01  0.109973E+01
0.117000E+01  0.112840E+01
0.117500E+01  0.115686E+01
0.118000E+01  0.118510E+01
0.118500E+01  0.121312E+01
0.119000E+01  0.124093E+01
0.119500E+01  0.126854E+01
0.120000E+01  0.129594E+01
0.120500E+01  0.132313E+01
0.121000E+01  0.135014E+01
0.121500E+01  0.137694E+01
0.122000E+01  0.140356E+01
0.122500E+01  0.142999E+01
0.123000E+01  0.145623E+01
0.123500E+01  0.148229E+01
0.124000E+01  0.150817E+01
0.124500E+01  0.153388E+01
0.125000E+01  0.155941E+01
0.125500E+01  0.158477E+01
0.126000E+01  0.160996E+01
0.126500E+01  0.163499E+01
0.127000E+01  0.165985E+01
0.127500E+01  0.168456E+01
0.128000E+01  0.170910E+01
0.128500E+01  0.173350E+01
0.129000E+01  0.175773E+01
0.129500E+01  0.178182E+01
0.130000E+01  0.180576E+01
0.130500E+01  0.182956E+01
0.131000E+01  0.185321E+01
0.131500E+01  0.187672E+01
0.132000E+01  0.190009E+01
0.132500E+01  0.192332E+01
0.133000E+01  0.194642E+01
0.133500E+01  0.196938E+01
0.134000E+01  0.199221E+01
0.134500E+01  0.201492E+01
0.135000E+01  0.203750E+01
0.135500E+01  0.205995E+01
0.136000E+01  0.208228E+01
0.136500E+01  0.210449E+01
0.137000E+01  0.212658E+01
0.137500E+01  0.214855E+01
0.138000E+01  0.217040E+01
0.138500E+01  0.219214E+01
0.139000E+01  0.221377E+01
0.139500E+01  0.223529E+01
0.140000E+01  0.225670E+01
0.140500E+01  0.227800E+01
0.141000E+01  0.229919E+01
0.141500E+01  0.232028E+01
0.142000E+01  0.234126E+01
0.142500E+01  0.236215E+01
0.143000E+01  0.238293E+01
0.143500E+01  0.240362E+01
0.144000E+01  0.242420E+01
0.144500E+01  0.244469E+01
0.145000E+01  0.246509E+01
0.145500E+01  0.248539E+01
0.146000E+01  0.250561E+01
0.146500E+01  0.252573E+01
0.147000E+01  0.254576E+01
0.147500E+01  0.256570E+01
0.148000E+01  0.258556E+01
0.148500E+01  0.260533E+01
0.149000E+01  0.262502E+01
0.149500E+01  0.264462E+01
0.150000E+01  0.266414E+01
