0.100500E+01  0.725235E-02
0.101000E+01  0.144309E-01
0.101500E+01  0.215370E-01
0.102000E+01  0.285718E-01
0.102500E+01  0.355366E-01
0.103000E+01  0.424327E-01
0.103500E+01  0.492612E-01
0.104000E+01  0.560233E-01
0.104500E+01  0.627202E-01
0.105000E+01  0.693530E-01
0.105500E+01  0.759229E-01
0.106000E+01  0.824308E-01
0.106500E+01  0.888780E-01
0.107000E+01  0.952654E-01
0.107500E+01  0.101594E+00
0.108000E+01  0.107865E+00
0.108500E+01  0.114080E+00
0.109000E+01  0.120238E+00
0.109500E+01  0.126342E+00
0.110000E+01  0.132392E+00
0.110500E+01  0.138389E+00
0.111000E+01  0.144334E+00
0.111500E+01  0.150229E+00
0.112000E+01  0.156072E+00
0.112500E+01  0.161867E+00
0.113000E+01  0.167613E+00
0.113500E+01  0.173311E+00
0.114000E+01  0.178963E+00
0.114500E+01  0.184568E+00
0.115000E+01  0.190128E+00
0.115500E+01  0.195643E+00
0.116000E+01  0.201114E+00
0.116500E+01  0.206543E+00
0.117000E+01  0.211929E+00
0.117500E+01  0.217273E+00
0.118000E+01  0.222577E+00
0.118500E+01  0.227840E+00
0.119000E+01  0.233063E+00
0.119500E+01  0.238247E+00
0.120000E+01  0.243394E+00
0.120500E+01  0.248502E+00
0.121000E+01  0.253573E+00
0.121500E+01  0.258608E+00
0.122000E+01  0.263607E+00
0.122500E+01  0.268570E+00
0.123000E+01  0.273499E+00
0.123500E+01  0.278393E+00
0.124000E+01  0.283254E+00
0.124500E+01  0.288082E+00
0.125000E+01  0.292877E+00
0.125500E+01  0.297640E+00
0.126000E+01  0.302372E+00
0.126500E+01  0.307072E+00
0.127000E+01  0.311742E+00
0.127500E+01  0.316382E+00
0.128000E+01  0.320992E+00
0.128500E+01  0.325573E+00
0.129000E+01  0.330125E+00
0.129500E+01  0.334649E+00
0.130000E+01  0.339146E+00
0.130500E+01  0.343614E+00
0.131000E+01  0.348056E+00
0.131500E+01  0.352472E+00
0.132000E+01  0.356861E+00
0.132500E+01  0.361224E+00
0.133000E+01  0.365562E+00
0.133500E+01  0.369875E+00
0.134000E+01  0.374164E+00
0.134500E+01  0.378428E+00
0.135000E+01  0.382669E+00
0.135500E+01  0.386886E+00
0.136000E+01  0.391079E+00
0.136500E+01  0.395250E+00
0.137000E+01  0.399399E+00
0.137500E+01  0.403525E+00
0.138000E+01  0.407630E+00
0.138500E+01  0.411713E+00
0.139000E+01  0.415775E+00
0.139500E+01  0.419816E+00
0.140000E+01  0.423837E+00
0.140500E+01  0.427837E+00
0.141000E+01  0.431818E+00
0.141500E+01  0.435778E+00
0.142000E+01  0.439720E+00
0.142500E+01  0.443642E+00
0.143000E+01  0.447545E+00
0.143500E+01  0.451430E+00
0.144000E+01  0.455297E+00
0.144500E+01  0.459145E+00
0.145000E+01  0.462976E+00
0.145500E+01  0.466789E+00
0.146000E+01  0.470585E+00
0.146500E+01  0.474364E+00
0.147000E+01  0.478127E+00
0.147500E+01  0.481872E+00
0.148000E+01  0.485602E+00
0.148500E+01  0.489315E+00
0.149000E+01  0.493012E+00
0.149500E+01  0.496694E+00
0.150000E+01  0.500360E+00
