0.100500E+01  0.326194E-01
0.101000E+01  0.649070E-01
0.101500E+01  0.968684E-01
0.102000E+01  0.128509E+00
0.102500E+01  0.159836E+00
0.103000E+01  0.190853E+00
0.103500E+01  0.221566E+00
0.104000E+01  0.251980E+00
0.104500E+01  0.282102E+00
0.105000E+01  0.311934E+00
0.105500E+01  0.341484E+00
0.106000E+01  0.370756E+00
0.106500E+01  0.399754E+00
0.107000E+01  0.428483E+00
0.107500E+01  0.456948E+00
0.108000E+01  0.485154E+00
0.108500E+01  0.513104E+00
0.109000E+01  0.540805E+00
0.109500E+01  0.568259E+00
0.110000E+01  0.595470E+00
0.110500E+01  0.622444E+00
0.111000E+01  0.649184E+00
0.111500E+01  0.675695E+00
0.112000E+01  0.701979E+00
0.112500E+01  0.728042E+00
0.113000E+01  0.753886E+00
0.113500E+01  0.779515E+00
0.114000E+01  0.804934E+00
0.114500E+01  0.830145E+00
0.115000E+01  0.855152E+00
0.115500E+01  0.879959E+00
0.116000E+01  0.904568E+00
0.116500E+01  0.928984E+00
0.117000E+01  0.953209E+00
0.117500E+01  0.977247E+00
0.118000E+01  0.100110E+01
0.118500E+01  0.102477E+01
0.119000E+01  0.104827E+01
0.119500E+01  0.107158E+01
0.120000E+01  0.109473E+01
0.120500E+01  0.111771E+01
0.121000E+01  0.114052E+01
0.121500E+01  0.116316E+01
0.122000E+01  0.118564E+01
0.122500E+01  0.120797E+01
0.123000E+01  0.123014E+01
0.123500E+01  0.125215E+01
0.124000E+01  0.127401E+01
0.124500E+01  0.129573E+01
0.125000E+01  0.131730E+01
0.125500E+01  0.133872E+01
0.126000E+01  0.136000E+01
0.126500E+01  0.138114E+01
0.127000E+01  0.140215E+01
0.127500E+01  0.142301E+01
0.128000E+01  0.144375E+01
0.128500E+01  0.146435E+01
0.129000E+01  0.148483E+01
0.129500E+01  0.150518E+01
0.130000E+01  0.152540E+01
0.130500E+01  0.154550E+01
0.131000E+01  0.156548E+01
0.131500E+01  0.158534E+01
0.132000E+01  0.160508E+01
0.132500E+01  0.162471E+01
0.133000E+01  0.164422E+01
0.133500E+01  0.166362E+01
0.134000E+01  0.168291E+01
0.134500E+01  0.170209E+01
0.135000E+01  0.172116E+01
0.135500E+01  0.174013E+01
0.136000E+01  0.175899E+01
0.136500E+01  0.177775E+01
0.137000E+01  0.179641E+01
0.137500E+01  0.181497E+01
0.138000E+01  0.183343E+01
0.138500E+01  0.185179E+01
0.139000E+01  0.187006E+01
0.139500E+01  0.188824E+01
0.140000E+01  0.190632E+01
0.140500E+01  0.192432E+01
0.141000E+01  0.194222E+01
0.141500E+01  0.196003E+01
0.142000E+01  0.197776E+01
0.142500E+01  0.199540E+01
0.143000E+01  0.201296E+01
0.143500E+01  0.203043E+01
0.144000E+01  0.204782E+01
0.144500E+01  0.206513E+01
0.145000E+01  0.208236E+01
0.145500E+01  0.209952E+01
0.146000E+01  0.211659E+01
0.146500E+01  0.213359E+01
0.147000E+01  0.215051E+01
0.147500E+01  0.216735E+01
0.148000E+01  0.218413E+01
0.148500E+01  0.220083E+01
0.149000E+01  0.221746E+01
0.149500E+01  0.223402E+01
0.150000E+01  0.225051E+01
