0.100500E+01  0.316202E-01
0.101000E+01  0.629187E-01
0.101500E+01  0.939011E-01
0.102000E+01  0.124573E+00
0.102500E+01  0.154940E+00
0.103000E+01  0.185006E+00
0.103500E+01  0.214779E+00
0.104000E+01  0.244262E+00
0.104500E+01  0.273460E+00
0.105000E+01  0.302379E+00
0.105500E+01  0.331024E+00
0.106000E+01  0.359398E+00
0.106500E+01  0.387508E+00
0.107000E+01  0.415357E+00
0.107500E+01  0.442951E+00
0.108000E+01  0.470292E+00
0.108500E+01  0.497387E+00
0.109000E+01  0.524239E+00
0.109500E+01  0.550851E+00
0.110000E+01  0.577230E+00
0.110500E+01  0.603377E+00
0.111000E+01  0.629298E+00
0.111500E+01  0.654997E+00
0.112000E+01  0.680476E+00
0.112500E+01  0.705740E+00
0.113000E+01  0.730792E+00
0.113500E+01  0.755637E+00
0.114000E+01  0.780277E+00
0.114500E+01  0.804715E+00
0.115000E+01  0.828957E+00
0.115500E+01  0.853003E+00
0.116000E+01  0.876859E+00
0.116500E+01  0.900527E+00
0.117000E+01  0.924010E+00
0.117500E+01  0.947311E+00
0.118000E+01  0.970434E+00
0.118500E+01  0.993381E+00
0.119000E+01  0.101616E+01
0.119500E+01  0.103876E+01
0.120000E+01  0.106120E+01
0.120500E+01  0.108347E+01
0.121000E+01  0.110558E+01
0.121500E+01  0.112753E+01
0.122000E+01  0.114933E+01
0.122500E+01  0.117097E+01
0.123000E+01  0.119245E+01
0.123500E+01  0.121380E+01
0.124000E+01  0.123499E+01
0.124500E+01  0.125604E+01
0.125000E+01  0.127694E+01
0.125500E+01  0.129771E+01
0.126000E+01  0.131834E+01
0.126500E+01  0.133883E+01
0.127000E+01  0.135920E+01
0.127500E+01  0.137942E+01
0.128000E+01  0.139952E+01
0.128500E+01  0.141950E+01
0.129000E+01  0.143935E+01
0.129500E+01  0.145907E+01
0.130000E+01  0.147867E+01
0.130500E+01  0.149816E+01
0.131000E+01  0.151753E+01
0.131500E+01  0.153678E+01
0.132000E+01  0.155591E+01
0.132500E+01  0.157494E+01
0.133000E+01  0.159385E+01
0.133500E+01  0.161266E+01
0.134000E+01  0.163135E+01
0.134500E+01  0.164995E+01
0.135000E+01  0.166844E+01
0.135500E+01  0.168682E+01
0.136000E+01  0.170511E+01
0.136500E+01  0.172329E+01
0.137000E+01  0.174138E+01
0.137500E+01  0.175937E+01
0.138000E+01  0.177727E+01
0.138500E+01  0.179507E+01
0.139000E+01  0.181278E+01
0.139500E+01  0.183040E+01
0.140000E+01  0.184793E+01
0.140500E+01  0.186537E+01
0.141000E+01  0.188272E+01
0.141500E+01  0.189999E+01
0.142000E+01  0.191718E+01
0.142500E+01  0.193428E+01
0.143000E+01  0.195130E+01
0.143500E+01  0.196824E+01
0.144000E+01  0.198509E+01
0.144500E+01  0.200187E+01
0.145000E+01  0.201858E+01
0.145500E+01  0.203520E+01
0.146000E+01  0.205175E+01
0.146500E+01  0.206823E+01
0.147000E+01  0.208463E+01
0.147500E+01  0.210096E+01
0.148000E+01  0.211722E+01
0.148500E+01  0.213341E+01
0.149000E+01  0.214953E+01
0.149500E+01  0.216559E+01
0.150000E+01  0.218157E+01
