0.100500E+01  0.655934E-01
0.101000E+01  0.130519E+00
0.101500E+01  0.194790E+00
0.102000E+01  0.258416E+00
0.102500E+01  0.321409E+00
0.103000E+01  0.383780E+00
0.103500E+01  0.445540E+00
0.104000E+01  0.506700E+00
0.104500E+01  0.567269E+00
0.105000E+01  0.627259E+00
0.105500E+01  0.686680E+00
0.106000E+01  0.745541E+00
0.106500E+01  0.803852E+00
0.107000E+01  0.861623E+00
0.107500E+01  0.918863E+00
0.108000E+01  0.975581E+00
0.108500E+01  0.103179E+01
0.109000E+01  0.108749E+01
0.109500E+01  0.114269E+01
0.110000E+01  0.119741E+01
0.110500E+01  0.125165E+01
0.111000E+01  0.130543E+01
0.111500E+01  0.135873E+01
0.112000E+01  0.141159E+01
0.112500E+01  0.146400E+01
0.113000E+01  0.151597E+01
0.113500E+01  0.156750E+01
0.114000E+01  0.161862E+01
0.114500E+01  0.166931E+01
0.115000E+01  0.171960E+01
0.115500E+01  0.176948E+01
0.116000E+01  0.181897E+01
0.116500E+01  0.186807E+01
0.117000E+01  0.191678E+01
0.117500E+01  0.196512E+01
0.118000E+01  0.201308E+01
0.118500E+01  0.206068E+01
0.119000E+01  0.210793E+01
0.119500E+01  0.215482E+01
0.120000E+01  0.220136E+01
0.120500E+01  0.224756E+01
0.121000E+01  0.229343E+01
0.121500E+01  0.233896E+01
0.122000E+01  0.238418E+01
0.122500E+01  0.242907E+01
0.123000E+01  0.247365E+01
0.123500E+01  0.251791E+01
0.124000E+01  0.256188E+01
0.124500E+01  0.260554E+01
0.125000E+01  0.264891E+01
0.125500E+01  0.269199E+01
0.126000E+01  0.273478E+01
0.126500E+01  0.277730E+01
0.127000E+01  0.281953E+01
0.127500E+01  0.286150E+01
0.128000E+01  0.290319E+01
0.128500E+01  0.294463E+01
0.129000E+01  0.298580E+01
0.129500E+01  0.302672E+01
0.130000E+01  0.306738E+01
0.130500E+01  0.310780E+01
0.131000E+01  0.314798E+01
0.131500E+01  0.318791E+01
0.132000E+01  0.322761E+01
0.132500E+01  0.326707E+01
0.133000E+01  0.330631E+01
0.133500E+01  0.334532E+01
0.134000E+01  0.338410E+01
0.134500E+01  0.342267E+01
0.135000E+01  0.346103E+01
0.135500E+01  0.349917E+01
0.136000E+01  0.353710E+01
0.136500E+01  0.357482E+01
0.137000E+01  0.361234E+01
0.137500E+01  0.364966E+01
0.138000E+01  0.368679E+01
0.138500E+01  0.372372E+01
0.139000E+01  0.376045E+01
0.139500E+01  0.379700E+01
0.140000E+01  0.383337E+01
0.140500E+01  0.386955E+01
0.141000E+01  0.390555E+01
0.141500E+01  0.394137E+01
0.142000E+01  0.397702E+01
0.142500E+01  0.401249E+01
0.143000E+01  0.404780E+01
0.143500E+01  0.408294E+01
0.144000E+01  0.411791E+01
0.144500E+01  0.415271E+01
0.145000E+01  0.418736E+01
0.145500E+01  0.422185E+01
0.146000E+01  0.425618E+01
0.146500E+01  0.429036E+01
0.147000E+01  0.432439E+01
0.147500E+01  0.435827E+01
0.148000E+01  0.439200E+01
0.148500E+01  0.442558E+01
0.149000E+01  0.445902E+01
0.149500E+01  0.449232E+01
0.150000E+01  0.452548E+01
