0.100500E+01  0.456092E-01
0.101000E+01  0.907543E-01
0.101500E+01  0.135444E+00
0.102000E+01  0.179685E+00
0.102500E+01  0.223486E+00
0.103000E+01  0.266854E+00
0.103500E+01  0.309798E+00
0.104000E+01  0.352324E+00
0.104500E+01  0.394440E+00
0.105000E+01  0.436153E+00
0.105500E+01  0.477470E+00
0.106000E+01  0.518398E+00
0.106500E+01  0.558944E+00
0.107000E+01  0.599114E+00
0.107500E+01  0.638914E+00
0.108000E+01  0.678352E+00
0.108500E+01  0.717434E+00
0.109000E+01  0.756165E+00
0.109500E+01  0.794551E+00
0.110000E+01  0.832599E+00
0.110500E+01  0.870315E+00
0.111000E+01  0.907704E+00
0.111500E+01  0.944771E+00
0.112000E+01  0.981522E+00
0.112500E+01  0.101796E+01
0.113000E+01  0.105410E+01
0.113500E+01  0.108993E+01
0.114000E+01  0.112548E+01
0.114500E+01  0.116073E+01
0.115000E+01  0.119569E+01
0.115500E+01  0.123038E+01
0.116000E+01  0.126479E+01
0.116500E+01  0.129893E+01
0.117000E+01  0.133280E+01
0.117500E+01  0.136641E+01
0.118000E+01  0.139976E+01
0.118500E+01  0.143286E+01
0.119000E+01  0.146571E+01
0.119500E+01  0.149831E+01
0.120000E+01  0.153068E+01
0.120500E+01  0.156280E+01
0.121000E+01  0.159469E+01
0.121500E+01  0.162636E+01
0.122000E+01  0.165779E+01
0.122500E+01  0.168901E+01
0.123000E+01  0.172000E+01
0.123500E+01  0.175078E+01
0.124000E+01  0.178135E+01
0.124500E+01  0.181172E+01
0.125000E+01  0.184187E+01
0.125500E+01  0.187183E+01
0.126000E+01  0.190158E+01
0.126500E+01  0.193114E+01
0.127000E+01  0.196051E+01
0.127500E+01  0.198969E+01
0.128000E+01  0.201868E+01
0.128500E+01  0.204749E+01
0.129000E+01  0.207612E+01
0.129500E+01  0.210457E+01
0.130000E+01  0.213285E+01
0.130500E+01  0.216095E+01
0.131000E+01  0.218889E+01
0.131500E+01  0.221665E+01
0.132000E+01  0.224426E+01
0.132500E+01  0.227170E+01
0.133000E+01  0.229898E+01
0.133500E+01  0.232611E+01
0.134000E+01  0.235308E+01
0.134500E+01  0.237989E+01
0.135000E+01  0.240656E+01
0.135500E+01  0.243308E+01
0.136000E+01  0.245945E+01
0.136500E+01  0.248569E+01
0.137000E+01  0.251178E+01
0.137500E+01  0.253773E+01
0.138000E+01  0.256354E+01
0.138500E+01  0.258922E+01
0.139000E+01  0.261476E+01
0.139500E+01  0.264018E+01
0.140000E+01  0.266546E+01
0.140500E+01  0.269062E+01
0.141000E+01  0.271565E+01
0.141500E+01  0.274056E+01
0.142000E+01  0.276535E+01
0.142500E+01  0.279001E+01
0.143000E+01  0.281456E+01
0.143500E+01  0.283899E+01
0.144000E+01  0.286331E+01
0.144500E+01  0.288751E+01
0.145000E+01  0.291161E+01
0.145500E+01  0.293559E+01
0.146000E+01  0.295946E+01
0.146500E+01  0.298323E+01
0.147000E+01  0.300689E+01
0.147500E+01  0.303044E+01
0.148000E+01  0.305389E+01
0.148500E+01  0.307725E+01
0.149000E+01  0.310050E+01
0.149500E+01  0.312365E+01
0.150000E+01  0.314671E+01
