0.100500E+01  0.236265E-01
0.101000E+01  0.470127E-01
0.101500E+01  0.701626E-01
0.102000E+01  0.930805E-01
0.102500E+01  0.115770E+00
0.103000E+01  0.138236E+00
0.103500E+01  0.160482E+00
0.104000E+01  0.182511E+00
0.104500E+01  0.204328E+00
0.105000E+01  0.225937E+00
0.105500E+01  0.247340E+00
0.106000E+01  0.268541E+00
0.106500E+01  0.289545E+00
0.107000E+01  0.310354E+00
0.107500E+01  0.330971E+00
0.108000E+01  0.351401E+00
0.108500E+01  0.371646E+00
0.109000E+01  0.391709E+00
0.109500E+01  0.411594E+00
0.110000E+01  0.431304E+00
0.110500E+01  0.450842E+00
0.111000E+01  0.470210E+00
0.111500E+01  0.489411E+00
0.112000E+01  0.508449E+00
0.112500E+01  0.527327E+00
0.113000E+01  0.546046E+00
0.113500E+01  0.564609E+00
0.114000E+01  0.583020E+00
0.114500E+01  0.601281E+00
0.115000E+01  0.619394E+00
0.115500E+01  0.637361E+00
0.116000E+01  0.655186E+00
0.116500E+01  0.672871E+00
0.117000E+01  0.690417E+00
0.117500E+01  0.707828E+00
0.118000E+01  0.725105E+00
0.118500E+01  0.742251E+00
0.119000E+01  0.759268E+00
0.119500E+01  0.776157E+00
0.120000E+01  0.792922E+00
0.120500E+01  0.809564E+00
0.121000E+01  0.826085E+00
0.121500E+01  0.842487E+00
0.122000E+01  0.858772E+00
0.122500E+01  0.874942E+00
0.123000E+01  0.890998E+00
0.123500E+01  0.906944E+00
0.124000E+01  0.922779E+00
0.124500E+01  0.938507E+00
0.125000E+01  0.954128E+00
0.125500E+01  0.969645E+00
0.126000E+01  0.985060E+00
0.126500E+01  0.100037E+01
0.127000E+01  0.101559E+01
0.127500E+01  0.103070E+01
0.128000E+01  0.104572E+01
0.128500E+01  0.106064E+01
0.129000E+01  0.107547E+01
0.129500E+01  0.109021E+01
0.130000E+01  0.110486E+01
0.130500E+01  0.111942E+01
0.131000E+01  0.113389E+01
0.131500E+01  0.114827E+01
0.132000E+01  0.116257E+01
0.132500E+01  0.117679E+01
0.133000E+01  0.119092E+01
0.133500E+01  0.120497E+01
0.134000E+01  0.121894E+01
0.134500E+01  0.123283E+01
0.135000E+01  0.124665E+01
0.135500E+01  0.126039E+01
0.136000E+01  0.127405E+01
0.136500E+01  0.128764E+01
0.137000E+01  0.130115E+01
0.137500E+01  0.131460E+01
0.138000E+01  0.132797E+01
0.138500E+01  0.134127E+01
0.139000E+01  0.135450E+01
0.139500E+01  0.136767E+01
0.140000E+01  0.138077E+01
0.140500E+01  0.139380E+01
0.141000E+01  0.140677E+01
0.141500E+01  0.141967E+01
0.142000E+01  0.143251E+01
0.142500E+01  0.144529E+01
0.143000E+01  0.145800E+01
0.143500E+01  0.147066E+01
0.144000E+01  0.148326E+01
0.144500E+01  0.149579E+01
0.145000E+01  0.150827E+01
0.145500E+01  0.152070E+01
0.146000E+01  0.153306E+01
0.146500E+01  0.154537E+01
0.147000E+01  0.155763E+01
0.147500E+01  0.156983E+01
0.148000E+01  0.158198E+01
0.148500E+01  0.159408E+01
0.149000E+01  0.160612E+01
0.149500E+01  0.161812E+01
0.150000E+01  0.163006E+01
