0.100500E+01  0.906543E-02
0.101000E+01  0.180386E-01
0.101500E+01  0.269212E-01
0.102000E+01  0.357147E-01
0.102500E+01  0.444208E-01
0.103000E+01  0.530408E-01
0.103500E+01  0.615765E-01
0.104000E+01  0.700291E-01
0.104500E+01  0.784002E-01
0.105000E+01  0.866913E-01
0.105500E+01  0.949036E-01
0.106000E+01  0.103039E+00
0.106500E+01  0.111098E+00
0.107000E+01  0.119082E+00
0.107500E+01  0.126993E+00
0.108000E+01  0.134832E+00
0.108500E+01  0.142599E+00
0.109000E+01  0.150298E+00
0.109500E+01  0.157928E+00
0.110000E+01  0.165490E+00
0.110500E+01  0.172987E+00
0.111000E+01  0.180418E+00
0.111500E+01  0.187786E+00
0.112000E+01  0.195091E+00
0.112500E+01  0.202334E+00
0.113000E+01  0.209516E+00
0.113500E+01  0.216639E+00
0.114000E+01  0.223703E+00
0.114500E+01  0.230710E+00
0.115000E+01  0.237660E+00
0.115500E+01  0.244554E+00
0.116000E+01  0.251393E+00
0.116500E+01  0.258179E+00
0.117000E+01  0.264911E+00
0.117500E+01  0.271592E+00
0.118000E+01  0.278221E+00
0.118500E+01  0.284800E+00
0.119000E+01  0.291329E+00
0.119500E+01  0.297809E+00
0.120000E+01  0.304242E+00
0.120500E+01  0.310627E+00
0.121000E+01  0.316966E+00
0.121500E+01  0.323260E+00
0.122000E+01  0.329508E+00
0.122500E+01  0.335713E+00
0.123000E+01  0.341874E+00
0.123500E+01  0.347992E+00
0.124000E+01  0.354068E+00
0.124500E+01  0.360102E+00
0.125000E+01  0.366096E+00
0.125500E+01  0.372050E+00
0.126000E+01  0.377965E+00
0.126500E+01  0.383840E+00
0.127000E+01  0.389677E+00
0.127500E+01  0.395477E+00
0.128000E+01  0.401240E+00
0.128500E+01  0.406966E+00
0.129000E+01  0.412657E+00
0.129500E+01  0.418312E+00
0.130000E+01  0.423932E+00
0.130500E+01  0.429518E+00
0.131000E+01  0.435070E+00
0.131500E+01  0.440589E+00
0.132000E+01  0.446076E+00
0.132500E+01  0.451530E+00
0.133000E+01  0.456953E+00
0.133500E+01  0.462344E+00
0.134000E+01  0.467705E+00
0.134500E+01  0.473035E+00
0.135000E+01  0.478336E+00
0.135500E+01  0.483607E+00
0.136000E+01  0.488849E+00
0.136500E+01  0.494063E+00
0.137000E+01  0.499249E+00
0.137500E+01  0.504407E+00
0.138000E+01  0.509537E+00
0.138500E+01  0.514641E+00
0.139000E+01  0.519719E+00
0.139500E+01  0.524770E+00
0.140000E+01  0.529796E+00
0.140500E+01  0.534796E+00
0.141000E+01  0.539772E+00
0.141500E+01  0.544723E+00
0.142000E+01  0.549650E+00
0.142500E+01  0.554552E+00
0.143000E+01  0.559432E+00
0.143500E+01  0.564288E+00
0.144000E+01  0.569121E+00
0.144500E+01  0.573932E+00
0.145000E+01  0.578720E+00
0.145500E+01  0.583487E+00
0.146000E+01  0.588232E+00
0.146500E+01  0.592956E+00
0.147000E+01  0.597658E+00
0.147500E+01  0.602340E+00
0.148000E+01  0.607002E+00
0.148500E+01  0.611644E+00
0.149000E+01  0.616265E+00
0.149500E+01  0.620867E+00
0.150000E+01  0.625450E+00
