0.100500E+01  0.195813E-01
0.101000E+01  0.389634E-01
0.101500E+01  0.581498E-01
0.102000E+01  0.771438E-01
0.102500E+01  0.959488E-01
0.103000E+01  0.114568E+00
0.103500E+01  0.133005E+00
0.104000E+01  0.151263E+00
0.104500E+01  0.169345E+00
0.105000E+01  0.187253E+00
0.105500E+01  0.204992E+00
0.106000E+01  0.222563E+00
0.106500E+01  0.239971E+00
0.107000E+01  0.257217E+00
0.107500E+01  0.274304E+00
0.108000E+01  0.291236E+00
0.108500E+01  0.308015E+00
0.109000E+01  0.324643E+00
0.109500E+01  0.341124E+00
0.110000E+01  0.357459E+00
0.110500E+01  0.373651E+00
0.111000E+01  0.389703E+00
0.111500E+01  0.405617E+00
0.112000E+01  0.421396E+00
0.112500E+01  0.437041E+00
0.113000E+01  0.452555E+00
0.113500E+01  0.467940E+00
0.114000E+01  0.483199E+00
0.114500E+01  0.498333E+00
0.115000E+01  0.513345E+00
0.115500E+01  0.528236E+00
0.116000E+01  0.543009E+00
0.116500E+01  0.557666E+00
0.117000E+01  0.572208E+00
0.117500E+01  0.586638E+00
0.118000E+01  0.600957E+00
0.118500E+01  0.615167E+00
0.119000E+01  0.629270E+00
0.119500E+01  0.643268E+00
0.120000E+01  0.657163E+00
0.120500E+01  0.670955E+00
0.121000E+01  0.684647E+00
0.121500E+01  0.698241E+00
0.122000E+01  0.711738E+00
0.122500E+01  0.725139E+00
0.123000E+01  0.738447E+00
0.123500E+01  0.751662E+00
0.124000E+01  0.764786E+00
0.124500E+01  0.777821E+00
0.125000E+01  0.790768E+00
0.125500E+01  0.803628E+00
0.126000E+01  0.816404E+00
0.126500E+01  0.829095E+00
0.127000E+01  0.841703E+00
0.127500E+01  0.854231E+00
0.128000E+01  0.866678E+00
0.128500E+01  0.879047E+00
0.129000E+01  0.891338E+00
0.129500E+01  0.903553E+00
0.130000E+01  0.915693E+00
0.130500E+01  0.927759E+00
0.131000E+01  0.939752E+00
0.131500E+01  0.951673E+00
0.132000E+01  0.963524E+00
0.132500E+01  0.975305E+00
0.133000E+01  0.987018E+00
0.133500E+01  0.998663E+00
0.134000E+01  0.101024E+01
0.134500E+01  0.102176E+01
0.135000E+01  0.103321E+01
0.135500E+01  0.104459E+01
0.136000E+01  0.105591E+01
0.136500E+01  0.106718E+01
0.137000E+01  0.107838E+01
0.137500E+01  0.108952E+01
0.138000E+01  0.110060E+01
0.138500E+01  0.111163E+01
0.139000E+01  0.112259E+01
0.139500E+01  0.113350E+01
0.140000E+01  0.114436E+01
0.140500E+01  0.115516E+01
0.141000E+01  0.116591E+01
0.141500E+01  0.117660E+01
0.142000E+01  0.118724E+01
0.142500E+01  0.119783E+01
0.143000E+01  0.120837E+01
0.143500E+01  0.121886E+01
0.144000E+01  0.122930E+01
0.144500E+01  0.123969E+01
0.145000E+01  0.125004E+01
0.145500E+01  0.126033E+01
0.146000E+01  0.127058E+01
0.146500E+01  0.128078E+01
0.147000E+01  0.129094E+01
0.147500E+01  0.130106E+01
0.148000E+01  0.131112E+01
0.148500E+01  0.132115E+01
0.149000E+01  0.133113E+01
0.149500E+01  0.134107E+01
0.150000E+01  0.135097E+01
