0.100500E+01  0.615966E-01
0.101000E+01  0.122566E+00
0.101500E+01  0.182921E+00
0.102000E+01  0.242670E+00
0.102500E+01  0.301824E+00
0.103000E+01  0.360395E+00
0.103500E+01  0.418392E+00
0.104000E+01  0.475825E+00
0.104500E+01  0.532704E+00
0.105000E+01  0.589038E+00
0.105500E+01  0.644838E+00
0.106000E+01  0.700113E+00
0.106500E+01  0.754871E+00
0.107000E+01  0.809121E+00
0.107500E+01  0.862873E+00
0.108000E+01  0.916135E+00
0.108500E+01  0.968916E+00
0.109000E+01  0.102122E+01
0.109500E+01  0.107307E+01
0.110000E+01  0.112445E+01
0.110500E+01  0.117539E+01
0.111000E+01  0.122588E+01
0.111500E+01  0.127594E+01
0.112000E+01  0.132558E+01
0.112500E+01  0.137479E+01
0.113000E+01  0.142359E+01
0.113500E+01  0.147199E+01
0.114000E+01  0.151999E+01
0.114500E+01  0.156760E+01
0.115000E+01  0.161482E+01
0.115500E+01  0.166166E+01
0.116000E+01  0.170813E+01
0.116500E+01  0.175424E+01
0.117000E+01  0.179998E+01
0.117500E+01  0.184537E+01
0.118000E+01  0.189042E+01
0.118500E+01  0.193512E+01
0.119000E+01  0.197948E+01
0.119500E+01  0.202352E+01
0.120000E+01  0.206722E+01
0.120500E+01  0.211061E+01
0.121000E+01  0.215368E+01
0.121500E+01  0.219644E+01
0.122000E+01  0.223890E+01
0.122500E+01  0.228106E+01
0.123000E+01  0.232292E+01
0.123500E+01  0.236449E+01
0.124000E+01  0.240577E+01
0.124500E+01  0.244678E+01
0.125000E+01  0.248750E+01
0.125500E+01  0.252796E+01
0.126000E+01  0.256814E+01
0.126500E+01  0.260807E+01
0.127000E+01  0.264773E+01
0.127500E+01  0.268714E+01
0.128000E+01  0.272629E+01
0.128500E+01  0.276520E+01
0.129000E+01  0.280386E+01
0.129500E+01  0.284229E+01
0.130000E+01  0.288048E+01
0.130500E+01  0.291843E+01
0.131000E+01  0.295616E+01
0.131500E+01  0.299366E+01
0.132000E+01  0.303094E+01
0.132500E+01  0.306800E+01
0.133000E+01  0.310484E+01
0.133500E+01  0.314147E+01
0.134000E+01  0.317790E+01
0.134500E+01  0.321412E+01
0.135000E+01  0.325013E+01
0.135500E+01  0.328595E+01
0.136000E+01  0.332157E+01
0.136500E+01  0.335699E+01
0.137000E+01  0.339223E+01
0.137500E+01  0.342728E+01
0.138000E+01  0.346214E+01
0.138500E+01  0.349682E+01
0.139000E+01  0.353132E+01
0.139500E+01  0.356564E+01
0.140000E+01  0.359979E+01
0.140500E+01  0.363376E+01
0.141000E+01  0.366757E+01
0.141500E+01  0.370121E+01
0.142000E+01  0.373469E+01
0.142500E+01  0.376800E+01
0.143000E+01  0.380115E+01
0.143500E+01  0.383415E+01
0.144000E+01  0.386699E+01
0.144500E+01  0.389967E+01
0.145000E+01  0.393221E+01
0.145500E+01  0.396460E+01
0.146000E+01  0.399684E+01
0.146500E+01  0.402894E+01
0.147000E+01  0.406089E+01
0.147500E+01  0.409270E+01
0.148000E+01  0.412438E+01
0.148500E+01  0.415591E+01
0.149000E+01  0.418732E+01
0.149500E+01  0.421859E+01
0.150000E+01  0.424973E+01
