0.105246E+01  0.864105E+00  0.105553E+03
0.110507E+01  0.169935E+01  0.000000E+00
0.115733E+01  0.253404E+01  0.000000E+00
0.120884E+01  0.339267E+01  0.000000E+00
0.125933E+01  0.429623E+01  0.000000E+00
0.130866E+01  0.526284E+01  0.000000E+00
0.135679E+01  0.630857E+01  0.000000E+00
0.140374E+01  0.744817E+01  0.000000E+00
0.144961E+01  0.869579E+01  0.000000E+00
0.149450E+01  0.100656E+02  0.000000E+00
0.153854E+01  0.115723E+02  0.000000E+00
0.158186E+01  0.132316E+02  0.000000E+00
0.162458E+01  0.150598E+02  0.000000E+00
0.166681E+01  0.170749E+02  0.000000E+00
0.170866E+01  0.192960E+02  0.000000E+00
0.175021E+01  0.217436E+02  0.000000E+00
0.179153E+01  0.244393E+02  0.000000E+00
0.183268E+01  0.274064E+02  0.000000E+00
0.187370E+01  0.306690E+02  0.000000E+00
0.191463E+01  0.342531E+02  0.000000E+00
0.195550E+01  0.381856E+02  0.000000E+00
0.199633E+01  0.424951E+02  0.000000E+00
0.203713E+01  0.472118E+02  0.000000E+00
0.207793E+01  0.523673E+02  0.000000E+00
0.211872E+01  0.579947E+02  0.000000E+00
0.215951E+01  0.641291E+02  0.000000E+00
0.220032E+01  0.708070E+02  0.000000E+00
0.224114E+01  0.780669E+02  0.000000E+00
0.228198E+01  0.859492E+02  0.000000E+00
0.232283E+01  0.944960E+02  0.000000E+00
0.236370E+01  0.103752E+03  0.000000E+00
0.240460E+01  0.113762E+03  0.000000E+00
0.244551E+01  0.124577E+03  0.000000E+00
0.248644E+01  0.136245E+03  0.000000E+00
0.252740E+01  0.148821E+03  0.000000E+00
0.256837E+01  0.162359E+03  0.000000E+00
0.260936E+01  0.176916E+03  0.000000E+00
0.265037E+01  0.192554E+03  0.000000E+00
0.269140E+01  0.209333E+03  0.000000E+00
0.273243E+01  0.227319E+03  0.000000E+00
