0.105322E+01  0.423912E+00  0.856910E+01
0.110786E+01  0.779706E+00  0.239577E+02
0.116309E+01  0.109586E+01  0.000000E+00
0.121828E+01  0.139056E+01  0.000000E+00
0.127302E+01  0.167517E+01  0.000000E+00
0.132708E+01  0.195669E+01  0.000000E+00
0.138039E+01  0.223952E+01  0.000000E+00
0.143293E+01  0.252648E+01  0.000000E+00
0.148472E+01  0.281943E+01  0.000000E+00
0.153583E+01  0.311966E+01  0.000000E+00
0.158631E+01  0.342808E+01  0.000000E+00
0.163622E+01  0.374545E+01  0.000000E+00
0.168562E+01  0.407230E+01  0.000000E+00
0.173457E+01  0.440913E+01  0.000000E+00
0.178312E+01  0.475635E+01  0.000000E+00
0.183132E+01  0.511434E+01  0.000000E+00
0.187921E+01  0.548342E+01  0.000000E+00
0.192682E+01  0.586391E+01  0.000000E+00
0.197420E+01  0.625610E+01  0.000000E+00
0.202136E+01  0.666026E+01  0.000000E+00
0.206834E+01  0.707664E+01  0.000000E+00
0.211515E+01  0.750549E+01  0.000000E+00
0.216182E+01  0.794702E+01  0.000000E+00
0.220836E+01  0.840146E+01  0.000000E+00
0.225479E+01  0.886900E+01  0.000000E+00
0.230111E+01  0.934986E+01  0.000000E+00
0.234733E+01  0.984420E+01  0.000000E+00
0.239348E+01  0.103522E+02  0.000000E+00
0.243954E+01  0.108741E+02  0.000000E+00
0.248554E+01  0.114100E+02  0.000000E+00
0.253147E+01  0.119601E+02  0.000000E+00
0.257734E+01  0.125245E+02  0.000000E+00
0.262316E+01  0.131034E+02  0.000000E+00
0.266893E+01  0.136970E+02  0.000000E+00
0.271466E+01  0.143053E+02  0.000000E+00
0.276033E+01  0.149287E+02  0.000000E+00
0.280597E+01  0.155671E+02  0.000000E+00
0.285157E+01  0.162208E+02  0.000000E+00
0.289714E+01  0.168899E+02  0.000000E+00
0.294266E+01  0.175745E+02  0.000000E+00
0.298816E+01  0.182748E+02  0.000000E+00
0.303363E+01  0.189909E+02  0.000000E+00
0.307906E+01  0.197230E+02  0.000000E+00
0.312447E+01  0.204711E+02  0.000000E+00
0.316986E+01  0.212355E+02  0.000000E+00
0.321521E+01  0.220163E+02  0.000000E+00
0.326055E+01  0.228135E+02  0.000000E+00
0.330586E+01  0.236274E+02  0.000000E+00
0.335115E+01  0.244580E+02  0.000000E+00
0.339641E+01  0.253056E+02  0.000000E+00
0.344166E+01  0.261702E+02  0.000000E+00
0.348689E+01  0.270519E+02  0.000000E+00
0.353209E+01  0.279510E+02  0.000000E+00
0.357728E+01  0.288674E+02  0.000000E+00
0.362245E+01  0.298015E+02  0.000000E+00
0.366761E+01  0.307532E+02  0.000000E+00
0.371274E+01  0.317228E+02  0.000000E+00
0.375786E+01  0.327103E+02  0.000000E+00
0.380297E+01  0.337159E+02  0.000000E+00
0.384806E+01  0.347397E+02  0.000000E+00
0.389313E+01  0.357818E+02  0.000000E+00
0.393819E+01  0.368424E+02  0.000000E+00
0.398324E+01  0.379216E+02  0.000000E+00
0.402827E+01  0.390195E+02  0.000000E+00
0.407329E+01  0.401363E+02  0.000000E+00
0.411830E+01  0.412721E+02  0.000000E+00
0.416329E+01  0.424270E+02  0.000000E+00
0.420827E+01  0.436011E+02  0.000000E+00
0.425324E+01  0.447945E+02  0.000000E+00
0.429820E+01  0.460075E+02  0.000000E+00
0.434315E+01  0.472401E+02  0.000000E+00
0.438809E+01  0.484924E+02  0.000000E+00
0.443301E+01  0.497646E+02  0.000000E+00
0.447793E+01  0.510568E+02  0.000000E+00
0.452284E+01  0.523692E+02  0.000000E+00
0.456773E+01  0.537017E+02  0.000000E+00
0.461262E+01  0.550547E+02  0.000000E+00
0.465750E+01  0.564282E+02  0.000000E+00
0.470237E+01  0.578222E+02  0.000000E+00
0.474723E+01  0.592371E+02  0.000000E+00
0.479208E+01  0.606728E+02  0.000000E+00
0.483692E+01  0.621295E+02  0.000000E+00
0.488176E+01  0.636074E+02  0.000000E+00
0.492659E+01  0.651065E+02  0.000000E+00
0.497141E+01  0.666269E+02  0.000000E+00
0.501622E+01  0.681689E+02  0.000000E+00
0.506102E+01  0.697325E+02  0.000000E+00
0.510582E+01  0.713179E+02  0.000000E+00
0.515061E+01  0.729251E+02  0.000000E+00
0.519539E+01  0.745543E+02  0.000000E+00
0.524017E+01  0.762056E+02  0.000000E+00
0.528494E+01  0.778791E+02  0.000000E+00
0.532970E+01  0.795751E+02  0.000000E+00
0.537446E+01  0.812935E+02  0.000000E+00
0.541921E+01  0.830345E+02  0.000000E+00
0.546396E+01  0.847982E+02  0.000000E+00
0.550869E+01  0.865848E+02  0.000000E+00
0.555343E+01  0.883943E+02  0.000000E+00
0.559815E+01  0.902269E+02  0.000000E+00
0.564288E+01  0.920828E+02  0.000000E+00
