0.105166E+01  0.404417E+00  0.000000E+00
0.110158E+01  0.873977E+00  0.000000E+00
0.114946E+01  0.144382E+01  0.000000E+00
0.119549E+01  0.214781E+01  0.000000E+00
0.124003E+01  0.302228E+01  0.000000E+00
0.128343E+01  0.410870E+01  0.000000E+00
0.132602E+01  0.545551E+01  0.000000E+00
0.136802E+01  0.711938E+01  0.000000E+00
0.140960E+01  0.916639E+01  0.000000E+00
0.145088E+01  0.116733E+02  0.000000E+00
0.149194E+01  0.147291E+02  0.000000E+00
0.153285E+01  0.184358E+02  0.000000E+00
0.157364E+01  0.229119E+02  0.000000E+00
0.161436E+01  0.282923E+02  0.000000E+00
0.165501E+01  0.347317E+02  0.000000E+00
0.169563E+01  0.424058E+02  0.000000E+00
0.173621E+01  0.515146E+02  0.000000E+00
0.177677E+01  0.622843E+02  0.000000E+00
0.181731E+01  0.749704E+02  0.000000E+00
0.185784E+01  0.898603E+02  0.000000E+00
