0.105301E+01  0.130219E+01  0.687709E+01
0.110752E+01  0.241595E+01  0.808983E+01
0.116335E+01  0.338074E+01  0.000000E+00
0.122029E+01  0.422760E+01  0.000000E+00
0.127815E+01  0.498095E+01  0.000000E+00
0.133675E+01  0.566006E+01  0.000000E+00
0.139591E+01  0.628008E+01  0.000000E+00
0.145548E+01  0.685297E+01  0.000000E+00
0.151531E+01  0.738817E+01  0.000000E+00
0.157531E+01  0.789317E+01  0.000000E+00
0.163536E+01  0.837388E+01  0.000000E+00
0.169540E+01  0.883503E+01  0.000000E+00
0.175535E+01  0.928039E+01  0.000000E+00
0.181516E+01  0.971297E+01  0.000000E+00
0.187480E+01  0.101352E+02  0.000000E+00
0.193423E+01  0.105491E+02  0.000000E+00
0.199343E+01  0.109563E+02  0.000000E+00
0.205239E+01  0.113580E+02  0.000000E+00
0.211108E+01  0.117553E+02  0.000000E+00
0.216951E+01  0.121492E+02  0.000000E+00
0.222766E+01  0.125403E+02  0.000000E+00
0.228554E+01  0.129294E+02  0.000000E+00
0.234313E+01  0.133168E+02  0.000000E+00
0.240045E+01  0.137031E+02  0.000000E+00
0.245750E+01  0.140886E+02  0.000000E+00
0.251427E+01  0.144736E+02  0.000000E+00
0.257078E+01  0.148583E+02  0.000000E+00
0.262702E+01  0.152431E+02  0.000000E+00
0.268300E+01  0.156281E+02  0.000000E+00
0.273872E+01  0.160134E+02  0.000000E+00
0.279419E+01  0.163992E+02  0.000000E+00
0.284942E+01  0.167857E+02  0.000000E+00
0.290441E+01  0.171729E+02  0.000000E+00
0.295916E+01  0.175609E+02  0.000000E+00
0.301369E+01  0.179498E+02  0.000000E+00
0.306799E+01  0.183397E+02  0.000000E+00
0.312208E+01  0.187306E+02  0.000000E+00
0.317595E+01  0.191226E+02  0.000000E+00
0.322961E+01  0.195158E+02  0.000000E+00
0.328307E+01  0.199101E+02  0.000000E+00
0.333633E+01  0.203056E+02  0.000000E+00
0.338941E+01  0.207024E+02  0.000000E+00
0.344229E+01  0.211005E+02  0.000000E+00
0.349499E+01  0.214999E+02  0.000000E+00
0.354752E+01  0.219007E+02  0.000000E+00
0.359987E+01  0.223028E+02  0.000000E+00
0.365205E+01  0.227063E+02  0.000000E+00
0.370408E+01  0.231112E+02  0.000000E+00
0.375594E+01  0.235175E+02  0.000000E+00
0.380765E+01  0.239253E+02  0.000000E+00
0.385921E+01  0.243345E+02  0.000000E+00
0.391063E+01  0.247452E+02  0.000000E+00
0.396190E+01  0.251574E+02  0.000000E+00
0.401304E+01  0.255711E+02  0.000000E+00
0.406405E+01  0.259864E+02  0.000000E+00
0.411493E+01  0.264031E+02  0.000000E+00
0.416568E+01  0.268214E+02  0.000000E+00
0.421632E+01  0.272413E+02  0.000000E+00
0.426684E+01  0.276628E+02  0.000000E+00
0.431725E+01  0.280858E+02  0.000000E+00
0.436755E+01  0.285105E+02  0.000000E+00
0.441774E+01  0.289368E+02  0.000000E+00
0.446783E+01  0.293647E+02  0.000000E+00
0.451783E+01  0.297942E+02  0.000000E+00
0.456773E+01  0.302254E+02  0.000000E+00
0.461754E+01  0.306583E+02  0.000000E+00
0.466726E+01  0.310928E+02  0.000000E+00
0.471690E+01  0.315290E+02  0.000000E+00
0.476646E+01  0.319669E+02  0.000000E+00
0.481593E+01  0.324065E+02  0.000000E+00
0.486534E+01  0.328479E+02  0.000000E+00
0.491466E+01  0.332909E+02  0.000000E+00
0.496392E+01  0.337357E+02  0.000000E+00
0.501312E+01  0.341823E+02  0.000000E+00
0.506224E+01  0.346306E+02  0.000000E+00
0.511131E+01  0.350807E+02  0.000000E+00
0.516031E+01  0.355325E+02  0.000000E+00
0.520926E+01  0.359861E+02  0.000000E+00
0.525815E+01  0.364416E+02  0.000000E+00
0.530698E+01  0.368988E+02  0.000000E+00
0.535577E+01  0.373578E+02  0.000000E+00
0.540451E+01  0.378186E+02  0.000000E+00
0.545320E+01  0.382813E+02  0.000000E+00
0.550184E+01  0.387458E+02  0.000000E+00
0.555044E+01  0.392121E+02  0.000000E+00
0.559900E+01  0.396803E+02  0.000000E+00
0.564752E+01  0.401503E+02  0.000000E+00
0.569600E+01  0.406221E+02  0.000000E+00
0.574444E+01  0.410958E+02  0.000000E+00
0.579285E+01  0.415714E+02  0.000000E+00
0.584122E+01  0.420488E+02  0.000000E+00
0.588956E+01  0.425281E+02  0.000000E+00
0.593787E+01  0.430093E+02  0.000000E+00
0.598615E+01  0.434923E+02  0.000000E+00
0.603440E+01  0.439773E+02  0.000000E+00
0.608262E+01  0.444641E+02  0.000000E+00
0.613081E+01  0.449528E+02  0.000000E+00
0.617898E+01  0.454433E+02  0.000000E+00
0.622712E+01  0.459358E+02  0.000000E+00
0.627524E+01  0.464302E+02  0.000000E+00
