0.105264E+01  0.520716E+00  0.301109E+01
0.110610E+01  0.999143E+00  0.110460E+01
0.116033E+01  0.144041E+01  0.000000E+00
0.121528E+01  0.184880E+01  0.000000E+00
0.127091E+01  0.222791E+01  0.000000E+00
0.132718E+01  0.258083E+01  0.000000E+00
0.138406E+01  0.291019E+01  0.000000E+00
0.144152E+01  0.321830E+01  0.000000E+00
0.149953E+01  0.350718E+01  0.000000E+00
0.155807E+01  0.377863E+01  0.000000E+00
0.161710E+01  0.403420E+01  0.000000E+00
0.167661E+01  0.427533E+01  0.000000E+00
0.173656E+01  0.450325E+01  0.000000E+00
0.179694E+01  0.471908E+01  0.000000E+00
0.185773E+01  0.492385E+01  0.000000E+00
0.191889E+01  0.511846E+01  0.000000E+00
0.198042E+01  0.530371E+01  0.000000E+00
0.204228E+01  0.548036E+01  0.000000E+00
0.210447E+01  0.564907E+01  0.000000E+00
0.216696E+01  0.581045E+01  0.000000E+00
0.222974E+01  0.596504E+01  0.000000E+00
0.229279E+01  0.611335E+01  0.000000E+00
0.235609E+01  0.625582E+01  0.000000E+00
0.241963E+01  0.639287E+01  0.000000E+00
0.248340E+01  0.652489E+01  0.000000E+00
0.254738E+01  0.665221E+01  0.000000E+00
0.261155E+01  0.677516E+01  0.000000E+00
0.267592E+01  0.689402E+01  0.000000E+00
0.274045E+01  0.700905E+01  0.000000E+00
0.280515E+01  0.712051E+01  0.000000E+00
0.287001E+01  0.722861E+01  0.000000E+00
0.293501E+01  0.733357E+01  0.000000E+00
0.300014E+01  0.743557E+01  0.000000E+00
0.306540E+01  0.753479E+01  0.000000E+00
0.313077E+01  0.763140E+01  0.000000E+00
0.319626E+01  0.772553E+01  0.000000E+00
0.326185E+01  0.781734E+01  0.000000E+00
0.332753E+01  0.790695E+01  0.000000E+00
0.339330E+01  0.799447E+01  0.000000E+00
0.345915E+01  0.808003E+01  0.000000E+00
0.352507E+01  0.816373E+01  0.000000E+00
0.359106E+01  0.824565E+01  0.000000E+00
0.365711E+01  0.832590E+01  0.000000E+00
0.372322E+01  0.840455E+01  0.000000E+00
0.378936E+01  0.848168E+01  0.000000E+00
0.385553E+01  0.855737E+01  0.000000E+00
0.392169E+01  0.863168E+01  0.000000E+00
0.398778E+01  0.870468E+01  0.000000E+00
0.405326E+01  0.877641E+01  0.000000E+00
0.411603E+01  0.884659E+01  0.000000E+00
