0.105270E+01  0.180984E+00  0.986014E+01
0.110609E+01  0.347135E+00  0.137818E+03
0.115974E+01  0.504056E+00  0.000000E+00
0.121322E+01  0.656494E+00  0.000000E+00
0.126617E+01  0.808402E+00  0.000000E+00
0.131832E+01  0.963040E+00  0.000000E+00
0.136947E+01  0.112308E+01  0.000000E+00
0.141953E+01  0.129073E+01  0.000000E+00
0.146847E+01  0.146785E+01  0.000000E+00
0.151630E+01  0.165604E+01  0.000000E+00
0.156308E+01  0.185676E+01  0.000000E+00
0.160889E+01  0.207138E+01  0.000000E+00
0.165383E+01  0.230123E+01  0.000000E+00
0.169799E+01  0.254770E+01  0.000000E+00
0.174147E+01  0.281219E+01  0.000000E+00
0.178438E+01  0.309620E+01  0.000000E+00
0.182682E+01  0.340131E+01  0.000000E+00
0.186885E+01  0.372919E+01  0.000000E+00
0.191058E+01  0.408160E+01  0.000000E+00
0.195205E+01  0.446039E+01  0.000000E+00
0.199334E+01  0.486747E+01  0.000000E+00
0.203448E+01  0.530484E+01  0.000000E+00
0.207552E+01  0.577454E+01  0.000000E+00
0.211649E+01  0.627871E+01  0.000000E+00
0.215741E+01  0.681952E+01  0.000000E+00
0.219831E+01  0.739922E+01  0.000000E+00
0.223920E+01  0.802011E+01  0.000000E+00
0.228009E+01  0.868457E+01  0.000000E+00
0.232098E+01  0.939503E+01  0.000000E+00
0.236190E+01  0.101540E+02  0.000000E+00
0.240283E+01  0.109641E+02  0.000000E+00
0.244379E+01  0.118279E+02  0.000000E+00
0.248478E+01  0.127481E+02  0.000000E+00
0.252579E+01  0.137276E+02  0.000000E+00
0.256684E+01  0.147693E+02  0.000000E+00
0.260791E+01  0.158760E+02  0.000000E+00
0.264901E+01  0.170508E+02  0.000000E+00
0.269014E+01  0.182969E+02  0.000000E+00
0.273129E+01  0.196174E+02  0.000000E+00
0.277247E+01  0.210157E+02  0.000000E+00
0.281368E+01  0.224951E+02  0.000000E+00
0.285491E+01  0.240590E+02  0.000000E+00
0.289617E+01  0.257112E+02  0.000000E+00
0.293745E+01  0.274552E+02  0.000000E+00
0.297875E+01  0.292947E+02  0.000000E+00
0.302008E+01  0.312337E+02  0.000000E+00
0.306143E+01  0.332761E+02  0.000000E+00
0.310279E+01  0.354258E+02  0.000000E+00
0.314418E+01  0.376872E+02  0.000000E+00
0.318558E+01  0.400641E+02  0.000000E+00
0.322698E+01  0.425601E+02  0.000000E+00
0.326838E+01  0.451802E+02  0.000000E+00
0.330978E+01  0.479264E+02  0.000000E+00
0.335120E+01  0.508066E+02  0.000000E+00
0.339262E+01  0.538248E+02  0.000000E+00
0.343406E+01  0.569859E+02  0.000000E+00
0.347552E+01  0.602949E+02  0.000000E+00
0.351698E+01  0.637567E+02  0.000000E+00
0.355846E+01  0.673767E+02  0.000000E+00
0.359996E+01  0.711601E+02  0.000000E+00
0.364146E+01  0.751122E+02  0.000000E+00
0.368298E+01  0.792386E+02  0.000000E+00
0.372450E+01  0.835447E+02  0.000000E+00
0.376604E+01  0.880364E+02  0.000000E+00
0.380758E+01  0.927194E+02  0.000000E+00
0.384914E+01  0.975999E+02  0.000000E+00
0.389070E+01  0.102684E+03  0.000000E+00
0.393228E+01  0.107978E+03  0.000000E+00
0.397386E+01  0.113488E+03  0.000000E+00
0.401546E+01  0.119220E+03  0.000000E+00
