0.105299E+01  0.265076E+00  0.388553E+02
0.110666E+01  0.500797E+00  0.161146E+04
0.115987E+01  0.727716E+00  0.000000E+00
0.121182E+01  0.959745E+00  0.000000E+00
0.126215E+01  0.120643E+01  0.000000E+00
0.131078E+01  0.147476E+01  0.000000E+00
0.135781E+01  0.177038E+01  0.000000E+00
0.140342E+01  0.209846E+01  0.000000E+00
0.144783E+01  0.246419E+01  0.000000E+00
0.149127E+01  0.287307E+01  0.000000E+00
0.153394E+01  0.333108E+01  0.000000E+00
0.157603E+01  0.384483E+01  0.000000E+00
0.161768E+01  0.442148E+01  0.000000E+00
0.165901E+01  0.506887E+01  0.000000E+00
0.170011E+01  0.579548E+01  0.000000E+00
0.174106E+01  0.661048E+01  0.000000E+00
0.178190E+01  0.752377E+01  0.000000E+00
0.182267E+01  0.854598E+01  0.000000E+00
0.186339E+01  0.968858E+01  0.000000E+00
0.190410E+01  0.109639E+02  0.000000E+00
0.194480E+01  0.123852E+02  0.000000E+00
0.198550E+01  0.139665E+02  0.000000E+00
0.202620E+01  0.157234E+02  0.000000E+00
0.206692E+01  0.176719E+02  0.000000E+00
0.210766E+01  0.198297E+02  0.000000E+00
0.214841E+01  0.222153E+02  0.000000E+00
0.218919E+01  0.248488E+02  0.000000E+00
0.222998E+01  0.277513E+02  0.000000E+00
0.227078E+01  0.309457E+02  0.000000E+00
0.231161E+01  0.344559E+02  0.000000E+00
0.235246E+01  0.383078E+02  0.000000E+00
0.239332E+01  0.425285E+02  0.000000E+00
0.243420E+01  0.471470E+02  0.000000E+00
0.247509E+01  0.521939E+02  0.000000E+00
0.251601E+01  0.577018E+02  0.000000E+00
0.255693E+01  0.637050E+02  0.000000E+00
0.259787E+01  0.702399E+02  0.000000E+00
0.263882E+01  0.773448E+02  0.000000E+00
0.267979E+01  0.850602E+02  0.000000E+00
0.272076E+01  0.934290E+02  0.000000E+00
0.276175E+01  0.102496E+03  0.000000E+00
0.280275E+01  0.112309E+03  0.000000E+00
0.284375E+01  0.122917E+03  0.000000E+00
0.288477E+01  0.134373E+03  0.000000E+00
0.292579E+01  0.146732E+03  0.000000E+00
0.296683E+01  0.160052E+03  0.000000E+00
0.300786E+01  0.174393E+03  0.000000E+00
0.304891E+01  0.189818E+03  0.000000E+00
0.308996E+01  0.206396E+03  0.000000E+00
0.313102E+01  0.224194E+03  0.000000E+00
0.317208E+01  0.243287E+03  0.000000E+00
0.321315E+01  0.263749E+03  0.000000E+00
0.325423E+01  0.285662E+03  0.000000E+00
0.329530E+01  0.309108E+03  0.000000E+00
0.333639E+01  0.334174E+03  0.000000E+00
0.337747E+01  0.360951E+03  0.000000E+00
0.341856E+01  0.389534E+03  0.000000E+00
0.345966E+01  0.420020E+03  0.000000E+00
0.350075E+01  0.452514E+03  0.000000E+00
0.354185E+01  0.487122E+03  0.000000E+00
0.358295E+01  0.523954E+03  0.000000E+00
0.362406E+01  0.563128E+03  0.000000E+00
0.366516E+01  0.604764E+03  0.000000E+00
0.370627E+01  0.648986E+03  0.000000E+00
0.374738E+01  0.695927E+03  0.000000E+00
0.378849E+01  0.745724E+03  0.000000E+00
0.382961E+01  0.798494E+03  0.000000E+00
0.387072E+01  0.854412E+03  0.000000E+00
0.391184E+01  0.913622E+03  0.000000E+00
0.395296E+01  0.976277E+03  0.000000E+00
0.399408E+01  0.104254E+04  0.000000E+00
0.403520E+01  0.111258E+04  0.000000E+00
0.407632E+01  0.118657E+04  0.000000E+00
0.411744E+01  0.126469E+04  0.000000E+00
0.415857E+01  0.134712E+04  0.000000E+00
0.419969E+01  0.143407E+04  0.000000E+00
0.424082E+01  0.152573E+04  0.000000E+00
0.428194E+01  0.162230E+04  0.000000E+00
0.432307E+01  0.172401E+04  0.000000E+00
0.436420E+01  0.183107E+04  0.000000E+00
0.440533E+01  0.194370E+04  0.000000E+00
0.444646E+01  0.206215E+04  0.000000E+00
0.448759E+01  0.218666E+04  0.000000E+00
0.452872E+01  0.231748E+04  0.000000E+00
0.456985E+01  0.245486E+04  0.000000E+00
0.461098E+01  0.259908E+04  0.000000E+00
0.465212E+01  0.275040E+04  0.000000E+00
0.469325E+01  0.290912E+04  0.000000E+00
0.473438E+01  0.307553E+04  0.000000E+00
0.477551E+01  0.324992E+04  0.000000E+00
0.481665E+01  0.343261E+04  0.000000E+00
0.485778E+01  0.362392E+04  0.000000E+00
0.489892E+01  0.382417E+04  0.000000E+00
0.494005E+01  0.403370E+04  0.000000E+00
0.498118E+01  0.425287E+04  0.000000E+00
0.502232E+01  0.448203E+04  0.000000E+00
0.506345E+01  0.472156E+04  0.000000E+00
0.510459E+01  0.497182E+04  0.000000E+00
0.514572E+01  0.523321E+04  0.000000E+00
0.518685E+01  0.550613E+04  0.000000E+00
