0.105163E+01  0.272068E+00  0.643359E+03
0.110120E+01  0.594288E+00  0.000000E+00
0.114847E+01  0.997664E+00  0.000000E+00
0.119384E+01  0.151058E+01  0.000000E+00
0.123783E+01  0.216397E+01  0.000000E+00
0.128084E+01  0.299390E+01  0.000000E+00
0.132318E+01  0.404313E+01  0.000000E+00
0.136504E+01  0.536229E+01  0.000000E+00
0.140657E+01  0.701119E+01  0.000000E+00
0.144786E+01  0.906024E+01  0.000000E+00
0.148896E+01  0.115921E+02  0.000000E+00
0.152993E+01  0.147033E+02  0.000000E+00
0.157079E+01  0.185067E+02  0.000000E+00
0.161157E+01  0.231330E+02  0.000000E+00
0.165229E+01  0.287336E+02  0.000000E+00
0.169297E+01  0.354829E+02  0.000000E+00
0.173360E+01  0.435815E+02  0.000000E+00
0.177421E+01  0.532589E+02  0.000000E+00
0.181479E+01  0.647774E+02  0.000000E+00
0.185536E+01  0.784353E+02  0.000000E+00
0.189591E+01  0.945717E+02  0.000000E+00
0.193645E+01  0.113569E+03  0.000000E+00
0.197699E+01  0.135861E+03  0.000000E+00
0.201752E+01  0.161934E+03  0.000000E+00
0.205804E+01  0.192336E+03  0.000000E+00
0.209855E+01  0.227681E+03  0.000000E+00
0.213907E+01  0.268655E+03  0.000000E+00
0.217958E+01  0.316022E+03  0.000000E+00
0.222009E+01  0.370636E+03  0.000000E+00
0.226060E+01  0.433443E+03  0.000000E+00
0.230111E+01  0.505495E+03  0.000000E+00
0.234161E+01  0.587952E+03  0.000000E+00
0.238212E+01  0.682103E+03  0.000000E+00
0.242262E+01  0.789364E+03  0.000000E+00
0.246313E+01  0.911295E+03  0.000000E+00
0.250363E+01  0.104962E+04  0.000000E+00
0.254413E+01  0.120620E+04  0.000000E+00
0.258463E+01  0.138311E+04  0.000000E+00
0.262513E+01  0.158263E+04  0.000000E+00
0.266564E+01  0.180722E+04  0.000000E+00
0.270614E+01  0.205958E+04  0.000000E+00
0.274664E+01  0.234265E+04  0.000000E+00
0.278714E+01  0.265963E+04  0.000000E+00
0.282764E+01  0.301401E+04  0.000000E+00
0.286814E+01  0.340957E+04  0.000000E+00
0.290863E+01  0.385041E+04  0.000000E+00
0.294913E+01  0.434066E+04  0.000000E+00
0.298962E+01  0.488563E+04  0.000000E+00
0.303012E+01  0.549063E+04  0.000000E+00
0.307062E+01  0.616090E+04  0.000000E+00
0.311112E+01  0.690246E+04  0.000000E+00
0.315162E+01  0.772197E+04  0.000000E+00
0.319212E+01  0.862646E+04  0.000000E+00
0.323261E+01  0.962349E+04  0.000000E+00
0.327311E+01  0.107212E+05  0.000000E+00
0.331361E+01  0.119283E+05  0.000000E+00
0.335411E+01  0.132543E+05  0.000000E+00
0.339461E+01  0.147090E+05  0.000000E+00
0.343511E+01  0.163033E+05  0.000000E+00
0.347561E+01  0.180487E+05  0.000000E+00
