0.105251E+01  0.105475E+01  0.551166E+02
0.110535E+01  0.206072E+01  0.769430E+03
0.115818E+01  0.304287E+01  0.000000E+00
0.121072E+01  0.402139E+01  0.000000E+00
0.126276E+01  0.501261E+01  0.000000E+00
0.131416E+01  0.602983E+01  0.000000E+00
0.136484E+01  0.708407E+01  0.000000E+00
0.141474E+01  0.818469E+01  0.000000E+00
0.146386E+01  0.933986E+01  0.000000E+00
0.151220E+01  0.105569E+02  0.000000E+00
0.155979E+01  0.118427E+02  0.000000E+00
0.160667E+01  0.132038E+02  0.000000E+00
0.165289E+01  0.146467E+02  0.000000E+00
0.169848E+01  0.161778E+02  0.000000E+00
0.174351E+01  0.178038E+02  0.000000E+00
0.178802E+01  0.195314E+02  0.000000E+00
0.183207E+01  0.213678E+02  0.000000E+00
0.187570E+01  0.233204E+02  0.000000E+00
0.191895E+01  0.253970E+02  0.000000E+00
0.196186E+01  0.276056E+02  0.000000E+00
0.200448E+01  0.299547E+02  0.000000E+00
0.204684E+01  0.324533E+02  0.000000E+00
0.208897E+01  0.351106E+02  0.000000E+00
0.213090E+01  0.379363E+02  0.000000E+00
0.217265E+01  0.409406E+02  0.000000E+00
0.221424E+01  0.441340E+02  0.000000E+00
0.225570E+01  0.475275E+02  0.000000E+00
0.229704E+01  0.511327E+02  0.000000E+00
0.233828E+01  0.549616E+02  0.000000E+00
0.237942E+01  0.590266E+02  0.000000E+00
0.242049E+01  0.633408E+02  0.000000E+00
0.246149E+01  0.679176E+02  0.000000E+00
0.250244E+01  0.727712E+02  0.000000E+00
0.254333E+01  0.779162E+02  0.000000E+00
0.258418E+01  0.833678E+02  0.000000E+00
0.262500E+01  0.891417E+02  0.000000E+00
0.266578E+01  0.952544E+02  0.000000E+00
0.270654E+01  0.101723E+03  0.000000E+00
0.274728E+01  0.108565E+03  0.000000E+00
0.278800E+01  0.115799E+03  0.000000E+00
0.282870E+01  0.123444E+03  0.000000E+00
0.286940E+01  0.131519E+03  0.000000E+00
0.291009E+01  0.140045E+03  0.000000E+00
0.295077E+01  0.149044E+03  0.000000E+00
0.299145E+01  0.158536E+03  0.000000E+00
0.303213E+01  0.168545E+03  0.000000E+00
0.307281E+01  0.179094E+03  0.000000E+00
0.311349E+01  0.190207E+03  0.000000E+00
0.315416E+01  0.201908E+03  0.000000E+00
0.319482E+01  0.214217E+03  0.000000E+00
0.323548E+01  0.227165E+03  0.000000E+00
0.327612E+01  0.240774E+03  0.000000E+00
0.331676E+01  0.255076E+03  0.000000E+00
0.335741E+01  0.270100E+03  0.000000E+00
0.339806E+01  0.285880E+03  0.000000E+00
0.343872E+01  0.302445E+03  0.000000E+00
0.347939E+01  0.319828E+03  0.000000E+00
0.352007E+01  0.338063E+03  0.000000E+00
0.356076E+01  0.357183E+03  0.000000E+00
0.360146E+01  0.377224E+03  0.000000E+00
0.364217E+01  0.398221E+03  0.000000E+00
0.368290E+01  0.420211E+03  0.000000E+00
0.372363E+01  0.443234E+03  0.000000E+00
0.376438E+01  0.467328E+03  0.000000E+00
0.380514E+01  0.492534E+03  0.000000E+00
0.384592E+01  0.518894E+03  0.000000E+00
0.388671E+01  0.546450E+03  0.000000E+00
0.392751E+01  0.575246E+03  0.000000E+00
0.396832E+01  0.605327E+03  0.000000E+00
0.400914E+01  0.636739E+03  0.000000E+00
