0.105297E+01  0.772566E+00  0.151131E+03
0.110687E+01  0.145359E+01  0.159536E+05
0.116081E+01  0.208981E+01  0.000000E+00
0.121401E+01  0.271711E+01  0.000000E+00
0.126585E+01  0.336395E+01  0.000000E+00
0.131593E+01  0.405354E+01  0.000000E+00
0.136408E+01  0.480543E+01  0.000000E+00
0.141031E+01  0.563710E+01  0.000000E+00
0.145474E+01  0.656534E+01  0.000000E+00
0.149759E+01  0.760767E+01  0.000000E+00
0.153912E+01  0.878356E+01  0.000000E+00
0.157961E+01  0.101158E+02  0.000000E+00
0.161931E+01  0.116308E+02  0.000000E+00
0.165847E+01  0.133596E+02  0.000000E+00
0.169730E+01  0.153380E+02  0.000000E+00
0.173594E+01  0.176068E+02  0.000000E+00
0.177453E+01  0.202122E+02  0.000000E+00
0.181314E+01  0.232056E+02  0.000000E+00
0.185184E+01  0.266443E+02  0.000000E+00
0.189064E+01  0.305918E+02  0.000000E+00
0.192958E+01  0.351186E+02  0.000000E+00
0.196866E+01  0.403017E+02  0.000000E+00
0.200786E+01  0.462275E+02  0.000000E+00
0.204720E+01  0.529900E+02  0.000000E+00
0.208667E+01  0.606933E+02  0.000000E+00
0.212624E+01  0.694514E+02  0.000000E+00
0.216592E+01  0.793897E+02  0.000000E+00
0.220569E+01  0.906455E+02  0.000000E+00
0.224555E+01  0.103369E+03  0.000000E+00
0.228548E+01  0.117725E+03  0.000000E+00
0.232549E+01  0.133893E+03  0.000000E+00
0.236555E+01  0.152067E+03  0.000000E+00
0.240568E+01  0.172461E+03  0.000000E+00
0.244586E+01  0.195306E+03  0.000000E+00
0.248608E+01  0.220851E+03  0.000000E+00
0.252635E+01  0.249369E+03  0.000000E+00
0.256666E+01  0.281154E+03  0.000000E+00
0.260700E+01  0.316523E+03  0.000000E+00
0.264737E+01  0.355818E+03  0.000000E+00
0.268778E+01  0.399410E+03  0.000000E+00
0.272820E+01  0.447696E+03  0.000000E+00
0.276866E+01  0.501104E+03  0.000000E+00
0.280913E+01  0.560094E+03  0.000000E+00
0.284962E+01  0.625160E+03  0.000000E+00
0.289013E+01  0.696831E+03  0.000000E+00
0.293065E+01  0.775674E+03  0.000000E+00
0.297119E+01  0.862295E+03  0.000000E+00
0.301174E+01  0.957345E+03  0.000000E+00
0.305231E+01  0.106152E+04  0.000000E+00
0.309288E+01  0.117556E+04  0.000000E+00
0.313346E+01  0.130025E+04  0.000000E+00
0.317404E+01  0.143635E+04  0.000000E+00
0.321464E+01  0.158487E+04  0.000000E+00
0.325524E+01  0.174674E+04  0.000000E+00
0.329586E+01  0.192295E+04  0.000000E+00
0.333647E+01  0.211458E+04  0.000000E+00
0.337710E+01  0.232277E+04  0.000000E+00
0.341773E+01  0.254873E+04  0.000000E+00
0.345836E+01  0.279375E+04  0.000000E+00
0.349900E+01  0.305917E+04  0.000000E+00
0.353965E+01  0.334643E+04  0.000000E+00
0.358029E+01  0.365706E+04  0.000000E+00
0.362094E+01  0.399266E+04  0.000000E+00
0.366160E+01  0.435493E+04  0.000000E+00
0.370226E+01  0.474565E+04  0.000000E+00
0.374292E+01  0.516672E+04  0.000000E+00
0.378358E+01  0.562013E+04  0.000000E+00
0.382425E+01  0.610798E+04  0.000000E+00
0.386491E+01  0.663248E+04  0.000000E+00
0.390558E+01  0.719595E+04  0.000000E+00
0.394626E+01  0.780085E+04  0.000000E+00
0.398693E+01  0.844975E+04  0.000000E+00
0.402761E+01  0.914536E+04  0.000000E+00
0.406828E+01  0.989052E+04  0.000000E+00
0.410896E+01  0.106882E+05  0.000000E+00
0.414964E+01  0.115416E+05  0.000000E+00
0.419032E+01  0.124539E+05  0.000000E+00
0.423101E+01  0.134286E+05  0.000000E+00
0.427169E+01  0.144693E+05  0.000000E+00
0.431238E+01  0.155798E+05  0.000000E+00
0.435306E+01  0.167640E+05  0.000000E+00
0.439375E+01  0.180261E+05  0.000000E+00
0.443444E+01  0.193705E+05  0.000000E+00
0.447513E+01  0.208015E+05  0.000000E+00
0.451582E+01  0.223241E+05  0.000000E+00
0.455651E+01  0.239431E+05  0.000000E+00
0.459720E+01  0.256637E+05  0.000000E+00
0.463789E+01  0.274913E+05  0.000000E+00
0.467858E+01  0.294315E+05  0.000000E+00
0.471928E+01  0.314903E+05  0.000000E+00
0.475997E+01  0.336736E+05  0.000000E+00
0.480066E+01  0.359880E+05  0.000000E+00
0.484136E+01  0.384400E+05  0.000000E+00
0.488205E+01  0.410366E+05  0.000000E+00
0.492275E+01  0.437850E+05  0.000000E+00
0.496344E+01  0.466928E+05  0.000000E+00
0.500414E+01  0.497677E+05  0.000000E+00
0.504483E+01  0.530179E+05  0.000000E+00
0.508553E+01  0.564519E+05  0.000000E+00
0.512623E+01  0.600784E+05  0.000000E+00
