0.105289E+01  0.134004E+01  0.241478E+03
0.110621E+01  0.255889E+01  0.105911E+05
0.115876E+01  0.376289E+01  0.000000E+00
0.120986E+01  0.502357E+01  0.000000E+00
0.125924E+01  0.639030E+01  0.000000E+00
0.130694E+01  0.790046E+01  0.000000E+00
0.135313E+01  0.958617E+01  0.000000E+00
0.139804E+01  0.114785E+02  0.000000E+00
0.144192E+01  0.136097E+02  0.000000E+00
0.148498E+01  0.160151E+02  0.000000E+00
0.152743E+01  0.187326E+02  0.000000E+00
0.156941E+01  0.218046E+02  0.000000E+00
0.161105E+01  0.252763E+02  0.000000E+00
0.165244E+01  0.291976E+02  0.000000E+00
0.169365E+01  0.336220E+02  0.000000E+00
0.173474E+01  0.386078E+02  0.000000E+00
0.177573E+01  0.442178E+02  0.000000E+00
0.181667E+01  0.505198E+02  0.000000E+00
0.185756E+01  0.575871E+02  0.000000E+00
0.189843E+01  0.654986E+02  0.000000E+00
0.193927E+01  0.743395E+02  0.000000E+00
0.198011E+01  0.842009E+02  0.000000E+00
0.202094E+01  0.951816E+02  0.000000E+00
0.206178E+01  0.107387E+03  0.000000E+00
0.210261E+01  0.120930E+03  0.000000E+00
0.214346E+01  0.135931E+03  0.000000E+00
0.218430E+01  0.152521E+03  0.000000E+00
0.222516E+01  0.170838E+03  0.000000E+00
0.226602E+01  0.191029E+03  0.000000E+00
0.230690E+01  0.213251E+03  0.000000E+00
0.234778E+01  0.237673E+03  0.000000E+00
0.238867E+01  0.264471E+03  0.000000E+00
0.242957E+01  0.293835E+03  0.000000E+00
0.247048E+01  0.325966E+03  0.000000E+00
0.251140E+01  0.361077E+03  0.000000E+00
0.255232E+01  0.399392E+03  0.000000E+00
0.259326E+01  0.441151E+03  0.000000E+00
0.263420E+01  0.486604E+03  0.000000E+00
0.267515E+01  0.536019E+03  0.000000E+00
0.271610E+01  0.589676E+03  0.000000E+00
0.275707E+01  0.647872E+03  0.000000E+00
0.279804E+01  0.710917E+03  0.000000E+00
0.283901E+01  0.779141E+03  0.000000E+00
0.287999E+01  0.852889E+03  0.000000E+00
0.292098E+01  0.932525E+03  0.000000E+00
0.296197E+01  0.101843E+04  0.000000E+00
0.300297E+01  0.111100E+04  0.000000E+00
0.304397E+01  0.121067E+04  0.000000E+00
0.308498E+01  0.131786E+04  0.000000E+00
0.312599E+01  0.143305E+04  0.000000E+00
0.316700E+01  0.155671E+04  0.000000E+00
0.320802E+01  0.168935E+04  0.000000E+00
0.324904E+01  0.183150E+04  0.000000E+00
0.329007E+01  0.198371E+04  0.000000E+00
0.333110E+01  0.214665E+04  0.000000E+00
0.337213E+01  0.232065E+04  0.000000E+00
0.341316E+01  0.250658E+04  0.000000E+00
0.345419E+01  0.270505E+04  0.000000E+00
0.349522E+01  0.291674E+04  0.000000E+00
0.353626E+01  0.314234E+04  0.000000E+00
0.357730E+01  0.338261E+04  0.000000E+00
0.361835E+01  0.363831E+04  0.000000E+00
0.365939E+01  0.391025E+04  0.000000E+00
0.370044E+01  0.419928E+04  0.000000E+00
0.374149E+01  0.450624E+04  0.000000E+00
0.378254E+01  0.483206E+04  0.000000E+00
0.382359E+01  0.517766E+04  0.000000E+00
0.386464E+01  0.554402E+04  0.000000E+00
0.390570E+01  0.593215E+04  0.000000E+00
0.394676E+01  0.634310E+04  0.000000E+00
0.398781E+01  0.677795E+04  0.000000E+00
0.402887E+01  0.723784E+04  0.000000E+00
0.406993E+01  0.772392E+04  0.000000E+00
0.411100E+01  0.823740E+04  0.000000E+00
0.415206E+01  0.877950E+04  0.000000E+00
0.419312E+01  0.935164E+04  0.000000E+00
0.423419E+01  0.995502E+04  0.000000E+00
0.427525E+01  0.105911E+05  0.000000E+00
0.431632E+01  0.112613E+05  0.000000E+00
0.435738E+01  0.119671E+05  0.000000E+00
0.439845E+01  0.127100E+05  0.000000E+00
0.443952E+01  0.134917E+05  0.000000E+00
0.448059E+01  0.143137E+05  0.000000E+00
0.452166E+01  0.151778E+05  0.000000E+00
0.456273E+01  0.160856E+05  0.000000E+00
0.460380E+01  0.170390E+05  0.000000E+00
0.464488E+01  0.180399E+05  0.000000E+00
0.468595E+01  0.190902E+05  0.000000E+00
0.472702E+01  0.201917E+05  0.000000E+00
0.476810E+01  0.213466E+05  0.000000E+00
0.480917E+01  0.225570E+05  0.000000E+00
0.485025E+01  0.238250E+05  0.000000E+00
0.489132E+01  0.251529E+05  0.000000E+00
0.493240E+01  0.265429E+05  0.000000E+00
0.497348E+01  0.279973E+05  0.000000E+00
0.501455E+01  0.295187E+05  0.000000E+00
0.505563E+01  0.311095E+05  0.000000E+00
0.509671E+01  0.327723E+05  0.000000E+00
0.513779E+01  0.345097E+05  0.000000E+00
0.517887E+01  0.363244E+05  0.000000E+00
