0.105252E+01  0.122530E+01  0.403725E+02
0.110551E+01  0.238498E+01  0.000000E+00
0.115870E+01  0.350052E+01  0.000000E+00
0.121188E+01  0.459020E+01  0.000000E+00
0.126485E+01  0.566943E+01  0.000000E+00
0.131746E+01  0.675120E+01  0.000000E+00
0.136959E+01  0.784646E+01  0.000000E+00
0.142116E+01  0.896442E+01  0.000000E+00
0.147210E+01  0.101129E+02  0.000000E+00
0.152239E+01  0.112986E+02  0.000000E+00
0.157202E+01  0.125273E+02  0.000000E+00
0.162098E+01  0.138043E+02  0.000000E+00
0.166930E+01  0.151339E+02  0.000000E+00
0.171700E+01  0.165205E+02  0.000000E+00
0.176411E+01  0.179680E+02  0.000000E+00
0.181067E+01  0.194800E+02  0.000000E+00
0.185672E+01  0.210604E+02  0.000000E+00
0.190230E+01  0.227126E+02  0.000000E+00
0.194744E+01  0.244403E+02  0.000000E+00
0.199219E+01  0.262470E+02  0.000000E+00
0.203659E+01  0.281364E+02  0.000000E+00
0.208067E+01  0.301122E+02  0.000000E+00
0.212447E+01  0.321782E+02  0.000000E+00
0.216802E+01  0.343381E+02  0.000000E+00
0.221136E+01  0.365959E+02  0.000000E+00
0.225450E+01  0.389556E+02  0.000000E+00
0.229749E+01  0.414210E+02  0.000000E+00
0.234033E+01  0.439962E+02  0.000000E+00
0.238304E+01  0.466852E+02  0.000000E+00
0.242566E+01  0.494922E+02  0.000000E+00
0.246819E+01  0.524212E+02  0.000000E+00
0.251064E+01  0.554765E+02  0.000000E+00
0.255303E+01  0.586621E+02  0.000000E+00
0.259538E+01  0.619823E+02  0.000000E+00
0.263768E+01  0.654412E+02  0.000000E+00
0.267995E+01  0.690432E+02  0.000000E+00
0.272220E+01  0.727924E+02  0.000000E+00
0.276443E+01  0.766932E+02  0.000000E+00
0.280664E+01  0.807497E+02  0.000000E+00
0.284884E+01  0.849664E+02  0.000000E+00
0.289104E+01  0.893475E+02  0.000000E+00
0.293324E+01  0.938974E+02  0.000000E+00
0.297544E+01  0.986205E+02  0.000000E+00
0.301764E+01  0.103521E+03  0.000000E+00
0.305984E+01  0.108604E+03  0.000000E+00
0.310205E+01  0.113873E+03  0.000000E+00
0.314427E+01  0.119333E+03  0.000000E+00
0.318650E+01  0.124988E+03  0.000000E+00
0.322874E+01  0.130843E+03  0.000000E+00
0.327099E+01  0.136902E+03  0.000000E+00
0.331325E+01  0.143171E+03  0.000000E+00
0.335552E+01  0.149652E+03  0.000000E+00
0.339781E+01  0.156352E+03  0.000000E+00
0.344011E+01  0.163275E+03  0.000000E+00
0.348241E+01  0.170425E+03  0.000000E+00
0.352473E+01  0.177807E+03  0.000000E+00
0.356707E+01  0.185425E+03  0.000000E+00
0.360941E+01  0.193286E+03  0.000000E+00
0.365177E+01  0.201392E+03  0.000000E+00
0.369414E+01  0.209761E+03  0.000000E+00
