0.105284E+01  0.669088E+00  0.398606E+01
0.110684E+01  0.126124E+01  0.238987E+01
0.116183E+01  0.179133E+01  0.000000E+00
0.121765E+01  0.227096E+01  0.000000E+00
0.127418E+01  0.270923E+01  0.000000E+00
0.133131E+01  0.311328E+01  0.000000E+00
0.138893E+01  0.348875E+01  0.000000E+00
0.144696E+01  0.384015E+01  0.000000E+00
0.150533E+01  0.417107E+01  0.000000E+00
0.156398E+01  0.448442E+01  0.000000E+00
0.162288E+01  0.478256E+01  0.000000E+00
0.168197E+01  0.506745E+01  0.000000E+00
0.174122E+01  0.534065E+01  0.000000E+00
0.180062E+01  0.560353E+01  0.000000E+00
0.186013E+01  0.585719E+01  0.000000E+00
0.191974E+01  0.610259E+01  0.000000E+00
0.197944E+01  0.634053E+01  0.000000E+00
0.203920E+01  0.657170E+01  0.000000E+00
0.209902E+01  0.679669E+01  0.000000E+00
0.215888E+01  0.701604E+01  0.000000E+00
0.221879E+01  0.723018E+01  0.000000E+00
0.227874E+01  0.743952E+01  0.000000E+00
0.233871E+01  0.764441E+01  0.000000E+00
0.239870E+01  0.784516E+01  0.000000E+00
0.245872E+01  0.804204E+01  0.000000E+00
0.251874E+01  0.823531E+01  0.000000E+00
0.257879E+01  0.842519E+01  0.000000E+00
0.263884E+01  0.861188E+01  0.000000E+00
0.269889E+01  0.879556E+01  0.000000E+00
0.275896E+01  0.897640E+01  0.000000E+00
0.281902E+01  0.915455E+01  0.000000E+00
0.287909E+01  0.933016E+01  0.000000E+00
0.293916E+01  0.950333E+01  0.000000E+00
0.299923E+01  0.967420E+01  0.000000E+00
0.305929E+01  0.984286E+01  0.000000E+00
0.311935E+01  0.100094E+02  0.000000E+00
0.317941E+01  0.101740E+02  0.000000E+00
0.323946E+01  0.103366E+02  0.000000E+00
0.329951E+01  0.104974E+02  0.000000E+00
0.335955E+01  0.106564E+02  0.000000E+00
0.341959E+01  0.108137E+02  0.000000E+00
0.347962E+01  0.109694E+02  0.000000E+00
0.353964E+01  0.111235E+02  0.000000E+00
0.359965E+01  0.112761E+02  0.000000E+00
0.365966E+01  0.114272E+02  0.000000E+00
0.371966E+01  0.115769E+02  0.000000E+00
0.377965E+01  0.117252E+02  0.000000E+00
0.383963E+01  0.118722E+02  0.000000E+00
0.389960E+01  0.120180E+02  0.000000E+00
0.395957E+01  0.121625E+02  0.000000E+00
0.401952E+01  0.123057E+02  0.000000E+00
0.407947E+01  0.124479E+02  0.000000E+00
0.413941E+01  0.125889E+02  0.000000E+00
0.419933E+01  0.127287E+02  0.000000E+00
0.425925E+01  0.128676E+02  0.000000E+00
0.431916E+01  0.130053E+02  0.000000E+00
0.437906E+01  0.131421E+02  0.000000E+00
0.443896E+01  0.132779E+02  0.000000E+00
0.449884E+01  0.134127E+02  0.000000E+00
0.455871E+01  0.135466E+02  0.000000E+00
0.461858E+01  0.136796E+02  0.000000E+00
0.467843E+01  0.138117E+02  0.000000E+00
0.473828E+01  0.139429E+02  0.000000E+00
0.479811E+01  0.140733E+02  0.000000E+00
0.485794E+01  0.142028E+02  0.000000E+00
0.491776E+01  0.143316E+02  0.000000E+00
0.497757E+01  0.144595E+02  0.000000E+00
0.503737E+01  0.145867E+02  0.000000E+00
0.509716E+01  0.147132E+02  0.000000E+00
0.515694E+01  0.148389E+02  0.000000E+00
0.521672E+01  0.149638E+02  0.000000E+00
0.527648E+01  0.150881E+02  0.000000E+00
0.533624E+01  0.152117E+02  0.000000E+00
0.539599E+01  0.153346E+02  0.000000E+00
0.545573E+01  0.154568E+02  0.000000E+00
0.551546E+01  0.155784E+02  0.000000E+00
0.557518E+01  0.156993E+02  0.000000E+00
0.563490E+01  0.158196E+02  0.000000E+00
0.569461E+01  0.159393E+02  0.000000E+00
0.575431E+01  0.160584E+02  0.000000E+00
0.581400E+01  0.161769E+02  0.000000E+00
0.587368E+01  0.162948E+02  0.000000E+00
0.593335E+01  0.164122E+02  0.000000E+00
0.599302E+01  0.165289E+02  0.000000E+00
0.605268E+01  0.166452E+02  0.000000E+00
0.611233E+01  0.167609E+02  0.000000E+00
0.617197E+01  0.168760E+02  0.000000E+00
0.623161E+01  0.169906E+02  0.000000E+00
0.629124E+01  0.171048E+02  0.000000E+00
0.635086E+01  0.172184E+02  0.000000E+00
0.641047E+01  0.173315E+02  0.000000E+00
0.647008E+01  0.174441E+02  0.000000E+00
0.652968E+01  0.175563E+02  0.000000E+00
0.658927E+01  0.176679E+02  0.000000E+00
0.664886E+01  0.177791E+02  0.000000E+00
0.670843E+01  0.178899E+02  0.000000E+00
0.676801E+01  0.180001E+02  0.000000E+00
0.682757E+01  0.181100E+02  0.000000E+00
0.688713E+01  0.182194E+02  0.000000E+00
0.694668E+01  0.183283E+02  0.000000E+00
