0.105280E+01  0.867514E+00  0.268299E+02
0.110660E+01  0.164430E+01  0.293943E+03
0.116105E+01  0.235464E+01  0.000000E+00
0.121581E+01  0.301923E+01  0.000000E+00
0.127052E+01  0.365563E+01  0.000000E+00
0.132486E+01  0.427855E+01  0.000000E+00
0.137857E+01  0.490018E+01  0.000000E+00
0.143143E+01  0.553053E+01  0.000000E+00
0.148332E+01  0.617776E+01  0.000000E+00
0.153416E+01  0.684856E+01  0.000000E+00
0.158390E+01  0.754842E+01  0.000000E+00
0.163256E+01  0.828206E+01  0.000000E+00
0.168017E+01  0.905346E+01  0.000000E+00
0.172679E+01  0.986629E+01  0.000000E+00
0.177248E+01  0.107240E+02  0.000000E+00
0.181732E+01  0.116298E+02  0.000000E+00
0.186139E+01  0.125873E+02  0.000000E+00
0.190477E+01  0.135999E+02  0.000000E+00
0.194756E+01  0.146713E+02  0.000000E+00
0.198984E+01  0.158056E+02  0.000000E+00
0.203168E+01  0.170069E+02  0.000000E+00
0.207316E+01  0.182797E+02  0.000000E+00
0.211436E+01  0.196287E+02  0.000000E+00
0.215532E+01  0.210589E+02  0.000000E+00
0.219611E+01  0.225754E+02  0.000000E+00
0.223677E+01  0.241836E+02  0.000000E+00
0.227734E+01  0.258887E+02  0.000000E+00
0.231786E+01  0.276965E+02  0.000000E+00
0.235834E+01  0.296126E+02  0.000000E+00
0.239882E+01  0.316427E+02  0.000000E+00
0.243930E+01  0.337927E+02  0.000000E+00
0.247980E+01  0.360684E+02  0.000000E+00
0.252033E+01  0.384760E+02  0.000000E+00
0.256089E+01  0.410215E+02  0.000000E+00
0.260150E+01  0.437111E+02  0.000000E+00
0.264215E+01  0.465513E+02  0.000000E+00
0.268285E+01  0.495484E+02  0.000000E+00
0.272359E+01  0.527090E+02  0.000000E+00
0.276439E+01  0.560397E+02  0.000000E+00
0.280523E+01  0.595474E+02  0.000000E+00
0.284611E+01  0.632389E+02  0.000000E+00
0.288704E+01  0.671213E+02  0.000000E+00
0.292802E+01  0.712018E+02  0.000000E+00
0.296904E+01  0.754877E+02  0.000000E+00
0.301009E+01  0.799864E+02  0.000000E+00
0.305119E+01  0.847056E+02  0.000000E+00
0.309233E+01  0.896530E+02  0.000000E+00
0.313350E+01  0.948365E+02  0.000000E+00
0.317471E+01  0.100264E+03  0.000000E+00
0.321595E+01  0.105944E+03  0.000000E+00
0.325722E+01  0.111885E+03  0.000000E+00
0.329852E+01  0.118095E+03  0.000000E+00
0.333985E+01  0.124583E+03  0.000000E+00
0.338121E+01  0.131358E+03  0.000000E+00
0.342260E+01  0.138429E+03  0.000000E+00
0.346401E+01  0.145805E+03  0.000000E+00
0.350545E+01  0.153495E+03  0.000000E+00
0.354691E+01  0.161509E+03  0.000000E+00
0.358839E+01  0.169856E+03  0.000000E+00
0.362989E+01  0.178547E+03  0.000000E+00
0.367142E+01  0.187591E+03  0.000000E+00
0.371294E+01  0.196993E+03  0.000000E+00
0.375447E+01  0.206767E+03  0.000000E+00
0.379599E+01  0.216916E+03  0.000000E+00
0.383752E+01  0.227459E+03  0.000000E+00
0.387908E+01  0.238406E+03  0.000000E+00
0.392064E+01  0.249769E+03  0.000000E+00
0.396222E+01  0.261557E+03  0.000000E+00
0.400381E+01  0.273783E+03  0.000000E+00
0.404542E+01  0.286459E+03  0.000000E+00
0.408704E+01  0.299595E+03  0.000000E+00
0.412868E+01  0.313205E+03  0.000000E+00
0.417033E+01  0.327300E+03  0.000000E+00
0.421199E+01  0.341893E+03  0.000000E+00
0.425367E+01  0.356995E+03  0.000000E+00
0.429535E+01  0.372620E+03  0.000000E+00
0.433706E+01  0.388781E+03  0.000000E+00
0.437877E+01  0.405490E+03  0.000000E+00
0.442049E+01  0.422760E+03  0.000000E+00
0.446223E+01  0.440606E+03  0.000000E+00
0.450398E+01  0.459040E+03  0.000000E+00
0.454573E+01  0.478077E+03  0.000000E+00
0.458750E+01  0.497730E+03  0.000000E+00
0.462928E+01  0.518014E+03  0.000000E+00
0.467107E+01  0.538943E+03  0.000000E+00
0.471287E+01  0.560530E+03  0.000000E+00
0.475468E+01  0.582792E+03  0.000000E+00
0.479649E+01  0.605742E+03  0.000000E+00
0.483832E+01  0.629396E+03  0.000000E+00
0.488015E+01  0.653770E+03  0.000000E+00
