0.105241E+01  0.598617E+00  0.933927E+02
0.110488E+01  0.118312E+01  0.000000E+00
0.115694E+01  0.177204E+01  0.000000E+00
0.120819E+01  0.238230E+01  0.000000E+00
0.125837E+01  0.302922E+01  0.000000E+00
0.130730E+01  0.372675E+01  0.000000E+00
0.135495E+01  0.448787E+01  0.000000E+00
0.140133E+01  0.532504E+01  0.000000E+00
0.144654E+01  0.625068E+01  0.000000E+00
0.149069E+01  0.727766E+01  0.000000E+00
0.153393E+01  0.841963E+01  0.000000E+00
0.157641E+01  0.969165E+01  0.000000E+00
0.161826E+01  0.111099E+02  0.000000E+00
0.165962E+01  0.126925E+02  0.000000E+00
0.170061E+01  0.144590E+02  0.000000E+00
0.174132E+01  0.164309E+02  0.000000E+00
0.178183E+01  0.186313E+02  0.000000E+00
0.182220E+01  0.210852E+02  0.000000E+00
0.186249E+01  0.238196E+02  0.000000E+00
0.190273E+01  0.268630E+02  0.000000E+00
0.194294E+01  0.302465E+02  0.000000E+00
0.198316E+01  0.340025E+02  0.000000E+00
0.202339E+01  0.381663E+02  0.000000E+00
0.206365E+01  0.427752E+02  0.000000E+00
0.210394E+01  0.478687E+02  0.000000E+00
0.214427E+01  0.534891E+02  0.000000E+00
0.218464E+01  0.596811E+02  0.000000E+00
0.222505E+01  0.664922E+02  0.000000E+00
0.226550E+01  0.739726E+02  0.000000E+00
0.230599E+01  0.821757E+02  0.000000E+00
