0.105318E+01  0.569080E+00  0.276920E+03
0.110695E+01  0.106657E+01  0.000000E+00
0.115945E+01  0.155929E+01  0.000000E+00
0.120962E+01  0.209183E+01  0.000000E+00
0.125720E+01  0.269485E+01  0.000000E+00
0.130245E+01  0.339297E+01  0.000000E+00
0.134581E+01  0.421035E+01  0.000000E+00
0.138779E+01  0.517422E+01  0.000000E+00
0.142884E+01  0.631660E+01  0.000000E+00
0.146931E+01  0.767510E+01  0.000000E+00
0.150945E+01  0.929328E+01  0.000000E+00
0.154943E+01  0.112208E+02  0.000000E+00
0.158935E+01  0.135143E+02  0.000000E+00
0.162928E+01  0.162376E+02  0.000000E+00
0.166925E+01  0.194630E+02  0.000000E+00
0.170927E+01  0.232718E+02  0.000000E+00
0.174934E+01  0.277556E+02  0.000000E+00
0.178948E+01  0.330176E+02  0.000000E+00
0.182966E+01  0.391731E+02  0.000000E+00
0.186990E+01  0.463512E+02  0.000000E+00
0.191019E+01  0.546964E+02  0.000000E+00
0.195051E+01  0.643685E+02  0.000000E+00
0.199088E+01  0.755463E+02  0.000000E+00
0.203128E+01  0.884274E+02  0.000000E+00
0.207171E+01  0.103230E+03  0.000000E+00
0.211216E+01  0.120196E+03  0.000000E+00
0.215265E+01  0.139590E+03  0.000000E+00
0.219315E+01  0.161706E+03  0.000000E+00
0.223368E+01  0.186863E+03  0.000000E+00
0.227422E+01  0.215412E+03  0.000000E+00
0.231478E+01  0.247738E+03  0.000000E+00
0.235536E+01  0.284259E+03  0.000000E+00
0.239595E+01  0.325432E+03  0.000000E+00
0.243655E+01  0.371754E+03  0.000000E+00
0.247716E+01  0.423764E+03  0.000000E+00
0.251778E+01  0.482050E+03  0.000000E+00
0.255841E+01  0.547245E+03  0.000000E+00
0.259905E+01  0.620035E+03  0.000000E+00
0.263969E+01  0.701164E+03  0.000000E+00
0.268034E+01  0.791432E+03  0.000000E+00
0.272100E+01  0.891703E+03  0.000000E+00
0.276166E+01  0.100290E+04  0.000000E+00
0.280233E+01  0.112604E+04  0.000000E+00
0.284300E+01  0.126218E+04  0.000000E+00
0.288367E+01  0.141247E+04  0.000000E+00
0.292435E+01  0.157816E+04  0.000000E+00
0.296502E+01  0.176057E+04  0.000000E+00
0.300570E+01  0.196110E+04  0.000000E+00
0.304639E+01  0.218127E+04  0.000000E+00
0.308707E+01  0.242270E+04  0.000000E+00
