0.105288E+01  0.773104E+00  0.459871E+02
0.110699E+01  0.145206E+01  0.000000E+00
0.116206E+01  0.205773E+01  0.000000E+00
0.121775E+01  0.260947E+01  0.000000E+00
0.127360E+01  0.312547E+01  0.000000E+00
0.132911E+01  0.362285E+01  0.000000E+00
0.138375E+01  0.411745E+01  0.000000E+00
0.143707E+01  0.462354E+01  0.000000E+00
0.148872E+01  0.515352E+01  0.000000E+00
0.153848E+01  0.571792E+01  0.000000E+00
0.158625E+01  0.632548E+01  0.000000E+00
0.163204E+01  0.698379E+01  0.000000E+00
0.167595E+01  0.769924E+01  0.000000E+00
0.171810E+01  0.847809E+01  0.000000E+00
0.175870E+01  0.932677E+01  0.000000E+00
0.179794E+01  0.102525E+02  0.000000E+00
0.183605E+01  0.112641E+02  0.000000E+00
0.187327E+01  0.123720E+02  0.000000E+00
0.190985E+01  0.135895E+02  0.000000E+00
0.194600E+01  0.149323E+02  0.000000E+00
0.198195E+01  0.164188E+02  0.000000E+00
0.201786E+01  0.180703E+02  0.000000E+00
0.205388E+01  0.199102E+02  0.000000E+00
0.209011E+01  0.219638E+02  0.000000E+00
0.212661E+01  0.242582E+02  0.000000E+00
0.216341E+01  0.268222E+02  0.000000E+00
0.220051E+01  0.296861E+02  0.000000E+00
0.223793E+01  0.328821E+02  0.000000E+00
0.227563E+01  0.364446E+02  0.000000E+00
0.231360E+01  0.404102E+02  0.000000E+00
0.235181E+01  0.448184E+02  0.000000E+00
0.239026E+01  0.497106E+02  0.000000E+00
0.242890E+01  0.551321E+02  0.000000E+00
0.246774E+01  0.611308E+02  0.000000E+00
0.250674E+01  0.677581E+02  0.000000E+00
0.254589E+01  0.750689E+02  0.000000E+00
0.258517E+01  0.831221E+02  0.000000E+00
0.262458E+01  0.919805E+02  0.000000E+00
0.266410E+01  0.101711E+03  0.000000E+00
0.270373E+01  0.112386E+03  0.000000E+00
