0.105279E+01  0.343010E+00  0.612396E+01
0.110648E+01  0.651912E+00  0.156392E+02
0.116070E+01  0.937123E+00  0.000000E+00
0.121514E+01  0.120635E+01  0.000000E+00
0.126957E+01  0.146527E+01  0.000000E+00
0.132380E+01  0.171807E+01  0.000000E+00
0.137772E+01  0.196781E+01  0.000000E+00
0.143125E+01  0.221678E+01  0.000000E+00
0.148433E+01  0.246669E+01  0.000000E+00
0.153695E+01  0.271883E+01  0.000000E+00
0.158910E+01  0.297420E+01  0.000000E+00
0.164078E+01  0.323358E+01  0.000000E+00
0.169201E+01  0.349757E+01  0.000000E+00
0.174279E+01  0.376667E+01  0.000000E+00
0.179317E+01  0.404129E+01  0.000000E+00
0.184314E+01  0.432177E+01  0.000000E+00
0.189275E+01  0.460840E+01  0.000000E+00
0.194201E+01  0.490144E+01  0.000000E+00
0.199095E+01  0.520112E+01  0.000000E+00
0.203958E+01  0.550764E+01  0.000000E+00
0.208794E+01  0.582119E+01  0.000000E+00
0.213603E+01  0.614195E+01  0.000000E+00
0.218389E+01  0.647007E+01  0.000000E+00
0.223152E+01  0.680571E+01  0.000000E+00
0.227896E+01  0.714902E+01  0.000000E+00
0.232620E+01  0.750014E+01  0.000000E+00
0.237327E+01  0.785919E+01  0.000000E+00
0.242019E+01  0.822631E+01  0.000000E+00
0.246696E+01  0.860161E+01  0.000000E+00
0.251360E+01  0.898522E+01  0.000000E+00
0.256011E+01  0.937725E+01  0.000000E+00
0.260651E+01  0.977780E+01  0.000000E+00
0.265281E+01  0.101870E+02  0.000000E+00
0.269901E+01  0.106049E+02  0.000000E+00
0.274512E+01  0.110317E+02  0.000000E+00
0.279115E+01  0.114673E+02  0.000000E+00
0.283711E+01  0.119120E+02  0.000000E+00
0.288300E+01  0.123659E+02  0.000000E+00
0.292882E+01  0.128289E+02  0.000000E+00
0.297459E+01  0.133012E+02  0.000000E+00
0.302030E+01  0.137828E+02  0.000000E+00
0.306596E+01  0.142739E+02  0.000000E+00
0.311157E+01  0.147746E+02  0.000000E+00
0.315714E+01  0.152848E+02  0.000000E+00
0.320267E+01  0.158048E+02  0.000000E+00
0.324817E+01  0.163344E+02  0.000000E+00
0.329362E+01  0.168739E+02  0.000000E+00
0.333905E+01  0.174234E+02  0.000000E+00
0.338444E+01  0.179827E+02  0.000000E+00
0.342981E+01  0.185522E+02  0.000000E+00
0.347515E+01  0.191317E+02  0.000000E+00
0.352046E+01  0.197214E+02  0.000000E+00
0.356575E+01  0.203213E+02  0.000000E+00
0.361102E+01  0.209315E+02  0.000000E+00
0.365627E+01  0.215521E+02  0.000000E+00
0.370150E+01  0.221831E+02  0.000000E+00
0.374671E+01  0.228247E+02  0.000000E+00
0.379191E+01  0.234767E+02  0.000000E+00
0.383708E+01  0.241394E+02  0.000000E+00
0.388225E+01  0.248127E+02  0.000000E+00
0.392740E+01  0.254968E+02  0.000000E+00
0.397253E+01  0.261916E+02  0.000000E+00
0.401765E+01  0.268973E+02  0.000000E+00
0.406276E+01  0.276139E+02  0.000000E+00
0.410786E+01  0.283414E+02  0.000000E+00
0.415295E+01  0.290799E+02  0.000000E+00
0.419803E+01  0.298295E+02  0.000000E+00
0.424310E+01  0.305903E+02  0.000000E+00
0.428815E+01  0.313621E+02  0.000000E+00
0.433320E+01  0.321453E+02  0.000000E+00
0.437825E+01  0.329396E+02  0.000000E+00
0.442328E+01  0.337454E+02  0.000000E+00
0.446830E+01  0.345625E+02  0.000000E+00
0.451332E+01  0.353910E+02  0.000000E+00
0.455833E+01  0.362310E+02  0.000000E+00
0.460334E+01  0.370825E+02  0.000000E+00
0.464834E+01  0.379457E+02  0.000000E+00
0.469333E+01  0.388205E+02  0.000000E+00
0.473832E+01  0.397069E+02  0.000000E+00
0.478330E+01  0.406051E+02  0.000000E+00
0.482827E+01  0.415151E+02  0.000000E+00
0.487325E+01  0.424369E+02  0.000000E+00
0.491821E+01  0.433706E+02  0.000000E+00
0.496317E+01  0.443162E+02  0.000000E+00
0.500813E+01  0.452738E+02  0.000000E+00
0.505309E+01  0.462435E+02  0.000000E+00
0.509804E+01  0.472252E+02  0.000000E+00
0.514298E+01  0.482190E+02  0.000000E+00
0.518793E+01  0.492250E+02  0.000000E+00
0.523286E+01  0.502432E+02  0.000000E+00
0.527780E+01  0.512737E+02  0.000000E+00
0.532273E+01  0.523165E+02  0.000000E+00
0.536766E+01  0.533716E+02  0.000000E+00
0.541259E+01  0.544391E+02  0.000000E+00
0.545751E+01  0.555191E+02  0.000000E+00
0.550243E+01  0.566115E+02  0.000000E+00
0.554735E+01  0.577165E+02  0.000000E+00
0.559227E+01  0.588341E+02  0.000000E+00
0.563718E+01  0.599643E+02  0.000000E+00
0.568209E+01  0.611071E+02  0.000000E+00
