0.105301E+01  0.109599E+01  0.264557E+03
0.110683E+01  0.206272E+01  0.000000E+00
0.116025E+01  0.298528E+01  0.000000E+00
0.121234E+01  0.392632E+01  0.000000E+00
0.126258E+01  0.493174E+01  0.000000E+00
0.131081E+01  0.603670E+01  0.000000E+00
0.135709E+01  0.727073E+01  0.000000E+00
0.140165E+01  0.866180E+01  0.000000E+00
0.144476E+01  0.102393E+02  0.000000E+00
0.148674E+01  0.120362E+02  0.000000E+00
0.152785E+01  0.140903E+02  0.000000E+00
0.156834E+01  0.164452E+02  0.000000E+00
0.160842E+01  0.191502E+02  0.000000E+00
0.164824E+01  0.222611E+02  0.000000E+00
0.168791E+01  0.258405E+02  0.000000E+00
0.172752E+01  0.299579E+02  0.000000E+00
0.176711E+01  0.346901E+02  0.000000E+00
0.180672E+01  0.401224E+02  0.000000E+00
0.184637E+01  0.463488E+02  0.000000E+00
0.188608E+01  0.534732E+02  0.000000E+00
0.192584E+01  0.616099E+02  0.000000E+00
0.196566E+01  0.708848E+02  0.000000E+00
0.200555E+01  0.814359E+02  0.000000E+00
0.204549E+01  0.934148E+02  0.000000E+00
0.208548E+01  0.106987E+03  0.000000E+00
0.212552E+01  0.122335E+03  0.000000E+00
0.216562E+01  0.139655E+03  0.000000E+00
0.220575E+01  0.159164E+03  0.000000E+00
0.224593E+01  0.181097E+03  0.000000E+00
0.228615E+01  0.205708E+03  0.000000E+00
0.232640E+01  0.233274E+03  0.000000E+00
0.236668E+01  0.264096E+03  0.000000E+00
0.240700E+01  0.298497E+03  0.000000E+00
0.244734E+01  0.336830E+03  0.000000E+00
0.248771E+01  0.379470E+03  0.000000E+00
0.252811E+01  0.426828E+03  0.000000E+00
0.256852E+01  0.479341E+03  0.000000E+00
0.260896E+01  0.537481E+03  0.000000E+00
0.264942E+01  0.601756E+03  0.000000E+00
0.268989E+01  0.672708E+03  0.000000E+00
0.273039E+01  0.750920E+03  0.000000E+00
0.277090E+01  0.837015E+03  0.000000E+00
0.281142E+01  0.931659E+03  0.000000E+00
0.285196E+01  0.103557E+04  0.000000E+00
0.289250E+01  0.114951E+04  0.000000E+00
0.293306E+01  0.127422E+04  0.000000E+00
0.297362E+01  0.141065E+04  0.000000E+00
0.301420E+01  0.155969E+04  0.000000E+00
0.305479E+01  0.172232E+04  0.000000E+00
0.309538E+01  0.189957E+04  0.000000E+00
0.313599E+01  0.209255E+04  0.000000E+00
0.317660E+01  0.230241E+04  0.000000E+00
0.321721E+01  0.253039E+04  0.000000E+00
0.325783E+01  0.277782E+04  0.000000E+00
0.329846E+01  0.304607E+04  0.000000E+00
0.333909E+01  0.333662E+04  0.000000E+00
0.337973E+01  0.365102E+04  0.000000E+00
0.342038E+01  0.399091E+04  0.000000E+00
0.346103E+01  0.435802E+04  0.000000E+00
0.350168E+01  0.475412E+04  0.000000E+00
