0.105219E+01  0.774443E+00  0.000000E+00
0.110388E+01  0.157017E+01  0.000000E+00
0.115453E+01  0.242078E+01  0.000000E+00
0.120384E+01  0.335675E+01  0.000000E+00
0.125169E+01  0.440633E+01  0.000000E+00
0.129813E+01  0.559696E+01  0.000000E+00
0.134329E+01  0.695666E+01  0.000000E+00
0.138735E+01  0.851535E+01  0.000000E+00
0.143049E+01  0.103058E+02  0.000000E+00
0.147291E+01  0.123647E+02  0.000000E+00
0.151475E+01  0.147327E+02  0.000000E+00
0.155617E+01  0.174556E+02  0.000000E+00
0.159727E+01  0.205837E+02  0.000000E+00
0.163814E+01  0.241731E+02  0.000000E+00
0.167884E+01  0.282852E+02  0.000000E+00
0.171944E+01  0.329877E+02  0.000000E+00
0.175996E+01  0.383547E+02  0.000000E+00
0.180044E+01  0.444673E+02  0.000000E+00
0.184089E+01  0.514138E+02  0.000000E+00
0.188134E+01  0.592908E+02  0.000000E+00
