0.105207E+01  0.115636E+01  0.907614E+03
0.110314E+01  0.238974E+01  0.000000E+00
0.115258E+01  0.378000E+01  0.000000E+00
0.120022E+01  0.539612E+01  0.000000E+00
0.124620E+01  0.730424E+01  0.000000E+00
0.129077E+01  0.957407E+01  0.000000E+00
0.133421E+01  0.122835E+02  0.000000E+00
0.137678E+01  0.155218E+02  0.000000E+00
0.141871E+01  0.193923E+02  0.000000E+00
0.146016E+01  0.240140E+02  0.000000E+00
0.150128E+01  0.295238E+02  0.000000E+00
0.154216E+01  0.360775E+02  0.000000E+00
0.158287E+01  0.438537E+02  0.000000E+00
0.162346E+01  0.530550E+02  0.000000E+00
0.166398E+01  0.639111E+02  0.000000E+00
0.170445E+01  0.766818E+02  0.000000E+00
0.174488E+01  0.916600E+02  0.000000E+00
0.178529E+01  0.109175E+03  0.000000E+00
0.182570E+01  0.129597E+03  0.000000E+00
0.186610E+01  0.153340E+03  0.000000E+00
0.190651E+01  0.180866E+03  0.000000E+00
0.194693E+01  0.212687E+03  0.000000E+00
0.198736E+01  0.249379E+03  0.000000E+00
0.202780E+01  0.291575E+03  0.000000E+00
0.206825E+01  0.339977E+03  0.000000E+00
0.210871E+01  0.395361E+03  0.000000E+00
0.214918E+01  0.458583E+03  0.000000E+00
0.218967E+01  0.530583E+03  0.000000E+00
0.223017E+01  0.612395E+03  0.000000E+00
0.227068E+01  0.705153E+03  0.000000E+00
