0.105291E+01  0.688723E+00  0.477650E+02
0.110656E+01  0.130521E+01  0.684050E+03
0.116006E+01  0.189129E+01  0.000000E+00
0.121281E+01  0.247556E+01  0.000000E+00
0.126445E+01  0.307748E+01  0.000000E+00
0.131485E+01  0.371060E+01  0.000000E+00
0.136400E+01  0.438493E+01  0.000000E+00
0.141199E+01  0.510849E+01  0.000000E+00
0.145892E+01  0.588824E+01  0.000000E+00
0.150493E+01  0.673074E+01  0.000000E+00
0.155016E+01  0.764243E+01  0.000000E+00
0.159472E+01  0.862997E+01  0.000000E+00
0.163874E+01  0.970008E+01  0.000000E+00
0.168230E+01  0.108599E+02  0.000000E+00
0.172549E+01  0.121167E+02  0.000000E+00
0.176838E+01  0.134783E+02  0.000000E+00
0.181104E+01  0.149525E+02  0.000000E+00
0.185351E+01  0.165476E+02  0.000000E+00
0.189581E+01  0.182721E+02  0.000000E+00
0.193800E+01  0.201350E+02  0.000000E+00
0.198009E+01  0.221453E+02  0.000000E+00
0.202210E+01  0.243124E+02  0.000000E+00
0.206404E+01  0.266464E+02  0.000000E+00
0.210593E+01  0.291573E+02  0.000000E+00
0.214778E+01  0.318558E+02  0.000000E+00
0.218959E+01  0.347526E+02  0.000000E+00
0.223138E+01  0.378593E+02  0.000000E+00
0.227315E+01  0.411874E+02  0.000000E+00
0.231490E+01  0.447492E+02  0.000000E+00
0.235664E+01  0.485571E+02  0.000000E+00
0.239836E+01  0.526243E+02  0.000000E+00
0.244008E+01  0.569639E+02  0.000000E+00
0.248179E+01  0.615900E+02  0.000000E+00
0.252349E+01  0.665168E+02  0.000000E+00
0.256520E+01  0.717590E+02  0.000000E+00
0.260689E+01  0.773321E+02  0.000000E+00
0.264859E+01  0.832515E+02  0.000000E+00
0.269029E+01  0.895336E+02  0.000000E+00
0.273198E+01  0.961951E+02  0.000000E+00
0.277368E+01  0.103253E+03  0.000000E+00
0.281537E+01  0.110725E+03  0.000000E+00
0.285707E+01  0.118630E+03  0.000000E+00
0.289876E+01  0.126986E+03  0.000000E+00
0.294046E+01  0.135812E+03  0.000000E+00
0.298216E+01  0.145129E+03  0.000000E+00
0.302386E+01  0.154957E+03  0.000000E+00
0.306557E+01  0.165316E+03  0.000000E+00
0.310727E+01  0.176228E+03  0.000000E+00
0.314898E+01  0.187715E+03  0.000000E+00
0.319069E+01  0.199800E+03  0.000000E+00
0.323240E+01  0.212506E+03  0.000000E+00
0.327411E+01  0.225857E+03  0.000000E+00
0.331583E+01  0.239877E+03  0.000000E+00
0.335754E+01  0.254591E+03  0.000000E+00
0.339926E+01  0.270025E+03  0.000000E+00
0.344098E+01  0.286205E+03  0.000000E+00
0.348271E+01  0.303157E+03  0.000000E+00
0.352443E+01  0.320910E+03  0.000000E+00
0.356616E+01  0.339491E+03  0.000000E+00
0.360789E+01  0.358929E+03  0.000000E+00
0.364962E+01  0.379254E+03  0.000000E+00
0.369135E+01  0.400496E+03  0.000000E+00
0.373309E+01  0.422684E+03  0.000000E+00
0.377482E+01  0.445852E+03  0.000000E+00
0.381656E+01  0.470033E+03  0.000000E+00
0.385830E+01  0.495249E+03  0.000000E+00
0.390003E+01  0.521543E+03  0.000000E+00
0.394176E+01  0.548947E+03  0.000000E+00
0.398350E+01  0.577497E+03  0.000000E+00
0.402524E+01  0.607228E+03  0.000000E+00
0.406698E+01  0.638178E+03  0.000000E+00
0.410872E+01  0.670381E+03  0.000000E+00
0.415046E+01  0.703878E+03  0.000000E+00
0.419221E+01  0.738706E+03  0.000000E+00
0.423395E+01  0.774904E+03  0.000000E+00
0.427570E+01  0.812512E+03  0.000000E+00
0.431745E+01  0.851572E+03  0.000000E+00
0.435920E+01  0.892124E+03  0.000000E+00
0.440095E+01  0.934212E+03  0.000000E+00
0.444271E+01  0.977878E+03  0.000000E+00
0.448446E+01  0.102317E+04  0.000000E+00
0.452622E+01  0.107012E+04  0.000000E+00
0.456797E+01  0.111879E+04  0.000000E+00
0.460973E+01  0.116921E+04  0.000000E+00
0.465149E+01  0.122144E+04  0.000000E+00
0.469325E+01  0.127553E+04  0.000000E+00
0.473501E+01  0.133151E+04  0.000000E+00
0.477677E+01  0.138945E+04  0.000000E+00
0.481853E+01  0.144940E+04  0.000000E+00
0.486029E+01  0.151139E+04  0.000000E+00
0.490206E+01  0.157549E+04  0.000000E+00
0.494382E+01  0.164175E+04  0.000000E+00
0.498559E+01  0.171023E+04  0.000000E+00
0.502735E+01  0.178097E+04  0.000000E+00
0.506912E+01  0.185403E+04  0.000000E+00
0.511089E+01  0.192948E+04  0.000000E+00
0.515266E+01  0.200736E+04  0.000000E+00
0.519443E+01  0.208774E+04  0.000000E+00
0.523619E+01  0.217068E+04  0.000000E+00
0.527797E+01  0.225623E+04  0.000000E+00
