0.105309E+01  0.108873E+01  0.150886E+02
0.110755E+01  0.201742E+01  0.583726E+02
0.116289E+01  0.283841E+01  0.000000E+00
0.121869E+01  0.358672E+01  0.000000E+00
0.127464E+01  0.428618E+01  0.000000E+00
0.133049E+01  0.495338E+01  0.000000E+00
0.138609E+01  0.560017E+01  0.000000E+00
0.144130E+01  0.623521E+01  0.000000E+00
0.149605E+01  0.686502E+01  0.000000E+00
0.155027E+01  0.749459E+01  0.000000E+00
0.160392E+01  0.812780E+01  0.000000E+00
0.165699E+01  0.876783E+01  0.000000E+00
0.170946E+01  0.941717E+01  0.000000E+00
0.176133E+01  0.100780E+02  0.000000E+00
0.181261E+01  0.107519E+02  0.000000E+00
0.186331E+01  0.114407E+02  0.000000E+00
0.191345E+01  0.121455E+02  0.000000E+00
0.196304E+01  0.128675E+02  0.000000E+00
0.201211E+01  0.136079E+02  0.000000E+00
0.206068E+01  0.143677E+02  0.000000E+00
0.210878E+01  0.151478E+02  0.000000E+00
0.215643E+01  0.159490E+02  0.000000E+00
0.220365E+01  0.167724E+02  0.000000E+00
0.225047E+01  0.176186E+02  0.000000E+00
0.229691E+01  0.184886E+02  0.000000E+00
0.234301E+01  0.193832E+02  0.000000E+00
0.238878E+01  0.203032E+02  0.000000E+00
0.243424E+01  0.212495E+02  0.000000E+00
0.247943E+01  0.222228E+02  0.000000E+00
0.252435E+01  0.232240E+02  0.000000E+00
0.256903E+01  0.242540E+02  0.000000E+00
0.261349E+01  0.253136E+02  0.000000E+00
0.265775E+01  0.264037E+02  0.000000E+00
0.270183E+01  0.275251E+02  0.000000E+00
0.274573E+01  0.286788E+02  0.000000E+00
0.278948E+01  0.298655E+02  0.000000E+00
0.283310E+01  0.310862E+02  0.000000E+00
0.287658E+01  0.323418E+02  0.000000E+00
0.291995E+01  0.336331E+02  0.000000E+00
0.296322E+01  0.349611E+02  0.000000E+00
0.300639E+01  0.363267E+02  0.000000E+00
0.304949E+01  0.377307E+02  0.000000E+00
0.309250E+01  0.391742E+02  0.000000E+00
0.313545E+01  0.406580E+02  0.000000E+00
0.317835E+01  0.421830E+02  0.000000E+00
0.322119E+01  0.437501E+02  0.000000E+00
0.326398E+01  0.453603E+02  0.000000E+00
0.330674E+01  0.470145E+02  0.000000E+00
0.334946E+01  0.487136E+02  0.000000E+00
0.339215E+01  0.504586E+02  0.000000E+00
0.343481E+01  0.522504E+02  0.000000E+00
0.347746E+01  0.540898E+02  0.000000E+00
0.352008E+01  0.559780E+02  0.000000E+00
0.356269E+01  0.579156E+02  0.000000E+00
0.360529E+01  0.599038E+02  0.000000E+00
0.364787E+01  0.619435E+02  0.000000E+00
0.369045E+01  0.640355E+02  0.000000E+00
0.373303E+01  0.661809E+02  0.000000E+00
0.377560E+01  0.683805E+02  0.000000E+00
0.381817E+01  0.706353E+02  0.000000E+00
0.386073E+01  0.729463E+02  0.000000E+00
0.390330E+01  0.753144E+02  0.000000E+00
0.394587E+01  0.777405E+02  0.000000E+00
0.398845E+01  0.802257E+02  0.000000E+00
0.403103E+01  0.827708E+02  0.000000E+00
0.407361E+01  0.853769E+02  0.000000E+00
0.411620E+01  0.880448E+02  0.000000E+00
0.415879E+01  0.907755E+02  0.000000E+00
0.420139E+01  0.935701E+02  0.000000E+00
0.424400E+01  0.964295E+02  0.000000E+00
0.428662E+01  0.993546E+02  0.000000E+00
0.432925E+01  0.102346E+03  0.000000E+00
0.437188E+01  0.105406E+03  0.000000E+00
0.441452E+01  0.108534E+03  0.000000E+00
0.445718E+01  0.111732E+03  0.000000E+00
0.449984E+01  0.115001E+03  0.000000E+00
0.454251E+01  0.118341E+03  0.000000E+00
0.458519E+01  0.121753E+03  0.000000E+00
0.462788E+01  0.125240E+03  0.000000E+00
0.467058E+01  0.128801E+03  0.000000E+00
0.471329E+01  0.132437E+03  0.000000E+00
0.475601E+01  0.136151E+03  0.000000E+00
0.479874E+01  0.139941E+03  0.000000E+00
0.484148E+01  0.143811E+03  0.000000E+00
0.488423E+01  0.147760E+03  0.000000E+00
0.492698E+01  0.151789E+03  0.000000E+00
0.496975E+01  0.155901E+03  0.000000E+00
0.501253E+01  0.160095E+03  0.000000E+00
0.505531E+01  0.164372E+03  0.000000E+00
0.509811E+01  0.168735E+03  0.000000E+00
0.514091E+01  0.173183E+03  0.000000E+00
0.518373E+01  0.177717E+03  0.000000E+00
0.522655E+01  0.182340E+03  0.000000E+00
0.526938E+01  0.187051E+03  0.000000E+00
0.531222E+01  0.191853E+03  0.000000E+00
0.535507E+01  0.196745E+03  0.000000E+00
0.539793E+01  0.201729E+03  0.000000E+00
0.544079E+01  0.206806E+03  0.000000E+00
0.548366E+01  0.211977E+03  0.000000E+00
0.552654E+01  0.217243E+03  0.000000E+00
