0.105313E+01  0.971163E+00  0.533574E+02
0.110722E+01  0.181108E+01  0.457593E+03
0.116115E+01  0.259726E+01  0.000000E+00
0.121420E+01  0.337653E+01  0.000000E+00
0.126607E+01  0.417695E+01  0.000000E+00
0.131667E+01  0.501599E+01  0.000000E+00
0.136608E+01  0.590539E+01  0.000000E+00
0.141440E+01  0.685396E+01  0.000000E+00
0.146179E+01  0.786901E+01  0.000000E+00
0.150838E+01  0.895714E+01  0.000000E+00
0.155430E+01  0.101246E+02  0.000000E+00
0.159967E+01  0.113779E+02  0.000000E+00
0.164458E+01  0.127229E+02  0.000000E+00
0.168912E+01  0.141660E+02  0.000000E+00
0.173337E+01  0.157135E+02  0.000000E+00
0.177737E+01  0.173718E+02  0.000000E+00
0.182116E+01  0.191472E+02  0.000000E+00
0.186479E+01  0.210463E+02  0.000000E+00
0.190829E+01  0.230756E+02  0.000000E+00
0.195167E+01  0.252417E+02  0.000000E+00
0.199496E+01  0.275515E+02  0.000000E+00
0.203817E+01  0.300118E+02  0.000000E+00
0.208131E+01  0.326296E+02  0.000000E+00
0.212440E+01  0.354119E+02  0.000000E+00
0.216744E+01  0.383661E+02  0.000000E+00
0.221043E+01  0.414996E+02  0.000000E+00
0.225339E+01  0.448198E+02  0.000000E+00
0.229631E+01  0.483344E+02  0.000000E+00
0.233921E+01  0.520513E+02  0.000000E+00
0.238208E+01  0.559785E+02  0.000000E+00
0.242493E+01  0.601240E+02  0.000000E+00
0.246776E+01  0.644962E+02  0.000000E+00
0.251057E+01  0.691035E+02  0.000000E+00
0.255337E+01  0.739546E+02  0.000000E+00
0.259615E+01  0.790581E+02  0.000000E+00
0.263891E+01  0.844231E+02  0.000000E+00
0.268166E+01  0.900586E+02  0.000000E+00
0.272441E+01  0.959740E+02  0.000000E+00
0.276714E+01  0.102179E+03  0.000000E+00
0.280986E+01  0.108682E+03  0.000000E+00
0.285257E+01  0.115494E+03  0.000000E+00
0.289527E+01  0.122624E+03  0.000000E+00
0.293796E+01  0.130084E+03  0.000000E+00
0.298065E+01  0.137882E+03  0.000000E+00
0.302333E+01  0.146029E+03  0.000000E+00
0.306600E+01  0.154537E+03  0.000000E+00
0.310866E+01  0.163415E+03  0.000000E+00
0.315132E+01  0.172676E+03  0.000000E+00
0.319397E+01  0.182329E+03  0.000000E+00
0.323662E+01  0.192387E+03  0.000000E+00
0.327926E+01  0.202860E+03  0.000000E+00
0.332189E+01  0.213761E+03  0.000000E+00
0.336452E+01  0.225101E+03  0.000000E+00
0.340715E+01  0.236893E+03  0.000000E+00
0.344977E+01  0.249148E+03  0.000000E+00
0.349238E+01  0.261880E+03  0.000000E+00
0.353499E+01  0.275100E+03  0.000000E+00
0.357760E+01  0.288822E+03  0.000000E+00
0.362020E+01  0.303058E+03  0.000000E+00
0.366280E+01  0.317822E+03  0.000000E+00
0.370539E+01  0.333126E+03  0.000000E+00
0.374798E+01  0.348985E+03  0.000000E+00
0.379057E+01  0.365412E+03  0.000000E+00
0.383315E+01  0.382421E+03  0.000000E+00
0.387573E+01  0.400026E+03  0.000000E+00
0.391831E+01  0.418241E+03  0.000000E+00
0.396088E+01  0.437081E+03  0.000000E+00
0.400345E+01  0.456561E+03  0.000000E+00
0.404601E+01  0.476694E+03  0.000000E+00
0.408858E+01  0.497496E+03  0.000000E+00
0.413113E+01  0.518983E+03  0.000000E+00
0.417369E+01  0.541170E+03  0.000000E+00
0.421624E+01  0.564072E+03  0.000000E+00
0.425880E+01  0.587704E+03  0.000000E+00
0.430134E+01  0.612084E+03  0.000000E+00
0.434389E+01  0.637227E+03  0.000000E+00
0.438643E+01  0.663149E+03  0.000000E+00
0.442897E+01  0.689868E+03  0.000000E+00
0.447151E+01  0.717398E+03  0.000000E+00
0.451404E+01  0.745759E+03  0.000000E+00
0.455657E+01  0.774966E+03  0.000000E+00
0.459910E+01  0.805037E+03  0.000000E+00
0.464163E+01  0.835990E+03  0.000000E+00
0.468415E+01  0.867842E+03  0.000000E+00
0.472667E+01  0.900611E+03  0.000000E+00
0.476919E+01  0.934315E+03  0.000000E+00
0.481171E+01  0.968972E+03  0.000000E+00
0.485423E+01  0.100460E+04  0.000000E+00
0.489674E+01  0.104122E+04  0.000000E+00
0.493925E+01  0.107885E+04  0.000000E+00
0.498176E+01  0.111751E+04  0.000000E+00
0.502426E+01  0.115721E+04  0.000000E+00
0.506677E+01  0.119799E+04  0.000000E+00
0.510927E+01  0.123985E+04  0.000000E+00
0.515177E+01  0.128281E+04  0.000000E+00
0.519427E+01  0.132691E+04  0.000000E+00
0.523676E+01  0.137215E+04  0.000000E+00
0.527926E+01  0.141856E+04  0.000000E+00
0.532175E+01  0.146615E+04  0.000000E+00
0.536424E+01  0.151496E+04  0.000000E+00
