0.105290E+01  0.128060E+01  0.582405E+01
0.110710E+01  0.239966E+01  0.447184E+01
0.116249E+01  0.338526E+01  0.000000E+00
0.121896E+01  0.426033E+01  0.000000E+00
0.127638E+01  0.504362E+01  0.000000E+00
0.133465E+01  0.575046E+01  0.000000E+00
0.139364E+01  0.639348E+01  0.000000E+00
0.145325E+01  0.698301E+01  0.000000E+00
0.151338E+01  0.752761E+01  0.000000E+00
0.157394E+01  0.803430E+01  0.000000E+00
0.163485E+01  0.850890E+01  0.000000E+00
0.169603E+01  0.895626E+01  0.000000E+00
0.175743E+01  0.938038E+01  0.000000E+00
0.181898E+01  0.978461E+01  0.000000E+00
0.188063E+01  0.101717E+02  0.000000E+00
0.194235E+01  0.105441E+02  0.000000E+00
0.200409E+01  0.109037E+02  0.000000E+00
0.206584E+01  0.112522E+02  0.000000E+00
0.212755E+01  0.115911E+02  0.000000E+00
0.218921E+01  0.119214E+02  0.000000E+00
0.225080E+01  0.122442E+02  0.000000E+00
0.231230E+01  0.125605E+02  0.000000E+00
0.237371E+01  0.128709E+02  0.000000E+00
0.243501E+01  0.131762E+02  0.000000E+00
0.249619E+01  0.134768E+02  0.000000E+00
0.255725E+01  0.137733E+02  0.000000E+00
0.261817E+01  0.140660E+02  0.000000E+00
0.267897E+01  0.143555E+02  0.000000E+00
0.273963E+01  0.146419E+02  0.000000E+00
0.280014E+01  0.149256E+02  0.000000E+00
0.286052E+01  0.152069E+02  0.000000E+00
0.292076E+01  0.154859E+02  0.000000E+00
0.298085E+01  0.157628E+02  0.000000E+00
0.304080E+01  0.160379E+02  0.000000E+00
0.310061E+01  0.163112E+02  0.000000E+00
0.316028E+01  0.165830E+02  0.000000E+00
0.321981E+01  0.168533E+02  0.000000E+00
0.327920E+01  0.171223E+02  0.000000E+00
0.333845E+01  0.173900E+02  0.000000E+00
0.339757E+01  0.176566E+02  0.000000E+00
0.345655E+01  0.179222E+02  0.000000E+00
0.351540E+01  0.181867E+02  0.000000E+00
0.357411E+01  0.184503E+02  0.000000E+00
0.363270E+01  0.187131E+02  0.000000E+00
0.369115E+01  0.189751E+02  0.000000E+00
0.374949E+01  0.192363E+02  0.000000E+00
0.380769E+01  0.194969E+02  0.000000E+00
0.386578E+01  0.197567E+02  0.000000E+00
0.392374E+01  0.200160E+02  0.000000E+00
0.398158E+01  0.202746E+02  0.000000E+00
0.403931E+01  0.205328E+02  0.000000E+00
0.409692E+01  0.207904E+02  0.000000E+00
0.415441E+01  0.210475E+02  0.000000E+00
0.421180E+01  0.213041E+02  0.000000E+00
0.426907E+01  0.215603E+02  0.000000E+00
0.432624E+01  0.218161E+02  0.000000E+00
0.438330E+01  0.220715E+02  0.000000E+00
0.444025E+01  0.223266E+02  0.000000E+00
0.449710E+01  0.225812E+02  0.000000E+00
0.455385E+01  0.228356E+02  0.000000E+00
0.461049E+01  0.230896E+02  0.000000E+00
0.466704E+01  0.233433E+02  0.000000E+00
0.472349E+01  0.235967E+02  0.000000E+00
0.477985E+01  0.238499E+02  0.000000E+00
0.483611E+01  0.241027E+02  0.000000E+00
0.489228E+01  0.243554E+02  0.000000E+00
0.494835E+01  0.246077E+02  0.000000E+00
0.500434E+01  0.248599E+02  0.000000E+00
0.506024E+01  0.251118E+02  0.000000E+00
0.511605E+01  0.253635E+02  0.000000E+00
0.517177E+01  0.256150E+02  0.000000E+00
0.522741E+01  0.258663E+02  0.000000E+00
0.528297E+01  0.261174E+02  0.000000E+00
0.533844E+01  0.263684E+02  0.000000E+00
0.539384E+01  0.266192E+02  0.000000E+00
0.544915E+01  0.268698E+02  0.000000E+00
0.550439E+01  0.271202E+02  0.000000E+00
0.555955E+01  0.273705E+02  0.000000E+00
0.561464E+01  0.276207E+02  0.000000E+00
0.566965E+01  0.278707E+02  0.000000E+00
0.572459E+01  0.281206E+02  0.000000E+00
0.577945E+01  0.283704E+02  0.000000E+00
0.583425E+01  0.286200E+02  0.000000E+00
0.588898E+01  0.288695E+02  0.000000E+00
0.594363E+01  0.291189E+02  0.000000E+00
0.599822E+01  0.293683E+02  0.000000E+00
0.605275E+01  0.296175E+02  0.000000E+00
0.610721E+01  0.298666E+02  0.000000E+00
0.616160E+01  0.301156E+02  0.000000E+00
0.621594E+01  0.303645E+02  0.000000E+00
0.627021E+01  0.306134E+02  0.000000E+00
0.632442E+01  0.308622E+02  0.000000E+00
0.637856E+01  0.311109E+02  0.000000E+00
0.643266E+01  0.313595E+02  0.000000E+00
0.648669E+01  0.316081E+02  0.000000E+00
0.654067E+01  0.318566E+02  0.000000E+00
0.659459E+01  0.321050E+02  0.000000E+00
0.664845E+01  0.323534E+02  0.000000E+00
0.670227E+01  0.326017E+02  0.000000E+00
0.675602E+01  0.328500E+02  0.000000E+00
