0.105364E+01  0.359479E+00  0.424868E+02
0.110892E+01  0.644879E+00  0.407170E+04
0.116404E+01  0.900765E+00  0.000000E+00
0.121772E+01  0.115316E+01  0.000000E+00
0.126940E+01  0.141677E+01  0.000000E+00
0.131899E+01  0.170036E+01  0.000000E+00
0.136664E+01  0.201002E+01  0.000000E+00
0.141258E+01  0.235090E+01  0.000000E+00
0.145710E+01  0.272815E+01  0.000000E+00
0.150045E+01  0.314733E+01  0.000000E+00
0.154289E+01  0.361470E+01  0.000000E+00
0.158462E+01  0.413728E+01  0.000000E+00
0.162581E+01  0.472297E+01  0.000000E+00
0.166659E+01  0.538051E+01  0.000000E+00
0.170707E+01  0.611964E+01  0.000000E+00
0.174731E+01  0.695114E+01  0.000000E+00
0.178738E+01  0.788696E+01  0.000000E+00
0.182733E+01  0.894034E+01  0.000000E+00
0.186718E+01  0.101260E+02  0.000000E+00
0.190696E+01  0.114601E+02  0.000000E+00
0.194670E+01  0.129609E+02  0.000000E+00
0.198641E+01  0.146480E+02  0.000000E+00
0.202610E+01  0.165437E+02  0.000000E+00
0.206580E+01  0.186722E+02  0.000000E+00
0.210550E+01  0.210604E+02  0.000000E+00
0.214522E+01  0.237375E+02  0.000000E+00
0.218495E+01  0.267360E+02  0.000000E+00
0.222472E+01  0.300911E+02  0.000000E+00
0.226451E+01  0.338418E+02  0.000000E+00
0.230434E+01  0.380303E+02  0.000000E+00
0.234420E+01  0.427027E+02  0.000000E+00
0.238409E+01  0.479092E+02  0.000000E+00
0.242402E+01  0.537047E+02  0.000000E+00
0.246399E+01  0.601483E+02  0.000000E+00
0.250400E+01  0.673045E+02  0.000000E+00
0.254404E+01  0.752430E+02  0.000000E+00
0.258412E+01  0.840390E+02  0.000000E+00
0.262423E+01  0.937740E+02  0.000000E+00
0.266438E+01  0.104536E+03  0.000000E+00
0.270455E+01  0.116419E+03  0.000000E+00
0.274476E+01  0.129525E+03  0.000000E+00
0.278500E+01  0.143963E+03  0.000000E+00
0.282527E+01  0.159851E+03  0.000000E+00
0.286557E+01  0.177314E+03  0.000000E+00
0.290589E+01  0.196488E+03  0.000000E+00
0.294623E+01  0.217517E+03  0.000000E+00
0.298660E+01  0.240554E+03  0.000000E+00
0.302700E+01  0.265766E+03  0.000000E+00
0.306741E+01  0.293327E+03  0.000000E+00
0.310784E+01  0.323425E+03  0.000000E+00
0.314829E+01  0.356261E+03  0.000000E+00
0.318876E+01  0.392046E+03  0.000000E+00
0.322925E+01  0.431006E+03  0.000000E+00
0.326975E+01  0.473382E+03  0.000000E+00
0.331027E+01  0.519430E+03  0.000000E+00
0.335080E+01  0.569418E+03  0.000000E+00
0.339134E+01  0.623635E+03  0.000000E+00
0.343190E+01  0.682384E+03  0.000000E+00
0.347247E+01  0.745986E+03  0.000000E+00
0.351305E+01  0.814782E+03  0.000000E+00
0.355364E+01  0.889131E+03  0.000000E+00
0.359424E+01  0.969413E+03  0.000000E+00
0.363485E+01  0.105603E+04  0.000000E+00
0.367547E+01  0.114940E+04  0.000000E+00
0.371610E+01  0.124998E+04  0.000000E+00
0.375674E+01  0.135823E+04  0.000000E+00
0.379738E+01  0.147464E+04  0.000000E+00
0.383803E+01  0.159975E+04  0.000000E+00
0.387869E+01  0.173408E+04  0.000000E+00
0.391935E+01  0.187824E+04  0.000000E+00
0.396002E+01  0.203280E+04  0.000000E+00
0.400070E+01  0.219842E+04  0.000000E+00
0.404138E+01  0.237576E+04  0.000000E+00
0.408206E+01  0.256551E+04  0.000000E+00
0.412275E+01  0.276841E+04  0.000000E+00
0.416345E+01  0.298524E+04  0.000000E+00
0.420415E+01  0.321678E+04  0.000000E+00
0.424485E+01  0.346389E+04  0.000000E+00
0.428556E+01  0.372745E+04  0.000000E+00
0.432627E+01  0.400841E+04  0.000000E+00
