0.105254E+01  0.985428E-01  0.479084E+03
0.110178E+01  0.209233E+00  0.000000E+00
0.114641E+01  0.362989E+00  0.000000E+00
0.118854E+01  0.585522E+00  0.000000E+00
0.122992E+01  0.906777E+00  0.000000E+00
0.127127E+01  0.136150E+01  0.000000E+00
0.131275E+01  0.198884E+01  0.000000E+00
0.135435E+01  0.283315E+01  0.000000E+00
0.139601E+01  0.394525E+01  0.000000E+00
0.143768E+01  0.538365E+01  0.000000E+00
0.147934E+01  0.721577E+01  0.000000E+00
0.152097E+01  0.951892E+01  0.000000E+00
0.156255E+01  0.123820E+02  0.000000E+00
0.160407E+01  0.159066E+02  0.000000E+00
0.164554E+01  0.202080E+02  0.000000E+00
0.168694E+01  0.254175E+02  0.000000E+00
0.172830E+01  0.316835E+02  0.000000E+00
0.176960E+01  0.391734E+02  0.000000E+00
0.181085E+01  0.480754E+02  0.000000E+00
0.185205E+01  0.586006E+02  0.000000E+00
0.189321E+01  0.709854E+02  0.000000E+00
0.193433E+01  0.854927E+02  0.000000E+00
0.197541E+01  0.102416E+03  0.000000E+00
0.201646E+01  0.122082E+03  0.000000E+00
0.205747E+01  0.144849E+03  0.000000E+00
0.209846E+01  0.171118E+03  0.000000E+00
0.213942E+01  0.201329E+03  0.000000E+00
0.218036E+01  0.235964E+03  0.000000E+00
0.222128E+01  0.275559E+03  0.000000E+00
0.226218E+01  0.320695E+03  0.000000E+00
0.230306E+01  0.372014E+03  0.000000E+00
0.234392E+01  0.430213E+03  0.000000E+00
0.238477E+01  0.496058E+03  0.000000E+00
0.242560E+01  0.570404E+03  0.000000E+00
0.246642E+01  0.654065E+03  0.000000E+00
0.250722E+01  0.748115E+03  0.000000E+00
0.254801E+01  0.853587E+03  0.000000E+00
0.258879E+01  0.971645E+03  0.000000E+00
0.262956E+01  0.110354E+04  0.000000E+00
0.267033E+01  0.125062E+04  0.000000E+00
0.271108E+01  0.141435E+04  0.000000E+00
0.275183E+01  0.159629E+04  0.000000E+00
0.279256E+01  0.179814E+04  0.000000E+00
0.283329E+01  0.202169E+04  0.000000E+00
0.287401E+01  0.226896E+04  0.000000E+00
0.291472E+01  0.254200E+04  0.000000E+00
0.295543E+01  0.284311E+04  0.000000E+00
0.299614E+01  0.317469E+04  0.000000E+00
0.303684E+01  0.353933E+04  0.000000E+00
0.307754E+01  0.393980E+04  0.000000E+00
