0.105243E+01  0.158265E+01  0.551083E+02
0.110513E+01  0.310963E+01  0.000000E+00
0.115787E+01  0.460611E+01  0.000000E+00
0.121045E+01  0.609271E+01  0.000000E+00
0.126275E+01  0.758616E+01  0.000000E+00
0.131466E+01  0.910012E+01  0.000000E+00
0.136610E+01  0.106458E+02  0.000000E+00
0.141704E+01  0.122327E+02  0.000000E+00
0.146746E+01  0.138685E+02  0.000000E+00
0.151733E+01  0.155601E+02  0.000000E+00
0.156668E+01  0.173134E+02  0.000000E+00
0.161551E+01  0.191337E+02  0.000000E+00
0.166383E+01  0.210257E+02  0.000000E+00
0.171169E+01  0.229939E+02  0.000000E+00
0.175908E+01  0.250426E+02  0.000000E+00
0.180606E+01  0.271757E+02  0.000000E+00
0.185263E+01  0.293973E+02  0.000000E+00
0.189884E+01  0.317112E+02  0.000000E+00
0.194471E+01  0.341213E+02  0.000000E+00
0.199025E+01  0.366313E+02  0.000000E+00
0.203551E+01  0.392452E+02  0.000000E+00
0.208050E+01  0.419669E+02  0.000000E+00
0.212525E+01  0.448002E+02  0.000000E+00
0.216977E+01  0.477492E+02  0.000000E+00
0.221409E+01  0.508177E+02  0.000000E+00
0.225823E+01  0.540097E+02  0.000000E+00
0.230220E+01  0.573295E+02  0.000000E+00
0.234602E+01  0.607810E+02  0.000000E+00
0.238970E+01  0.643684E+02  0.000000E+00
0.243325E+01  0.680959E+02  0.000000E+00
0.247670E+01  0.719676E+02  0.000000E+00
0.252004E+01  0.759880E+02  0.000000E+00
0.256329E+01  0.801613E+02  0.000000E+00
0.260645E+01  0.844918E+02  0.000000E+00
0.264954E+01  0.889840E+02  0.000000E+00
0.269257E+01  0.936422E+02  0.000000E+00
0.273553E+01  0.984710E+02  0.000000E+00
0.277844E+01  0.103475E+03  0.000000E+00
0.282129E+01  0.108658E+03  0.000000E+00
0.286411E+01  0.114026E+03  0.000000E+00
0.290688E+01  0.119583E+03  0.000000E+00
0.294962E+01  0.125333E+03  0.000000E+00
0.299232E+01  0.131281E+03  0.000000E+00
0.303500E+01  0.137432E+03  0.000000E+00
0.307765E+01  0.143791E+03  0.000000E+00
0.312027E+01  0.150363E+03  0.000000E+00
0.316287E+01  0.157152E+03  0.000000E+00
0.320546E+01  0.164164E+03  0.000000E+00
0.324803E+01  0.171402E+03  0.000000E+00
0.329058E+01  0.178873E+03  0.000000E+00
