0.105256E+01  0.649017E+00  0.410558E+02
0.110529E+01  0.126891E+01  0.292528E+03
0.115764E+01  0.188640E+01  0.000000E+00
0.120928E+01  0.251930E+01  0.000000E+00
0.126008E+01  0.317982E+01  0.000000E+00
0.131000E+01  0.387666E+01  0.000000E+00
0.135909E+01  0.461652E+01  0.000000E+00
0.140741E+01  0.540486E+01  0.000000E+00
0.145504E+01  0.624645E+01  0.000000E+00
0.150205E+01  0.714566E+01  0.000000E+00
0.154852E+01  0.810664E+01  0.000000E+00
0.159453E+01  0.913352E+01  0.000000E+00
0.164014E+01  0.102302E+02  0.000000E+00
0.168540E+01  0.114008E+02  0.000000E+00
0.173037E+01  0.126493E+02  0.000000E+00
0.177508E+01  0.139797E+02  0.000000E+00
0.181958E+01  0.153960E+02  0.000000E+00
0.186389E+01  0.169024E+02  0.000000E+00
0.190803E+01  0.185030E+02  0.000000E+00
0.195203E+01  0.202019E+02  0.000000E+00
0.199591E+01  0.220034E+02  0.000000E+00
0.203968E+01  0.239118E+02  0.000000E+00
0.208336E+01  0.259312E+02  0.000000E+00
0.212696E+01  0.280661E+02  0.000000E+00
0.217048E+01  0.303210E+02  0.000000E+00
0.221393E+01  0.327003E+02  0.000000E+00
0.225733E+01  0.352085E+02  0.000000E+00
0.230068E+01  0.378502E+02  0.000000E+00
0.234398E+01  0.406302E+02  0.000000E+00
0.238724E+01  0.435531E+02  0.000000E+00
0.243047E+01  0.466238E+02  0.000000E+00
0.247365E+01  0.498470E+02  0.000000E+00
0.251681E+01  0.532278E+02  0.000000E+00
0.255994E+01  0.567710E+02  0.000000E+00
0.260305E+01  0.604819E+02  0.000000E+00
0.264613E+01  0.643654E+02  0.000000E+00
0.268919E+01  0.684267E+02  0.000000E+00
0.273223E+01  0.726712E+02  0.000000E+00
0.277525E+01  0.771041E+02  0.000000E+00
0.281826E+01  0.817308E+02  0.000000E+00
0.286125E+01  0.865568E+02  0.000000E+00
0.290422E+01  0.915875E+02  0.000000E+00
0.294718E+01  0.968287E+02  0.000000E+00
0.299013E+01  0.102286E+03  0.000000E+00
0.303307E+01  0.107965E+03  0.000000E+00
0.307599E+01  0.113871E+03  0.000000E+00
0.311891E+01  0.120011E+03  0.000000E+00
0.316181E+01  0.126391E+03  0.000000E+00
0.320471E+01  0.133015E+03  0.000000E+00
0.324760E+01  0.139891E+03  0.000000E+00
0.329048E+01  0.147025E+03  0.000000E+00
0.333335E+01  0.154422E+03  0.000000E+00
0.337621E+01  0.162090E+03  0.000000E+00
0.341907E+01  0.170034E+03  0.000000E+00
0.346192E+01  0.178260E+03  0.000000E+00
0.350476E+01  0.186776E+03  0.000000E+00
0.354760E+01  0.195587E+03  0.000000E+00
0.359043E+01  0.204702E+03  0.000000E+00
0.363326E+01  0.214125E+03  0.000000E+00
0.367608E+01  0.223864E+03  0.000000E+00
0.371890E+01  0.233925E+03  0.000000E+00
0.376171E+01  0.244316E+03  0.000000E+00
0.380451E+01  0.255044E+03  0.000000E+00
0.384732E+01  0.266115E+03  0.000000E+00
0.389012E+01  0.277536E+03  0.000000E+00
0.393291E+01  0.289316E+03  0.000000E+00
0.397570E+01  0.301460E+03  0.000000E+00
0.401849E+01  0.313976E+03  0.000000E+00
0.406126E+01  0.326887E+03  0.000000E+00
0.410404E+01  0.340156E+03  0.000000E+00
0.414681E+01  0.353827E+03  0.000000E+00
0.418958E+01  0.367903E+03  0.000000E+00
0.423234E+01  0.382389E+03  0.000000E+00
0.427510E+01  0.397291E+03  0.000000E+00
0.431785E+01  0.412619E+03  0.000000E+00
0.436060E+01  0.428379E+03  0.000000E+00
0.440335E+01  0.444579E+03  0.000000E+00
0.444610E+01  0.461229E+03  0.000000E+00
0.448885E+01  0.478335E+03  0.000000E+00
0.453159E+01  0.495905E+03  0.000000E+00
0.457433E+01  0.513949E+03  0.000000E+00
0.461707E+01  0.532473E+03  0.000000E+00
0.465981E+01  0.551487E+03  0.000000E+00
0.470255E+01  0.570998E+03  0.000000E+00
0.474528E+01  0.591015E+03  0.000000E+00
0.478801E+01  0.611547E+03  0.000000E+00
0.483074E+01  0.632602E+03  0.000000E+00
0.487347E+01  0.654188E+03  0.000000E+00
0.491620E+01  0.676315E+03  0.000000E+00
0.495892E+01  0.698991E+03  0.000000E+00
0.500164E+01  0.722224E+03  0.000000E+00
0.504437E+01  0.746024E+03  0.000000E+00
0.508709E+01  0.770400E+03  0.000000E+00
0.512980E+01  0.795360E+03  0.000000E+00
0.517252E+01  0.820913E+03  0.000000E+00
0.521524E+01  0.847070E+03  0.000000E+00
0.525795E+01  0.873838E+03  0.000000E+00
0.530066E+01  0.901227E+03  0.000000E+00
0.534337E+01  0.929247E+03  0.000000E+00
0.538608E+01  0.957907E+03  0.000000E+00
