0.105237E+01  0.103448E+01  0.601810E+03
0.110433E+01  0.207104E+01  0.000000E+00
0.115500E+01  0.317718E+01  0.000000E+00
0.120389E+01  0.441138E+01  0.000000E+00
0.125091E+01  0.582610E+01  0.000000E+00
0.129618E+01  0.747233E+01  0.000000E+00
0.133999E+01  0.940385E+01  0.000000E+00
0.138262E+01  0.116809E+02  0.000000E+00
0.142438E+01  0.143728E+02  0.000000E+00
0.146553E+01  0.175597E+02  0.000000E+00
0.150625E+01  0.213336E+02  0.000000E+00
0.154670E+01  0.257996E+02  0.000000E+00
0.158698E+01  0.310770E+02  0.000000E+00
0.162716E+01  0.373001E+02  0.000000E+00
0.166729E+01  0.446205E+02  0.000000E+00
0.170741E+01  0.532083E+02  0.000000E+00
0.174752E+01  0.632542E+02  0.000000E+00
0.178765E+01  0.749718E+02  0.000000E+00
0.182779E+01  0.885991E+02  0.000000E+00
0.186797E+01  0.104402E+03  0.000000E+00
0.190817E+01  0.122675E+03  0.000000E+00
0.194841E+01  0.143745E+03  0.000000E+00
0.198867E+01  0.167975E+03  0.000000E+00
0.202896E+01  0.195766E+03  0.000000E+00
0.206928E+01  0.227558E+03  0.000000E+00
0.210963E+01  0.263837E+03  0.000000E+00
0.215000E+01  0.305137E+03  0.000000E+00
0.219039E+01  0.352041E+03  0.000000E+00
0.223081E+01  0.405190E+03  0.000000E+00
0.227125E+01  0.465280E+03  0.000000E+00
