0.105218E+01  0.162081E+01  0.823825E+03
0.110368E+01  0.330232E+01  0.000000E+00
0.115390E+01  0.513340E+01  0.000000E+00
0.120256E+01  0.719101E+01  0.000000E+00
0.124964E+01  0.954595E+01  0.000000E+00
0.129527E+01  0.122686E+02  0.000000E+00
0.133965E+01  0.154336E+02  0.000000E+00
0.138301E+01  0.191237E+02  0.000000E+00
0.142556E+01  0.234323E+02  0.000000E+00
0.146748E+01  0.284658E+02  0.000000E+00
0.150892E+01  0.343449E+02  0.000000E+00
0.155000E+01  0.412063E+02  0.000000E+00
0.159083E+01  0.492042E+02  0.000000E+00
0.163147E+01  0.585120E+02  0.000000E+00
0.167197E+01  0.693244E+02  0.000000E+00
0.171237E+01  0.818593E+02  0.000000E+00
0.175271E+01  0.963601E+02  0.000000E+00
0.179301E+01  0.113098E+03  0.000000E+00
0.183328E+01  0.132376E+03  0.000000E+00
0.187354E+01  0.154529E+03  0.000000E+00
0.191379E+01  0.179929E+03  0.000000E+00
0.195404E+01  0.208986E+03  0.000000E+00
0.199431E+01  0.242154E+03  0.000000E+00
0.203458E+01  0.279933E+03  0.000000E+00
0.207486E+01  0.322874E+03  0.000000E+00
0.211516E+01  0.371578E+03  0.000000E+00
0.215548E+01  0.426708E+03  0.000000E+00
0.219581E+01  0.488987E+03  0.000000E+00
0.223616E+01  0.559205E+03  0.000000E+00
0.227652E+01  0.638199E+03  0.000000E+00
