0.105172E+01  0.225836E+00  0.000000E+00
0.110173E+01  0.485696E+00  0.000000E+00
0.114965E+01  0.800404E+00  0.000000E+00
0.119565E+01  0.118938E+01  0.000000E+00
0.124015E+01  0.167312E+01  0.000000E+00
0.128351E+01  0.227490E+01  0.000000E+00
0.132607E+01  0.302178E+01  0.000000E+00
0.136807E+01  0.394535E+01  0.000000E+00
0.140967E+01  0.508233E+01  0.000000E+00
0.145098E+01  0.647526E+01  0.000000E+00
0.149210E+01  0.817339E+01  0.000000E+00
0.153307E+01  0.102330E+02  0.000000E+00
0.157393E+01  0.127194E+02  0.000000E+00
0.161471E+01  0.157070E+02  0.000000E+00
0.165544E+01  0.192806E+02  0.000000E+00
0.169612E+01  0.235369E+02  0.000000E+00
0.173677E+01  0.285857E+02  0.000000E+00
0.177739E+01  0.345509E+02  0.000000E+00
0.181800E+01  0.415725E+02  0.000000E+00
0.185859E+01  0.498078E+02  0.000000E+00
