0.105212E+01  0.297508E+00  0.513707E+03
0.110298E+01  0.616967E+00  0.000000E+00
0.115171E+01  0.987903E+00  0.000000E+00
0.119823E+01  0.143576E+01  0.000000E+00
0.124288E+01  0.198584E+01  0.000000E+00
0.128609E+01  0.266647E+01  0.000000E+00
0.132828E+01  0.351104E+01  0.000000E+00
0.136978E+01  0.455940E+01  0.000000E+00
0.141083E+01  0.585885E+01  0.000000E+00
0.145158E+01  0.746527E+01  0.000000E+00
0.149214E+01  0.944444E+01  0.000000E+00
0.153258E+01  0.118728E+02  0.000000E+00
0.157294E+01  0.148404E+02  0.000000E+00
0.161327E+01  0.184515E+02  0.000000E+00
0.165356E+01  0.228272E+02  0.000000E+00
0.169385E+01  0.281072E+02  0.000000E+00
0.173413E+01  0.344527E+02  0.000000E+00
0.177441E+01  0.420487E+02  0.000000E+00
0.181469E+01  0.511071E+02  0.000000E+00
0.185499E+01  0.618695E+02  0.000000E+00
0.189529E+01  0.746114E+02  0.000000E+00
0.193561E+01  0.896440E+02  0.000000E+00
0.197594E+01  0.107322E+03  0.000000E+00
0.201627E+01  0.128043E+03  0.000000E+00
0.205662E+01  0.152256E+03  0.000000E+00
0.209697E+01  0.180467E+03  0.000000E+00
0.213734E+01  0.213240E+03  0.000000E+00
0.217771E+01  0.251208E+03  0.000000E+00
0.221810E+01  0.295077E+03  0.000000E+00
0.225849E+01  0.345633E+03  0.000000E+00
0.229888E+01  0.403738E+03  0.000000E+00
0.233927E+01  0.470371E+03  0.000000E+00
0.237967E+01  0.546591E+03  0.000000E+00
0.242008E+01  0.633600E+03  0.000000E+00
0.246049E+01  0.732701E+03  0.000000E+00
0.250090E+01  0.845336E+03  0.000000E+00
0.254132E+01  0.973088E+03  0.000000E+00
0.258175E+01  0.111770E+04  0.000000E+00
0.262218E+01  0.128108E+04  0.000000E+00
0.266261E+01  0.146533E+04  0.000000E+00
0.270304E+01  0.167271E+04  0.000000E+00
0.274347E+01  0.190574E+04  0.000000E+00
0.278391E+01  0.216712E+04  0.000000E+00
0.282435E+01  0.245982E+04  0.000000E+00
0.286478E+01  0.278695E+04  0.000000E+00
0.290522E+01  0.315227E+04  0.000000E+00
0.294566E+01  0.355947E+04  0.000000E+00
0.298610E+01  0.401261E+04  0.000000E+00
0.302655E+01  0.451619E+04  0.000000E+00
0.306699E+01  0.507504E+04  0.000000E+00
