0.105296E+01  0.101926E+01  0.765160E+01
0.110728E+01  0.190150E+01  0.132701E+02
0.116276E+01  0.267612E+01  0.000000E+00
0.121917E+01  0.336651E+01  0.000000E+00
0.127630E+01  0.399117E+01  0.000000E+00
0.133393E+01  0.456478E+01  0.000000E+00
0.139187E+01  0.509887E+01  0.000000E+00
0.144997E+01  0.560256E+01  0.000000E+00
0.150809E+01  0.608299E+01  0.000000E+00
0.156611E+01  0.654580E+01  0.000000E+00
0.162395E+01  0.699541E+01  0.000000E+00
0.168154E+01  0.743534E+01  0.000000E+00
0.173882E+01  0.786834E+01  0.000000E+00
0.179576E+01  0.829661E+01  0.000000E+00
0.185233E+01  0.872191E+01  0.000000E+00
0.190851E+01  0.914563E+01  0.000000E+00
0.196430E+01  0.956892E+01  0.000000E+00
0.201968E+01  0.999270E+01  0.000000E+00
0.207466E+01  0.104177E+02  0.000000E+00
0.212924E+01  0.108445E+02  0.000000E+00
0.218342E+01  0.112737E+02  0.000000E+00
0.223721E+01  0.117056E+02  0.000000E+00
0.229062E+01  0.121406E+02  0.000000E+00
0.234366E+01  0.125789E+02  0.000000E+00
0.239634E+01  0.130209E+02  0.000000E+00
0.244866E+01  0.134667E+02  0.000000E+00
0.250064E+01  0.139165E+02  0.000000E+00
0.255229E+01  0.143705E+02  0.000000E+00
0.260362E+01  0.148287E+02  0.000000E+00
0.265464E+01  0.152913E+02  0.000000E+00
0.270536E+01  0.157585E+02  0.000000E+00
0.275580E+01  0.162302E+02  0.000000E+00
0.280596E+01  0.167066E+02  0.000000E+00
0.285586E+01  0.171878E+02  0.000000E+00
0.290551E+01  0.176738E+02  0.000000E+00
0.295492E+01  0.181648E+02  0.000000E+00
0.300409E+01  0.186607E+02  0.000000E+00
0.305304E+01  0.191617E+02  0.000000E+00
0.310178E+01  0.196677E+02  0.000000E+00
0.315032E+01  0.201790E+02  0.000000E+00
0.319867E+01  0.206955E+02  0.000000E+00
0.324684E+01  0.212173E+02  0.000000E+00
0.329483E+01  0.217445E+02  0.000000E+00
0.334266E+01  0.222771E+02  0.000000E+00
0.339034E+01  0.228151E+02  0.000000E+00
0.343787E+01  0.233588E+02  0.000000E+00
0.348526E+01  0.239080E+02  0.000000E+00
0.353251E+01  0.244629E+02  0.000000E+00
0.357965E+01  0.250235E+02  0.000000E+00
0.362667E+01  0.255898E+02  0.000000E+00
0.367358E+01  0.261621E+02  0.000000E+00
0.372038E+01  0.267402E+02  0.000000E+00
0.376709E+01  0.273242E+02  0.000000E+00
0.381371E+01  0.279142E+02  0.000000E+00
0.386025E+01  0.285103E+02  0.000000E+00
0.390670E+01  0.291125E+02  0.000000E+00
0.395308E+01  0.297208E+02  0.000000E+00
0.399938E+01  0.303353E+02  0.000000E+00
0.404562E+01  0.309560E+02  0.000000E+00
0.409180E+01  0.315831E+02  0.000000E+00
0.413793E+01  0.322164E+02  0.000000E+00
0.418399E+01  0.328561E+02  0.000000E+00
0.423001E+01  0.335022E+02  0.000000E+00
0.427598E+01  0.341548E+02  0.000000E+00
0.432191E+01  0.348138E+02  0.000000E+00
0.436780E+01  0.354794E+02  0.000000E+00
0.441364E+01  0.361515E+02  0.000000E+00
0.445945E+01  0.368302E+02  0.000000E+00
0.450523E+01  0.375155E+02  0.000000E+00
0.455098E+01  0.382075E+02  0.000000E+00
0.459670E+01  0.389061E+02  0.000000E+00
0.464239E+01  0.396115E+02  0.000000E+00
0.468805E+01  0.403236E+02  0.000000E+00
0.473369E+01  0.410424E+02  0.000000E+00
0.477931E+01  0.417681E+02  0.000000E+00
0.482491E+01  0.425006E+02  0.000000E+00
0.487049E+01  0.432399E+02  0.000000E+00
0.491606E+01  0.439861E+02  0.000000E+00
0.496160E+01  0.447391E+02  0.000000E+00
0.500714E+01  0.454991E+02  0.000000E+00
0.505265E+01  0.462660E+02  0.000000E+00
0.509816E+01  0.470399E+02  0.000000E+00
0.514365E+01  0.478207E+02  0.000000E+00
0.518913E+01  0.486086E+02  0.000000E+00
0.523460E+01  0.494034E+02  0.000000E+00
0.528007E+01  0.502053E+02  0.000000E+00
0.532552E+01  0.510142E+02  0.000000E+00
0.537096E+01  0.518302E+02  0.000000E+00
0.541640E+01  0.526533E+02  0.000000E+00
0.546183E+01  0.534834E+02  0.000000E+00
0.550726E+01  0.543207E+02  0.000000E+00
0.555268E+01  0.551651E+02  0.000000E+00
0.559809E+01  0.560167E+02  0.000000E+00
0.564350E+01  0.568754E+02  0.000000E+00
0.568891E+01  0.577413E+02  0.000000E+00
0.573431E+01  0.586144E+02  0.000000E+00
0.577971E+01  0.594947E+02  0.000000E+00
0.582510E+01  0.603822E+02  0.000000E+00
0.587050E+01  0.612770E+02  0.000000E+00
0.591589E+01  0.621790E+02  0.000000E+00
