0.105280E+01  0.835691E+00  0.408876E+01
0.110673E+01  0.157966E+01  0.237921E+01
0.116168E+01  0.224629E+01  0.000000E+00
0.121758E+01  0.284744E+01  0.000000E+00
0.127433E+01  0.339293E+01  0.000000E+00
0.133184E+01  0.389090E+01  0.000000E+00
0.139004E+01  0.434816E+01  0.000000E+00
0.144885E+01  0.477037E+01  0.000000E+00
0.150821E+01  0.516229E+01  0.000000E+00
0.156805E+01  0.552794E+01  0.000000E+00
0.162831E+01  0.587068E+01  0.000000E+00
0.168894E+01  0.619341E+01  0.000000E+00
0.174989E+01  0.649855E+01  0.000000E+00
0.181112E+01  0.678818E+01  0.000000E+00
0.187259E+01  0.706411E+01  0.000000E+00
0.193427E+01  0.732786E+01  0.000000E+00
0.199612E+01  0.758076E+01  0.000000E+00
0.205812E+01  0.782396E+01  0.000000E+00
0.212024E+01  0.805846E+01  0.000000E+00
0.218246E+01  0.828513E+01  0.000000E+00
0.224476E+01  0.850473E+01  0.000000E+00
0.230712E+01  0.871793E+01  0.000000E+00
0.236953E+01  0.892531E+01  0.000000E+00
0.243197E+01  0.912741E+01  0.000000E+00
0.249442E+01  0.932467E+01  0.000000E+00
0.255689E+01  0.951752E+01  0.000000E+00
0.261935E+01  0.970630E+01  0.000000E+00
0.268180E+01  0.989136E+01  0.000000E+00
0.274423E+01  0.100730E+02  0.000000E+00
0.280663E+01  0.102514E+02  0.000000E+00
0.286901E+01  0.104269E+02  0.000000E+00
0.293134E+01  0.105997E+02  0.000000E+00
0.299363E+01  0.107699E+02  0.000000E+00
0.305587E+01  0.109378E+02  0.000000E+00
0.311806E+01  0.111035E+02  0.000000E+00
0.318020E+01  0.112671E+02  0.000000E+00
0.324228E+01  0.114288E+02  0.000000E+00
0.330430E+01  0.115887E+02  0.000000E+00
0.336626E+01  0.117469E+02  0.000000E+00
0.342815E+01  0.119035E+02  0.000000E+00
0.348997E+01  0.120586E+02  0.000000E+00
0.355173E+01  0.122123E+02  0.000000E+00
0.361341E+01  0.123647E+02  0.000000E+00
0.367503E+01  0.125158E+02  0.000000E+00
0.373657E+01  0.126657E+02  0.000000E+00
0.379805E+01  0.128145E+02  0.000000E+00
0.385944E+01  0.129622E+02  0.000000E+00
0.392077E+01  0.131089E+02  0.000000E+00
0.398202E+01  0.132546E+02  0.000000E+00
0.404320E+01  0.133994E+02  0.000000E+00
0.410430E+01  0.135433E+02  0.000000E+00
0.416532E+01  0.136864E+02  0.000000E+00
0.422627E+01  0.138288E+02  0.000000E+00
0.428715E+01  0.139703E+02  0.000000E+00
0.434795E+01  0.141111E+02  0.000000E+00
0.440867E+01  0.142512E+02  0.000000E+00
0.446932E+01  0.143907E+02  0.000000E+00
0.452990E+01  0.145295E+02  0.000000E+00
0.459039E+01  0.146677E+02  0.000000E+00
0.465082E+01  0.148054E+02  0.000000E+00
0.471117E+01  0.149424E+02  0.000000E+00
0.477145E+01  0.150790E+02  0.000000E+00
0.483165E+01  0.152150E+02  0.000000E+00
0.489178E+01  0.153505E+02  0.000000E+00
0.495183E+01  0.154855E+02  0.000000E+00
0.501181E+01  0.156201E+02  0.000000E+00
0.507172E+01  0.157542E+02  0.000000E+00
0.513156E+01  0.158879E+02  0.000000E+00
0.519133E+01  0.160212E+02  0.000000E+00
0.525102E+01  0.161541E+02  0.000000E+00
0.531064E+01  0.162866E+02  0.000000E+00
0.537019E+01  0.164187E+02  0.000000E+00
0.542968E+01  0.165505E+02  0.000000E+00
0.548909E+01  0.166819E+02  0.000000E+00
0.554843E+01  0.168130E+02  0.000000E+00
0.560771E+01  0.169437E+02  0.000000E+00
0.566691E+01  0.170742E+02  0.000000E+00
0.572605E+01  0.172043E+02  0.000000E+00
0.578512E+01  0.173342E+02  0.000000E+00
0.584412E+01  0.174637E+02  0.000000E+00
0.590306E+01  0.175930E+02  0.000000E+00
0.596193E+01  0.177220E+02  0.000000E+00
0.602073E+01  0.178508E+02  0.000000E+00
0.607947E+01  0.179793E+02  0.000000E+00
0.613814E+01  0.181075E+02  0.000000E+00
0.619675E+01  0.182355E+02  0.000000E+00
0.625530E+01  0.183633E+02  0.000000E+00
0.631378E+01  0.184909E+02  0.000000E+00
0.637220E+01  0.186182E+02  0.000000E+00
0.643055E+01  0.187453E+02  0.000000E+00
0.648884E+01  0.188723E+02  0.000000E+00
0.654708E+01  0.189990E+02  0.000000E+00
0.660524E+01  0.191255E+02  0.000000E+00
0.666335E+01  0.192519E+02  0.000000E+00
0.672140E+01  0.193780E+02  0.000000E+00
0.677939E+01  0.195040E+02  0.000000E+00
0.683732E+01  0.196298E+02  0.000000E+00
0.689518E+01  0.197554E+02  0.000000E+00
0.695299E+01  0.198808E+02  0.000000E+00
0.701074E+01  0.200061E+02  0.000000E+00
