0.105179E+01  0.128536E+00  0.252713E+03
0.110114E+01  0.280623E+00  0.000000E+00
0.114769E+01  0.477135E+00  0.000000E+00
0.119222E+01  0.735665E+00  0.000000E+00
0.123557E+01  0.107454E+01  0.000000E+00
0.127826E+01  0.151420E+01  0.000000E+00
0.132059E+01  0.207772E+01  0.000000E+00
0.136268E+01  0.279113E+01  0.000000E+00
0.140461E+01  0.368407E+01  0.000000E+00
0.144639E+01  0.479041E+01  0.000000E+00
0.148805E+01  0.614897E+01  0.000000E+00
0.152959E+01  0.780399E+01  0.000000E+00
0.157102E+01  0.980637E+01  0.000000E+00
0.161235E+01  0.122139E+02  0.000000E+00
0.165358E+01  0.150925E+02  0.000000E+00
0.169473E+01  0.185169E+02  0.000000E+00
0.173579E+01  0.225715E+02  0.000000E+00
0.177679E+01  0.273518E+02  0.000000E+00
0.181773E+01  0.329651E+02  0.000000E+00
0.185861E+01  0.395318E+02  0.000000E+00
0.189944E+01  0.471868E+02  0.000000E+00
0.194024E+01  0.560804E+02  0.000000E+00
0.198100E+01  0.663806E+02  0.000000E+00
0.202172E+01  0.782738E+02  0.000000E+00
0.206243E+01  0.919666E+02  0.000000E+00
0.210311E+01  0.107688E+03  0.000000E+00
0.214377E+01  0.125691E+03  0.000000E+00
0.218442E+01  0.146253E+03  0.000000E+00
0.222505E+01  0.169683E+03  0.000000E+00
0.226567E+01  0.196317E+03  0.000000E+00
0.230627E+01  0.226505E+03  0.000000E+00
0.234687E+01  0.260673E+03  0.000000E+00
0.238746E+01  0.299256E+03  0.000000E+00
0.242804E+01  0.342734E+03  0.000000E+00
0.246862E+01  0.391632E+03  0.000000E+00
0.250919E+01  0.446519E+03  0.000000E+00
0.254976E+01  0.508009E+03  0.000000E+00
0.259032E+01  0.576773E+03  0.000000E+00
0.263088E+01  0.653540E+03  0.000000E+00
0.267143E+01  0.739094E+03  0.000000E+00
