0.105288E+01  0.851271E+00  0.137779E+02
0.110697E+01  0.159953E+01  0.777145E+02
0.116203E+01  0.226744E+01  0.000000E+00
0.121779E+01  0.287414E+01  0.000000E+00
0.127395E+01  0.343567E+01  0.000000E+00
0.133023E+01  0.396548E+01  0.000000E+00
0.138636E+01  0.447466E+01  0.000000E+00
0.144211E+01  0.497231E+01  0.000000E+00
0.149728E+01  0.546582E+01  0.000000E+00
0.155174E+01  0.596109E+01  0.000000E+00
0.160539E+01  0.646286E+01  0.000000E+00
0.165815E+01  0.697493E+01  0.000000E+00
0.171000E+01  0.750027E+01  0.000000E+00
0.176093E+01  0.804131E+01  0.000000E+00
0.181095E+01  0.860002E+01  0.000000E+00
0.186008E+01  0.917802E+01  0.000000E+00
0.190837E+01  0.977670E+01  0.000000E+00
0.195584E+01  0.103973E+02  0.000000E+00
0.200255E+01  0.110408E+02  0.000000E+00
0.204854E+01  0.117084E+02  0.000000E+00
0.209388E+01  0.124010E+02  0.000000E+00
0.213861E+01  0.131198E+02  0.000000E+00
0.218280E+01  0.138657E+02  0.000000E+00
0.222648E+01  0.146400E+02  0.000000E+00
0.226973E+01  0.154437E+02  0.000000E+00
0.231259E+01  0.162782E+02  0.000000E+00
0.235511E+01  0.171447E+02  0.000000E+00
0.239734E+01  0.180447E+02  0.000000E+00
0.243932E+01  0.189797E+02  0.000000E+00
0.248111E+01  0.199510E+02  0.000000E+00
0.252272E+01  0.209603E+02  0.000000E+00
0.256421E+01  0.220092E+02  0.000000E+00
0.260560E+01  0.230991E+02  0.000000E+00
0.264691E+01  0.242317E+02  0.000000E+00
0.268818E+01  0.254085E+02  0.000000E+00
0.272941E+01  0.266312E+02  0.000000E+00
0.277063E+01  0.279013E+02  0.000000E+00
0.281184E+01  0.292202E+02  0.000000E+00
0.285307E+01  0.305896E+02  0.000000E+00
0.289431E+01  0.320110E+02  0.000000E+00
0.293558E+01  0.334858E+02  0.000000E+00
0.297688E+01  0.350155E+02  0.000000E+00
0.301822E+01  0.366017E+02  0.000000E+00
0.305960E+01  0.382456E+02  0.000000E+00
0.310101E+01  0.399489E+02  0.000000E+00
0.314247E+01  0.417129E+02  0.000000E+00
0.318398E+01  0.435390E+02  0.000000E+00
0.322552E+01  0.454288E+02  0.000000E+00
0.326711E+01  0.473836E+02  0.000000E+00
0.330875E+01  0.494048E+02  0.000000E+00
0.335043E+01  0.514939E+02  0.000000E+00
0.339215E+01  0.536523E+02  0.000000E+00
0.343391E+01  0.558814E+02  0.000000E+00
0.347571E+01  0.581826E+02  0.000000E+00
0.351755E+01  0.605574E+02  0.000000E+00
0.355943E+01  0.630071E+02  0.000000E+00
0.360134E+01  0.655332E+02  0.000000E+00
0.364329E+01  0.681372E+02  0.000000E+00
0.368528E+01  0.708205E+02  0.000000E+00
0.372730E+01  0.735845E+02  0.000000E+00
0.376935E+01  0.764306E+02  0.000000E+00
0.381143E+01  0.793604E+02  0.000000E+00
0.385354E+01  0.823752E+02  0.000000E+00
0.389567E+01  0.854766E+02  0.000000E+00
0.393784E+01  0.886660E+02  0.000000E+00
0.398003E+01  0.919448E+02  0.000000E+00
0.402224E+01  0.953146E+02  0.000000E+00
0.406448E+01  0.987769E+02  0.000000E+00
0.410675E+01  0.102333E+03  0.000000E+00
0.414903E+01  0.105985E+03  0.000000E+00
0.419134E+01  0.109733E+03  0.000000E+00
0.423367E+01  0.113580E+03  0.000000E+00
0.427602E+01  0.117527E+03  0.000000E+00
0.431838E+01  0.121576E+03  0.000000E+00
0.436077E+01  0.125727E+03  0.000000E+00
0.440317E+01  0.129983E+03  0.000000E+00
0.444559E+01  0.134346E+03  0.000000E+00
0.448803E+01  0.138816E+03  0.000000E+00
0.453048E+01  0.143395E+03  0.000000E+00
0.457295E+01  0.148085E+03  0.000000E+00
0.461543E+01  0.152887E+03  0.000000E+00
0.465793E+01  0.157803E+03  0.000000E+00
0.470044E+01  0.162835E+03  0.000000E+00
0.474296E+01  0.167984E+03  0.000000E+00
0.478546E+01  0.173248E+03  0.000000E+00
0.482795E+01  0.178628E+03  0.000000E+00
0.487045E+01  0.184129E+03  0.000000E+00
0.491296E+01  0.189754E+03  0.000000E+00
0.495548E+01  0.195503E+03  0.000000E+00
0.499800E+01  0.201378E+03  0.000000E+00
0.504053E+01  0.207380E+03  0.000000E+00
0.508307E+01  0.213512E+03  0.000000E+00
0.512562E+01  0.219775E+03  0.000000E+00
0.516818E+01  0.226171E+03  0.000000E+00
0.521074E+01  0.232701E+03  0.000000E+00
0.525331E+01  0.239367E+03  0.000000E+00
0.529589E+01  0.246171E+03  0.000000E+00
0.533848E+01  0.253115E+03  0.000000E+00
0.538108E+01  0.260200E+03  0.000000E+00
0.542369E+01  0.267429E+03  0.000000E+00
