0.105233E+01  0.656694E+00  0.334329E+03
0.110398E+01  0.132619E+01  0.000000E+00
0.115411E+01  0.205742E+01  0.000000E+00
0.120245E+01  0.288790E+01  0.000000E+00
0.124907E+01  0.384959E+01  0.000000E+00
0.129423E+01  0.497339E+01  0.000000E+00
0.133823E+01  0.629197E+01  0.000000E+00
0.138134E+01  0.784145E+01  0.000000E+00
0.142378E+01  0.966235E+01  0.000000E+00
0.146574E+01  0.118001E+02  0.000000E+00
0.150736E+01  0.143057E+02  0.000000E+00
0.154873E+01  0.172356E+02  0.000000E+00
0.158992E+01  0.206530E+02  0.000000E+00
0.163099E+01  0.246279E+02  0.000000E+00
0.167196E+01  0.292379E+02  0.000000E+00
0.171287E+01  0.345689E+02  0.000000E+00
0.175373E+01  0.407155E+02  0.000000E+00
0.179455E+01  0.477824E+02  0.000000E+00
0.183536E+01  0.558844E+02  0.000000E+00
0.187614E+01  0.651477E+02  0.000000E+00
0.191692E+01  0.757108E+02  0.000000E+00
0.195769E+01  0.877243E+02  0.000000E+00
0.199846E+01  0.101354E+03  0.000000E+00
0.203922E+01  0.116780E+03  0.000000E+00
0.207999E+01  0.134197E+03  0.000000E+00
0.212076E+01  0.153818E+03  0.000000E+00
0.216153E+01  0.175875E+03  0.000000E+00
0.220231E+01  0.200617E+03  0.000000E+00
0.224309E+01  0.228313E+03  0.000000E+00
0.228387E+01  0.259255E+03  0.000000E+00
