0.105334E+01  0.118870E+01  0.129384E+02
0.110853E+01  0.215476E+01  0.313657E+02
0.116494E+01  0.297430E+01  0.000000E+00
0.122198E+01  0.369909E+01  0.000000E+00
0.127916E+01  0.436372E+01  0.000000E+00
0.133616E+01  0.499106E+01  0.000000E+00
0.139274E+01  0.559622E+01  0.000000E+00
0.144878E+01  0.618928E+01  0.000000E+00
0.150421E+01  0.677705E+01  0.000000E+00
0.155900E+01  0.736422E+01  0.000000E+00
0.161316E+01  0.795409E+01  0.000000E+00
0.166669E+01  0.854910E+01  0.000000E+00
0.171962E+01  0.915097E+01  0.000000E+00
0.177197E+01  0.976106E+01  0.000000E+00
0.182378E+01  0.103804E+02  0.000000E+00
0.187508E+01  0.110099E+02  0.000000E+00
0.192590E+01  0.116502E+02  0.000000E+00
0.197627E+01  0.123020E+02  0.000000E+00
0.202623E+01  0.129656E+02  0.000000E+00
0.207580E+01  0.136417E+02  0.000000E+00
0.212501E+01  0.143306E+02  0.000000E+00
0.217389E+01  0.150328E+02  0.000000E+00
0.222246E+01  0.157485E+02  0.000000E+00
0.227076E+01  0.164782E+02  0.000000E+00
0.231879E+01  0.172221E+02  0.000000E+00
0.236659E+01  0.179806E+02  0.000000E+00
0.241417E+01  0.187539E+02  0.000000E+00
0.246155E+01  0.195424E+02  0.000000E+00
0.250875E+01  0.203464E+02  0.000000E+00
0.255577E+01  0.211660E+02  0.000000E+00
0.260265E+01  0.220016E+02  0.000000E+00
0.264938E+01  0.228534E+02  0.000000E+00
0.269599E+01  0.237216E+02  0.000000E+00
0.274247E+01  0.246064E+02  0.000000E+00
0.278885E+01  0.255082E+02  0.000000E+00
0.283513E+01  0.264270E+02  0.000000E+00
0.288132E+01  0.273630E+02  0.000000E+00
0.292742E+01  0.283166E+02  0.000000E+00
0.297345E+01  0.292878E+02  0.000000E+00
0.301940E+01  0.302769E+02  0.000000E+00
0.306529E+01  0.312840E+02  0.000000E+00
0.311112E+01  0.323092E+02  0.000000E+00
0.315689E+01  0.333529E+02  0.000000E+00
0.320261E+01  0.344150E+02  0.000000E+00
0.324829E+01  0.354958E+02  0.000000E+00
0.329392E+01  0.365954E+02  0.000000E+00
0.333951E+01  0.377141E+02  0.000000E+00
0.338506E+01  0.388518E+02  0.000000E+00
0.343058E+01  0.400088E+02  0.000000E+00
0.347607E+01  0.411851E+02  0.000000E+00
0.352152E+01  0.423810E+02  0.000000E+00
0.356695E+01  0.435966E+02  0.000000E+00
0.361235E+01  0.448319E+02  0.000000E+00
0.365773E+01  0.460872E+02  0.000000E+00
0.370309E+01  0.473625E+02  0.000000E+00
0.374842E+01  0.486580E+02  0.000000E+00
0.379374E+01  0.499738E+02  0.000000E+00
0.383904E+01  0.513099E+02  0.000000E+00
0.388432E+01  0.526666E+02  0.000000E+00
0.392959E+01  0.540439E+02  0.000000E+00
0.397484E+01  0.554420E+02  0.000000E+00
0.402008E+01  0.568609E+02  0.000000E+00
0.406530E+01  0.583008E+02  0.000000E+00
0.411051E+01  0.597618E+02  0.000000E+00
0.415572E+01  0.612439E+02  0.000000E+00
0.420091E+01  0.627474E+02  0.000000E+00
0.424609E+01  0.642722E+02  0.000000E+00
0.429127E+01  0.658186E+02  0.000000E+00
0.433643E+01  0.673865E+02  0.000000E+00
0.438159E+01  0.689761E+02  0.000000E+00
0.442674E+01  0.705876E+02  0.000000E+00
0.447188E+01  0.722209E+02  0.000000E+00
0.451702E+01  0.738762E+02  0.000000E+00
0.456215E+01  0.755537E+02  0.000000E+00
0.460727E+01  0.772533E+02  0.000000E+00
0.465239E+01  0.789752E+02  0.000000E+00
0.469751E+01  0.807194E+02  0.000000E+00
0.474262E+01  0.824862E+02  0.000000E+00
0.478773E+01  0.842755E+02  0.000000E+00
0.483283E+01  0.860874E+02  0.000000E+00
0.487793E+01  0.879221E+02  0.000000E+00
0.492302E+01  0.897797E+02  0.000000E+00
0.496811E+01  0.916601E+02  0.000000E+00
0.501320E+01  0.935636E+02  0.000000E+00
0.505828E+01  0.954902E+02  0.000000E+00
0.510337E+01  0.974400E+02  0.000000E+00
0.514845E+01  0.994130E+02  0.000000E+00
0.519352E+01  0.101409E+03  0.000000E+00
0.523860E+01  0.103429E+03  0.000000E+00
0.528367E+01  0.105473E+03  0.000000E+00
0.532874E+01  0.107540E+03  0.000000E+00
0.537381E+01  0.109630E+03  0.000000E+00
0.541888E+01  0.111745E+03  0.000000E+00
0.546395E+01  0.113883E+03  0.000000E+00
0.550901E+01  0.116046E+03  0.000000E+00
0.555408E+01  0.118232E+03  0.000000E+00
0.559914E+01  0.120443E+03  0.000000E+00
0.564420E+01  0.122677E+03  0.000000E+00
0.568926E+01  0.124936E+03  0.000000E+00
0.573432E+01  0.127219E+03  0.000000E+00
