0.105278E+01  0.127790E+01  0.162045E+03
0.110616E+01  0.244554E+01  0.599152E+04
0.115937E+01  0.356834E+01  0.000000E+00
0.121179E+01  0.469723E+01  0.000000E+00
0.126298E+01  0.587216E+01  0.000000E+00
0.131272E+01  0.712506E+01  0.000000E+00
0.136094E+01  0.848249E+01  0.000000E+00
0.140769E+01  0.996795E+01  0.000000E+00
0.145309E+01  0.116037E+02  0.000000E+00
0.149731E+01  0.134123E+02  0.000000E+00
0.154052E+01  0.154174E+02  0.000000E+00
0.158292E+01  0.176455E+02  0.000000E+00
0.162466E+01  0.201247E+02  0.000000E+00
0.166591E+01  0.228868E+02  0.000000E+00
0.170679E+01  0.259661E+02  0.000000E+00
0.174742E+01  0.294003E+02  0.000000E+00
0.178786E+01  0.332298E+02  0.000000E+00
0.182820E+01  0.374983E+02  0.000000E+00
0.186848E+01  0.422525E+02  0.000000E+00
0.190873E+01  0.475424E+02  0.000000E+00
0.194898E+01  0.534214E+02  0.000000E+00
0.198925E+01  0.599463E+02  0.000000E+00
0.202954E+01  0.671781E+02  0.000000E+00
0.206987E+01  0.751814E+02  0.000000E+00
0.211024E+01  0.840252E+02  0.000000E+00
0.215065E+01  0.937827E+02  0.000000E+00
0.219110E+01  0.104532E+03  0.000000E+00
0.223159E+01  0.116355E+03  0.000000E+00
0.227212E+01  0.129340E+03  0.000000E+00
0.231270E+01  0.143580E+03  0.000000E+00
0.235331E+01  0.159174E+03  0.000000E+00
0.239395E+01  0.176225E+03  0.000000E+00
0.243463E+01  0.194844E+03  0.000000E+00
0.247534E+01  0.215148E+03  0.000000E+00
0.251608E+01  0.237259E+03  0.000000E+00
0.255684E+01  0.261306E+03  0.000000E+00
0.259763E+01  0.287427E+03  0.000000E+00
0.263845E+01  0.315765E+03  0.000000E+00
0.267929E+01  0.346472E+03  0.000000E+00
0.272015E+01  0.379706E+03  0.000000E+00
0.276102E+01  0.415634E+03  0.000000E+00
0.280192E+01  0.454432E+03  0.000000E+00
0.284284E+01  0.496283E+03  0.000000E+00
0.288377E+01  0.541380E+03  0.000000E+00
0.292471E+01  0.589925E+03  0.000000E+00
0.296567E+01  0.642129E+03  0.000000E+00
0.300664E+01  0.698213E+03  0.000000E+00
0.304761E+01  0.758385E+03  0.000000E+00
0.308859E+01  0.822900E+03  0.000000E+00
0.312959E+01  0.892026E+03  0.000000E+00
0.317059E+01  0.966018E+03  0.000000E+00
0.321161E+01  0.104515E+04  0.000000E+00
0.325263E+01  0.112970E+04  0.000000E+00
0.329366E+01  0.121998E+04  0.000000E+00
0.333471E+01  0.131628E+04  0.000000E+00
0.337575E+01  0.141895E+04  0.000000E+00
0.341681E+01  0.152830E+04  0.000000E+00
0.345787E+01  0.164469E+04  0.000000E+00
0.349894E+01  0.176848E+04  0.000000E+00
0.354001E+01  0.190004E+04  0.000000E+00
0.358109E+01  0.203978E+04  0.000000E+00
0.362218E+01  0.218809E+04  0.000000E+00
0.366327E+01  0.234539E+04  0.000000E+00
0.370436E+01  0.251212E+04  0.000000E+00
0.374546E+01  0.268873E+04  0.000000E+00
0.378656E+01  0.287570E+04  0.000000E+00
0.382766E+01  0.307350E+04  0.000000E+00
0.386877E+01  0.328264E+04  0.000000E+00
0.390988E+01  0.350364E+04  0.000000E+00
0.395099E+01  0.373704E+04  0.000000E+00
0.399211E+01  0.398339E+04  0.000000E+00
0.403323E+01  0.424328E+04  0.000000E+00
0.407435E+01  0.451729E+04  0.000000E+00
0.411548E+01  0.480604E+04  0.000000E+00
0.415661E+01  0.511016E+04  0.000000E+00
0.419774E+01  0.543031E+04  0.000000E+00
0.423887E+01  0.576717E+04  0.000000E+00
0.428000E+01  0.612144E+04  0.000000E+00
0.432114E+01  0.649382E+04  0.000000E+00
0.436228E+01  0.688508E+04  0.000000E+00
0.440341E+01  0.729596E+04  0.000000E+00
0.444456E+01  0.772726E+04  0.000000E+00
0.448570E+01  0.817980E+04  0.000000E+00
0.452684E+01  0.865440E+04  0.000000E+00
0.456799E+01  0.915194E+04  0.000000E+00
0.460913E+01  0.967329E+04  0.000000E+00
0.465028E+01  0.102194E+05  0.000000E+00
0.469143E+01  0.107911E+05  0.000000E+00
0.473258E+01  0.113895E+05  0.000000E+00
0.477373E+01  0.120156E+05  0.000000E+00
0.481488E+01  0.126702E+05  0.000000E+00
0.485603E+01  0.133546E+05  0.000000E+00
0.489719E+01  0.140698E+05  0.000000E+00
0.493834E+01  0.148169E+05  0.000000E+00
0.497950E+01  0.155970E+05  0.000000E+00
0.502066E+01  0.164113E+05  0.000000E+00
0.506181E+01  0.172610E+05  0.000000E+00
0.510297E+01  0.181474E+05  0.000000E+00
0.514413E+01  0.190717E+05  0.000000E+00
0.518529E+01  0.200351E+05  0.000000E+00
