0.105213E+01  0.466329E+00  0.163995E+02
0.110406E+01  0.942216E+00  0.413428E+02
0.115575E+01  0.142936E+01  0.000000E+00
0.120720E+01  0.192879E+01  0.000000E+00
0.125839E+01  0.244126E+01  0.000000E+00
0.130932E+01  0.296747E+01  0.000000E+00
0.135997E+01  0.350809E+01  0.000000E+00
0.141037E+01  0.406397E+01  0.000000E+00
0.146054E+01  0.463619E+01  0.000000E+00
0.151050E+01  0.522595E+01  0.000000E+00
0.156029E+01  0.583406E+01  0.000000E+00
0.160987E+01  0.646085E+01  0.000000E+00
0.165923E+01  0.710623E+01  0.000000E+00
0.170834E+01  0.777026E+01  0.000000E+00
0.175718E+01  0.845316E+01  0.000000E+00
0.180577E+01  0.915528E+01  0.000000E+00
0.185413E+01  0.987706E+01  0.000000E+00
0.190227E+01  0.106190E+02  0.000000E+00
0.195022E+01  0.113816E+02  0.000000E+00
0.199801E+01  0.121653E+02  0.000000E+00
0.204566E+01  0.129706E+02  0.000000E+00
0.209318E+01  0.137980E+02  0.000000E+00
0.214059E+01  0.146478E+02  0.000000E+00
0.218790E+01  0.155204E+02  0.000000E+00
0.223512E+01  0.164161E+02  0.000000E+00
0.228226E+01  0.173352E+02  0.000000E+00
0.232932E+01  0.182779E+02  0.000000E+00
0.237631E+01  0.192445E+02  0.000000E+00
0.242323E+01  0.202352E+02  0.000000E+00
0.247008E+01  0.212502E+02  0.000000E+00
0.251686E+01  0.222896E+02  0.000000E+00
0.256359E+01  0.233535E+02  0.000000E+00
0.261026E+01  0.244423E+02  0.000000E+00
0.265687E+01  0.255560E+02  0.000000E+00
0.270343E+01  0.266947E+02  0.000000E+00
0.274994E+01  0.278586E+02  0.000000E+00
0.279640E+01  0.290478E+02  0.000000E+00
0.284281E+01  0.302625E+02  0.000000E+00
0.288917E+01  0.315028E+02  0.000000E+00
0.293549E+01  0.327688E+02  0.000000E+00
0.298177E+01  0.340607E+02  0.000000E+00
0.302801E+01  0.353785E+02  0.000000E+00
0.307421E+01  0.367225E+02  0.000000E+00
0.312037E+01  0.380927E+02  0.000000E+00
0.316650E+01  0.394893E+02  0.000000E+00
0.321260E+01  0.409123E+02  0.000000E+00
0.325867E+01  0.423620E+02  0.000000E+00
0.330471E+01  0.438384E+02  0.000000E+00
0.335071E+01  0.453417E+02  0.000000E+00
0.339670E+01  0.468719E+02  0.000000E+00
0.344266E+01  0.484293E+02  0.000000E+00
0.348859E+01  0.500138E+02  0.000000E+00
0.353450E+01  0.516256E+02  0.000000E+00
0.358039E+01  0.532649E+02  0.000000E+00
0.362626E+01  0.549317E+02  0.000000E+00
0.367211E+01  0.566262E+02  0.000000E+00
0.371794E+01  0.583484E+02  0.000000E+00
0.376375E+01  0.600985E+02  0.000000E+00
0.380955E+01  0.618765E+02  0.000000E+00
0.385533E+01  0.636826E+02  0.000000E+00
0.390110E+01  0.655169E+02  0.000000E+00
0.394685E+01  0.673795E+02  0.000000E+00
0.399259E+01  0.692704E+02  0.000000E+00
0.403831E+01  0.711898E+02  0.000000E+00
0.408403E+01  0.731378E+02  0.000000E+00
0.412973E+01  0.751145E+02  0.000000E+00
0.417542E+01  0.771199E+02  0.000000E+00
0.422110E+01  0.791541E+02  0.000000E+00
0.426676E+01  0.812173E+02  0.000000E+00
0.431242E+01  0.833096E+02  0.000000E+00
0.435807E+01  0.854310E+02  0.000000E+00
0.440371E+01  0.875816E+02  0.000000E+00
0.444935E+01  0.897615E+02  0.000000E+00
0.449497E+01  0.919708E+02  0.000000E+00
0.454058E+01  0.942095E+02  0.000000E+00
0.458618E+01  0.964775E+02  0.000000E+00
0.463177E+01  0.987754E+02  0.000000E+00
0.467736E+01  0.101102E+03  0.000000E+00
0.472293E+01  0.103458E+03  0.000000E+00
0.476849E+01  0.105845E+03  0.000000E+00
0.481405E+01  0.108262E+03  0.000000E+00
0.485961E+01  0.110708E+03  0.000000E+00
0.490516E+01  0.113185E+03  0.000000E+00
0.495071E+01  0.115693E+03  0.000000E+00
0.499625E+01  0.118230E+03  0.000000E+00
0.504179E+01  0.120798E+03  0.000000E+00
0.508733E+01  0.123396E+03  0.000000E+00
0.513286E+01  0.126025E+03  0.000000E+00
0.517839E+01  0.128685E+03  0.000000E+00
0.522391E+01  0.131375E+03  0.000000E+00
0.526943E+01  0.134096E+03  0.000000E+00
0.531495E+01  0.136848E+03  0.000000E+00
0.536046E+01  0.139631E+03  0.000000E+00
0.540597E+01  0.142445E+03  0.000000E+00
0.545147E+01  0.145290E+03  0.000000E+00
0.549698E+01  0.148166E+03  0.000000E+00
0.554248E+01  0.151073E+03  0.000000E+00
0.558797E+01  0.154011E+03  0.000000E+00
0.563347E+01  0.156981E+03  0.000000E+00
0.567896E+01  0.159982E+03  0.000000E+00
