0.105314E+01  0.128912E+01  0.103628E+03
0.110770E+01  0.237982E+01  0.551359E+04
0.116290E+01  0.334976E+01  0.000000E+00
0.121793E+01  0.425875E+01  0.000000E+00
0.127209E+01  0.515232E+01  0.000000E+00
0.132488E+01  0.606485E+01  0.000000E+00
0.137599E+01  0.702239E+01  0.000000E+00
0.142531E+01  0.804521E+01  0.000000E+00
0.147283E+01  0.914990E+01  0.000000E+00
0.151864E+01  0.103511E+02  0.000000E+00
0.156290E+01  0.116626E+02  0.000000E+00
0.160580E+01  0.130995E+02  0.000000E+00
0.164754E+01  0.146774E+02  0.000000E+00
0.168833E+01  0.164147E+02  0.000000E+00
0.172838E+01  0.183324E+02  0.000000E+00
0.176788E+01  0.204542E+02  0.000000E+00
0.180699E+01  0.228071E+02  0.000000E+00
0.184586E+01  0.254207E+02  0.000000E+00
0.188458E+01  0.283280E+02  0.000000E+00
0.192325E+01  0.315645E+02  0.000000E+00
0.196193E+01  0.351690E+02  0.000000E+00
0.200066E+01  0.391828E+02  0.000000E+00
0.203948E+01  0.436508E+02  0.000000E+00
0.207839E+01  0.486210E+02  0.000000E+00
0.211741E+01  0.541449E+02  0.000000E+00
0.215654E+01  0.602777E+02  0.000000E+00
0.219579E+01  0.670789E+02  0.000000E+00
0.223514E+01  0.746118E+02  0.000000E+00
0.227459E+01  0.829447E+02  0.000000E+00
0.231414E+01  0.921502E+02  0.000000E+00
0.235378E+01  0.102306E+03  0.000000E+00
0.239351E+01  0.113495E+03  0.000000E+00
0.243331E+01  0.125807E+03  0.000000E+00
0.247319E+01  0.139335E+03  0.000000E+00
0.251313E+01  0.154181E+03  0.000000E+00
0.255314E+01  0.170452E+03  0.000000E+00
0.259320E+01  0.188262E+03  0.000000E+00
0.263332E+01  0.207731E+03  0.000000E+00
0.267348E+01  0.228990E+03  0.000000E+00
0.271369E+01  0.252175E+03  0.000000E+00
0.275395E+01  0.277430E+03  0.000000E+00
0.279424E+01  0.304908E+03  0.000000E+00
0.283457E+01  0.334772E+03  0.000000E+00
0.287493E+01  0.367194E+03  0.000000E+00
0.291532E+01  0.402353E+03  0.000000E+00
0.295575E+01  0.440442E+03  0.000000E+00
0.299620E+01  0.481662E+03  0.000000E+00
0.303668E+01  0.526225E+03  0.000000E+00
0.307718E+01  0.574355E+03  0.000000E+00
0.311771E+01  0.626288E+03  0.000000E+00
0.315825E+01  0.682265E+03  0.000000E+00
0.319880E+01  0.742530E+03  0.000000E+00
0.323937E+01  0.807416E+03  0.000000E+00
0.327997E+01  0.877117E+03  0.000000E+00
0.332058E+01  0.951990E+03  0.000000E+00
0.336121E+01  0.103236E+04  0.000000E+00
0.340185E+01  0.111855E+04  0.000000E+00
0.344251E+01  0.121090E+04  0.000000E+00
0.348318E+01  0.130976E+04  0.000000E+00
0.352386E+01  0.141553E+04  0.000000E+00
0.356456E+01  0.152860E+04  0.000000E+00
0.360527E+01  0.164937E+04  0.000000E+00
0.364598E+01  0.177828E+04  0.000000E+00
0.368671E+01  0.191578E+04  0.000000E+00
0.372745E+01  0.206234E+04  0.000000E+00
0.376820E+01  0.221845E+04  0.000000E+00
0.380895E+01  0.238462E+04  0.000000E+00
0.384972E+01  0.256138E+04  0.000000E+00
0.389049E+01  0.274930E+04  0.000000E+00
0.393127E+01  0.294894E+04  0.000000E+00
0.397205E+01  0.316091E+04  0.000000E+00
0.401285E+01  0.338582E+04  0.000000E+00
0.405365E+01  0.362434E+04  0.000000E+00
0.409445E+01  0.387714E+04  0.000000E+00
0.413526E+01  0.414491E+04  0.000000E+00
0.417608E+01  0.442838E+04  0.000000E+00
0.421690E+01  0.472832E+04  0.000000E+00
0.425773E+01  0.504550E+04  0.000000E+00
0.429857E+01  0.538075E+04  0.000000E+00
0.433940E+01  0.573489E+04  0.000000E+00
0.438024E+01  0.610881E+04  0.000000E+00
0.442109E+01  0.650342E+04  0.000000E+00
0.446194E+01  0.691964E+04  0.000000E+00
0.450279E+01  0.735846E+04  0.000000E+00
0.454365E+01  0.782089E+04  0.000000E+00
0.458451E+01  0.830795E+04  0.000000E+00
0.462538E+01  0.882074E+04  0.000000E+00
0.466624E+01  0.936036E+04  0.000000E+00
0.470712E+01  0.992797E+04  0.000000E+00
0.474799E+01  0.105248E+05  0.000000E+00
