0.105109E+01  0.293531E+00  0.288202E+03
0.109993E+01  0.669494E+00  0.144208E+05
0.114701E+01  0.115031E+01  0.000000E+00
0.119289E+01  0.175727E+01  0.000000E+00
0.123791E+01  0.251298E+01  0.000000E+00
0.128226E+01  0.344155E+01  0.000000E+00
0.132607E+01  0.457013E+01  0.000000E+00
0.136949E+01  0.592968E+01  0.000000E+00
0.141258E+01  0.755504E+01  0.000000E+00
0.145542E+01  0.948506E+01  0.000000E+00
0.149804E+01  0.117631E+02  0.000000E+00
0.154048E+01  0.144366E+02  0.000000E+00
0.158276E+01  0.175591E+02  0.000000E+00
0.162490E+01  0.211890E+02  0.000000E+00
0.166693E+01  0.253908E+02  0.000000E+00
0.170885E+01  0.302352E+02  0.000000E+00
0.175069E+01  0.358000E+02  0.000000E+00
0.179245E+01  0.421702E+02  0.000000E+00
0.183414E+01  0.494383E+02  0.000000E+00
0.187578E+01  0.577055E+02  0.000000E+00
0.191736E+01  0.670814E+02  0.000000E+00
0.195890E+01  0.776849E+02  0.000000E+00
0.200040E+01  0.896453E+02  0.000000E+00
0.204187E+01  0.103102E+03  0.000000E+00
0.208330E+01  0.118205E+03  0.000000E+00
0.212471E+01  0.135118E+03  0.000000E+00
0.216609E+01  0.154014E+03  0.000000E+00
0.220745E+01  0.175082E+03  0.000000E+00
0.224879E+01  0.198522E+03  0.000000E+00
0.229011E+01  0.224553E+03  0.000000E+00
0.233141E+01  0.253404E+03  0.000000E+00
0.237270E+01  0.285322E+03  0.000000E+00
0.241397E+01  0.320574E+03  0.000000E+00
0.245523E+01  0.359439E+03  0.000000E+00
0.249648E+01  0.402220E+03  0.000000E+00
0.253772E+01  0.449235E+03  0.000000E+00
0.257895E+01  0.500826E+03  0.000000E+00
0.262017E+01  0.557353E+03  0.000000E+00
0.266138E+01  0.619201E+03  0.000000E+00
0.270259E+01  0.686777E+03  0.000000E+00
0.274378E+01  0.760511E+03  0.000000E+00
0.278497E+01  0.840860E+03  0.000000E+00
0.282615E+01  0.928308E+03  0.000000E+00
0.286733E+01  0.102336E+04  0.000000E+00
0.290850E+01  0.112657E+04  0.000000E+00
0.294966E+01  0.123848E+04  0.000000E+00
0.299082E+01  0.135972E+04  0.000000E+00
0.303197E+01  0.149090E+04  0.000000E+00
0.307312E+01  0.163269E+04  0.000000E+00
0.311426E+01  0.178579E+04  0.000000E+00
0.315540E+01  0.195094E+04  0.000000E+00
0.319653E+01  0.212891E+04  0.000000E+00
0.323766E+01  0.232051E+04  0.000000E+00
0.327879E+01  0.252660E+04  0.000000E+00
0.331991E+01  0.274806E+04  0.000000E+00
0.336103E+01  0.298585E+04  0.000000E+00
0.340215E+01  0.324093E+04  0.000000E+00
0.344326E+01  0.351433E+04  0.000000E+00
0.348437E+01  0.380714E+04  0.000000E+00
0.352548E+01  0.412047E+04  0.000000E+00
0.356659E+01  0.445551E+04  0.000000E+00
0.360769E+01  0.481347E+04  0.000000E+00
0.364879E+01  0.519564E+04  0.000000E+00
0.368989E+01  0.560337E+04  0.000000E+00
0.373099E+01  0.603804E+04  0.000000E+00
0.377208E+01  0.650111E+04  0.000000E+00
0.381317E+01  0.699410E+04  0.000000E+00
0.385426E+01  0.751859E+04  0.000000E+00
0.389535E+01  0.807623E+04  0.000000E+00
0.393644E+01  0.866873E+04  0.000000E+00
