0.105315E+01  0.104854E+01  0.732423E+01
0.110795E+01  0.192597E+01  0.109481E+02
0.116401E+01  0.267962E+01  0.000000E+00
0.122099E+01  0.334326E+01  0.000000E+00
0.127857E+01  0.394101E+01  0.000000E+00
0.133652E+01  0.449009E+01  0.000000E+00
0.139465E+01  0.500290E+01  0.000000E+00
0.145280E+01  0.548843E+01  0.000000E+00
0.151088E+01  0.595332E+01  0.000000E+00
0.156880E+01  0.640250E+01  0.000000E+00
0.162650E+01  0.683970E+01  0.000000E+00
0.168396E+01  0.726781E+01  0.000000E+00
0.174113E+01  0.768903E+01  0.000000E+00
0.179801E+01  0.810515E+01  0.000000E+00
0.185458E+01  0.851755E+01  0.000000E+00
0.191083E+01  0.892737E+01  0.000000E+00
0.196675E+01  0.933553E+01  0.000000E+00
0.202236E+01  0.974280E+01  0.000000E+00
0.207765E+01  0.101498E+02  0.000000E+00
0.213261E+01  0.105571E+02  0.000000E+00
0.218727E+01  0.109650E+02  0.000000E+00
0.224162E+01  0.113741E+02  0.000000E+00
0.229567E+01  0.117846E+02  0.000000E+00
0.234942E+01  0.121967E+02  0.000000E+00
0.240289E+01  0.126108E+02  0.000000E+00
0.245607E+01  0.130271E+02  0.000000E+00
0.250899E+01  0.134456E+02  0.000000E+00
0.256164E+01  0.138667E+02  0.000000E+00
0.261403E+01  0.142903E+02  0.000000E+00
0.266618E+01  0.147168E+02  0.000000E+00
0.271808E+01  0.151461E+02  0.000000E+00
0.276975E+01  0.155783E+02  0.000000E+00
0.282120E+01  0.160137E+02  0.000000E+00
0.287243E+01  0.164522E+02  0.000000E+00
0.292344E+01  0.168939E+02  0.000000E+00
0.297426E+01  0.173389E+02  0.000000E+00
0.302488E+01  0.177873E+02  0.000000E+00
0.307531E+01  0.182391E+02  0.000000E+00
0.312556E+01  0.186945E+02  0.000000E+00
0.317563E+01  0.191533E+02  0.000000E+00
0.322554E+01  0.196158E+02  0.000000E+00
0.327528E+01  0.200818E+02  0.000000E+00
0.332487E+01  0.205516E+02  0.000000E+00
0.337431E+01  0.210251E+02  0.000000E+00
0.342361E+01  0.215024E+02  0.000000E+00
0.347276E+01  0.219835E+02  0.000000E+00
0.352179E+01  0.224684E+02  0.000000E+00
0.357069E+01  0.229572E+02  0.000000E+00
0.361946E+01  0.234500E+02  0.000000E+00
0.366812E+01  0.239466E+02  0.000000E+00
0.371667E+01  0.244473E+02  0.000000E+00
0.376511E+01  0.249520E+02  0.000000E+00
0.381345E+01  0.254607E+02  0.000000E+00
0.386169E+01  0.259735E+02  0.000000E+00
0.390983E+01  0.264903E+02  0.000000E+00
0.395789E+01  0.270113E+02  0.000000E+00
0.400585E+01  0.275365E+02  0.000000E+00
0.405374E+01  0.280658E+02  0.000000E+00
0.410154E+01  0.285994E+02  0.000000E+00
0.414927E+01  0.291371E+02  0.000000E+00
0.419693E+01  0.296791E+02  0.000000E+00
0.424452E+01  0.302254E+02  0.000000E+00
0.429204E+01  0.307759E+02  0.000000E+00
0.433950E+01  0.313308E+02  0.000000E+00
0.438690E+01  0.318900E+02  0.000000E+00
0.443424E+01  0.324535E+02  0.000000E+00
0.448153E+01  0.330215E+02  0.000000E+00
0.452876E+01  0.335937E+02  0.000000E+00
0.457594E+01  0.341704E+02  0.000000E+00
0.462308E+01  0.347515E+02  0.000000E+00
0.467016E+01  0.353371E+02  0.000000E+00
0.471721E+01  0.359271E+02  0.000000E+00
0.476421E+01  0.365215E+02  0.000000E+00
0.481117E+01  0.371205E+02  0.000000E+00
0.485810E+01  0.377239E+02  0.000000E+00
0.490498E+01  0.383318E+02  0.000000E+00
0.495184E+01  0.389443E+02  0.000000E+00
0.499866E+01  0.395613E+02  0.000000E+00
0.504544E+01  0.401828E+02  0.000000E+00
0.509220E+01  0.408089E+02  0.000000E+00
0.513893E+01  0.414396E+02  0.000000E+00
0.518563E+01  0.420748E+02  0.000000E+00
0.523231E+01  0.427146E+02  0.000000E+00
0.527896E+01  0.433591E+02  0.000000E+00
0.532558E+01  0.440081E+02  0.000000E+00
0.537218E+01  0.446617E+02  0.000000E+00
0.541876E+01  0.453200E+02  0.000000E+00
0.546533E+01  0.459829E+02  0.000000E+00
0.551187E+01  0.466505E+02  0.000000E+00
0.555839E+01  0.473227E+02  0.000000E+00
0.560489E+01  0.479996E+02  0.000000E+00
0.565138E+01  0.486812E+02  0.000000E+00
0.569785E+01  0.493674E+02  0.000000E+00
0.574430E+01  0.500583E+02  0.000000E+00
0.579074E+01  0.507539E+02  0.000000E+00
0.583717E+01  0.514542E+02  0.000000E+00
0.588358E+01  0.521592E+02  0.000000E+00
0.592998E+01  0.528689E+02  0.000000E+00
0.597637E+01  0.535833E+02  0.000000E+00
0.602275E+01  0.543025E+02  0.000000E+00
