0.105288E+01  0.840817E+00  0.113710E+02
0.110688E+01  0.158314E+01  0.385976E+02
0.116170E+01  0.225220E+01  0.000000E+00
0.121705E+01  0.286741E+01  0.000000E+00
0.127268E+01  0.344369E+01  0.000000E+00
0.132836E+01  0.399243E+01  0.000000E+00
0.138393E+01  0.452236E+01  0.000000E+00
0.143925E+01  0.504016E+01  0.000000E+00
0.149423E+01  0.555100E+01  0.000000E+00
0.154878E+01  0.605887E+01  0.000000E+00
0.160288E+01  0.656689E+01  0.000000E+00
0.165648E+01  0.707757E+01  0.000000E+00
0.170956E+01  0.759288E+01  0.000000E+00
0.176213E+01  0.811443E+01  0.000000E+00
0.181418E+01  0.864356E+01  0.000000E+00
0.186571E+01  0.918139E+01  0.000000E+00
0.191674E+01  0.972888E+01  0.000000E+00
0.196727E+01  0.102869E+02  0.000000E+00
0.201733E+01  0.108561E+02  0.000000E+00
0.206692E+01  0.114372E+02  0.000000E+00
0.211608E+01  0.120307E+02  0.000000E+00
0.216480E+01  0.126374E+02  0.000000E+00
0.221312E+01  0.132577E+02  0.000000E+00
0.226106E+01  0.138922E+02  0.000000E+00
0.230862E+01  0.145412E+02  0.000000E+00
0.235583E+01  0.152054E+02  0.000000E+00
0.240271E+01  0.158853E+02  0.000000E+00
0.244928E+01  0.165813E+02  0.000000E+00
0.249554E+01  0.172939E+02  0.000000E+00
0.254153E+01  0.180236E+02  0.000000E+00
0.258726E+01  0.187709E+02  0.000000E+00
0.263274E+01  0.195363E+02  0.000000E+00
0.267798E+01  0.203204E+02  0.000000E+00
0.272301E+01  0.211235E+02  0.000000E+00
0.276784E+01  0.219462E+02  0.000000E+00
0.281247E+01  0.227891E+02  0.000000E+00
0.285692E+01  0.236526E+02  0.000000E+00
0.290120E+01  0.245372E+02  0.000000E+00
0.294533E+01  0.254436E+02  0.000000E+00
0.298931E+01  0.263721E+02  0.000000E+00
0.303316E+01  0.273235E+02  0.000000E+00
0.307687E+01  0.282981E+02  0.000000E+00
0.312046E+01  0.292965E+02  0.000000E+00
0.316394E+01  0.303193E+02  0.000000E+00
0.320732E+01  0.313670E+02  0.000000E+00
0.325060E+01  0.324403E+02  0.000000E+00
0.329378E+01  0.335395E+02  0.000000E+00
0.333688E+01  0.346653E+02  0.000000E+00
0.337990E+01  0.358183E+02  0.000000E+00
0.342284E+01  0.369990E+02  0.000000E+00
0.346572E+01  0.382081E+02  0.000000E+00
0.350852E+01  0.394460E+02  0.000000E+00
0.355127E+01  0.407134E+02  0.000000E+00
0.359395E+01  0.420109E+02  0.000000E+00
0.363659E+01  0.433391E+02  0.000000E+00
0.367917E+01  0.446985E+02  0.000000E+00
0.372170E+01  0.460898E+02  0.000000E+00
0.376419E+01  0.475135E+02  0.000000E+00
0.380664E+01  0.489704E+02  0.000000E+00
0.384905E+01  0.504610E+02  0.000000E+00
0.389142E+01  0.519859E+02  0.000000E+00
0.393376E+01  0.535458E+02  0.000000E+00
0.397606E+01  0.551412E+02  0.000000E+00
0.401834E+01  0.567730E+02  0.000000E+00
0.406059E+01  0.584416E+02  0.000000E+00
0.410281E+01  0.601478E+02  0.000000E+00
0.414500E+01  0.618922E+02  0.000000E+00
0.418718E+01  0.636754E+02  0.000000E+00
0.422933E+01  0.654982E+02  0.000000E+00
0.427146E+01  0.673612E+02  0.000000E+00
0.431357E+01  0.692651E+02  0.000000E+00
0.435567E+01  0.712105E+02  0.000000E+00
0.439775E+01  0.731983E+02  0.000000E+00
0.443981E+01  0.752290E+02  0.000000E+00
0.448186E+01  0.773034E+02  0.000000E+00
0.452390E+01  0.794221E+02  0.000000E+00
0.456592E+01  0.815860E+02  0.000000E+00
0.460794E+01  0.837957E+02  0.000000E+00
0.464994E+01  0.860520E+02  0.000000E+00
0.469193E+01  0.883555E+02  0.000000E+00
0.473392E+01  0.907070E+02  0.000000E+00
0.477589E+01  0.931074E+02  0.000000E+00
0.481786E+01  0.955572E+02  0.000000E+00
0.485982E+01  0.980573E+02  0.000000E+00
0.490178E+01  0.100608E+03  0.000000E+00
0.494373E+01  0.103211E+03  0.000000E+00
0.498567E+01  0.105867E+03  0.000000E+00
0.502761E+01  0.108576E+03  0.000000E+00
0.506955E+01  0.111339E+03  0.000000E+00
0.511148E+01  0.114157E+03  0.000000E+00
0.515341E+01  0.117031E+03  0.000000E+00
0.519533E+01  0.119961E+03  0.000000E+00
0.523725E+01  0.122948E+03  0.000000E+00
0.527917E+01  0.125994E+03  0.000000E+00
0.532109E+01  0.129099E+03  0.000000E+00
0.536301E+01  0.132264E+03  0.000000E+00
0.540492E+01  0.135489E+03  0.000000E+00
0.544684E+01  0.138776E+03  0.000000E+00
0.548875E+01  0.142125E+03  0.000000E+00
0.553066E+01  0.145537E+03  0.000000E+00
