0.105217E+01  0.557460E+00  0.000000E+00
0.110384E+01  0.113150E+01  0.000000E+00
0.115452E+01  0.174447E+01  0.000000E+00
0.120393E+01  0.241659E+01  0.000000E+00
0.125196E+01  0.316663E+01  0.000000E+00
0.129865E+01  0.401279E+01  0.000000E+00
0.134410E+01  0.497356E+01  0.000000E+00
0.138847E+01  0.606853E+01  0.000000E+00
0.143192E+01  0.731901E+01  0.000000E+00
0.147462E+01  0.874855E+01  0.000000E+00
0.151673E+01  0.103833E+02  0.000000E+00
0.155837E+01  0.122524E+02  0.000000E+00
0.159967E+01  0.143880E+02  0.000000E+00
0.164070E+01  0.168257E+02  0.000000E+00
0.168153E+01  0.196043E+02  0.000000E+00
0.172223E+01  0.227666E+02  0.000000E+00
0.176283E+01  0.263593E+02  0.000000E+00
0.180337E+01  0.304333E+02  0.000000E+00
0.184387E+01  0.350441E+02  0.000000E+00
0.188434E+01  0.402518E+02  0.000000E+00
