0.105406E+01  0.200901E+00  0.377857E+03
0.110753E+01  0.368991E+00  0.000000E+00
0.115551E+01  0.567474E+00  0.000000E+00
0.119853E+01  0.828348E+00  0.000000E+00
0.123907E+01  0.117919E+01  0.000000E+00
0.127908E+01  0.165593E+01  0.000000E+00
0.131939E+01  0.230046E+01  0.000000E+00
0.136016E+01  0.315766E+01  0.000000E+00
0.140129E+01  0.427620E+01  0.000000E+00
0.144266E+01  0.571030E+01  0.000000E+00
0.148417E+01  0.752134E+01  0.000000E+00
0.152574E+01  0.977919E+01  0.000000E+00
0.156732E+01  0.125635E+02  0.000000E+00
0.160889E+01  0.159648E+02  0.000000E+00
0.165043E+01  0.200859E+02  0.000000E+00
0.169192E+01  0.250434E+02  0.000000E+00
0.173336E+01  0.309687E+02  0.000000E+00
0.177474E+01  0.380099E+02  0.000000E+00
0.181607E+01  0.463333E+02  0.000000E+00
0.185735E+01  0.561252E+02  0.000000E+00
0.189858E+01  0.675937E+02  0.000000E+00
0.193976E+01  0.809704E+02  0.000000E+00
0.198089E+01  0.965135E+02  0.000000E+00
0.202199E+01  0.114509E+03  0.000000E+00
0.206304E+01  0.135274E+03  0.000000E+00
0.210406E+01  0.159158E+03  0.000000E+00
0.214505E+01  0.186547E+03  0.000000E+00
0.218601E+01  0.217866E+03  0.000000E+00
0.222694E+01  0.253581E+03  0.000000E+00
0.226785E+01  0.294205E+03  0.000000E+00
0.230873E+01  0.340298E+03  0.000000E+00
0.234959E+01  0.392471E+03  0.000000E+00
0.239044E+01  0.451395E+03  0.000000E+00
0.243127E+01  0.517796E+03  0.000000E+00
0.247208E+01  0.592468E+03  0.000000E+00
0.251288E+01  0.676272E+03  0.000000E+00
0.255367E+01  0.770143E+03  0.000000E+00
0.259444E+01  0.875093E+03  0.000000E+00
0.263521E+01  0.992218E+03  0.000000E+00
0.267596E+01  0.112270E+04  0.000000E+00
0.271671E+01  0.126783E+04  0.000000E+00
0.275745E+01  0.142897E+04  0.000000E+00
0.279818E+01  0.160762E+04  0.000000E+00
0.283890E+01  0.180537E+04  0.000000E+00
0.287962E+01  0.202394E+04  0.000000E+00
0.292033E+01  0.226516E+04  0.000000E+00
0.296103E+01  0.253103E+04  0.000000E+00
0.300173E+01  0.282365E+04  0.000000E+00
0.304243E+01  0.314531E+04  0.000000E+00
0.308312E+01  0.349843E+04  0.000000E+00
