0.105275E+01  0.555046E+00  0.730410E+01
0.110641E+01  0.105670E+01  0.121094E+02
0.116072E+01  0.151814E+01  0.000000E+00
0.121545E+01  0.194952E+01  0.000000E+00
0.127039E+01  0.235866E+01  0.000000E+00
0.132541E+01  0.275156E+01  0.000000E+00
0.138037E+01  0.313280E+01  0.000000E+00
0.143519E+01  0.350590E+01  0.000000E+00
0.148981E+01  0.387356E+01  0.000000E+00
0.154417E+01  0.423788E+01  0.000000E+00
0.159825E+01  0.460045E+01  0.000000E+00
0.165203E+01  0.496258E+01  0.000000E+00
0.170551E+01  0.532522E+01  0.000000E+00
0.175867E+01  0.568917E+01  0.000000E+00
0.181154E+01  0.605506E+01  0.000000E+00
0.186410E+01  0.642337E+01  0.000000E+00
0.191637E+01  0.679453E+01  0.000000E+00
0.196836E+01  0.716886E+01  0.000000E+00
0.202008E+01  0.754663E+01  0.000000E+00
0.207154E+01  0.792806E+01  0.000000E+00
0.212276E+01  0.831334E+01  0.000000E+00
0.217374E+01  0.870264E+01  0.000000E+00
0.222449E+01  0.909608E+01  0.000000E+00
0.227504E+01  0.949378E+01  0.000000E+00
0.232539E+01  0.989584E+01  0.000000E+00
0.237555E+01  0.103023E+02  0.000000E+00
0.242553E+01  0.107134E+02  0.000000E+00
0.247535E+01  0.111290E+02  0.000000E+00
0.252500E+01  0.115492E+02  0.000000E+00
0.257451E+01  0.119742E+02  0.000000E+00
0.262388E+01  0.124039E+02  0.000000E+00
0.267312E+01  0.128383E+02  0.000000E+00
0.272223E+01  0.132776E+02  0.000000E+00
0.277123E+01  0.137218E+02  0.000000E+00
0.282012E+01  0.141708E+02  0.000000E+00
0.286891E+01  0.146248E+02  0.000000E+00
0.291760E+01  0.150837E+02  0.000000E+00
0.296620E+01  0.155475E+02  0.000000E+00
0.301471E+01  0.160163E+02  0.000000E+00
0.306315E+01  0.164902E+02  0.000000E+00
0.311151E+01  0.169690E+02  0.000000E+00
0.315980E+01  0.174529E+02  0.000000E+00
0.320802E+01  0.179418E+02  0.000000E+00
0.325618E+01  0.184358E+02  0.000000E+00
0.330428E+01  0.189348E+02  0.000000E+00
0.335233E+01  0.194389E+02  0.000000E+00
0.340032E+01  0.199481E+02  0.000000E+00
0.344826E+01  0.204623E+02  0.000000E+00
0.349616E+01  0.209816E+02  0.000000E+00
0.354401E+01  0.215061E+02  0.000000E+00
0.359182E+01  0.220356E+02  0.000000E+00
0.363959E+01  0.225702E+02  0.000000E+00
0.368732E+01  0.231099E+02  0.000000E+00
0.373501E+01  0.236548E+02  0.000000E+00
0.378268E+01  0.242047E+02  0.000000E+00
0.383031E+01  0.247597E+02  0.000000E+00
0.387791E+01  0.253198E+02  0.000000E+00
0.392548E+01  0.258850E+02  0.000000E+00
0.397302E+01  0.264553E+02  0.000000E+00
0.402054E+01  0.270307E+02  0.000000E+00
0.406803E+01  0.276112E+02  0.000000E+00
0.411550E+01  0.281968E+02  0.000000E+00
0.416295E+01  0.287875E+02  0.000000E+00
0.421037E+01  0.293832E+02  0.000000E+00
0.425777E+01  0.299841E+02  0.000000E+00
0.430516E+01  0.305900E+02  0.000000E+00
0.435252E+01  0.312010E+02  0.000000E+00
0.439987E+01  0.318171E+02  0.000000E+00
0.444720E+01  0.324382E+02  0.000000E+00
0.449451E+01  0.330644E+02  0.000000E+00
0.454181E+01  0.336956E+02  0.000000E+00
0.458909E+01  0.343319E+02  0.000000E+00
0.463636E+01  0.349732E+02  0.000000E+00
0.468361E+01  0.356196E+02  0.000000E+00
0.473085E+01  0.362710E+02  0.000000E+00
0.477808E+01  0.369274E+02  0.000000E+00
0.482529E+01  0.375889E+02  0.000000E+00
0.487249E+01  0.382554E+02  0.000000E+00
0.491968E+01  0.389269E+02  0.000000E+00
0.496686E+01  0.396034E+02  0.000000E+00
0.501403E+01  0.402849E+02  0.000000E+00
0.506119E+01  0.409714E+02  0.000000E+00
0.510834E+01  0.416629E+02  0.000000E+00
0.515548E+01  0.423593E+02  0.000000E+00
0.520260E+01  0.430608E+02  0.000000E+00
0.524972E+01  0.437672E+02  0.000000E+00
0.529683E+01  0.444786E+02  0.000000E+00
0.534394E+01  0.451950E+02  0.000000E+00
0.539103E+01  0.459163E+02  0.000000E+00
0.543812E+01  0.466426E+02  0.000000E+00
0.548520E+01  0.473738E+02  0.000000E+00
0.553227E+01  0.481100E+02  0.000000E+00
0.557933E+01  0.488511E+02  0.000000E+00
0.562639E+01  0.495971E+02  0.000000E+00
0.567344E+01  0.503481E+02  0.000000E+00
0.572048E+01  0.511039E+02  0.000000E+00
0.576752E+01  0.518647E+02  0.000000E+00
0.581455E+01  0.526304E+02  0.000000E+00
0.586157E+01  0.534010E+02  0.000000E+00
0.590859E+01  0.541765E+02  0.000000E+00
