0.105303E+01  0.861161E+00  0.533816E+03
0.110630E+01  0.163875E+01  0.000000E+00
0.115812E+01  0.242997E+01  0.000000E+00
0.120763E+01  0.329929E+01  0.000000E+00
0.125473E+01  0.429325E+01  0.000000E+00
0.129969E+01  0.545220E+01  0.000000E+00
0.134295E+01  0.681807E+01  0.000000E+00
0.138494E+01  0.843903E+01  0.000000E+00
0.142605E+01  0.103721E+02  0.000000E+00
0.146658E+01  0.126845E+02  0.000000E+00
0.150676E+01  0.154556E+02  0.000000E+00
0.154672E+01  0.187769E+02  0.000000E+00
0.158657E+01  0.227553E+02  0.000000E+00
0.162638E+01  0.275139E+02  0.000000E+00
0.166617E+01  0.331946E+02  0.000000E+00
0.170598E+01  0.399607E+02  0.000000E+00
0.174582E+01  0.479999E+02  0.000000E+00
0.178568E+01  0.575266E+02  0.000000E+00
0.182559E+01  0.687860E+02  0.000000E+00
0.186553E+01  0.820571E+02  0.000000E+00
0.190551E+01  0.976573E+02  0.000000E+00
0.194553E+01  0.115945E+03  0.000000E+00
0.198559E+01  0.137326E+03  0.000000E+00
0.202567E+01  0.162259E+03  0.000000E+00
0.206579E+01  0.191258E+03  0.000000E+00
0.210594E+01  0.224901E+03  0.000000E+00
0.214612E+01  0.263834E+03  0.000000E+00
0.218632E+01  0.308780E+03  0.000000E+00
0.222654E+01  0.360544E+03  0.000000E+00
0.226679E+01  0.420023E+03  0.000000E+00
0.230705E+01  0.488213E+03  0.000000E+00
0.234733E+01  0.566214E+03  0.000000E+00
0.238763E+01  0.655249E+03  0.000000E+00
0.242795E+01  0.756666E+03  0.000000E+00
0.246828E+01  0.871952E+03  0.000000E+00
0.250862E+01  0.100274E+04  0.000000E+00
0.254897E+01  0.115084E+04  0.000000E+00
0.258933E+01  0.131821E+04  0.000000E+00
0.262971E+01  0.150703E+04  0.000000E+00
0.267009E+01  0.171966E+04  0.000000E+00
0.271048E+01  0.195869E+04  0.000000E+00
0.275088E+01  0.222694E+04  0.000000E+00
0.279128E+01  0.252748E+04  0.000000E+00
0.283169E+01  0.286367E+04  0.000000E+00
0.287210E+01  0.323915E+04  0.000000E+00
0.291252E+01  0.365787E+04  0.000000E+00
0.295294E+01  0.412413E+04  0.000000E+00
0.299336E+01  0.464257E+04  0.000000E+00
0.303379E+01  0.521822E+04  0.000000E+00
0.307423E+01  0.585654E+04  0.000000E+00
