0.105240E+01  0.114467E+01  0.476276E+03
0.110456E+01  0.227919E+01  0.000000E+00
0.115573E+01  0.346490E+01  0.000000E+00
0.120545E+01  0.475427E+01  0.000000E+00
0.125352E+01  0.619364E+01  0.000000E+00
0.129995E+01  0.782656E+01  0.000000E+00
0.134490E+01  0.969706E+01  0.000000E+00
0.138857E+01  0.118525E+02  0.000000E+00
0.143119E+01  0.143457E+02  0.000000E+00
0.147300E+01  0.172374E+02  0.000000E+00
0.151418E+01  0.205965E+02  0.000000E+00
0.155491E+01  0.245025E+02  0.000000E+00
0.159531E+01  0.290450E+02  0.000000E+00
0.163551E+01  0.343257E+02  0.000000E+00
0.167555E+01  0.404589E+02  0.000000E+00
0.171552E+01  0.475728E+02  0.000000E+00
0.175543E+01  0.558109E+02  0.000000E+00
0.179533E+01  0.653333E+02  0.000000E+00
0.183523E+01  0.763187E+02  0.000000E+00
0.187514E+01  0.889656E+02  0.000000E+00
0.191508E+01  0.103495E+03  0.000000E+00
0.195504E+01  0.120149E+03  0.000000E+00
0.199504E+01  0.139199E+03  0.000000E+00
0.203507E+01  0.160942E+03  0.000000E+00
0.207514E+01  0.185706E+03  0.000000E+00
0.211524E+01  0.213852E+03  0.000000E+00
0.215538E+01  0.245773E+03  0.000000E+00
0.219556E+01  0.281905E+03  0.000000E+00
0.223576E+01  0.322720E+03  0.000000E+00
0.227600E+01  0.368734E+03  0.000000E+00
0.231627E+01  0.420513E+03  0.000000E+00
0.235657E+01  0.478665E+03  0.000000E+00
0.239689E+01  0.543856E+03  0.000000E+00
0.243720E+01  0.616740E+03  0.000000E+00
0.247755E+01  0.698187E+03  0.000000E+00
0.251792E+01  0.789016E+03  0.000000E+00
0.255831E+01  0.890139E+03  0.000000E+00
0.259871E+01  0.100254E+04  0.000000E+00
0.263914E+01  0.112728E+04  0.000000E+00
0.267957E+01  0.126549E+04  0.000000E+00
