0.105263E+01  0.229573E+00  0.119111E+03
0.110541E+01  0.447261E+00  0.000000E+00
0.115739E+01  0.667250E+00  0.000000E+00
0.120784E+01  0.901649E+00  0.000000E+00
0.125638E+01  0.116102E+01  0.000000E+00
0.130291E+01  0.145508E+01  0.000000E+00
0.134754E+01  0.179347E+01  0.000000E+00
0.139053E+01  0.218660E+01  0.000000E+00
0.143218E+01  0.264641E+01  0.000000E+00
0.147282E+01  0.318707E+01  0.000000E+00
0.151275E+01  0.382550E+01  0.000000E+00
0.155221E+01  0.458185E+01  0.000000E+00
0.159140E+01  0.547969E+01  0.000000E+00
0.163045E+01  0.654651E+01  0.000000E+00
0.166946E+01  0.781402E+01  0.000000E+00
0.170849E+01  0.931866E+01  0.000000E+00
0.174758E+01  0.111021E+02  0.000000E+00
0.178675E+01  0.132121E+02  0.000000E+00
0.182601E+01  0.157028E+02  0.000000E+00
0.186536E+01  0.186359E+02  0.000000E+00
0.190479E+01  0.220814E+02  0.000000E+00
0.194431E+01  0.261178E+02  0.000000E+00
0.198392E+01  0.308350E+02  0.000000E+00
0.202360E+01  0.363331E+02  0.000000E+00
0.206335E+01  0.427250E+02  0.000000E+00
0.210316E+01  0.501372E+02  0.000000E+00
0.214303E+01  0.587110E+02  0.000000E+00
0.218296E+01  0.686043E+02  0.000000E+00
0.222294E+01  0.799927E+02  0.000000E+00
0.226297E+01  0.930715E+02  0.000000E+00
