0.105265E+01  0.169645E+01  0.438868E+03
0.110543E+01  0.330306E+01  0.309349E+05
0.115747E+01  0.492319E+01  0.000000E+00
0.120825E+01  0.663136E+01  0.000000E+00
0.125751E+01  0.848549E+01  0.000000E+00
0.130523E+01  0.105349E+02  0.000000E+00
0.135146E+01  0.128259E+02  0.000000E+00
0.139638E+01  0.154050E+02  0.000000E+00
0.144016E+01  0.183223E+02  0.000000E+00
0.148300E+01  0.216330E+02  0.000000E+00
0.152509E+01  0.253987E+02  0.000000E+00
0.156659E+01  0.296895E+02  0.000000E+00
0.160765E+01  0.345831E+02  0.000000E+00
0.164838E+01  0.401672E+02  0.000000E+00
0.168888E+01  0.465391E+02  0.000000E+00
0.172923E+01  0.538069E+02  0.000000E+00
0.176947E+01  0.620902E+02  0.000000E+00
0.180965E+01  0.715207E+02  0.000000E+00
0.184981E+01  0.822438E+02  0.000000E+00
0.188996E+01  0.944189E+02  0.000000E+00
0.193012E+01  0.108221E+03  0.000000E+00
0.197030E+01  0.123841E+03  0.000000E+00
0.201051E+01  0.141489E+03  0.000000E+00
0.205076E+01  0.161392E+03  0.000000E+00
0.209104E+01  0.183798E+03  0.000000E+00
0.213136E+01  0.208978E+03  0.000000E+00
0.217171E+01  0.237224E+03  0.000000E+00
0.221210E+01  0.268855E+03  0.000000E+00
0.225252E+01  0.304213E+03  0.000000E+00
0.229298E+01  0.343671E+03  0.000000E+00
0.233347E+01  0.387630E+03  0.000000E+00
0.237399E+01  0.436520E+03  0.000000E+00
0.241454E+01  0.490810E+03  0.000000E+00
0.245512E+01  0.550998E+03  0.000000E+00
0.249572E+01  0.617623E+03  0.000000E+00
0.253634E+01  0.691259E+03  0.000000E+00
0.257699E+01  0.772526E+03  0.000000E+00
0.261765E+01  0.862083E+03  0.000000E+00
0.265834E+01  0.960638E+03  0.000000E+00
0.269904E+01  0.106894E+04  0.000000E+00
0.273975E+01  0.118781E+04  0.000000E+00
0.278048E+01  0.131808E+04  0.000000E+00
0.282122E+01  0.146069E+04  0.000000E+00
0.286198E+01  0.161659E+04  0.000000E+00
0.290274E+01  0.178682E+04  0.000000E+00
0.294352E+01  0.197249E+04  0.000000E+00
0.298430E+01  0.217474E+04  0.000000E+00
0.302510E+01  0.239482E+04  0.000000E+00
0.306590E+01  0.263404E+04  0.000000E+00
0.310670E+01  0.289377E+04  0.000000E+00
0.314752E+01  0.317547E+04  0.000000E+00
0.318834E+01  0.348070E+04  0.000000E+00
0.322916E+01  0.381109E+04  0.000000E+00
0.326999E+01  0.416837E+04  0.000000E+00
0.331082E+01  0.455436E+04  0.000000E+00
0.335166E+01  0.497105E+04  0.000000E+00
0.339250E+01  0.542017E+04  0.000000E+00
0.343335E+01  0.590436E+04  0.000000E+00
0.347419E+01  0.642532E+04  0.000000E+00
0.351505E+01  0.698551E+04  0.000000E+00
0.355590E+01  0.758765E+04  0.000000E+00
0.359676E+01  0.823427E+04  0.000000E+00
0.363762E+01  0.892803E+04  0.000000E+00
0.367848E+01  0.967180E+04  0.000000E+00
0.371935E+01  0.104686E+05  0.000000E+00
0.376022E+01  0.113215E+05  0.000000E+00
0.380108E+01  0.122339E+05  0.000000E+00
0.384195E+01  0.132091E+05  0.000000E+00
0.388283E+01  0.142509E+05  0.000000E+00
0.392370E+01  0.153628E+05  0.000000E+00
0.396457E+01  0.165490E+05  0.000000E+00
0.400545E+01  0.178135E+05  0.000000E+00
0.404633E+01  0.191606E+05  0.000000E+00
0.408721E+01  0.205948E+05  0.000000E+00
0.412808E+01  0.221208E+05  0.000000E+00
0.416896E+01  0.237435E+05  0.000000E+00
0.420984E+01  0.254679E+05  0.000000E+00
0.425073E+01  0.272994E+05  0.000000E+00
0.429161E+01  0.292434E+05  0.000000E+00
0.433249E+01  0.313059E+05  0.000000E+00
0.437337E+01  0.334927E+05  0.000000E+00
0.441425E+01  0.358101E+05  0.000000E+00
0.445514E+01  0.382645E+05  0.000000E+00
0.449602E+01  0.408628E+05  0.000000E+00
0.453691E+01  0.436120E+05  0.000000E+00
0.457779E+01  0.465192E+05  0.000000E+00
0.461867E+01  0.495922E+05  0.000000E+00
0.465956E+01  0.528387E+05  0.000000E+00
0.470044E+01  0.562669E+05  0.000000E+00
0.474133E+01  0.598853E+05  0.000000E+00
0.478221E+01  0.637026E+05  0.000000E+00
0.482310E+01  0.677281E+05  0.000000E+00
0.486398E+01  0.719710E+05  0.000000E+00
0.490487E+01  0.764411E+05  0.000000E+00
0.494575E+01  0.811487E+05  0.000000E+00
0.498664E+01  0.861043E+05  0.000000E+00
0.502752E+01  0.913186E+05  0.000000E+00
0.506841E+01  0.968029E+05  0.000000E+00
0.510929E+01  0.102569E+06  0.000000E+00
0.515018E+01  0.108629E+06  0.000000E+00
