0.105239E+01  0.902332E+00  0.524457E+02
0.110492E+01  0.178192E+01  0.000000E+00
0.115728E+01  0.265745E+01  0.000000E+00
0.120923E+01  0.354448E+01  0.000000E+00
0.126061E+01  0.445591E+01  0.000000E+00
0.131130E+01  0.540251E+01  0.000000E+00
0.136126E+01  0.639339E+01  0.000000E+00
0.141047E+01  0.743641E+01  0.000000E+00
0.145894E+01  0.853851E+01  0.000000E+00
0.150669E+01  0.970603E+01  0.000000E+00
0.155377E+01  0.109448E+02  0.000000E+00
0.160024E+01  0.122607E+02  0.000000E+00
0.164614E+01  0.136590E+02  0.000000E+00
0.169153E+01  0.151453E+02  0.000000E+00
0.173646E+01  0.167253E+02  0.000000E+00
0.178099E+01  0.184044E+02  0.000000E+00
0.182516E+01  0.201884E+02  0.000000E+00
0.186902E+01  0.220833E+02  0.000000E+00
0.191262E+01  0.240949E+02  0.000000E+00
0.195598E+01  0.262295E+02  0.000000E+00
0.199914E+01  0.284931E+02  0.000000E+00
0.204213E+01  0.308922E+02  0.000000E+00
0.208497E+01  0.334332E+02  0.000000E+00
0.212769E+01  0.361226E+02  0.000000E+00
0.217031E+01  0.389673E+02  0.000000E+00
0.221283E+01  0.419740E+02  0.000000E+00
0.225528E+01  0.451497E+02  0.000000E+00
0.229767E+01  0.485013E+02  0.000000E+00
0.234000E+01  0.520360E+02  0.000000E+00
0.238230E+01  0.557611E+02  0.000000E+00
0.242455E+01  0.596840E+02  0.000000E+00
0.246678E+01  0.638121E+02  0.000000E+00
0.250899E+01  0.681532E+02  0.000000E+00
0.255117E+01  0.727148E+02  0.000000E+00
0.259334E+01  0.775048E+02  0.000000E+00
0.263550E+01  0.825312E+02  0.000000E+00
0.267766E+01  0.878021E+02  0.000000E+00
0.271980E+01  0.933255E+02  0.000000E+00
0.276195E+01  0.991100E+02  0.000000E+00
0.280409E+01  0.105164E+03  0.000000E+00
