0.105338E+01  0.625810E+00  0.246928E+02
0.110825E+01  0.114025E+01  0.173016E+03
0.116336E+01  0.160040E+01  0.000000E+00
0.121778E+01  0.204137E+01  0.000000E+00
0.127104E+01  0.248377E+01  0.000000E+00
0.132297E+01  0.293959E+01  0.000000E+00
0.137359E+01  0.341611E+01  0.000000E+00
0.142301E+01  0.391810E+01  0.000000E+00
0.147138E+01  0.444910E+01  0.000000E+00
0.151884E+01  0.501203E+01  0.000000E+00
0.156555E+01  0.560950E+01  0.000000E+00
0.161163E+01  0.624413E+01  0.000000E+00
0.165719E+01  0.691834E+01  0.000000E+00
0.170234E+01  0.763464E+01  0.000000E+00
0.174714E+01  0.839551E+01  0.000000E+00
0.179167E+01  0.920341E+01  0.000000E+00
0.183598E+01  0.100608E+02  0.000000E+00
0.188010E+01  0.109702E+02  0.000000E+00
0.192407E+01  0.119339E+02  0.000000E+00
0.196792E+01  0.129545E+02  0.000000E+00
0.201165E+01  0.140345E+02  0.000000E+00
0.205530E+01  0.151763E+02  0.000000E+00
0.209886E+01  0.163824E+02  0.000000E+00
0.214235E+01  0.176554E+02  0.000000E+00
0.218578E+01  0.189979E+02  0.000000E+00
0.222915E+01  0.204125E+02  0.000000E+00
0.227246E+01  0.219018E+02  0.000000E+00
0.231573E+01  0.234686E+02  0.000000E+00
0.235895E+01  0.251156E+02  0.000000E+00
0.240213E+01  0.268457E+02  0.000000E+00
0.244527E+01  0.286617E+02  0.000000E+00
0.248838E+01  0.305666E+02  0.000000E+00
0.253145E+01  0.325633E+02  0.000000E+00
0.257448E+01  0.346549E+02  0.000000E+00
0.261749E+01  0.368446E+02  0.000000E+00
0.266046E+01  0.391354E+02  0.000000E+00
0.270341E+01  0.415306E+02  0.000000E+00
0.274633E+01  0.440334E+02  0.000000E+00
0.278922E+01  0.466473E+02  0.000000E+00
0.283209E+01  0.493756E+02  0.000000E+00
0.287493E+01  0.522219E+02  0.000000E+00
0.291775E+01  0.551895E+02  0.000000E+00
0.296055E+01  0.582822E+02  0.000000E+00
0.300333E+01  0.615036E+02  0.000000E+00
0.304609E+01  0.648574E+02  0.000000E+00
0.308882E+01  0.683475E+02  0.000000E+00
0.313154E+01  0.719776E+02  0.000000E+00
0.317425E+01  0.757518E+02  0.000000E+00
0.321693E+01  0.796739E+02  0.000000E+00
0.325960E+01  0.837481E+02  0.000000E+00
0.330225E+01  0.879785E+02  0.000000E+00
0.334489E+01  0.923693E+02  0.000000E+00
0.338751E+01  0.969248E+02  0.000000E+00
0.343012E+01  0.101649E+03  0.000000E+00
0.347271E+01  0.106547E+03  0.000000E+00
0.351529E+01  0.111623E+03  0.000000E+00
0.355786E+01  0.116881E+03  0.000000E+00
0.360042E+01  0.122326E+03  0.000000E+00
0.364296E+01  0.127963E+03  0.000000E+00
0.368550E+01  0.133796E+03  0.000000E+00
0.372802E+01  0.139830E+03  0.000000E+00
0.377053E+01  0.146071E+03  0.000000E+00
0.381304E+01  0.152523E+03  0.000000E+00
0.385553E+01  0.159190E+03  0.000000E+00
0.389801E+01  0.166080E+03  0.000000E+00
0.394049E+01  0.173195E+03  0.000000E+00
0.398295E+01  0.180542E+03  0.000000E+00
0.402541E+01  0.188127E+03  0.000000E+00
0.406786E+01  0.195953E+03  0.000000E+00
0.411030E+01  0.204028E+03  0.000000E+00
0.415274E+01  0.212356E+03  0.000000E+00
0.419516E+01  0.220943E+03  0.000000E+00
0.423758E+01  0.229795E+03  0.000000E+00
0.427999E+01  0.238918E+03  0.000000E+00
0.432240E+01  0.248316E+03  0.000000E+00
0.436480E+01  0.257997E+03  0.000000E+00
0.440719E+01  0.267967E+03  0.000000E+00
0.444958E+01  0.278231E+03  0.000000E+00
0.449196E+01  0.288795E+03  0.000000E+00
0.453434E+01  0.299666E+03  0.000000E+00
0.457671E+01  0.310850E+03  0.000000E+00
0.461907E+01  0.322354E+03  0.000000E+00
0.466143E+01  0.334183E+03  0.000000E+00
0.470379E+01  0.346345E+03  0.000000E+00
0.474614E+01  0.358846E+03  0.000000E+00
0.478848E+01  0.371692E+03  0.000000E+00
0.483082E+01  0.384892E+03  0.000000E+00
0.487316E+01  0.398450E+03  0.000000E+00
0.491549E+01  0.412375E+03  0.000000E+00
0.495782E+01  0.426673E+03  0.000000E+00
0.500014E+01  0.441352E+03  0.000000E+00
0.504246E+01  0.456418E+03  0.000000E+00
0.508478E+01  0.471879E+03  0.000000E+00
0.512709E+01  0.487742E+03  0.000000E+00
0.516940E+01  0.504014E+03  0.000000E+00
0.521170E+01  0.520704E+03  0.000000E+00
0.525401E+01  0.537818E+03  0.000000E+00
0.529630E+01  0.555365E+03  0.000000E+00
0.533860E+01  0.573352E+03  0.000000E+00
0.538089E+01  0.591786E+03  0.000000E+00
