0.105288E+01  0.804610E+00  0.495088E+01
0.110699E+01  0.151122E+01  0.448184E+01
0.116218E+01  0.213877E+01  0.000000E+00
0.121828E+01  0.270236E+01  0.000000E+00
0.127513E+01  0.321406E+01  0.000000E+00
0.133259E+01  0.368348E+01  0.000000E+00
0.139054E+01  0.411834E+01  0.000000E+00
0.144886E+01  0.452480E+01  0.000000E+00
0.150745E+01  0.490781E+01  0.000000E+00
0.156624E+01  0.527135E+01  0.000000E+00
0.162515E+01  0.561866E+01  0.000000E+00
0.168412E+01  0.595236E+01  0.000000E+00
0.174312E+01  0.627456E+01  0.000000E+00
0.180209E+01  0.658701E+01  0.000000E+00
0.186101E+01  0.689116E+01  0.000000E+00
0.191986E+01  0.718818E+01  0.000000E+00
0.197862E+01  0.747907E+01  0.000000E+00
0.203726E+01  0.776465E+01  0.000000E+00
0.209579E+01  0.804561E+01  0.000000E+00
0.215418E+01  0.832255E+01  0.000000E+00
0.221244E+01  0.859594E+01  0.000000E+00
0.227056E+01  0.886623E+01  0.000000E+00
0.232854E+01  0.913376E+01  0.000000E+00
0.238636E+01  0.939886E+01  0.000000E+00
0.244405E+01  0.966178E+01  0.000000E+00
0.250158E+01  0.992277E+01  0.000000E+00
0.255897E+01  0.101820E+02  0.000000E+00
0.261622E+01  0.104397E+02  0.000000E+00
0.267332E+01  0.106960E+02  0.000000E+00
0.273027E+01  0.109510E+02  0.000000E+00
0.278709E+01  0.112049E+02  0.000000E+00
0.284377E+01  0.114578E+02  0.000000E+00
0.290032E+01  0.117097E+02  0.000000E+00
0.295673E+01  0.119608E+02  0.000000E+00
0.301302E+01  0.122111E+02  0.000000E+00
0.306917E+01  0.124606E+02  0.000000E+00
0.312520E+01  0.127096E+02  0.000000E+00
0.318111E+01  0.129579E+02  0.000000E+00
0.323690E+01  0.132057E+02  0.000000E+00
0.329258E+01  0.134531E+02  0.000000E+00
0.334813E+01  0.136999E+02  0.000000E+00
0.340358E+01  0.139464E+02  0.000000E+00
0.345892E+01  0.141925E+02  0.000000E+00
0.351415E+01  0.144382E+02  0.000000E+00
0.356928E+01  0.146836E+02  0.000000E+00
0.362431E+01  0.149288E+02  0.000000E+00
0.367924E+01  0.151736E+02  0.000000E+00
0.373407E+01  0.154183E+02  0.000000E+00
0.378881E+01  0.156627E+02  0.000000E+00
0.384345E+01  0.159069E+02  0.000000E+00
0.389801E+01  0.161510E+02  0.000000E+00
0.395248E+01  0.163948E+02  0.000000E+00
0.400686E+01  0.166386E+02  0.000000E+00
0.406117E+01  0.168822E+02  0.000000E+00
0.411539E+01  0.171257E+02  0.000000E+00
0.416953E+01  0.173691E+02  0.000000E+00
0.422359E+01  0.176124E+02  0.000000E+00
0.427759E+01  0.178557E+02  0.000000E+00
0.433150E+01  0.180988E+02  0.000000E+00
0.438535E+01  0.183420E+02  0.000000E+00
0.443913E+01  0.185850E+02  0.000000E+00
0.449284E+01  0.188281E+02  0.000000E+00
0.454648E+01  0.190711E+02  0.000000E+00
0.460006E+01  0.193141E+02  0.000000E+00
0.465358E+01  0.195571E+02  0.000000E+00
0.470704E+01  0.198001E+02  0.000000E+00
0.476043E+01  0.200431E+02  0.000000E+00
0.481377E+01  0.202862E+02  0.000000E+00
0.486706E+01  0.205292E+02  0.000000E+00
0.492029E+01  0.207723E+02  0.000000E+00
0.497346E+01  0.210154E+02  0.000000E+00
0.502659E+01  0.212586E+02  0.000000E+00
0.507966E+01  0.215018E+02  0.000000E+00
0.513269E+01  0.217450E+02  0.000000E+00
0.518566E+01  0.219883E+02  0.000000E+00
0.523859E+01  0.222317E+02  0.000000E+00
0.529148E+01  0.224751E+02  0.000000E+00
0.534432E+01  0.227186E+02  0.000000E+00
0.539712E+01  0.229622E+02  0.000000E+00
0.544988E+01  0.232059E+02  0.000000E+00
0.550259E+01  0.234496E+02  0.000000E+00
0.555527E+01  0.236935E+02  0.000000E+00
0.560790E+01  0.239374E+02  0.000000E+00
0.566050E+01  0.241814E+02  0.000000E+00
0.571307E+01  0.244255E+02  0.000000E+00
0.576559E+01  0.246697E+02  0.000000E+00
0.581809E+01  0.249141E+02  0.000000E+00
0.587055E+01  0.251585E+02  0.000000E+00
0.592297E+01  0.254030E+02  0.000000E+00
0.597537E+01  0.256477E+02  0.000000E+00
0.602773E+01  0.258924E+02  0.000000E+00
0.608006E+01  0.261373E+02  0.000000E+00
0.613236E+01  0.263823E+02  0.000000E+00
0.618464E+01  0.266274E+02  0.000000E+00
0.623688E+01  0.268727E+02  0.000000E+00
0.628910E+01  0.271181E+02  0.000000E+00
0.634129E+01  0.273636E+02  0.000000E+00
0.639346E+01  0.276092E+02  0.000000E+00
0.644560E+01  0.278550E+02  0.000000E+00
0.649771E+01  0.281008E+02  0.000000E+00
