0.105245E+01  0.954833E-01  0.130779E+03
0.110157E+01  0.204247E+00  0.000000E+00
0.114671E+01  0.352899E+00  0.000000E+00
0.118991E+01  0.560039E+00  0.000000E+00
0.123259E+01  0.843827E+00  0.000000E+00
0.127529E+01  0.122206E+01  0.000000E+00
0.131812E+01  0.171203E+01  0.000000E+00
0.136108E+01  0.233105E+01  0.000000E+00
0.140412E+01  0.309694E+01  0.000000E+00
0.144721E+01  0.402847E+01  0.000000E+00
0.149029E+01  0.514560E+01  0.000000E+00
0.153335E+01  0.646961E+01  0.000000E+00
0.157638E+01  0.802346E+01  0.000000E+00
0.161935E+01  0.983171E+01  0.000000E+00
0.166225E+01  0.119208E+02  0.000000E+00
0.170509E+01  0.143189E+02  0.000000E+00
0.174786E+01  0.170566E+02  0.000000E+00
0.179056E+01  0.201663E+02  0.000000E+00
0.183319E+01  0.236827E+02  0.000000E+00
0.187574E+01  0.276430E+02  0.000000E+00
0.191823E+01  0.320868E+02  0.000000E+00
0.196065E+01  0.370561E+02  0.000000E+00
0.200301E+01  0.425959E+02  0.000000E+00
0.204531E+01  0.487537E+02  0.000000E+00
0.208756E+01  0.555800E+02  0.000000E+00
0.212974E+01  0.631284E+02  0.000000E+00
0.217188E+01  0.714556E+02  0.000000E+00
0.221397E+01  0.806214E+02  0.000000E+00
0.225602E+01  0.906891E+02  0.000000E+00
0.229802E+01  0.101725E+03  0.000000E+00
0.233999E+01  0.113801E+03  0.000000E+00
0.238191E+01  0.126990E+03  0.000000E+00
0.242380E+01  0.141370E+03  0.000000E+00
0.246566E+01  0.157023E+03  0.000000E+00
0.250749E+01  0.174035E+03  0.000000E+00
0.254929E+01  0.192497E+03  0.000000E+00
0.259106E+01  0.212503E+03  0.000000E+00
0.263281E+01  0.234153E+03  0.000000E+00
0.267453E+01  0.257551E+03  0.000000E+00
0.271623E+01  0.282805E+03  0.000000E+00
0.275792E+01  0.310029E+03  0.000000E+00
0.279958E+01  0.339342E+03  0.000000E+00
0.284122E+01  0.370868E+03  0.000000E+00
0.288285E+01  0.404736E+03  0.000000E+00
0.292446E+01  0.441082E+03  0.000000E+00
0.296605E+01  0.480046E+03  0.000000E+00
0.300763E+01  0.521774E+03  0.000000E+00
0.304920E+01  0.566420E+03  0.000000E+00
0.309075E+01  0.614142E+03  0.000000E+00
0.313229E+01  0.665105E+03  0.000000E+00
