0.105241E+01  0.576662E+00  0.316629E+02
0.110501E+01  0.113622E+01  0.000000E+00
0.115749E+01  0.169040E+01  0.000000E+00
0.120961E+01  0.224906E+01  0.000000E+00
0.126120E+01  0.282036E+01  0.000000E+00
0.131213E+01  0.341113E+01  0.000000E+00
0.136235E+01  0.402715E+01  0.000000E+00
0.141182E+01  0.467335E+01  0.000000E+00
0.146054E+01  0.535409E+01  0.000000E+00
0.150855E+01  0.607329E+01  0.000000E+00
0.155588E+01  0.683454E+01  0.000000E+00
0.160256E+01  0.764135E+01  0.000000E+00
0.164866E+01  0.849699E+01  0.000000E+00
0.169423E+01  0.940477E+01  0.000000E+00
0.173933E+01  0.103680E+02  0.000000E+00
0.178399E+01  0.113900E+02  0.000000E+00
0.182828E+01  0.124742E+02  0.000000E+00
0.187224E+01  0.136240E+02  0.000000E+00
0.191592E+01  0.148431E+02  0.000000E+00
0.195934E+01  0.161349E+02  0.000000E+00
0.200256E+01  0.175031E+02  0.000000E+00
0.204559E+01  0.189516E+02  0.000000E+00
0.208846E+01  0.204840E+02  0.000000E+00
0.213120E+01  0.221044E+02  0.000000E+00
0.217383E+01  0.238166E+02  0.000000E+00
0.221637E+01  0.256246E+02  0.000000E+00
0.225882E+01  0.275325E+02  0.000000E+00
0.230121E+01  0.295444E+02  0.000000E+00
0.234355E+01  0.316645E+02  0.000000E+00
0.238584E+01  0.338970E+02  0.000000E+00
0.242809E+01  0.362463E+02  0.000000E+00
0.247032E+01  0.387167E+02  0.000000E+00
0.251252E+01  0.413126E+02  0.000000E+00
0.255470E+01  0.440385E+02  0.000000E+00
0.259688E+01  0.468990E+02  0.000000E+00
0.263904E+01  0.498986E+02  0.000000E+00
0.268119E+01  0.530421E+02  0.000000E+00
0.272334E+01  0.563341E+02  0.000000E+00
0.276549E+01  0.597794E+02  0.000000E+00
0.280763E+01  0.633829E+02  0.000000E+00
