0.105245E+01  0.844514E+00  0.258996E+03
0.110459E+01  0.167917E+01  0.000000E+00
0.115556E+01  0.255906E+01  0.000000E+00
0.120494E+01  0.352575E+01  0.000000E+00
0.125270E+01  0.461226E+01  0.000000E+00
0.129899E+01  0.584764E+01  0.000000E+00
0.134403E+01  0.726014E+01  0.000000E+00
0.138807E+01  0.887923E+01  0.000000E+00
0.143133E+01  0.107367E+02  0.000000E+00
0.147400E+01  0.128674E+02  0.000000E+00
0.151623E+01  0.153092E+02  0.000000E+00
0.155814E+01  0.181035E+02  0.000000E+00
0.159980E+01  0.212951E+02  0.000000E+00
0.164130E+01  0.249330E+02  0.000000E+00
0.168266E+01  0.290697E+02  0.000000E+00
0.172392E+01  0.337626E+02  0.000000E+00
0.176511E+01  0.390732E+02  0.000000E+00
0.180624E+01  0.450685E+02  0.000000E+00
0.184732E+01  0.518205E+02  0.000000E+00
0.188838E+01  0.594069E+02  0.000000E+00
0.192940E+01  0.679114E+02  0.000000E+00
0.197041E+01  0.774237E+02  0.000000E+00
0.201140E+01  0.880406E+02  0.000000E+00
0.205239E+01  0.998657E+02  0.000000E+00
0.209336E+01  0.113010E+03  0.000000E+00
0.213433E+01  0.127591E+03  0.000000E+00
0.217529E+01  0.143738E+03  0.000000E+00
0.221625E+01  0.161583E+03  0.000000E+00
0.225721E+01  0.181273E+03  0.000000E+00
0.229817E+01  0.202959E+03  0.000000E+00
