0.105227E+01  0.122363E+01  0.000000E+00
0.110396E+01  0.247355E+01  0.000000E+00
0.115424E+01  0.382963E+01  0.000000E+00
0.120268E+01  0.536486E+01  0.000000E+00
0.124919E+01  0.714830E+01  0.000000E+00
0.129395E+01  0.925015E+01  0.000000E+00
0.133726E+01  0.117472E+02  0.000000E+00
0.137943E+01  0.147278E+02  0.000000E+00
0.142079E+01  0.182951E+02  0.000000E+00
0.146158E+01  0.225702E+02  0.000000E+00
0.150199E+01  0.276940E+02  0.000000E+00
0.154218E+01  0.338284E+02  0.000000E+00
0.158224E+01  0.411598E+02  0.000000E+00
0.162224E+01  0.499002E+02  0.000000E+00
0.166221E+01  0.602913E+02  0.000000E+00
0.170219E+01  0.726071E+02  0.000000E+00
0.174218E+01  0.871580E+02  0.000000E+00
0.178221E+01  0.104295E+03  0.000000E+00
0.182227E+01  0.124412E+03  0.000000E+00
0.186237E+01  0.147953E+03  0.000000E+00
