0.105219E+01  0.103078E+01  0.635372E+03
0.110370E+01  0.209861E+01  0.000000E+00
0.115387E+01  0.326389E+01  0.000000E+00
0.120238E+01  0.457949E+01  0.000000E+00
0.124923E+01  0.609480E+01  0.000000E+00
0.129454E+01  0.785988E+01  0.000000E+00
0.133855E+01  0.992894E+01  0.000000E+00
0.138149E+01  0.123632E+02  0.000000E+00
0.142361E+01  0.152330E+02  0.000000E+00
0.146509E+01  0.186197E+02  0.000000E+00
0.150612E+01  0.226172E+02  0.000000E+00
0.154681E+01  0.273327E+02  0.000000E+00
0.158727E+01  0.328893E+02  0.000000E+00
0.162757E+01  0.394265E+02  0.000000E+00
0.166777E+01  0.471029E+02  0.000000E+00
0.170791E+01  0.560979E+02  0.000000E+00
0.174800E+01  0.666138E+02  0.000000E+00
0.178808E+01  0.788787E+02  0.000000E+00
0.182816E+01  0.931483E+02  0.000000E+00
0.186825E+01  0.109709E+03  0.000000E+00
0.190835E+01  0.128883E+03  0.000000E+00
0.194848E+01  0.151023E+03  0.000000E+00
0.198862E+01  0.176531E+03  0.000000E+00
0.202879E+01  0.205846E+03  0.000000E+00
0.206899E+01  0.239457E+03  0.000000E+00
0.210921E+01  0.277905E+03  0.000000E+00
0.214946E+01  0.321786E+03  0.000000E+00
0.218973E+01  0.371756E+03  0.000000E+00
0.223002E+01  0.428536E+03  0.000000E+00
0.227033E+01  0.492906E+03  0.000000E+00
