0.105313E+01  0.125597E+01  0.307639E+01
0.110803E+01  0.230372E+01  0.188148E+01
0.116461E+01  0.318469E+01  0.000000E+00
0.122274E+01  0.393157E+01  0.000000E+00
0.128229E+01  0.457024E+01  0.000000E+00
0.134311E+01  0.512127E+01  0.000000E+00
0.140507E+01  0.560106E+01  0.000000E+00
0.146804E+01  0.602272E+01  0.000000E+00
0.153187E+01  0.639677E+01  0.000000E+00
0.159644E+01  0.673167E+01  0.000000E+00
0.166163E+01  0.703423E+01  0.000000E+00
0.172734E+01  0.731000E+01  0.000000E+00
0.179348E+01  0.756344E+01  0.000000E+00
0.185994E+01  0.779821E+01  0.000000E+00
0.192667E+01  0.801730E+01  0.000000E+00
0.199359E+01  0.822316E+01  0.000000E+00
0.206063E+01  0.841781E+01  0.000000E+00
0.212776E+01  0.860291E+01  0.000000E+00
0.219493E+01  0.877986E+01  0.000000E+00
0.226210E+01  0.894980E+01  0.000000E+00
0.232923E+01  0.911370E+01  0.000000E+00
0.239631E+01  0.927237E+01  0.000000E+00
0.246332E+01  0.942650E+01  0.000000E+00
0.253022E+01  0.957665E+01  0.000000E+00
0.259701E+01  0.972333E+01  0.000000E+00
0.266368E+01  0.986695E+01  0.000000E+00
0.273021E+01  0.100079E+02  0.000000E+00
0.279660E+01  0.101464E+02  0.000000E+00
0.286284E+01  0.102828E+02  0.000000E+00
0.292892E+01  0.104173E+02  0.000000E+00
0.299485E+01  0.105501E+02  0.000000E+00
0.306062E+01  0.106813E+02  0.000000E+00
0.312622E+01  0.108112E+02  0.000000E+00
0.319166E+01  0.109398E+02  0.000000E+00
0.325694E+01  0.110673E+02  0.000000E+00
0.332206E+01  0.111937E+02  0.000000E+00
0.338701E+01  0.113193E+02  0.000000E+00
0.345180E+01  0.114439E+02  0.000000E+00
0.351642E+01  0.115678E+02  0.000000E+00
0.358089E+01  0.116909E+02  0.000000E+00
0.364520E+01  0.118133E+02  0.000000E+00
0.370935E+01  0.119352E+02  0.000000E+00
0.377335E+01  0.120564E+02  0.000000E+00
0.383720E+01  0.121771E+02  0.000000E+00
0.390090E+01  0.122973E+02  0.000000E+00
0.396445E+01  0.124171E+02  0.000000E+00
0.402786E+01  0.125364E+02  0.000000E+00
0.409112E+01  0.126552E+02  0.000000E+00
0.415424E+01  0.127737E+02  0.000000E+00
0.421722E+01  0.128919E+02  0.000000E+00
0.428007E+01  0.130096E+02  0.000000E+00
0.434278E+01  0.131271E+02  0.000000E+00
0.440536E+01  0.132442E+02  0.000000E+00
0.446781E+01  0.133611E+02  0.000000E+00
0.453013E+01  0.134776E+02  0.000000E+00
0.459233E+01  0.135939E+02  0.000000E+00
0.465440E+01  0.137099E+02  0.000000E+00
0.471636E+01  0.138257E+02  0.000000E+00
0.477819E+01  0.139412E+02  0.000000E+00
0.483990E+01  0.140566E+02  0.000000E+00
0.490150E+01  0.141717E+02  0.000000E+00
0.496299E+01  0.142865E+02  0.000000E+00
0.502436E+01  0.144012E+02  0.000000E+00
0.508563E+01  0.145157E+02  0.000000E+00
0.514678E+01  0.146300E+02  0.000000E+00
0.520783E+01  0.147441E+02  0.000000E+00
0.526878E+01  0.148580E+02  0.000000E+00
0.532962E+01  0.149718E+02  0.000000E+00
0.539035E+01  0.150854E+02  0.000000E+00
0.545099E+01  0.151988E+02  0.000000E+00
0.551153E+01  0.153120E+02  0.000000E+00
0.557197E+01  0.154251E+02  0.000000E+00
0.563231E+01  0.155381E+02  0.000000E+00
0.569256E+01  0.156509E+02  0.000000E+00
0.575272E+01  0.157635E+02  0.000000E+00
0.581278E+01  0.158760E+02  0.000000E+00
0.587275E+01  0.159884E+02  0.000000E+00
0.593263E+01  0.161006E+02  0.000000E+00
0.599243E+01  0.162127E+02  0.000000E+00
0.605213E+01  0.163247E+02  0.000000E+00
0.611175E+01  0.164365E+02  0.000000E+00
0.617128E+01  0.165482E+02  0.000000E+00
0.623073E+01  0.166598E+02  0.000000E+00
0.629010E+01  0.167712E+02  0.000000E+00
0.634938E+01  0.168826E+02  0.000000E+00
0.640858E+01  0.169938E+02  0.000000E+00
0.646770E+01  0.171049E+02  0.000000E+00
0.652674E+01  0.172158E+02  0.000000E+00
0.658570E+01  0.173267E+02  0.000000E+00
0.664459E+01  0.174374E+02  0.000000E+00
0.670339E+01  0.175481E+02  0.000000E+00
0.676212E+01  0.176586E+02  0.000000E+00
0.682078E+01  0.177690E+02  0.000000E+00
0.687936E+01  0.178793E+02  0.000000E+00
0.693786E+01  0.179894E+02  0.000000E+00
0.699629E+01  0.180995E+02  0.000000E+00
0.705465E+01  0.182095E+02  0.000000E+00
0.711294E+01  0.183194E+02  0.000000E+00
0.717116E+01  0.184291E+02  0.000000E+00
0.722931E+01  0.185388E+02  0.000000E+00
