0.105063E+01  0.201604E+00  0.232841E+03
0.109861E+01  0.481083E+00  0.105689E+05
0.114495E+01  0.855167E+00  0.000000E+00
0.119048E+01  0.134385E+01  0.000000E+00
0.123543E+01  0.196471E+01  0.000000E+00
0.127983E+01  0.273526E+01  0.000000E+00
0.132376E+01  0.367731E+01  0.000000E+00
0.136736E+01  0.481590E+01  0.000000E+00
0.141069E+01  0.617894E+01  0.000000E+00
0.145380E+01  0.779747E+01  0.000000E+00
0.149672E+01  0.970593E+01  0.000000E+00
0.153945E+01  0.119422E+02  0.000000E+00
0.158202E+01  0.145484E+02  0.000000E+00
0.162445E+01  0.175707E+02  0.000000E+00
0.166674E+01  0.210599E+02  0.000000E+00
0.170892E+01  0.250716E+02  0.000000E+00
0.175100E+01  0.296665E+02  0.000000E+00
0.179299E+01  0.349109E+02  0.000000E+00
0.183490E+01  0.408768E+02  0.000000E+00
0.187673E+01  0.476425E+02  0.000000E+00
0.191850E+01  0.552927E+02  0.000000E+00
0.196022E+01  0.639190E+02  0.000000E+00
0.200189E+01  0.736205E+02  0.000000E+00
0.204351E+01  0.845039E+02  0.000000E+00
0.208509E+01  0.966841E+02  0.000000E+00
0.212663E+01  0.110285E+03  0.000000E+00
0.216815E+01  0.125438E+03  0.000000E+00
0.220963E+01  0.142286E+03  0.000000E+00
0.225109E+01  0.160981E+03  0.000000E+00
0.229252E+01  0.181685E+03  0.000000E+00
0.233393E+01  0.204573E+03  0.000000E+00
0.237532E+01  0.229829E+03  0.000000E+00
0.241670E+01  0.257651E+03  0.000000E+00
0.245805E+01  0.288248E+03  0.000000E+00
0.249939E+01  0.321844E+03  0.000000E+00
0.254072E+01  0.358676E+03  0.000000E+00
0.258204E+01  0.398995E+03  0.000000E+00
0.262334E+01  0.443068E+03  0.000000E+00
0.266463E+01  0.491178E+03  0.000000E+00
0.270591E+01  0.543623E+03  0.000000E+00
0.274719E+01  0.600719E+03  0.000000E+00
0.278845E+01  0.662798E+03  0.000000E+00
0.282970E+01  0.730215E+03  0.000000E+00
0.287095E+01  0.803339E+03  0.000000E+00
0.291219E+01  0.882562E+03  0.000000E+00
0.295342E+01  0.968296E+03  0.000000E+00
0.299465E+01  0.106097E+04  0.000000E+00
0.303587E+01  0.116105E+04  0.000000E+00
0.307708E+01  0.126901E+04  0.000000E+00
0.311829E+01  0.138534E+04  0.000000E+00
0.315949E+01  0.151059E+04  0.000000E+00
0.320069E+01  0.164530E+04  0.000000E+00
0.324188E+01  0.179005E+04  0.000000E+00
0.328307E+01  0.194546E+04  0.000000E+00
0.332425E+01  0.211215E+04  0.000000E+00
0.336543E+01  0.229079E+04  0.000000E+00
0.340661E+01  0.248208E+04  0.000000E+00
0.344778E+01  0.268676E+04  0.000000E+00
0.348895E+01  0.290556E+04  0.000000E+00
0.353012E+01  0.313930E+04  0.000000E+00
0.357128E+01  0.338880E+04  0.000000E+00
0.361244E+01  0.365492E+04  0.000000E+00
0.365360E+01  0.393856E+04  0.000000E+00
0.369476E+01  0.424066E+04  0.000000E+00
0.373591E+01  0.456220E+04  0.000000E+00
0.377706E+01  0.490419E+04  0.000000E+00
0.381821E+01  0.526770E+04  0.000000E+00
0.385936E+01  0.565382E+04  0.000000E+00
0.390050E+01  0.606370E+04  0.000000E+00
0.394164E+01  0.649852E+04  0.000000E+00
