0.105178E+01  0.145617E+00  0.371706E+02
0.110227E+01  0.308671E+00  0.000000E+00
0.115126E+01  0.496702E+00  0.000000E+00
0.119891E+01  0.715529E+00  0.000000E+00
0.124548E+01  0.970126E+00  0.000000E+00
0.129121E+01  0.126512E+01  0.000000E+00
0.133632E+01  0.160503E+01  0.000000E+00
0.138097E+01  0.199434E+01  0.000000E+00
0.142527E+01  0.243757E+01  0.000000E+00
0.146932E+01  0.293928E+01  0.000000E+00
0.151317E+01  0.350411E+01  0.000000E+00
0.155686E+01  0.413674E+01  0.000000E+00
0.160044E+01  0.484200E+01  0.000000E+00
0.164391E+01  0.562480E+01  0.000000E+00
0.168729E+01  0.649020E+01  0.000000E+00
0.173060E+01  0.744340E+01  0.000000E+00
0.177384E+01  0.848975E+01  0.000000E+00
0.181703E+01  0.963476E+01  0.000000E+00
0.186016E+01  0.108841E+02  0.000000E+00
0.190324E+01  0.122436E+02  0.000000E+00
0.194628E+01  0.137194E+02  0.000000E+00
0.198927E+01  0.153174E+02  0.000000E+00
0.203222E+01  0.170443E+02  0.000000E+00
0.207514E+01  0.189064E+02  0.000000E+00
0.211801E+01  0.209107E+02  0.000000E+00
0.216086E+01  0.230639E+02  0.000000E+00
0.220367E+01  0.253733E+02  0.000000E+00
0.224645E+01  0.278461E+02  0.000000E+00
0.228920E+01  0.304900E+02  0.000000E+00
0.233192E+01  0.333125E+02  0.000000E+00
