0.105248E+01  0.436519E+00  0.126228E+03
0.110475E+01  0.864529E+00  0.000000E+00
0.115593E+01  0.131164E+01  0.000000E+00
0.120550E+01  0.180018E+01  0.000000E+00
0.125335E+01  0.234833E+01  0.000000E+00
0.129959E+01  0.297192E+01  0.000000E+00
0.134448E+01  0.368606E+01  0.000000E+00
0.138830E+01  0.450627E+01  0.000000E+00
0.143130E+01  0.544919E+01  0.000000E+00
0.147372E+01  0.653281E+01  0.000000E+00
0.151574E+01  0.777655E+01  0.000000E+00
0.155749E+01  0.920131E+01  0.000000E+00
0.159906E+01  0.108293E+02  0.000000E+00
0.164053E+01  0.126842E+02  0.000000E+00
0.168194E+01  0.147910E+02  0.000000E+00
0.172332E+01  0.171762E+02  0.000000E+00
0.176467E+01  0.198681E+02  0.000000E+00
0.180602E+01  0.228964E+02  0.000000E+00
0.184737E+01  0.262928E+02  0.000000E+00
0.188873E+01  0.300908E+02  0.000000E+00
0.193010E+01  0.343259E+02  0.000000E+00
0.197147E+01  0.390354E+02  0.000000E+00
0.201285E+01  0.442590E+02  0.000000E+00
0.205424E+01  0.500387E+02  0.000000E+00
0.209564E+01  0.564184E+02  0.000000E+00
0.213705E+01  0.634448E+02  0.000000E+00
0.217847E+01  0.711668E+02  0.000000E+00
0.221989E+01  0.796359E+02  0.000000E+00
0.226132E+01  0.889062E+02  0.000000E+00
0.230275E+01  0.990347E+02  0.000000E+00
0.234419E+01  0.110081E+03  0.000000E+00
0.238563E+01  0.122107E+03  0.000000E+00
0.242708E+01  0.135180E+03  0.000000E+00
0.246853E+01  0.149366E+03  0.000000E+00
0.250998E+01  0.164738E+03  0.000000E+00
0.255144E+01  0.181371E+03  0.000000E+00
0.259286E+01  0.199328E+03  0.000000E+00
0.263430E+01  0.218709E+03  0.000000E+00
0.267574E+01  0.239590E+03  0.000000E+00
0.271717E+01  0.262062E+03  0.000000E+00
0.275861E+01  0.286217E+03  0.000000E+00
0.280004E+01  0.312148E+03  0.000000E+00
0.284147E+01  0.339957E+03  0.000000E+00
0.288290E+01  0.369744E+03  0.000000E+00
0.292433E+01  0.401618E+03  0.000000E+00
0.296575E+01  0.435688E+03  0.000000E+00
0.300717E+01  0.472071E+03  0.000000E+00
0.304859E+01  0.510885E+03  0.000000E+00
0.309000E+01  0.552250E+03  0.000000E+00
0.313140E+01  0.596290E+03  0.000000E+00
