0.105240E+01  0.191205E+01  0.480507E+03
0.110468E+01  0.379640E+01  0.000000E+00
0.115623E+01  0.573526E+01  0.000000E+00
0.120663E+01  0.779875E+01  0.000000E+00
0.125566E+01  0.100474E+02  0.000000E+00
0.130328E+01  0.125356E+02  0.000000E+00
0.134955E+01  0.153152E+02  0.000000E+00
0.139459E+01  0.184383E+02  0.000000E+00
0.143857E+01  0.219600E+02  0.000000E+00
0.148166E+01  0.259404E+02  0.000000E+00
0.152403E+01  0.304455E+02  0.000000E+00
0.156583E+01  0.355495E+02  0.000000E+00
0.160718E+01  0.413338E+02  0.000000E+00
0.164820E+01  0.478891E+02  0.000000E+00
0.168896E+01  0.553150E+02  0.000000E+00
0.172954E+01  0.637208E+02  0.000000E+00
0.176998E+01  0.732264E+02  0.000000E+00
0.181033E+01  0.839630E+02  0.000000E+00
0.185061E+01  0.960739E+02  0.000000E+00
0.189085E+01  0.109715E+03  0.000000E+00
0.193106E+01  0.125058E+03  0.000000E+00
0.197127E+01  0.142286E+03  0.000000E+00
0.201147E+01  0.161603E+03  0.000000E+00
0.205167E+01  0.183225E+03  0.000000E+00
0.209188E+01  0.207391E+03  0.000000E+00
0.213211E+01  0.234356E+03  0.000000E+00
0.217235E+01  0.264398E+03  0.000000E+00
0.221261E+01  0.297818E+03  0.000000E+00
0.225289E+01  0.334937E+03  0.000000E+00
0.229319E+01  0.376104E+03  0.000000E+00
