0.105213E+01  0.123688E+01  0.152909E+04
0.110327E+01  0.254611E+01  0.000000E+00
0.115264E+01  0.402474E+01  0.000000E+00
0.120002E+01  0.575812E+01  0.000000E+00
0.124556E+01  0.782913E+01  0.000000E+00
0.128956E+01  0.103268E+02  0.000000E+00
0.133237E+01  0.133531E+02  0.000000E+00
0.137430E+01  0.170277E+02  0.000000E+00
0.141561E+01  0.214920E+02  0.000000E+00
0.145649E+01  0.269121E+02  0.000000E+00
0.149707E+01  0.334823E+02  0.000000E+00
0.153747E+01  0.414276E+02  0.000000E+00
0.157773E+01  0.510109E+02  0.000000E+00
0.161792E+01  0.625350E+02  0.000000E+00
0.165805E+01  0.763500E+02  0.000000E+00
0.169815E+01  0.928585E+02  0.000000E+00
0.173824E+01  0.112523E+03  0.000000E+00
0.177833E+01  0.135871E+03  0.000000E+00
0.181842E+01  0.163508E+03  0.000000E+00
0.185853E+01  0.196120E+03  0.000000E+00
0.189864E+01  0.234490E+03  0.000000E+00
0.193877E+01  0.279497E+03  0.000000E+00
0.197891E+01  0.332143E+03  0.000000E+00
0.201907E+01  0.393553E+03  0.000000E+00
0.205925E+01  0.464991E+03  0.000000E+00
0.209945E+01  0.547877E+03  0.000000E+00
0.213965E+01  0.643801E+03  0.000000E+00
0.217988E+01  0.754533E+03  0.000000E+00
0.222010E+01  0.882031E+03  0.000000E+00
0.226034E+01  0.102849E+04  0.000000E+00
