0.105303E+01  0.152663E+01  0.107809E+03
0.110682E+01  0.287373E+01  0.138354E+04
0.116031E+01  0.415600E+01  0.000000E+00
0.121283E+01  0.544490E+01  0.000000E+00
0.126409E+01  0.678513E+01  0.000000E+00
0.131402E+01  0.820606E+01  0.000000E+00
0.136269E+01  0.972886E+01  0.000000E+00
0.141025E+01  0.113705E+02  0.000000E+00
0.145684E+01  0.131461E+02  0.000000E+00
0.150261E+01  0.150700E+02  0.000000E+00
0.154769E+01  0.171565E+02  0.000000E+00
0.159223E+01  0.194203E+02  0.000000E+00
0.163631E+01  0.218762E+02  0.000000E+00
0.168003E+01  0.245396E+02  0.000000E+00
0.172345E+01  0.274264E+02  0.000000E+00
0.176664E+01  0.305528E+02  0.000000E+00
0.180965E+01  0.339356E+02  0.000000E+00
0.185249E+01  0.375920E+02  0.000000E+00
0.189522E+01  0.415398E+02  0.000000E+00
0.193784E+01  0.457974E+02  0.000000E+00
0.198038E+01  0.503836E+02  0.000000E+00
0.202286E+01  0.553180E+02  0.000000E+00
0.206527E+01  0.606207E+02  0.000000E+00
0.210764E+01  0.663125E+02  0.000000E+00
0.214997E+01  0.724149E+02  0.000000E+00
0.219226E+01  0.789500E+02  0.000000E+00
0.223453E+01  0.859409E+02  0.000000E+00
0.227677E+01  0.934109E+02  0.000000E+00
0.231899E+01  0.101385E+03  0.000000E+00
0.236119E+01  0.109887E+03  0.000000E+00
0.240338E+01  0.118944E+03  0.000000E+00
0.244556E+01  0.128582E+03  0.000000E+00
0.248772E+01  0.138829E+03  0.000000E+00
0.252987E+01  0.149713E+03  0.000000E+00
0.257201E+01  0.161263E+03  0.000000E+00
0.261415E+01  0.173509E+03  0.000000E+00
0.265627E+01  0.186482E+03  0.000000E+00
0.269839E+01  0.200213E+03  0.000000E+00
0.274050E+01  0.214735E+03  0.000000E+00
0.278261E+01  0.230082E+03  0.000000E+00
0.282471E+01  0.246287E+03  0.000000E+00
0.286681E+01  0.263386E+03  0.000000E+00
0.290890E+01  0.281415E+03  0.000000E+00
0.295099E+01  0.300411E+03  0.000000E+00
0.299308E+01  0.320412E+03  0.000000E+00
0.303516E+01  0.341458E+03  0.000000E+00
0.307724E+01  0.363586E+03  0.000000E+00
0.311931E+01  0.386840E+03  0.000000E+00
0.316138E+01  0.411261E+03  0.000000E+00
0.320345E+01  0.436890E+03  0.000000E+00
0.324552E+01  0.463773E+03  0.000000E+00
0.328759E+01  0.491955E+03  0.000000E+00
0.332965E+01  0.521480E+03  0.000000E+00
0.337171E+01  0.552397E+03  0.000000E+00
0.341376E+01  0.584752E+03  0.000000E+00
0.345582E+01  0.618596E+03  0.000000E+00
0.349787E+01  0.653978E+03  0.000000E+00
0.353992E+01  0.690949E+03  0.000000E+00
0.358197E+01  0.729562E+03  0.000000E+00
0.362402E+01  0.769870E+03  0.000000E+00
0.366606E+01  0.811927E+03  0.000000E+00
0.370811E+01  0.855790E+03  0.000000E+00
0.375015E+01  0.901515E+03  0.000000E+00
0.379219E+01  0.949159E+03  0.000000E+00
0.383423E+01  0.998783E+03  0.000000E+00
0.387626E+01  0.105045E+04  0.000000E+00
0.391830E+01  0.110421E+04  0.000000E+00
0.396033E+01  0.116013E+04  0.000000E+00
0.400236E+01  0.121829E+04  0.000000E+00
0.404440E+01  0.127873E+04  0.000000E+00
0.408642E+01  0.134153E+04  0.000000E+00
0.412845E+01  0.140676E+04  0.000000E+00
0.417048E+01  0.147448E+04  0.000000E+00
0.421250E+01  0.154477E+04  0.000000E+00
0.425453E+01  0.161769E+04  0.000000E+00
0.429655E+01  0.169332E+04  0.000000E+00
0.433857E+01  0.177173E+04  0.000000E+00
0.438059E+01  0.185299E+04  0.000000E+00
0.442260E+01  0.193719E+04  0.000000E+00
0.446462E+01  0.202440E+04  0.000000E+00
0.450664E+01  0.211469E+04  0.000000E+00
0.454865E+01  0.220816E+04  0.000000E+00
0.459066E+01  0.230487E+04  0.000000E+00
0.463267E+01  0.240492E+04  0.000000E+00
0.467468E+01  0.250839E+04  0.000000E+00
0.471669E+01  0.261536E+04  0.000000E+00
0.475870E+01  0.272591E+04  0.000000E+00
0.480071E+01  0.284015E+04  0.000000E+00
0.484271E+01  0.295816E+04  0.000000E+00
0.488472E+01  0.308002E+04  0.000000E+00
