0.105317E+01  0.101930E+01  0.746564E+02
0.110778E+01  0.187851E+01  0.316536E+04
0.116302E+01  0.264147E+01  0.000000E+00
0.121807E+01  0.335628E+01  0.000000E+00
0.127226E+01  0.405865E+01  0.000000E+00
0.132511E+01  0.477489E+01  0.000000E+00
0.137634E+01  0.552454E+01  0.000000E+00
0.142585E+01  0.632255E+01  0.000000E+00
0.147364E+01  0.718104E+01  0.000000E+00
0.151981E+01  0.811061E+01  0.000000E+00
0.156451E+01  0.912126E+01  0.000000E+00
0.160789E+01  0.102235E+02  0.000000E+00
0.165015E+01  0.114286E+02  0.000000E+00
0.169149E+01  0.127490E+02  0.000000E+00
0.173209E+01  0.141991E+02  0.000000E+00
0.177211E+01  0.157950E+02  0.000000E+00
0.181172E+01  0.175545E+02  0.000000E+00
0.185105E+01  0.194977E+02  0.000000E+00
0.189019E+01  0.216460E+02  0.000000E+00
0.192922E+01  0.240231E+02  0.000000E+00
0.196822E+01  0.266543E+02  0.000000E+00
0.200724E+01  0.295666E+02  0.000000E+00
0.204629E+01  0.327894E+02  0.000000E+00
0.208540E+01  0.363538E+02  0.000000E+00
0.212459E+01  0.402930E+02  0.000000E+00
0.216387E+01  0.446426E+02  0.000000E+00
0.220324E+01  0.494408E+02  0.000000E+00
0.224269E+01  0.547282E+02  0.000000E+00
0.228224E+01  0.605479E+02  0.000000E+00
0.232187E+01  0.669461E+02  0.000000E+00
0.236158E+01  0.739721E+02  0.000000E+00
0.240136E+01  0.816777E+02  0.000000E+00
0.244122E+01  0.901188E+02  0.000000E+00
0.248115E+01  0.993543E+02  0.000000E+00
0.252114E+01  0.109447E+03  0.000000E+00
0.256119E+01  0.120463E+03  0.000000E+00
0.260130E+01  0.132473E+03  0.000000E+00
0.264145E+01  0.145551E+03  0.000000E+00
0.268166E+01  0.159776E+03  0.000000E+00
0.272191E+01  0.175232E+03  0.000000E+00
0.276220E+01  0.192007E+03  0.000000E+00
0.280252E+01  0.210193E+03  0.000000E+00
0.284289E+01  0.229889E+03  0.000000E+00
0.288329E+01  0.251197E+03  0.000000E+00
0.292372E+01  0.274227E+03  0.000000E+00
0.296418E+01  0.299093E+03  0.000000E+00
0.300467E+01  0.325915E+03  0.000000E+00
0.304518E+01  0.354820E+03  0.000000E+00
0.308572E+01  0.385940E+03  0.000000E+00
0.312629E+01  0.419415E+03  0.000000E+00
0.316687E+01  0.455390E+03  0.000000E+00
0.320748E+01  0.494018E+03  0.000000E+00
0.324809E+01  0.535468E+03  0.000000E+00
0.328872E+01  0.579871E+03  0.000000E+00
0.332937E+01  0.627421E+03  0.000000E+00
0.337003E+01  0.678323E+03  0.000000E+00
0.341071E+01  0.732756E+03  0.000000E+00
0.345141E+01  0.790919E+03  0.000000E+00
0.349212E+01  0.853021E+03  0.000000E+00
0.353284E+01  0.919282E+03  0.000000E+00
0.357357E+01  0.989927E+03  0.000000E+00
0.361432E+01  0.106519E+04  0.000000E+00
0.365508E+01  0.114533E+04  0.000000E+00
0.369585E+01  0.123059E+04  0.000000E+00
0.373663E+01  0.132124E+04  0.000000E+00
0.377742E+01  0.141756E+04  0.000000E+00
0.381822E+01  0.151985E+04  0.000000E+00
0.385903E+01  0.162839E+04  0.000000E+00
0.389985E+01  0.174350E+04  0.000000E+00
0.394067E+01  0.186551E+04  0.000000E+00
0.398150E+01  0.199476E+04  0.000000E+00
0.402234E+01  0.213159E+04  0.000000E+00
0.406318E+01  0.227637E+04  0.000000E+00
0.410404E+01  0.242946E+04  0.000000E+00
0.414490E+01  0.259128E+04  0.000000E+00
0.418576E+01  0.276220E+04  0.000000E+00
0.422663E+01  0.294267E+04  0.000000E+00
0.426751E+01  0.313310E+04  0.000000E+00
0.430839E+01  0.333395E+04  0.000000E+00
0.434927E+01  0.354568E+04  0.000000E+00
0.439016E+01  0.376877E+04  0.000000E+00
0.443106E+01  0.400372E+04  0.000000E+00
0.447196E+01  0.425105E+04  0.000000E+00
0.451286E+01  0.451128E+04  0.000000E+00
0.455377E+01  0.478495E+04  0.000000E+00
0.459468E+01  0.507265E+04  0.000000E+00
0.463560E+01  0.537495E+04  0.000000E+00
0.467652E+01  0.569245E+04  0.000000E+00
0.471744E+01  0.602579E+04  0.000000E+00
0.475837E+01  0.637559E+04  0.000000E+00
0.479930E+01  0.674254E+04  0.000000E+00
0.484023E+01  0.712730E+04  0.000000E+00
0.488117E+01  0.753058E+04  0.000000E+00
0.492210E+01  0.795312E+04  0.000000E+00
0.496305E+01  0.839566E+04  0.000000E+00
0.500399E+01  0.885896E+04  0.000000E+00
0.504494E+01  0.934383E+04  0.000000E+00
0.508588E+01  0.985109E+04  0.000000E+00
0.512683E+01  0.103816E+05  0.000000E+00
0.516779E+01  0.109361E+05  0.000000E+00
