0.105280E+01  0.915428E+00  0.949728E+01
0.110665E+01  0.173328E+01  0.293868E+02
0.116135E+01  0.247391E+01  0.000000E+00
0.121670E+01  0.315336E+01  0.000000E+00
0.127255E+01  0.378437E+01  0.000000E+00
0.132874E+01  0.437718E+01  0.000000E+00
0.138511E+01  0.494008E+01  0.000000E+00
0.144156E+01  0.547986E+01  0.000000E+00
0.149795E+01  0.600210E+01  0.000000E+00
0.155421E+01  0.651144E+01  0.000000E+00
0.161024E+01  0.701173E+01  0.000000E+00
0.166597E+01  0.750622E+01  0.000000E+00
0.172136E+01  0.799761E+01  0.000000E+00
0.177634E+01  0.848821E+01  0.000000E+00
0.183089E+01  0.897996E+01  0.000000E+00
0.188497E+01  0.947453E+01  0.000000E+00
0.193857E+01  0.997334E+01  0.000000E+00
0.199166E+01  0.104776E+02  0.000000E+00
0.204425E+01  0.109884E+02  0.000000E+00
0.209632E+01  0.115066E+02  0.000000E+00
0.214788E+01  0.120330E+02  0.000000E+00
0.219893E+01  0.125684E+02  0.000000E+00
0.224947E+01  0.131133E+02  0.000000E+00
0.229951E+01  0.136683E+02  0.000000E+00
0.234906E+01  0.142339E+02  0.000000E+00
0.239814E+01  0.148106E+02  0.000000E+00
0.244676E+01  0.153987E+02  0.000000E+00
0.249494E+01  0.159988E+02  0.000000E+00
0.254268E+01  0.166111E+02  0.000000E+00
0.259001E+01  0.172360E+02  0.000000E+00
0.263693E+01  0.178739E+02  0.000000E+00
0.268348E+01  0.185251E+02  0.000000E+00
0.272966E+01  0.191900E+02  0.000000E+00
0.277550E+01  0.198690E+02  0.000000E+00
0.282101E+01  0.205623E+02  0.000000E+00
0.286621E+01  0.212703E+02  0.000000E+00
0.291112E+01  0.219934E+02  0.000000E+00
0.295576E+01  0.227319E+02  0.000000E+00
0.300014E+01  0.234862E+02  0.000000E+00
0.304428E+01  0.242568E+02  0.000000E+00
0.308819E+01  0.250440E+02  0.000000E+00
0.313190E+01  0.258481E+02  0.000000E+00
0.317542E+01  0.266697E+02  0.000000E+00
0.321876E+01  0.275091E+02  0.000000E+00
0.326194E+01  0.283667E+02  0.000000E+00
0.330497E+01  0.292430E+02  0.000000E+00
0.334787E+01  0.301384E+02  0.000000E+00
0.339065E+01  0.310533E+02  0.000000E+00
0.343331E+01  0.319881E+02  0.000000E+00
0.347588E+01  0.329434E+02  0.000000E+00
0.351836E+01  0.339195E+02  0.000000E+00
0.356076E+01  0.349169E+02  0.000000E+00
0.360308E+01  0.359360E+02  0.000000E+00
0.364535E+01  0.369772E+02  0.000000E+00
0.368756E+01  0.380411E+02  0.000000E+00
0.372973E+01  0.391281E+02  0.000000E+00
0.377185E+01  0.402385E+02  0.000000E+00
0.381394E+01  0.413728E+02  0.000000E+00
0.385600E+01  0.425315E+02  0.000000E+00
0.389804E+01  0.437150E+02  0.000000E+00
0.394006E+01  0.449237E+02  0.000000E+00
0.398206E+01  0.461581E+02  0.000000E+00
0.402406E+01  0.474185E+02  0.000000E+00
0.406604E+01  0.487055E+02  0.000000E+00
0.410802E+01  0.500194E+02  0.000000E+00
0.415000E+01  0.513606E+02  0.000000E+00
0.419198E+01  0.527296E+02  0.000000E+00
0.423397E+01  0.541268E+02  0.000000E+00
0.427596E+01  0.555525E+02  0.000000E+00
0.431796E+01  0.570073E+02  0.000000E+00
0.435996E+01  0.584915E+02  0.000000E+00
0.440198E+01  0.600055E+02  0.000000E+00
0.444401E+01  0.615497E+02  0.000000E+00
0.448605E+01  0.631245E+02  0.000000E+00
0.452810E+01  0.647304E+02  0.000000E+00
0.457017E+01  0.663678E+02  0.000000E+00
0.461226E+01  0.680370E+02  0.000000E+00
0.465436E+01  0.697384E+02  0.000000E+00
0.469648E+01  0.714724E+02  0.000000E+00
0.473861E+01  0.732395E+02  0.000000E+00
0.478076E+01  0.750401E+02  0.000000E+00
0.482293E+01  0.768744E+02  0.000000E+00
0.486512E+01  0.787430E+02  0.000000E+00
0.490732E+01  0.806462E+02  0.000000E+00
0.494954E+01  0.825844E+02  0.000000E+00
0.499178E+01  0.845579E+02  0.000000E+00
0.503404E+01  0.865673E+02  0.000000E+00
0.507632E+01  0.886128E+02  0.000000E+00
0.511861E+01  0.906949E+02  0.000000E+00
0.516092E+01  0.928140E+02  0.000000E+00
0.520325E+01  0.949704E+02  0.000000E+00
0.524560E+01  0.971645E+02  0.000000E+00
0.528796E+01  0.993967E+02  0.000000E+00
0.533035E+01  0.101667E+03  0.000000E+00
0.537274E+01  0.103977E+03  0.000000E+00
0.541516E+01  0.106326E+03  0.000000E+00
0.545759E+01  0.108715E+03  0.000000E+00
0.550004E+01  0.111143E+03  0.000000E+00
0.554251E+01  0.113612E+03  0.000000E+00
0.558499E+01  0.116122E+03  0.000000E+00
