0.105297E+01  0.784591E+00  0.173926E+03
0.110693E+01  0.147400E+01  0.000000E+00
0.116096E+01  0.211585E+01  0.000000E+00
0.121409E+01  0.275090E+01  0.000000E+00
0.126557E+01  0.341295E+01  0.000000E+00
0.131497E+01  0.412934E+01  0.000000E+00
0.136215E+01  0.492247E+01  0.000000E+00
0.140724E+01  0.581195E+01  0.000000E+00
0.145047E+01  0.681689E+01  0.000000E+00
0.149218E+01  0.795801E+01  0.000000E+00
0.153272E+01  0.925920E+01  0.000000E+00
0.157243E+01  0.107491E+02  0.000000E+00
0.161160E+01  0.124607E+02  0.000000E+00
0.165048E+01  0.144328E+02  0.000000E+00
0.168924E+01  0.167086E+02  0.000000E+00
0.172802E+01  0.193365E+02  0.000000E+00
0.176687E+01  0.223697E+02  0.000000E+00
0.180585E+01  0.258663E+02  0.000000E+00
0.184497E+01  0.298901E+02  0.000000E+00
0.188424E+01  0.345107E+02  0.000000E+00
0.192365E+01  0.398042E+02  0.000000E+00
0.196318E+01  0.458539E+02  0.000000E+00
0.200284E+01  0.527507E+02  0.000000E+00
0.204260E+01  0.605939E+02  0.000000E+00
0.208245E+01  0.694917E+02  0.000000E+00
0.212239E+01  0.795620E+02  0.000000E+00
0.216241E+01  0.909331E+02  0.000000E+00
0.220249E+01  0.103744E+03  0.000000E+00
0.224263E+01  0.118147E+03  0.000000E+00
0.228283E+01  0.134305E+03  0.000000E+00
0.232308E+01  0.152396E+03  0.000000E+00
0.236338E+01  0.172610E+03  0.000000E+00
0.240372E+01  0.195155E+03  0.000000E+00
0.244409E+01  0.220254E+03  0.000000E+00
0.248450E+01  0.248145E+03  0.000000E+00
0.252494E+01  0.279087E+03  0.000000E+00
0.256542E+01  0.313355E+03  0.000000E+00
0.260591E+01  0.351246E+03  0.000000E+00
0.264644E+01  0.393075E+03  0.000000E+00
0.268697E+01  0.439172E+03  0.000000E+00
