0.105249E+01  0.169153E+00  0.102670E+03
0.110393E+01  0.341413E+00  0.510220E+04
0.115304E+01  0.537532E+00  0.000000E+00
0.119984E+01  0.771475E+00  0.000000E+00
0.124486E+01  0.105452E+01  0.000000E+00
0.128870E+01  0.139772E+01  0.000000E+00
0.133180E+01  0.181277E+01  0.000000E+00
0.137447E+01  0.231226E+01  0.000000E+00
0.141689E+01  0.290969E+01  0.000000E+00
0.145915E+01  0.361958E+01  0.000000E+00
0.150130E+01  0.445763E+01  0.000000E+00
0.154336E+01  0.544080E+01  0.000000E+00
0.158535E+01  0.658769E+01  0.000000E+00
0.162727E+01  0.791850E+01  0.000000E+00
0.166912E+01  0.945531E+01  0.000000E+00
0.171091E+01  0.112222E+02  0.000000E+00
0.175264E+01  0.132453E+02  0.000000E+00
0.179431E+01  0.155533E+02  0.000000E+00
0.183593E+01  0.181771E+02  0.000000E+00
0.187749E+01  0.211505E+02  0.000000E+00
0.191900E+01  0.245097E+02  0.000000E+00
0.196046E+01  0.282942E+02  0.000000E+00
0.200188E+01  0.325466E+02  0.000000E+00
0.204326E+01  0.373128E+02  0.000000E+00
0.208460E+01  0.426419E+02  0.000000E+00
0.212590E+01  0.485872E+02  0.000000E+00
0.216718E+01  0.552056E+02  0.000000E+00
0.220843E+01  0.625579E+02  0.000000E+00
0.224965E+01  0.707096E+02  0.000000E+00
0.229085E+01  0.797305E+02  0.000000E+00
0.233202E+01  0.896951E+02  0.000000E+00
0.237318E+01  0.100683E+03  0.000000E+00
0.241432E+01  0.112778E+03  0.000000E+00
0.245545E+01  0.126072E+03  0.000000E+00
0.249656E+01  0.140659E+03  0.000000E+00
0.253766E+01  0.156641E+03  0.000000E+00
0.257875E+01  0.174127E+03  0.000000E+00
0.261982E+01  0.193230E+03  0.000000E+00
0.266089E+01  0.214071E+03  0.000000E+00
0.270195E+01  0.236779E+03  0.000000E+00
0.274301E+01  0.261502E+03  0.000000E+00
0.278405E+01  0.288338E+03  0.000000E+00
0.282508E+01  0.317481E+03  0.000000E+00
0.286611E+01  0.349076E+03  0.000000E+00
0.290713E+01  0.383292E+03  0.000000E+00
0.294815E+01  0.420305E+03  0.000000E+00
0.298917E+01  0.460299E+03  0.000000E+00
0.303018E+01  0.503470E+03  0.000000E+00
0.307119E+01  0.550023E+03  0.000000E+00
0.311220E+01  0.600171E+03  0.000000E+00
0.315320E+01  0.654141E+03  0.000000E+00
0.319421E+01  0.712168E+03  0.000000E+00
0.323521E+01  0.774500E+03  0.000000E+00
0.327621E+01  0.841388E+03  0.000000E+00
0.331721E+01  0.913102E+03  0.000000E+00
0.335820E+01  0.989958E+03  0.000000E+00
0.339918E+01  0.107219E+04  0.000000E+00
0.344017E+01  0.116015E+04  0.000000E+00
0.348116E+01  0.125419E+04  0.000000E+00
0.352215E+01  0.135460E+04  0.000000E+00
0.356313E+01  0.146174E+04  0.000000E+00
0.360412E+01  0.157599E+04  0.000000E+00
0.364511E+01  0.169773E+04  0.000000E+00
0.368610E+01  0.182735E+04  0.000000E+00
0.372709E+01  0.196527E+04  0.000000E+00
0.376808E+01  0.211193E+04  0.000000E+00
0.380907E+01  0.226777E+04  0.000000E+00
0.385006E+01  0.243326E+04  0.000000E+00
0.389105E+01  0.260889E+04  0.000000E+00
0.393204E+01  0.279517E+04  0.000000E+00
0.397303E+01  0.299261E+04  0.000000E+00
0.401402E+01  0.320176E+04  0.000000E+00
0.405502E+01  0.342318E+04  0.000000E+00
0.409601E+01  0.365747E+04  0.000000E+00
0.413700E+01  0.390523E+04  0.000000E+00
0.417800E+01  0.416709E+04  0.000000E+00
0.421899E+01  0.444369E+04  0.000000E+00
0.425999E+01  0.473574E+04  0.000000E+00
0.430098E+01  0.504391E+04  0.000000E+00
0.434198E+01  0.536893E+04  0.000000E+00
0.438298E+01  0.571156E+04  0.000000E+00
0.442398E+01  0.607257E+04  0.000000E+00
0.446498E+01  0.645276E+04  0.000000E+00
0.450598E+01  0.685296E+04  0.000000E+00
0.454698E+01  0.727403E+04  0.000000E+00
0.458798E+01  0.771686E+04  0.000000E+00
0.462898E+01  0.818237E+04  0.000000E+00
0.466998E+01  0.867149E+04  0.000000E+00
0.471098E+01  0.918520E+04  0.000000E+00
0.475199E+01  0.972451E+04  0.000000E+00
0.479299E+01  0.102905E+05  0.000000E+00
0.483400E+01  0.108841E+05  0.000000E+00
0.487500E+01  0.115066E+05  0.000000E+00
0.491601E+01  0.121590E+05  0.000000E+00
0.495702E+01  0.128426E+05  0.000000E+00
0.499802E+01  0.135585E+05  0.000000E+00
0.503903E+01  0.143079E+05  0.000000E+00
0.508004E+01  0.150923E+05  0.000000E+00
0.512105E+01  0.159128E+05  0.000000E+00
0.516206E+01  0.167709E+05  0.000000E+00
