0.105229E+01  0.112329E+00  0.617123E+02
0.110341E+01  0.230075E+00  0.000000E+00
0.115242E+01  0.365038E+00  0.000000E+00
0.119940E+01  0.525396E+00  0.000000E+00
0.124477E+01  0.718024E+00  0.000000E+00
0.128902E+01  0.949719E+00  0.000000E+00
0.133251E+01  0.122767E+01  0.000000E+00
0.137551E+01  0.155962E+01  0.000000E+00
0.141820E+01  0.195388E+01  0.000000E+00
0.146067E+01  0.241938E+01  0.000000E+00
0.150301E+01  0.296573E+01  0.000000E+00
0.154525E+01  0.360320E+01  0.000000E+00
0.158742E+01  0.434297E+01  0.000000E+00
0.162953E+01  0.519698E+01  0.000000E+00
0.167161E+01  0.617809E+01  0.000000E+00
0.171364E+01  0.730009E+01  0.000000E+00
0.175565E+01  0.857782E+01  0.000000E+00
0.179763E+01  0.100271E+02  0.000000E+00
0.183959E+01  0.116649E+02  0.000000E+00
0.188153E+01  0.135094E+02  0.000000E+00
0.192345E+01  0.155798E+02  0.000000E+00
0.196535E+01  0.178966E+02  0.000000E+00
0.200724E+01  0.204817E+02  0.000000E+00
0.204912E+01  0.233582E+02  0.000000E+00
0.209098E+01  0.265506E+02  0.000000E+00
0.213283E+01  0.300850E+02  0.000000E+00
0.217467E+01  0.339888E+02  0.000000E+00
0.221650E+01  0.382909E+02  0.000000E+00
0.225832E+01  0.430219E+02  0.000000E+00
0.230013E+01  0.482142E+02  0.000000E+00
0.234193E+01  0.539015E+02  0.000000E+00
0.238372E+01  0.601194E+02  0.000000E+00
0.242550E+01  0.669054E+02  0.000000E+00
0.246728E+01  0.742988E+02  0.000000E+00
0.250904E+01  0.823408E+02  0.000000E+00
0.255081E+01  0.910746E+02  0.000000E+00
0.259256E+01  0.100545E+03  0.000000E+00
0.263431E+01  0.110800E+03  0.000000E+00
0.267605E+01  0.121888E+03  0.000000E+00
0.271778E+01  0.133861E+03  0.000000E+00
0.275951E+01  0.146773E+03  0.000000E+00
0.280123E+01  0.160680E+03  0.000000E+00
0.284295E+01  0.175639E+03  0.000000E+00
0.288466E+01  0.191713E+03  0.000000E+00
0.292636E+01  0.208965E+03  0.000000E+00
0.296806E+01  0.227460E+03  0.000000E+00
0.300976E+01  0.247266E+03  0.000000E+00
0.305145E+01  0.268456E+03  0.000000E+00
0.309314E+01  0.291102E+03  0.000000E+00
0.313482E+01  0.315282E+03  0.000000E+00
0.317649E+01  0.341075E+03  0.000000E+00
0.321816E+01  0.368562E+03  0.000000E+00
0.325983E+01  0.397831E+03  0.000000E+00
0.330149E+01  0.428970E+03  0.000000E+00
0.334315E+01  0.462069E+03  0.000000E+00
0.338480E+01  0.497224E+03  0.000000E+00
0.342645E+01  0.534534E+03  0.000000E+00
0.346810E+01  0.574098E+03  0.000000E+00
0.350974E+01  0.616023E+03  0.000000E+00
0.355139E+01  0.660417E+03  0.000000E+00
