0.105319E+01  0.687246E+00  0.927266E+01
0.110799E+01  0.126103E+01  0.240306E+02
0.116383E+01  0.175832E+01  0.000000E+00
0.122019E+01  0.220547E+01  0.000000E+00
0.127663E+01  0.262084E+01  0.000000E+00
0.133283E+01  0.301709E+01  0.000000E+00
0.138856E+01  0.340286E+01  0.000000E+00
0.144370E+01  0.378406E+01  0.000000E+00
0.149818E+01  0.416473E+01  0.000000E+00
0.155199E+01  0.454769E+01  0.000000E+00
0.160513E+01  0.493495E+01  0.000000E+00
0.165761E+01  0.532796E+01  0.000000E+00
0.170946E+01  0.572778E+01  0.000000E+00
0.176073E+01  0.613523E+01  0.000000E+00
0.181145E+01  0.655096E+01  0.000000E+00
0.186165E+01  0.697550E+01  0.000000E+00
0.191138E+01  0.740929E+01  0.000000E+00
0.196068E+01  0.785271E+01  0.000000E+00
0.200958E+01  0.830613E+01  0.000000E+00
0.205811E+01  0.876985E+01  0.000000E+00
0.210631E+01  0.924417E+01  0.000000E+00
0.215421E+01  0.972940E+01  0.000000E+00
0.220183E+01  0.102258E+02  0.000000E+00
0.224921E+01  0.107336E+02  0.000000E+00
0.229635E+01  0.112531E+02  0.000000E+00
0.234330E+01  0.117846E+02  0.000000E+00
0.239006E+01  0.123281E+02  0.000000E+00
0.243665E+01  0.128841E+02  0.000000E+00
0.248310E+01  0.134527E+02  0.000000E+00
0.252941E+01  0.140342E+02  0.000000E+00
0.257559E+01  0.146286E+02  0.000000E+00
0.262167E+01  0.152363E+02  0.000000E+00
0.266764E+01  0.158575E+02  0.000000E+00
0.271352E+01  0.164922E+02  0.000000E+00
0.275932E+01  0.171408E+02  0.000000E+00
0.280504E+01  0.178033E+02  0.000000E+00
0.285069E+01  0.184800E+02  0.000000E+00
0.289628E+01  0.191710E+02  0.000000E+00
0.294181E+01  0.198764E+02  0.000000E+00
0.298728E+01  0.205965E+02  0.000000E+00
0.303270E+01  0.213314E+02  0.000000E+00
0.307808E+01  0.220812E+02  0.000000E+00
0.312341E+01  0.228461E+02  0.000000E+00
0.316870E+01  0.236263E+02  0.000000E+00
0.321395E+01  0.244218E+02  0.000000E+00
0.325917E+01  0.252329E+02  0.000000E+00
0.330435E+01  0.260596E+02  0.000000E+00
0.334950E+01  0.269021E+02  0.000000E+00
0.339462E+01  0.277605E+02  0.000000E+00
0.343972E+01  0.286350E+02  0.000000E+00
0.348479E+01  0.295258E+02  0.000000E+00
0.352983E+01  0.304329E+02  0.000000E+00
0.357485E+01  0.313564E+02  0.000000E+00
0.361984E+01  0.322966E+02  0.000000E+00
0.366481E+01  0.332535E+02  0.000000E+00
0.370977E+01  0.342272E+02  0.000000E+00
0.375470E+01  0.352180E+02  0.000000E+00
0.379961E+01  0.362259E+02  0.000000E+00
0.384451E+01  0.372510E+02  0.000000E+00
0.388939E+01  0.382936E+02  0.000000E+00
0.393425E+01  0.393536E+02  0.000000E+00
0.397910E+01  0.404313E+02  0.000000E+00
0.402393E+01  0.415267E+02  0.000000E+00
0.406874E+01  0.426400E+02  0.000000E+00
0.411354E+01  0.437713E+02  0.000000E+00
0.415833E+01  0.449207E+02  0.000000E+00
0.420310E+01  0.460884E+02  0.000000E+00
0.424786E+01  0.472745E+02  0.000000E+00
0.429261E+01  0.484791E+02  0.000000E+00
0.433734E+01  0.497023E+02  0.000000E+00
0.438206E+01  0.509442E+02  0.000000E+00
0.442677E+01  0.522051E+02  0.000000E+00
0.447147E+01  0.534849E+02  0.000000E+00
0.451616E+01  0.547838E+02  0.000000E+00
0.456084E+01  0.561020E+02  0.000000E+00
0.460551E+01  0.574395E+02  0.000000E+00
0.465017E+01  0.587965E+02  0.000000E+00
0.469481E+01  0.601731E+02  0.000000E+00
0.473945E+01  0.615694E+02  0.000000E+00
0.478408E+01  0.629856E+02  0.000000E+00
0.482871E+01  0.644217E+02  0.000000E+00
0.487332E+01  0.658779E+02  0.000000E+00
0.491792E+01  0.673543E+02  0.000000E+00
0.496252E+01  0.688510E+02  0.000000E+00
0.500711E+01  0.703682E+02  0.000000E+00
0.505169E+01  0.719059E+02  0.000000E+00
0.509626E+01  0.734643E+02  0.000000E+00
0.514082E+01  0.750435E+02  0.000000E+00
0.518538E+01  0.766436E+02  0.000000E+00
0.522993E+01  0.782648E+02  0.000000E+00
0.527448E+01  0.799071E+02  0.000000E+00
0.531901E+01  0.815707E+02  0.000000E+00
0.536354E+01  0.832557E+02  0.000000E+00
0.540807E+01  0.849622E+02  0.000000E+00
0.545259E+01  0.866903E+02  0.000000E+00
0.549710E+01  0.884402E+02  0.000000E+00
0.554160E+01  0.902119E+02  0.000000E+00
0.558611E+01  0.920056E+02  0.000000E+00
0.563060E+01  0.938214E+02  0.000000E+00
0.567509E+01  0.956595E+02  0.000000E+00
