0.105230E+01  0.260994E+00  0.390957E+02
0.110443E+01  0.521753E+00  0.000000E+00
0.115592E+01  0.790817E+00  0.000000E+00
0.120646E+01  0.107563E+01  0.000000E+00
0.125587E+01  0.138269E+01  0.000000E+00
0.130412E+01  0.171778E+01  0.000000E+00
0.135123E+01  0.208623E+01  0.000000E+00
0.139729E+01  0.249317E+01  0.000000E+00
0.144242E+01  0.294373E+01  0.000000E+00
0.148675E+01  0.344319E+01  0.000000E+00
0.153041E+01  0.399705E+01  0.000000E+00
0.157352E+01  0.461122E+01  0.000000E+00
0.161619E+01  0.529187E+01  0.000000E+00
0.165852E+01  0.604559E+01  0.000000E+00
0.170057E+01  0.687932E+01  0.000000E+00
0.174242E+01  0.780038E+01  0.000000E+00
0.178412E+01  0.881642E+01  0.000000E+00
0.182571E+01  0.993546E+01  0.000000E+00
0.186722E+01  0.111659E+02  0.000000E+00
0.190867E+01  0.125164E+02  0.000000E+00
0.195009E+01  0.139962E+02  0.000000E+00
0.199149E+01  0.156147E+02  0.000000E+00
0.203288E+01  0.173818E+02  0.000000E+00
0.207427E+01  0.193077E+02  0.000000E+00
0.211566E+01  0.214033E+02  0.000000E+00
0.215706E+01  0.236795E+02  0.000000E+00
0.219847E+01  0.261478E+02  0.000000E+00
0.223990E+01  0.288202E+02  0.000000E+00
0.228134E+01  0.317091E+02  0.000000E+00
0.232281E+01  0.348272E+02  0.000000E+00
