0.105307E+01  0.965964E+00  0.112299E+03
0.110717E+01  0.180412E+01  0.568921E+04
0.116131E+01  0.258152E+01  0.000000E+00
0.121463E+01  0.334667E+01  0.000000E+00
0.126657E+01  0.413436E+01  0.000000E+00
0.131684E+01  0.496996E+01  0.000000E+00
0.136538E+01  0.587304E+01  0.000000E+00
0.141226E+01  0.685994E+01  0.000000E+00
0.145762E+01  0.794579E+01  0.000000E+00
0.150167E+01  0.914585E+01  0.000000E+00
0.154462E+01  0.104764E+02  0.000000E+00
0.158668E+01  0.119557E+02  0.000000E+00
0.162804E+01  0.136038E+02  0.000000E+00
0.166888E+01  0.154432E+02  0.000000E+00
0.170934E+01  0.174988E+02  0.000000E+00
0.174954E+01  0.197980E+02  0.000000E+00
0.178956E+01  0.223705E+02  0.000000E+00
0.182948E+01  0.252487E+02  0.000000E+00
0.186935E+01  0.284677E+02  0.000000E+00
0.190921E+01  0.320651E+02  0.000000E+00
0.194907E+01  0.360818E+02  0.000000E+00
0.198896E+01  0.405616E+02  0.000000E+00
0.202889E+01  0.455518E+02  0.000000E+00
0.206887E+01  0.511034E+02  0.000000E+00
0.210889E+01  0.572708E+02  0.000000E+00
0.214896E+01  0.641127E+02  0.000000E+00
0.218908E+01  0.716920E+02  0.000000E+00
0.222925E+01  0.800760E+02  0.000000E+00
0.226947E+01  0.893367E+02  0.000000E+00
0.230973E+01  0.995510E+02  0.000000E+00
0.235004E+01  0.110801E+03  0.000000E+00
0.239038E+01  0.123175E+03  0.000000E+00
0.243076E+01  0.136766E+03  0.000000E+00
0.247118E+01  0.151673E+03  0.000000E+00
0.251163E+01  0.168002E+03  0.000000E+00
0.255211E+01  0.185866E+03  0.000000E+00
0.259262E+01  0.205384E+03  0.000000E+00
0.263316E+01  0.226682E+03  0.000000E+00
0.267373E+01  0.249895E+03  0.000000E+00
0.271432E+01  0.275164E+03  0.000000E+00
0.275493E+01  0.302639E+03  0.000000E+00
0.279556E+01  0.332478E+03  0.000000E+00
0.283621E+01  0.364850E+03  0.000000E+00
0.287688E+01  0.399930E+03  0.000000E+00
0.291757E+01  0.437905E+03  0.000000E+00
0.295828E+01  0.478970E+03  0.000000E+00
0.299900E+01  0.523332E+03  0.000000E+00
0.303973E+01  0.571207E+03  0.000000E+00
0.308048E+01  0.622825E+03  0.000000E+00
0.312124E+01  0.678424E+03  0.000000E+00
0.316201E+01  0.738261E+03  0.000000E+00
0.320279E+01  0.802578E+03  0.000000E+00
0.324358E+01  0.871661E+03  0.000000E+00
0.328437E+01  0.945810E+03  0.000000E+00
0.332518E+01  0.102532E+04  0.000000E+00
0.336599E+01  0.111052E+04  0.000000E+00
0.340682E+01  0.120173E+04  0.000000E+00
0.344765E+01  0.129930E+04  0.000000E+00
0.348849E+01  0.140359E+04  0.000000E+00
0.352934E+01  0.151499E+04  0.000000E+00
0.357019E+01  0.163389E+04  0.000000E+00
0.361105E+01  0.176070E+04  0.000000E+00
0.365192E+01  0.189585E+04  0.000000E+00
0.369279E+01  0.203979E+04  0.000000E+00
0.373367E+01  0.219298E+04  0.000000E+00
0.377455E+01  0.235591E+04  0.000000E+00
0.381544E+01  0.252910E+04  0.000000E+00
0.385633E+01  0.271306E+04  0.000000E+00
0.389723E+01  0.290833E+04  0.000000E+00
0.393813E+01  0.311550E+04  0.000000E+00
0.397903E+01  0.333515E+04  0.000000E+00
0.401994E+01  0.356788E+04  0.000000E+00
0.406085E+01  0.381435E+04  0.000000E+00
0.410177E+01  0.407522E+04  0.000000E+00
0.414268E+01  0.435117E+04  0.000000E+00
0.418360E+01  0.464291E+04  0.000000E+00
0.422453E+01  0.495119E+04  0.000000E+00
0.426545E+01  0.527676E+04  0.000000E+00
0.430638E+01  0.562042E+04  0.000000E+00
0.434732E+01  0.598299E+04  0.000000E+00
0.438825E+01  0.636532E+04  0.000000E+00
0.442919E+01  0.676828E+04  0.000000E+00
0.447013E+01  0.719280E+04  0.000000E+00
0.451107E+01  0.763981E+04  0.000000E+00
0.455201E+01  0.811028E+04  0.000000E+00
0.459296E+01  0.860522E+04  0.000000E+00
0.463391E+01  0.912566E+04  0.000000E+00
0.467486E+01  0.967270E+04  0.000000E+00
0.471581E+01  0.102474E+05  0.000000E+00
0.475676E+01  0.108510E+05  0.000000E+00
0.479772E+01  0.114846E+05  0.000000E+00
0.483867E+01  0.121494E+05  0.000000E+00
0.487963E+01  0.128467E+05  0.000000E+00
0.492059E+01  0.135778E+05  0.000000E+00
0.496156E+01  0.143440E+05  0.000000E+00
0.500252E+01  0.151468E+05  0.000000E+00
0.504348E+01  0.159875E+05  0.000000E+00
0.508445E+01  0.168676E+05  0.000000E+00
0.512542E+01  0.177886E+05  0.000000E+00
0.516638E+01  0.187520E+05  0.000000E+00
