0.105286E+01  0.345524E+00  0.206838E+03
0.110611E+01  0.661325E+00  0.000000E+00
0.115842E+01  0.976172E+00  0.000000E+00
0.120883E+01  0.131313E+01  0.000000E+00
0.125690E+01  0.169083E+01  0.000000E+00
0.130263E+01  0.212551E+01  0.000000E+00
0.134629E+01  0.263313E+01  0.000000E+00
0.138831E+01  0.323139E+01  0.000000E+00
0.142910E+01  0.394133E+01  0.000000E+00
0.146906E+01  0.478842E+01  0.000000E+00
0.150853E+01  0.580323E+01  0.000000E+00
0.154773E+01  0.702196E+01  0.000000E+00
0.158683E+01  0.848689E+01  0.000000E+00
0.162592E+01  0.102470E+02  0.000000E+00
0.166507E+01  0.123587E+02  0.000000E+00
0.170429E+01  0.148869E+02  0.000000E+00
0.174361E+01  0.179060E+02  0.000000E+00
0.178302E+01  0.215011E+02  0.000000E+00
0.182252E+01  0.257697E+02  0.000000E+00
0.186211E+01  0.308224E+02  0.000000E+00
0.190177E+01  0.367858E+02  0.000000E+00
0.194150E+01  0.438019E+02  0.000000E+00
0.198130E+01  0.520333E+02  0.000000E+00
0.202116E+01  0.616624E+02  0.000000E+00
0.206106E+01  0.728949E+02  0.000000E+00
0.210102E+01  0.859619E+02  0.000000E+00
0.214102E+01  0.101122E+03  0.000000E+00
0.218106E+01  0.118666E+03  0.000000E+00
0.222114E+01  0.138916E+03  0.000000E+00
0.226125E+01  0.162233E+03  0.000000E+00
