0.105299E+01  0.152217E+01  0.869717E+01
0.110737E+01  0.283394E+01  0.834472E+01
0.116289E+01  0.398383E+01  0.000000E+00
0.121935E+01  0.500774E+01  0.000000E+00
0.127656E+01  0.593239E+01  0.000000E+00
0.133435E+01  0.677790E+01  0.000000E+00
0.139260E+01  0.755952E+01  0.000000E+00
0.145120E+01  0.828903E+01  0.000000E+00
0.151006E+01  0.897557E+01  0.000000E+00
0.156911E+01  0.962637E+01  0.000000E+00
0.162829E+01  0.102472E+02  0.000000E+00
0.168754E+01  0.108427E+02  0.000000E+00
0.174684E+01  0.114166E+02  0.000000E+00
0.180613E+01  0.119722E+02  0.000000E+00
0.186539E+01  0.125119E+02  0.000000E+00
0.192460E+01  0.130380E+02  0.000000E+00
0.198374E+01  0.135523E+02  0.000000E+00
0.204278E+01  0.140564E+02  0.000000E+00
0.210172E+01  0.145516E+02  0.000000E+00
0.216053E+01  0.150390E+02  0.000000E+00
0.221922E+01  0.155197E+02  0.000000E+00
0.227777E+01  0.159945E+02  0.000000E+00
0.233617E+01  0.164641E+02  0.000000E+00
0.239442E+01  0.169293E+02  0.000000E+00
0.245252E+01  0.173905E+02  0.000000E+00
0.251045E+01  0.178484E+02  0.000000E+00
0.256822E+01  0.183033E+02  0.000000E+00
0.262583E+01  0.187557E+02  0.000000E+00
0.268326E+01  0.192058E+02  0.000000E+00
0.274053E+01  0.196541E+02  0.000000E+00
0.279763E+01  0.201008E+02  0.000000E+00
0.285456E+01  0.205462E+02  0.000000E+00
0.291132E+01  0.209904E+02  0.000000E+00
0.296791E+01  0.214338E+02  0.000000E+00
0.302433E+01  0.218764E+02  0.000000E+00
0.308059E+01  0.223185E+02  0.000000E+00
0.313668E+01  0.227601E+02  0.000000E+00
0.319260E+01  0.232016E+02  0.000000E+00
0.324836E+01  0.236428E+02  0.000000E+00
0.330396E+01  0.240841E+02  0.000000E+00
0.335940E+01  0.245254E+02  0.000000E+00
0.341468E+01  0.249669E+02  0.000000E+00
0.346980E+01  0.254087E+02  0.000000E+00
0.352477E+01  0.258508E+02  0.000000E+00
0.357958E+01  0.262934E+02  0.000000E+00
0.363425E+01  0.267364E+02  0.000000E+00
0.368876E+01  0.271799E+02  0.000000E+00
0.374313E+01  0.276241E+02  0.000000E+00
0.379736E+01  0.280689E+02  0.000000E+00
0.385144E+01  0.285144E+02  0.000000E+00
0.390538E+01  0.289606E+02  0.000000E+00
0.395919E+01  0.294077E+02  0.000000E+00
0.401286E+01  0.298555E+02  0.000000E+00
0.406639E+01  0.303042E+02  0.000000E+00
0.411980E+01  0.307538E+02  0.000000E+00
0.417307E+01  0.312044E+02  0.000000E+00
0.422622E+01  0.316559E+02  0.000000E+00
0.427924E+01  0.321083E+02  0.000000E+00
0.433214E+01  0.325618E+02  0.000000E+00
0.438492E+01  0.330163E+02  0.000000E+00
0.443758E+01  0.334718E+02  0.000000E+00
0.449013E+01  0.339284E+02  0.000000E+00
0.454256E+01  0.343862E+02  0.000000E+00
0.459488E+01  0.348450E+02  0.000000E+00
0.464708E+01  0.353049E+02  0.000000E+00
0.469918E+01  0.357660E+02  0.000000E+00
0.475118E+01  0.362283E+02  0.000000E+00
0.480307E+01  0.366917E+02  0.000000E+00
0.485485E+01  0.371563E+02  0.000000E+00
0.490654E+01  0.376222E+02  0.000000E+00
0.495813E+01  0.380892E+02  0.000000E+00
0.500962E+01  0.385575E+02  0.000000E+00
0.506101E+01  0.390270E+02  0.000000E+00
0.511232E+01  0.394978E+02  0.000000E+00
0.516353E+01  0.399698E+02  0.000000E+00
0.521465E+01  0.404431E+02  0.000000E+00
0.526569E+01  0.409177E+02  0.000000E+00
0.531664E+01  0.413936E+02  0.000000E+00
0.536751E+01  0.418708E+02  0.000000E+00
0.541829E+01  0.423493E+02  0.000000E+00
0.546899E+01  0.428291E+02  0.000000E+00
0.551962E+01  0.433103E+02  0.000000E+00
0.557017E+01  0.437928E+02  0.000000E+00
0.562064E+01  0.442767E+02  0.000000E+00
0.567104E+01  0.447619E+02  0.000000E+00
0.572136E+01  0.452484E+02  0.000000E+00
0.577162E+01  0.457364E+02  0.000000E+00
0.582180E+01  0.462257E+02  0.000000E+00
0.587192E+01  0.467164E+02  0.000000E+00
0.592197E+01  0.472085E+02  0.000000E+00
0.597196E+01  0.477020E+02  0.000000E+00
0.602188E+01  0.481969E+02  0.000000E+00
0.607174E+01  0.486932E+02  0.000000E+00
0.612154E+01  0.491909E+02  0.000000E+00
0.617128E+01  0.496901E+02  0.000000E+00
0.622096E+01  0.501907E+02  0.000000E+00
0.627059E+01  0.506927E+02  0.000000E+00
0.632016E+01  0.511961E+02  0.000000E+00
0.636968E+01  0.517010E+02  0.000000E+00
0.641914E+01  0.522074E+02  0.000000E+00
