0.105288E+01  0.158766E+01  0.680073E+02
0.110680E+01  0.299428E+01  0.959415E+03
0.116129E+01  0.427898E+01  0.000000E+00
0.121587E+01  0.549007E+01  0.000000E+00
0.127010E+01  0.666665E+01  0.000000E+00
0.132362E+01  0.783993E+01  0.000000E+00
0.137616E+01  0.903463E+01  0.000000E+00
0.142757E+01  0.102703E+02  0.000000E+00
0.147778E+01  0.115626E+02  0.000000E+00
0.152676E+01  0.129243E+02  0.000000E+00
0.157455E+01  0.143663E+02  0.000000E+00
0.162122E+01  0.158984E+02  0.000000E+00
0.166685E+01  0.175297E+02  0.000000E+00
0.171155E+01  0.192692E+02  0.000000E+00
0.175542E+01  0.211261E+02  0.000000E+00
0.179857E+01  0.231101E+02  0.000000E+00
0.184110E+01  0.252316E+02  0.000000E+00
0.188312E+01  0.275015E+02  0.000000E+00
0.192473E+01  0.299318E+02  0.000000E+00
0.196600E+01  0.325349E+02  0.000000E+00
0.200701E+01  0.353240E+02  0.000000E+00
0.204783E+01  0.383131E+02  0.000000E+00
0.208851E+01  0.415165E+02  0.000000E+00
0.212909E+01  0.449491E+02  0.000000E+00
0.216961E+01  0.486262E+02  0.000000E+00
0.221009E+01  0.525638E+02  0.000000E+00
0.225057E+01  0.567780E+02  0.000000E+00
0.229105E+01  0.612855E+02  0.000000E+00
0.233155E+01  0.661035E+02  0.000000E+00
0.237208E+01  0.712496E+02  0.000000E+00
0.241264E+01  0.767418E+02  0.000000E+00
0.245324E+01  0.825988E+02  0.000000E+00
0.249387E+01  0.888397E+02  0.000000E+00
0.253455E+01  0.954841E+02  0.000000E+00
0.257527E+01  0.102552E+03  0.000000E+00
0.261603E+01  0.110065E+03  0.000000E+00
0.265684E+01  0.118043E+03  0.000000E+00
0.269768E+01  0.126509E+03  0.000000E+00
0.273856E+01  0.135485E+03  0.000000E+00
0.277948E+01  0.144994E+03  0.000000E+00
0.282043E+01  0.155061E+03  0.000000E+00
0.286142E+01  0.165709E+03  0.000000E+00
0.290244E+01  0.176963E+03  0.000000E+00
0.294349E+01  0.188850E+03  0.000000E+00
0.298457E+01  0.201396E+03  0.000000E+00
0.302568E+01  0.214628E+03  0.000000E+00
0.306681E+01  0.228574E+03  0.000000E+00
0.310797E+01  0.243263E+03  0.000000E+00
0.314916E+01  0.258724E+03  0.000000E+00
0.319037E+01  0.274987E+03  0.000000E+00
0.323160E+01  0.292082E+03  0.000000E+00
0.327285E+01  0.310043E+03  0.000000E+00
0.331413E+01  0.328900E+03  0.000000E+00
0.335542E+01  0.348687E+03  0.000000E+00
0.339673E+01  0.369439E+03  0.000000E+00
0.343806E+01  0.391189E+03  0.000000E+00
0.347941E+01  0.413974E+03  0.000000E+00
0.352077E+01  0.437829E+03  0.000000E+00
0.356213E+01  0.462781E+03  0.000000E+00
0.360350E+01  0.488870E+03  0.000000E+00
0.364488E+01  0.516142E+03  0.000000E+00
0.368627E+01  0.544636E+03  0.000000E+00
0.372767E+01  0.574391E+03  0.000000E+00
0.376909E+01  0.605451E+03  0.000000E+00
0.381052E+01  0.637857E+03  0.000000E+00
0.385196E+01  0.671652E+03  0.000000E+00
0.389341E+01  0.706880E+03  0.000000E+00
0.393487E+01  0.743587E+03  0.000000E+00
0.397635E+01  0.781817E+03  0.000000E+00
0.401783E+01  0.821617E+03  0.000000E+00
0.405933E+01  0.863037E+03  0.000000E+00
0.410083E+01  0.906122E+03  0.000000E+00
0.414235E+01  0.950925E+03  0.000000E+00
0.418387E+01  0.997494E+03  0.000000E+00
0.422540E+01  0.104588E+04  0.000000E+00
0.426694E+01  0.109614E+04  0.000000E+00
0.430849E+01  0.114832E+04  0.000000E+00
0.435005E+01  0.120248E+04  0.000000E+00
0.439161E+01  0.125867E+04  0.000000E+00
0.443319E+01  0.131695E+04  0.000000E+00
0.447477E+01  0.137738E+04  0.000000E+00
0.451635E+01  0.144002E+04  0.000000E+00
0.455795E+01  0.150491E+04  0.000000E+00
0.459955E+01  0.157214E+04  0.000000E+00
0.464115E+01  0.164174E+04  0.000000E+00
0.468276E+01  0.171380E+04  0.000000E+00
0.472438E+01  0.178836E+04  0.000000E+00
0.476600E+01  0.186549E+04  0.000000E+00
0.480763E+01  0.194527E+04  0.000000E+00
0.484926E+01  0.202776E+04  0.000000E+00
0.489090E+01  0.211302E+04  0.000000E+00
0.493254E+01  0.220112E+04  0.000000E+00
0.497419E+01  0.229214E+04  0.000000E+00
0.501584E+01  0.238614E+04  0.000000E+00
0.505749E+01  0.248320E+04  0.000000E+00
0.509915E+01  0.258338E+04  0.000000E+00
0.514082E+01  0.268677E+04  0.000000E+00
0.518248E+01  0.279344E+04  0.000000E+00
0.522416E+01  0.290346E+04  0.000000E+00
0.526583E+01  0.301692E+04  0.000000E+00
