0.105294E+01  0.110969E+01  0.240666E+02
0.110696E+01  0.208437E+01  0.907983E+02
0.116155E+01  0.297167E+01  0.000000E+00
0.121627E+01  0.380506E+01  0.000000E+00
0.127080E+01  0.460799E+01  0.000000E+00
0.132492E+01  0.539702E+01  0.000000E+00
0.137849E+01  0.618387E+01  0.000000E+00
0.143144E+01  0.697702E+01  0.000000E+00
0.148371E+01  0.778267E+01  0.000000E+00
0.153532E+01  0.860549E+01  0.000000E+00
0.158627E+01  0.944908E+01  0.000000E+00
0.163660E+01  0.103164E+02  0.000000E+00
0.168632E+01  0.112096E+02  0.000000E+00
0.173548E+01  0.121309E+02  0.000000E+00
0.178413E+01  0.130820E+02  0.000000E+00
0.183230E+01  0.140645E+02  0.000000E+00
0.188002E+01  0.150799E+02  0.000000E+00
0.192735E+01  0.161296E+02  0.000000E+00
0.197431E+01  0.172149E+02  0.000000E+00
0.202094E+01  0.183371E+02  0.000000E+00
0.206727E+01  0.194975E+02  0.000000E+00
0.211333E+01  0.206973E+02  0.000000E+00
0.215915E+01  0.219379E+02  0.000000E+00
0.220475E+01  0.232203E+02  0.000000E+00
0.225016E+01  0.245459E+02  0.000000E+00
0.229539E+01  0.259158E+02  0.000000E+00
0.234046E+01  0.273311E+02  0.000000E+00
0.238540E+01  0.287930E+02  0.000000E+00
0.243021E+01  0.303028E+02  0.000000E+00
0.247490E+01  0.318615E+02  0.000000E+00
0.251950E+01  0.334702E+02  0.000000E+00
0.256400E+01  0.351302E+02  0.000000E+00
0.260842E+01  0.368424E+02  0.000000E+00
0.265277E+01  0.386080E+02  0.000000E+00
0.269705E+01  0.404282E+02  0.000000E+00
0.274127E+01  0.423040E+02  0.000000E+00
0.278543E+01  0.442365E+02  0.000000E+00
0.282955E+01  0.462268E+02  0.000000E+00
0.287362E+01  0.482760E+02  0.000000E+00
0.291765E+01  0.503851E+02  0.000000E+00
0.296164E+01  0.525553E+02  0.000000E+00
0.300560E+01  0.547876E+02  0.000000E+00
0.304953E+01  0.570832E+02  0.000000E+00
0.309343E+01  0.594430E+02  0.000000E+00
0.313731E+01  0.618681E+02  0.000000E+00
0.318116E+01  0.643597E+02  0.000000E+00
0.322499E+01  0.669189E+02  0.000000E+00
0.326879E+01  0.695466E+02  0.000000E+00
0.331258E+01  0.722439E+02  0.000000E+00
0.335635E+01  0.750120E+02  0.000000E+00
0.340011E+01  0.778519E+02  0.000000E+00
0.344385E+01  0.807647E+02  0.000000E+00
0.348758E+01  0.837515E+02  0.000000E+00
0.353129E+01  0.868133E+02  0.000000E+00
0.357499E+01  0.899513E+02  0.000000E+00
0.361868E+01  0.931665E+02  0.000000E+00
0.366236E+01  0.964600E+02  0.000000E+00
0.370602E+01  0.998329E+02  0.000000E+00
0.374968E+01  0.103286E+03  0.000000E+00
0.379333E+01  0.106821E+03  0.000000E+00
0.383697E+01  0.110439E+03  0.000000E+00
0.388060E+01  0.114141E+03  0.000000E+00
0.392422E+01  0.117927E+03  0.000000E+00
0.396784E+01  0.121800E+03  0.000000E+00
0.401145E+01  0.125759E+03  0.000000E+00
0.405505E+01  0.129807E+03  0.000000E+00
0.409864E+01  0.133944E+03  0.000000E+00
0.414223E+01  0.138172E+03  0.000000E+00
0.418582E+01  0.142491E+03  0.000000E+00
0.422940E+01  0.146904E+03  0.000000E+00
0.427297E+01  0.151410E+03  0.000000E+00
0.431654E+01  0.156011E+03  0.000000E+00
0.436010E+01  0.160708E+03  0.000000E+00
0.440366E+01  0.165502E+03  0.000000E+00
0.444722E+01  0.170396E+03  0.000000E+00
0.449077E+01  0.175388E+03  0.000000E+00
0.453431E+01  0.180482E+03  0.000000E+00
0.457785E+01  0.185677E+03  0.000000E+00
0.462139E+01  0.190975E+03  0.000000E+00
0.466493E+01  0.196378E+03  0.000000E+00
0.470846E+01  0.201886E+03  0.000000E+00
0.475199E+01  0.207501E+03  0.000000E+00
0.479551E+01  0.213224E+03  0.000000E+00
0.483903E+01  0.219055E+03  0.000000E+00
0.488255E+01  0.224997E+03  0.000000E+00
0.492607E+01  0.231050E+03  0.000000E+00
0.496958E+01  0.237215E+03  0.000000E+00
0.501309E+01  0.243494E+03  0.000000E+00
0.505660E+01  0.249888E+03  0.000000E+00
0.510010E+01  0.256398E+03  0.000000E+00
0.514360E+01  0.263026E+03  0.000000E+00
0.518710E+01  0.269772E+03  0.000000E+00
0.523060E+01  0.276637E+03  0.000000E+00
0.527409E+01  0.283624E+03  0.000000E+00
0.531758E+01  0.290733E+03  0.000000E+00
0.536107E+01  0.297965E+03  0.000000E+00
0.540456E+01  0.305321E+03  0.000000E+00
0.544804E+01  0.312804E+03  0.000000E+00
0.549153E+01  0.320413E+03  0.000000E+00
0.553501E+01  0.328151E+03  0.000000E+00
