0.105148E+01  0.410518E+00  0.451009E+03
0.110109E+01  0.900999E+00  0.365815E+05
0.114882E+01  0.150276E+01  0.000000E+00
0.119496E+01  0.224560E+01  0.000000E+00
0.123986E+01  0.316166E+01  0.000000E+00
0.128382E+01  0.428713E+01  0.000000E+00
0.132707E+01  0.566317E+01  0.000000E+00
0.136976E+01  0.733658E+01  0.000000E+00
0.141205E+01  0.936081E+01  0.000000E+00
0.145402E+01  0.117968E+02  0.000000E+00
0.149576E+01  0.147139E+02  0.000000E+00
0.153731E+01  0.181898E+02  0.000000E+00
0.157873E+01  0.223136E+02  0.000000E+00
0.162003E+01  0.271844E+02  0.000000E+00
0.166125E+01  0.329134E+02  0.000000E+00
0.170240E+01  0.396254E+02  0.000000E+00
0.174349E+01  0.474591E+02  0.000000E+00
0.178454E+01  0.565690E+02  0.000000E+00
0.182556E+01  0.671267E+02  0.000000E+00
0.186654E+01  0.793221E+02  0.000000E+00
0.190749E+01  0.933653E+02  0.000000E+00
0.194843E+01  0.109487E+03  0.000000E+00
0.198935E+01  0.127941E+03  0.000000E+00
0.203025E+01  0.149009E+03  0.000000E+00
0.207115E+01  0.172994E+03  0.000000E+00
0.211203E+01  0.200233E+03  0.000000E+00
0.215290E+01  0.231091E+03  0.000000E+00
0.219377E+01  0.265967E+03  0.000000E+00
0.223462E+01  0.305292E+03  0.000000E+00
0.227547E+01  0.349533E+03  0.000000E+00
0.231631E+01  0.399205E+03  0.000000E+00
0.235715E+01  0.454863E+03  0.000000E+00
0.239798E+01  0.517106E+03  0.000000E+00
0.243881E+01  0.586580E+03  0.000000E+00
0.247964E+01  0.663984E+03  0.000000E+00
0.252047E+01  0.750070E+03  0.000000E+00
0.256129E+01  0.845648E+03  0.000000E+00
0.260211E+01  0.951588E+03  0.000000E+00
0.264293E+01  0.106882E+04  0.000000E+00
0.268375E+01  0.119836E+04  0.000000E+00
0.272457E+01  0.134126E+04  0.000000E+00
0.276538E+01  0.149869E+04  0.000000E+00
0.280620E+01  0.167186E+04  0.000000E+00
0.284701E+01  0.186209E+04  0.000000E+00
0.288781E+01  0.207075E+04  0.000000E+00
0.292862E+01  0.229940E+04  0.000000E+00
0.296943E+01  0.254956E+04  0.000000E+00
0.301023E+01  0.282296E+04  0.000000E+00
0.305103E+01  0.312138E+04  0.000000E+00
0.309184E+01  0.344675E+04  0.000000E+00
0.313264E+01  0.380109E+04  0.000000E+00
0.317344E+01  0.418655E+04  0.000000E+00
0.321424E+01  0.460541E+04  0.000000E+00
0.325504E+01  0.506009E+04  0.000000E+00
0.329584E+01  0.555315E+04  0.000000E+00
0.333664E+01  0.608728E+04  0.000000E+00
0.337744E+01  0.666535E+04  0.000000E+00
0.341824E+01  0.729038E+04  0.000000E+00
0.345903E+01  0.796555E+04  0.000000E+00
0.349983E+01  0.869421E+04  0.000000E+00
0.354063E+01  0.947993E+04  0.000000E+00
0.358143E+01  0.103264E+05  0.000000E+00
0.362222E+01  0.112376E+05  0.000000E+00
0.366302E+01  0.122176E+05  0.000000E+00
0.370382E+01  0.132708E+05  0.000000E+00
0.374462E+01  0.144018E+05  0.000000E+00
0.378541E+01  0.156153E+05  0.000000E+00
0.382621E+01  0.169164E+05  0.000000E+00
0.386701E+01  0.183104E+05  0.000000E+00
0.390780E+01  0.198028E+05  0.000000E+00
