0.105265E+01  0.843679E+00  0.147640E+02
0.110605E+01  0.162071E+01  0.751149E+02
0.116001E+01  0.234532E+01  0.000000E+00
0.121435E+01  0.302926E+01  0.000000E+00
0.126892E+01  0.368226E+01  0.000000E+00
0.132355E+01  0.431253E+01  0.000000E+00
0.137811E+01  0.492705E+01  0.000000E+00
0.143249E+01  0.553173E+01  0.000000E+00
0.148656E+01  0.613167E+01  0.000000E+00
0.154025E+01  0.673121E+01  0.000000E+00
0.159348E+01  0.733407E+01  0.000000E+00
0.164620E+01  0.794353E+01  0.000000E+00
0.169836E+01  0.856232E+01  0.000000E+00
0.174994E+01  0.919288E+01  0.000000E+00
0.180091E+01  0.983732E+01  0.000000E+00
0.185127E+01  0.104975E+02  0.000000E+00
0.190102E+01  0.111751E+02  0.000000E+00
0.195016E+01  0.118716E+02  0.000000E+00
0.199870E+01  0.125883E+02  0.000000E+00
0.204667E+01  0.133265E+02  0.000000E+00
0.209407E+01  0.140873E+02  0.000000E+00
0.214094E+01  0.148720E+02  0.000000E+00
0.218730E+01  0.156816E+02  0.000000E+00
0.223318E+01  0.165172E+02  0.000000E+00
0.227860E+01  0.173798E+02  0.000000E+00
0.232360E+01  0.182706E+02  0.000000E+00
0.236819E+01  0.191906E+02  0.000000E+00
0.241243E+01  0.201411E+02  0.000000E+00
0.245633E+01  0.211231E+02  0.000000E+00
0.249992E+01  0.221379E+02  0.000000E+00
0.254324E+01  0.231867E+02  0.000000E+00
0.258630E+01  0.242708E+02  0.000000E+00
0.262915E+01  0.253915E+02  0.000000E+00
0.267179E+01  0.265502E+02  0.000000E+00
0.271426E+01  0.277481E+02  0.000000E+00
0.275658E+01  0.289868E+02  0.000000E+00
0.279877E+01  0.302675E+02  0.000000E+00
0.284084E+01  0.315917E+02  0.000000E+00
0.288281E+01  0.329609E+02  0.000000E+00
0.292470E+01  0.343765E+02  0.000000E+00
0.296653E+01  0.358400E+02  0.000000E+00
0.300829E+01  0.373527E+02  0.000000E+00
0.305001E+01  0.389163E+02  0.000000E+00
0.309170E+01  0.405321E+02  0.000000E+00
0.313335E+01  0.422017E+02  0.000000E+00
0.317499E+01  0.439265E+02  0.000000E+00
0.321661E+01  0.457080E+02  0.000000E+00
0.325823E+01  0.475477E+02  0.000000E+00
0.329984E+01  0.494471E+02  0.000000E+00
0.334146E+01  0.514076E+02  0.000000E+00
0.338308E+01  0.534309E+02  0.000000E+00
0.342471E+01  0.555183E+02  0.000000E+00
0.346634E+01  0.576714E+02  0.000000E+00
0.350800E+01  0.598917E+02  0.000000E+00
0.354966E+01  0.621807E+02  0.000000E+00
0.359135E+01  0.645399E+02  0.000000E+00
0.363305E+01  0.669709E+02  0.000000E+00
0.367477E+01  0.694752E+02  0.000000E+00
0.371651E+01  0.720544E+02  0.000000E+00
0.375828E+01  0.747099E+02  0.000000E+00
0.380006E+01  0.774435E+02  0.000000E+00
0.384187E+01  0.802565E+02  0.000000E+00
0.388369E+01  0.831506E+02  0.000000E+00
0.392554E+01  0.861274E+02  0.000000E+00
0.396742E+01  0.891885E+02  0.000000E+00
0.400931E+01  0.923355E+02  0.000000E+00
0.405123E+01  0.955699E+02  0.000000E+00
0.409317E+01  0.988934E+02  0.000000E+00
0.413513E+01  0.102308E+03  0.000000E+00
0.417712E+01  0.105814E+03  0.000000E+00
0.421912E+01  0.109415E+03  0.000000E+00
0.426115E+01  0.113111E+03  0.000000E+00
0.430320E+01  0.116905E+03  0.000000E+00
0.434527E+01  0.120797E+03  0.000000E+00
0.438736E+01  0.124790E+03  0.000000E+00
0.442946E+01  0.128885E+03  0.000000E+00
0.447159E+01  0.133085E+03  0.000000E+00
0.451374E+01  0.137390E+03  0.000000E+00
0.455591E+01  0.141802E+03  0.000000E+00
0.459809E+01  0.146324E+03  0.000000E+00
