0.105288E+01  0.908869E+00  0.128880E+02
0.110676E+01  0.171563E+01  0.348000E+02
0.116126E+01  0.245256E+01  0.000000E+00
0.121607E+01  0.314126E+01  0.000000E+00
0.127099E+01  0.379653E+01  0.000000E+00
0.132587E+01  0.442873E+01  0.000000E+00
0.138059E+01  0.504538E+01  0.000000E+00
0.143509E+01  0.565200E+01  0.000000E+00
0.148932E+01  0.625284E+01  0.000000E+00
0.154324E+01  0.685117E+01  0.000000E+00
0.159681E+01  0.744962E+01  0.000000E+00
0.165004E+01  0.805033E+01  0.000000E+00
0.170290E+01  0.865503E+01  0.000000E+00
0.175539E+01  0.926518E+01  0.000000E+00
0.180751E+01  0.988205E+01  0.000000E+00
0.185927E+01  0.105067E+02  0.000000E+00
0.191066E+01  0.111401E+02  0.000000E+00
0.196170E+01  0.117830E+02  0.000000E+00
0.201239E+01  0.124363E+02  0.000000E+00
0.206273E+01  0.131005E+02  0.000000E+00
0.211275E+01  0.137763E+02  0.000000E+00
0.216244E+01  0.144644E+02  0.000000E+00
0.221182E+01  0.151651E+02  0.000000E+00
0.226089E+01  0.158791E+02  0.000000E+00
0.230968E+01  0.166068E+02  0.000000E+00
0.235819E+01  0.173486E+02  0.000000E+00
0.240642E+01  0.181051E+02  0.000000E+00
0.245440E+01  0.188766E+02  0.000000E+00
0.250213E+01  0.196635E+02  0.000000E+00
0.254961E+01  0.204664E+02  0.000000E+00
0.259687E+01  0.212855E+02  0.000000E+00
0.264391E+01  0.221212E+02  0.000000E+00
0.269074E+01  0.229741E+02  0.000000E+00
0.273736E+01  0.238443E+02  0.000000E+00
0.278380E+01  0.247324E+02  0.000000E+00
0.283005E+01  0.256388E+02  0.000000E+00
0.287612E+01  0.265637E+02  0.000000E+00
0.292203E+01  0.275076E+02  0.000000E+00
0.296777E+01  0.284709E+02  0.000000E+00
0.301337E+01  0.294539E+02  0.000000E+00
0.305881E+01  0.304570E+02  0.000000E+00
0.310412E+01  0.314807E+02  0.000000E+00
0.314929E+01  0.325252E+02  0.000000E+00
0.319434E+01  0.335911E+02  0.000000E+00
0.323927E+01  0.346786E+02  0.000000E+00
0.328408E+01  0.357881E+02  0.000000E+00
0.332879E+01  0.369202E+02  0.000000E+00
0.337339E+01  0.380750E+02  0.000000E+00
0.341789E+01  0.392531E+02  0.000000E+00
0.346230E+01  0.404548E+02  0.000000E+00
0.350662E+01  0.416805E+02  0.000000E+00
0.355085E+01  0.429307E+02  0.000000E+00
0.359500E+01  0.442057E+02  0.000000E+00
0.363908E+01  0.455060E+02  0.000000E+00
0.368309E+01  0.468318E+02  0.000000E+00
0.372702E+01  0.481838E+02  0.000000E+00
0.377089E+01  0.495622E+02  0.000000E+00
0.381470E+01  0.509674E+02  0.000000E+00
0.385845E+01  0.524000E+02  0.000000E+00
0.390214E+01  0.538602E+02  0.000000E+00
0.394578E+01  0.553486E+02  0.000000E+00
0.398937E+01  0.568654E+02  0.000000E+00
0.403291E+01  0.584113E+02  0.000000E+00
0.407640E+01  0.599865E+02  0.000000E+00
0.411985E+01  0.615915E+02  0.000000E+00
0.416327E+01  0.632267E+02  0.000000E+00
0.420664E+01  0.648926E+02  0.000000E+00
0.424997E+01  0.665896E+02  0.000000E+00
0.429328E+01  0.683181E+02  0.000000E+00
0.433654E+01  0.700786E+02  0.000000E+00
0.437978E+01  0.718715E+02  0.000000E+00
0.442299E+01  0.736971E+02  0.000000E+00
0.446617E+01  0.755561E+02  0.000000E+00
0.450932E+01  0.774488E+02  0.000000E+00
0.455245E+01  0.793756E+02  0.000000E+00
0.459556E+01  0.813370E+02  0.000000E+00
0.463864E+01  0.833335E+02  0.000000E+00
0.468171E+01  0.853655E+02  0.000000E+00
0.472475E+01  0.874335E+02  0.000000E+00
0.476777E+01  0.895379E+02  0.000000E+00
0.481078E+01  0.916791E+02  0.000000E+00
0.485377E+01  0.938577E+02  0.000000E+00
0.489675E+01  0.960741E+02  0.000000E+00
0.493971E+01  0.983288E+02  0.000000E+00
0.498266E+01  0.100622E+03  0.000000E+00
0.502559E+01  0.102955E+03  0.000000E+00
0.506852E+01  0.105327E+03  0.000000E+00
0.511143E+01  0.107739E+03  0.000000E+00
0.515433E+01  0.110192E+03  0.000000E+00
0.519722E+01  0.112686E+03  0.000000E+00
0.524010E+01  0.115222E+03  0.000000E+00
0.528298E+01  0.117799E+03  0.000000E+00
0.532584E+01  0.120420E+03  0.000000E+00
0.536870E+01  0.123083E+03  0.000000E+00
0.541155E+01  0.125789E+03  0.000000E+00
0.545440E+01  0.128540E+03  0.000000E+00
0.549724E+01  0.131335E+03  0.000000E+00
0.554007E+01  0.134175E+03  0.000000E+00
0.558290E+01  0.137060E+03  0.000000E+00
0.562573E+01  0.139991E+03  0.000000E+00
