0.105317E+01  0.193539E+00  0.338049E+02
0.110575E+01  0.372219E+00  0.205638E+03
0.115570E+01  0.568157E+00  0.000000E+00
0.120313E+01  0.796215E+00  0.000000E+00
0.124888E+01  0.106468E+01  0.000000E+00
0.129370E+01  0.137986E+01  0.000000E+00
0.133811E+01  0.174716E+01  0.000000E+00
0.138240E+01  0.217118E+01  0.000000E+00
0.142670E+01  0.265577E+01  0.000000E+00
0.147108E+01  0.320422E+01  0.000000E+00
0.151555E+01  0.381946E+01  0.000000E+00
0.156011E+01  0.450410E+01  0.000000E+00
0.160474E+01  0.526069E+01  0.000000E+00
0.164943E+01  0.609165E+01  0.000000E+00
0.169417E+01  0.699938E+01  0.000000E+00
0.173893E+01  0.798628E+01  0.000000E+00
0.178372E+01  0.905474E+01  0.000000E+00
0.182852E+01  0.102072E+02  0.000000E+00
0.187332E+01  0.114462E+02  0.000000E+00
0.191812E+01  0.127741E+02  0.000000E+00
0.196290E+01  0.141936E+02  0.000000E+00
0.200768E+01  0.157071E+02  0.000000E+00
0.205243E+01  0.173174E+02  0.000000E+00
0.209716E+01  0.190270E+02  0.000000E+00
0.214187E+01  0.208387E+02  0.000000E+00
0.218656E+01  0.227553E+02  0.000000E+00
0.223121E+01  0.247794E+02  0.000000E+00
0.227584E+01  0.269140E+02  0.000000E+00
0.232044E+01  0.291618E+02  0.000000E+00
0.236500E+01  0.315258E+02  0.000000E+00
0.240954E+01  0.340088E+02  0.000000E+00
0.245405E+01  0.366140E+02  0.000000E+00
0.249852E+01  0.393441E+02  0.000000E+00
0.254297E+01  0.422024E+02  0.000000E+00
0.258738E+01  0.451918E+02  0.000000E+00
0.263177E+01  0.483154E+02  0.000000E+00
0.267612E+01  0.515765E+02  0.000000E+00
0.272044E+01  0.549780E+02  0.000000E+00
0.276474E+01  0.585233E+02  0.000000E+00
0.280901E+01  0.622156E+02  0.000000E+00
0.285325E+01  0.660581E+02  0.000000E+00
0.289746E+01  0.700541E+02  0.000000E+00
0.294165E+01  0.742069E+02  0.000000E+00
0.298580E+01  0.785200E+02  0.000000E+00
0.302994E+01  0.829966E+02  0.000000E+00
0.307405E+01  0.876401E+02  0.000000E+00
0.311813E+01  0.924541E+02  0.000000E+00
0.316219E+01  0.974419E+02  0.000000E+00
0.320623E+01  0.102607E+03  0.000000E+00
0.325024E+01  0.107953E+03  0.000000E+00
0.329423E+01  0.113484E+03  0.000000E+00
0.333820E+01  0.119202E+03  0.000000E+00
0.338215E+01  0.125113E+03  0.000000E+00
0.342608E+01  0.131218E+03  0.000000E+00
0.346999E+01  0.137523E+03  0.000000E+00
0.351388E+01  0.144030E+03  0.000000E+00
0.355775E+01  0.150743E+03  0.000000E+00
0.360160E+01  0.157667E+03  0.000000E+00
0.364543E+01  0.164805E+03  0.000000E+00
0.368925E+01  0.172160E+03  0.000000E+00
0.373305E+01  0.179737E+03  0.000000E+00
0.377683E+01  0.187539E+03  0.000000E+00
0.382060E+01  0.195571E+03  0.000000E+00
0.386435E+01  0.203835E+03  0.000000E+00
0.390809E+01  0.212337E+03  0.000000E+00
0.395181E+01  0.221080E+03  0.000000E+00
0.399552E+01  0.230068E+03  0.000000E+00
0.403922E+01  0.239306E+03  0.000000E+00
0.408290E+01  0.248796E+03  0.000000E+00
0.412657E+01  0.258544E+03  0.000000E+00
0.417022E+01  0.268553E+03  0.000000E+00
0.421386E+01  0.278827E+03  0.000000E+00
0.425750E+01  0.289371E+03  0.000000E+00
0.430111E+01  0.300189E+03  0.000000E+00
0.434472E+01  0.311285E+03  0.000000E+00
0.438832E+01  0.322663E+03  0.000000E+00
0.443191E+01  0.334327E+03  0.000000E+00
0.447548E+01  0.346283E+03  0.000000E+00
0.451905E+01  0.358533E+03  0.000000E+00
0.456260E+01  0.371082E+03  0.000000E+00
0.460615E+01  0.383935E+03  0.000000E+00
0.464968E+01  0.397096E+03  0.000000E+00
0.469321E+01  0.410570E+03  0.000000E+00
0.473673E+01  0.424360E+03  0.000000E+00
0.478024E+01  0.438472E+03  0.000000E+00
0.482374E+01  0.452909E+03  0.000000E+00
0.486723E+01  0.467677E+03  0.000000E+00
0.491071E+01  0.482779E+03  0.000000E+00
0.495419E+01  0.498221E+03  0.000000E+00
0.499766E+01  0.514006E+03  0.000000E+00
0.504112E+01  0.530140E+03  0.000000E+00
0.508457E+01  0.546627E+03  0.000000E+00
0.512802E+01  0.563472E+03  0.000000E+00
0.517146E+01  0.580679E+03  0.000000E+00
0.521489E+01  0.598253E+03  0.000000E+00
0.525832E+01  0.616198E+03  0.000000E+00
0.530174E+01  0.634520E+03  0.000000E+00
0.534515E+01  0.653224E+03  0.000000E+00
0.538856E+01  0.672313E+03  0.000000E+00
0.543196E+01  0.691793E+03  0.000000E+00
