0.105340E+01  0.358030E+00  0.224094E+02
0.110808E+01  0.654455E+00  0.201607E+03
0.116247E+01  0.927344E+00  0.000000E+00
0.121560E+01  0.119887E+01  0.000000E+00
0.126710E+01  0.148148E+01  0.000000E+00
0.131696E+01  0.178236E+01  0.000000E+00
0.136535E+01  0.210618E+01  0.000000E+00
0.141250E+01  0.245647E+01  0.000000E+00
0.145864E+01  0.283632E+01  0.000000E+00
0.150399E+01  0.324869E+01  0.000000E+00
0.154873E+01  0.369650E+01  0.000000E+00
0.159301E+01  0.418274E+01  0.000000E+00
0.163695E+01  0.471034E+01  0.000000E+00
0.168065E+01  0.528228E+01  0.000000E+00
0.172416E+01  0.590152E+01  0.000000E+00
0.176755E+01  0.657104E+01  0.000000E+00
0.181084E+01  0.729378E+01  0.000000E+00
0.185406E+01  0.807275E+01  0.000000E+00
0.189722E+01  0.891095E+01  0.000000E+00
0.194035E+01  0.981141E+01  0.000000E+00
0.198345E+01  0.107772E+02  0.000000E+00
0.202652E+01  0.118115E+02  0.000000E+00
0.206958E+01  0.129173E+02  0.000000E+00
0.211262E+01  0.140981E+02  0.000000E+00
0.215565E+01  0.153569E+02  0.000000E+00
0.219867E+01  0.166973E+02  0.000000E+00
0.224168E+01  0.181225E+02  0.000000E+00
0.228468E+01  0.196360E+02  0.000000E+00
0.232768E+01  0.212414E+02  0.000000E+00
0.237066E+01  0.229422E+02  0.000000E+00
0.241365E+01  0.247422E+02  0.000000E+00
0.245662E+01  0.266449E+02  0.000000E+00
0.249959E+01  0.286542E+02  0.000000E+00
0.254255E+01  0.307740E+02  0.000000E+00
0.258551E+01  0.330081E+02  0.000000E+00
0.262846E+01  0.353606E+02  0.000000E+00
0.267141E+01  0.378354E+02  0.000000E+00
0.271435E+01  0.404367E+02  0.000000E+00
0.275729E+01  0.431686E+02  0.000000E+00
0.280022E+01  0.460355E+02  0.000000E+00
0.284315E+01  0.490416E+02  0.000000E+00
0.288607E+01  0.521912E+02  0.000000E+00
0.292899E+01  0.554888E+02  0.000000E+00
0.297191E+01  0.589389E+02  0.000000E+00
0.301481E+01  0.625462E+02  0.000000E+00
0.305772E+01  0.663151E+02  0.000000E+00
0.310062E+01  0.702505E+02  0.000000E+00
0.314352E+01  0.743571E+02  0.000000E+00
0.318641E+01  0.786397E+02  0.000000E+00
0.322930E+01  0.831033E+02  0.000000E+00
0.327218E+01  0.877527E+02  0.000000E+00
0.331506E+01  0.925931E+02  0.000000E+00
0.335794E+01  0.976295E+02  0.000000E+00
0.340081E+01  0.102867E+03  0.000000E+00
0.344368E+01  0.108311E+03  0.000000E+00
0.348654E+01  0.113967E+03  0.000000E+00
0.352940E+01  0.119840E+03  0.000000E+00
0.357226E+01  0.125935E+03  0.000000E+00
0.361511E+01  0.132259E+03  0.000000E+00
0.365796E+01  0.138815E+03  0.000000E+00
0.370081E+01  0.145612E+03  0.000000E+00
0.374366E+01  0.152653E+03  0.000000E+00
0.378650E+01  0.159945E+03  0.000000E+00
0.382933E+01  0.167493E+03  0.000000E+00
0.387217E+01  0.175304E+03  0.000000E+00
0.391500E+01  0.183383E+03  0.000000E+00
0.395783E+01  0.191736E+03  0.000000E+00
0.400065E+01  0.200370E+03  0.000000E+00
0.404348E+01  0.209290E+03  0.000000E+00
0.408630E+01  0.218504E+03  0.000000E+00
0.412911E+01  0.228016E+03  0.000000E+00
0.417193E+01  0.237834E+03  0.000000E+00
0.421474E+01  0.247964E+03  0.000000E+00
0.425755E+01  0.258412E+03  0.000000E+00
0.430035E+01  0.269185E+03  0.000000E+00
0.434315E+01  0.280290E+03  0.000000E+00
0.438595E+01  0.291733E+03  0.000000E+00
0.442875E+01  0.303521E+03  0.000000E+00
0.447155E+01  0.315661E+03  0.000000E+00
0.451434E+01  0.328160E+03  0.000000E+00
0.455713E+01  0.341024E+03  0.000000E+00
0.459992E+01  0.354261E+03  0.000000E+00
0.464270E+01  0.367878E+03  0.000000E+00
0.468549E+01  0.381882E+03  0.000000E+00
0.472827E+01  0.396280E+03  0.000000E+00
0.477105E+01  0.411079E+03  0.000000E+00
0.481382E+01  0.426287E+03  0.000000E+00
0.485660E+01  0.441911E+03  0.000000E+00
0.489937E+01  0.457959E+03  0.000000E+00
0.494214E+01  0.474438E+03  0.000000E+00
0.498491E+01  0.491356E+03  0.000000E+00
0.502767E+01  0.508721E+03  0.000000E+00
0.507043E+01  0.526540E+03  0.000000E+00
0.511320E+01  0.544821E+03  0.000000E+00
0.515596E+01  0.563572E+03  0.000000E+00
0.519871E+01  0.582800E+03  0.000000E+00
0.524147E+01  0.602515E+03  0.000000E+00
0.528422E+01  0.622724E+03  0.000000E+00
0.532698E+01  0.643435E+03  0.000000E+00
0.536973E+01  0.664656E+03  0.000000E+00
