0.105280E+01  0.210549E+00  0.263384E+01
0.110673E+01  0.397949E+00  0.137271E+02
0.116167E+01  0.565986E+00  0.000000E+00
0.121746E+01  0.718067E+00  0.000000E+00
0.127393E+01  0.857269E+00  0.000000E+00
0.133085E+01  0.986366E+00  0.000000E+00
0.138800E+01  0.110785E+01  0.000000E+00
0.144512E+01  0.122392E+01  0.000000E+00
0.150201E+01  0.133651E+01  0.000000E+00
0.155844E+01  0.144727E+01  0.000000E+00
0.161425E+01  0.155762E+01  0.000000E+00
0.166929E+01  0.166871E+01  0.000000E+00
0.172347E+01  0.178150E+01  0.000000E+00
0.177672E+01  0.189674E+01  0.000000E+00
0.182901E+01  0.201506E+01  0.000000E+00
0.188031E+01  0.213694E+01  0.000000E+00
0.193065E+01  0.226277E+01  0.000000E+00
0.198003E+01  0.239284E+01  0.000000E+00
0.202850E+01  0.252741E+01  0.000000E+00
0.207609E+01  0.266666E+01  0.000000E+00
0.212284E+01  0.281078E+01  0.000000E+00
0.216880E+01  0.295990E+01  0.000000E+00
0.221403E+01  0.311416E+01  0.000000E+00
0.225857E+01  0.327370E+01  0.000000E+00
0.230249E+01  0.343866E+01  0.000000E+00
0.234583E+01  0.360918E+01  0.000000E+00
0.238865E+01  0.378545E+01  0.000000E+00
0.243101E+01  0.396763E+01  0.000000E+00
0.247297E+01  0.415594E+01  0.000000E+00
0.251457E+01  0.435061E+01  0.000000E+00
0.255588E+01  0.455189E+01  0.000000E+00
0.259695E+01  0.476005E+01  0.000000E+00
0.263782E+01  0.497537E+01  0.000000E+00
0.267854E+01  0.519816E+01  0.000000E+00
0.271916E+01  0.542874E+01  0.000000E+00
0.275971E+01  0.566741E+01  0.000000E+00
0.280024E+01  0.591450E+01  0.000000E+00
0.284076E+01  0.617032E+01  0.000000E+00
0.288131E+01  0.643517E+01  0.000000E+00
0.292190E+01  0.670935E+01  0.000000E+00
0.296256E+01  0.699314E+01  0.000000E+00
0.300330E+01  0.728680E+01  0.000000E+00
0.304412E+01  0.759059E+01  0.000000E+00
0.308503E+01  0.790474E+01  0.000000E+00
0.312604E+01  0.822949E+01  0.000000E+00
0.316715E+01  0.856504E+01  0.000000E+00
0.320836E+01  0.891160E+01  0.000000E+00
0.324968E+01  0.926937E+01  0.000000E+00
0.329109E+01  0.963854E+01  0.000000E+00
0.333261E+01  0.100193E+02  0.000000E+00
0.337422E+01  0.104118E+02  0.000000E+00
0.341593E+01  0.108162E+02  0.000000E+00
0.345774E+01  0.112328E+02  0.000000E+00
0.349963E+01  0.116616E+02  0.000000E+00
0.354162E+01  0.121028E+02  0.000000E+00
0.358370E+01  0.125567E+02  0.000000E+00
0.362585E+01  0.130232E+02  0.000000E+00
0.366809E+01  0.135026E+02  0.000000E+00
0.371041E+01  0.139951E+02  0.000000E+00
0.375280E+01  0.145007E+02  0.000000E+00
0.379527E+01  0.150196E+02  0.000000E+00
0.383780E+01  0.155519E+02  0.000000E+00
0.388040E+01  0.160978E+02  0.000000E+00
0.392307E+01  0.166573E+02  0.000000E+00
0.396579E+01  0.172307E+02  0.000000E+00
0.400858E+01  0.178180E+02  0.000000E+00
0.405142E+01  0.184194E+02  0.000000E+00
0.409431E+01  0.190349E+02  0.000000E+00
0.413726E+01  0.196648E+02  0.000000E+00
0.418026E+01  0.203090E+02  0.000000E+00
0.422330E+01  0.209678E+02  0.000000E+00
0.426639E+01  0.216412E+02  0.000000E+00
0.430952E+01  0.223294E+02  0.000000E+00
0.435270E+01  0.230325E+02  0.000000E+00
0.439591E+01  0.237505E+02  0.000000E+00
0.443917E+01  0.244836E+02  0.000000E+00
0.448246E+01  0.252319E+02  0.000000E+00
0.452579E+01  0.259955E+02  0.000000E+00
0.456915E+01  0.267745E+02  0.000000E+00
0.461254E+01  0.275690E+02  0.000000E+00
