0.105280E+01  0.210056E+00  0.230807E+02
0.110603E+01  0.403039E+00  0.335697E+03
0.115876E+01  0.592250E+00  0.000000E+00
0.121040E+01  0.786966E+00  0.000000E+00
0.126065E+01  0.993655E+00  0.000000E+00
0.130950E+01  0.121702E+01  0.000000E+00
0.135703E+01  0.146081E+01  0.000000E+00
0.140339E+01  0.172825E+01  0.000000E+00
0.144879E+01  0.202245E+01  0.000000E+00
0.149338E+01  0.234650E+01  0.000000E+00
0.153733E+01  0.270358E+01  0.000000E+00
0.158079E+01  0.309704E+01  0.000000E+00
0.162386E+01  0.353031E+01  0.000000E+00
0.166664E+01  0.400699E+01  0.000000E+00
0.170920E+01  0.453082E+01  0.000000E+00
0.175160E+01  0.510566E+01  0.000000E+00
0.179387E+01  0.573549E+01  0.000000E+00
0.183606E+01  0.642445E+01  0.000000E+00
0.187818E+01  0.717679E+01  0.000000E+00
0.192025E+01  0.799695E+01  0.000000E+00
0.196229E+01  0.888948E+01  0.000000E+00
0.200430E+01  0.985909E+01  0.000000E+00
0.204629E+01  0.109107E+02  0.000000E+00
0.208827E+01  0.120493E+02  0.000000E+00
0.213024E+01  0.132803E+02  0.000000E+00
0.217220E+01  0.146089E+02  0.000000E+00
0.221416E+01  0.160408E+02  0.000000E+00
0.225612E+01  0.175817E+02  0.000000E+00
0.229808E+01  0.192376E+02  0.000000E+00
0.234004E+01  0.210146E+02  0.000000E+00
0.238200E+01  0.229192E+02  0.000000E+00
0.242397E+01  0.249577E+02  0.000000E+00
0.246593E+01  0.271370E+02  0.000000E+00
0.250790E+01  0.294639E+02  0.000000E+00
0.254987E+01  0.319456E+02  0.000000E+00
0.259184E+01  0.345895E+02  0.000000E+00
0.263382E+01  0.374030E+02  0.000000E+00
0.267580E+01  0.403940E+02  0.000000E+00
0.271778E+01  0.435703E+02  0.000000E+00
0.275976E+01  0.469403E+02  0.000000E+00
0.280175E+01  0.505122E+02  0.000000E+00
0.284374E+01  0.542946E+02  0.000000E+00
0.288573E+01  0.582965E+02  0.000000E+00
0.292773E+01  0.625268E+02  0.000000E+00
0.296972E+01  0.669948E+02  0.000000E+00
0.301172E+01  0.717100E+02  0.000000E+00
0.305372E+01  0.766822E+02  0.000000E+00
0.309573E+01  0.819212E+02  0.000000E+00
0.313773E+01  0.874373E+02  0.000000E+00
0.317974E+01  0.932408E+02  0.000000E+00
0.322175E+01  0.993425E+02  0.000000E+00
0.326376E+01  0.105753E+03  0.000000E+00
0.330577E+01  0.112484E+03  0.000000E+00
0.334779E+01  0.119546E+03  0.000000E+00
0.338980E+01  0.126951E+03  0.000000E+00
0.343181E+01  0.134714E+03  0.000000E+00
0.347383E+01  0.142841E+03  0.000000E+00
0.351584E+01  0.151342E+03  0.000000E+00
0.355785E+01  0.160237E+03  0.000000E+00
0.359986E+01  0.169538E+03  0.000000E+00
0.364188E+01  0.179256E+03  0.000000E+00
0.368389E+01  0.189405E+03  0.000000E+00
0.372591E+01  0.199999E+03  0.000000E+00
0.376793E+01  0.211051E+03  0.000000E+00
0.380995E+01  0.222576E+03  0.000000E+00
0.385197E+01  0.234587E+03  0.000000E+00
0.389399E+01  0.247100E+03  0.000000E+00
0.393601E+01  0.260130E+03  0.000000E+00
0.397804E+01  0.273691E+03  0.000000E+00
0.402006E+01  0.287798E+03  0.000000E+00
0.406209E+01  0.302469E+03  0.000000E+00
0.410412E+01  0.317717E+03  0.000000E+00
0.414614E+01  0.333561E+03  0.000000E+00
0.418817E+01  0.350015E+03  0.000000E+00
0.423020E+01  0.367098E+03  0.000000E+00
0.427223E+01  0.384825E+03  0.000000E+00
0.431426E+01  0.403215E+03  0.000000E+00
0.435629E+01  0.422284E+03  0.000000E+00
0.439832E+01  0.442051E+03  0.000000E+00
0.444036E+01  0.462534E+03  0.000000E+00
0.448239E+01  0.483752E+03  0.000000E+00
0.452442E+01  0.505722E+03  0.000000E+00
0.456646E+01  0.528465E+03  0.000000E+00
0.460849E+01  0.551998E+03  0.000000E+00
0.465053E+01  0.576343E+03  0.000000E+00
0.469256E+01  0.601518E+03  0.000000E+00
0.473460E+01  0.627544E+03  0.000000E+00
0.477663E+01  0.654442E+03  0.000000E+00
0.481867E+01  0.682232E+03  0.000000E+00
0.486071E+01  0.710934E+03  0.000000E+00
0.490275E+01  0.740572E+03  0.000000E+00
0.494478E+01  0.771165E+03  0.000000E+00
0.498682E+01  0.802736E+03  0.000000E+00
0.502886E+01  0.835308E+03  0.000000E+00
0.507090E+01  0.868902E+03  0.000000E+00
0.511294E+01  0.903542E+03  0.000000E+00
0.515498E+01  0.939251E+03  0.000000E+00
0.519702E+01  0.976052E+03  0.000000E+00
0.523906E+01  0.101397E+04  0.000000E+00
0.528110E+01  0.105303E+04  0.000000E+00
