0.105231E+01  0.138856E+01  0.000000E+00
0.110417E+01  0.279202E+01  0.000000E+00
0.115477E+01  0.429457E+01  0.000000E+00
0.120363E+01  0.597265E+01  0.000000E+00
0.125063E+01  0.789734E+01  0.000000E+00
0.129588E+01  0.101391E+02  0.000000E+00
0.133963E+01  0.127728E+02  0.000000E+00
0.138218E+01  0.158830E+02  0.000000E+00
0.142382E+01  0.195674E+02  0.000000E+00
0.146482E+01  0.239393E+02  0.000000E+00
0.150539E+01  0.291303E+02  0.000000E+00
0.154568E+01  0.352912E+02  0.000000E+00
0.158580E+01  0.425937E+02  0.000000E+00
0.162583E+01  0.512327E+02  0.000000E+00
0.166581E+01  0.614282E+02  0.000000E+00
0.170579E+01  0.734283E+02  0.000000E+00
0.174579E+01  0.875124E+02  0.000000E+00
0.178580E+01  0.103994E+03  0.000000E+00
0.182585E+01  0.123223E+03  0.000000E+00
0.186594E+01  0.145591E+03  0.000000E+00
