0.105348E+01  0.317430E+00  0.882854E+02
0.110767E+01  0.584603E+00  0.786512E+04
0.116032E+01  0.848139E+00  0.000000E+00
0.121054E+01  0.113273E+01  0.000000E+00
0.125838E+01  0.145199E+01  0.000000E+00
0.130426E+01  0.181554E+01  0.000000E+00
0.134869E+01  0.223229E+01  0.000000E+00
0.139207E+01  0.271179E+01  0.000000E+00
0.143475E+01  0.326453E+01  0.000000E+00
0.147693E+01  0.390214E+01  0.000000E+00
0.151879E+01  0.463735E+01  0.000000E+00
0.156040E+01  0.548420E+01  0.000000E+00
0.160182E+01  0.645819E+01  0.000000E+00
0.164310E+01  0.757650E+01  0.000000E+00
0.168426E+01  0.885820E+01  0.000000E+00
0.172531E+01  0.103245E+02  0.000000E+00
0.176627E+01  0.119991E+02  0.000000E+00
0.180715E+01  0.139081E+02  0.000000E+00
0.184797E+01  0.160807E+02  0.000000E+00
0.188871E+01  0.185491E+02  0.000000E+00
0.192941E+01  0.213492E+02  0.000000E+00
0.197006E+01  0.245202E+02  0.000000E+00
0.201068E+01  0.281058E+02  0.000000E+00
0.205126E+01  0.321539E+02  0.000000E+00
0.209182E+01  0.367171E+02  0.000000E+00
0.213235E+01  0.418532E+02  0.000000E+00
0.217287E+01  0.476256E+02  0.000000E+00
0.221338E+01  0.541035E+02  0.000000E+00
0.225387E+01  0.613626E+02  0.000000E+00
0.229437E+01  0.694852E+02  0.000000E+00
0.233485E+01  0.785613E+02  0.000000E+00
0.237534E+01  0.886883E+02  0.000000E+00
0.241583E+01  0.999723E+02  0.000000E+00
0.245632E+01  0.112528E+03  0.000000E+00
0.249681E+01  0.126481E+03  0.000000E+00
0.253731E+01  0.141964E+03  0.000000E+00
0.257781E+01  0.159124E+03  0.000000E+00
0.261832E+01  0.178117E+03  0.000000E+00
0.265883E+01  0.199112E+03  0.000000E+00
0.269935E+01  0.222292E+03  0.000000E+00
0.273987E+01  0.247852E+03  0.000000E+00
0.278040E+01  0.276002E+03  0.000000E+00
0.282094E+01  0.306968E+03  0.000000E+00
0.286148E+01  0.340991E+03  0.000000E+00
0.290203E+01  0.378331E+03  0.000000E+00
0.294259E+01  0.419265E+03  0.000000E+00
0.298315E+01  0.464089E+03  0.000000E+00
0.302372E+01  0.513119E+03  0.000000E+00
0.306429E+01  0.566693E+03  0.000000E+00
0.310487E+01  0.625170E+03  0.000000E+00
0.314545E+01  0.688935E+03  0.000000E+00
0.318604E+01  0.758395E+03  0.000000E+00
0.322664E+01  0.833984E+03  0.000000E+00
0.326724E+01  0.916164E+03  0.000000E+00
0.330784E+01  0.100542E+04  0.000000E+00
0.334845E+01  0.110228E+04  0.000000E+00
0.338906E+01  0.120730E+04  0.000000E+00
0.342968E+01  0.132104E+04  0.000000E+00
0.347030E+01  0.144415E+04  0.000000E+00
0.351093E+01  0.157726E+04  0.000000E+00
0.355156E+01  0.172107E+04  0.000000E+00
0.359219E+01  0.187631E+04  0.000000E+00
0.363282E+01  0.204376E+04  0.000000E+00
0.367346E+01  0.222423E+04  0.000000E+00
0.371410E+01  0.241858E+04  0.000000E+00
0.375475E+01  0.262772E+04  0.000000E+00
0.379540E+01  0.285261E+04  0.000000E+00
0.383605E+01  0.309424E+04  0.000000E+00
0.387670E+01  0.335368E+04  0.000000E+00
0.391735E+01  0.363205E+04  0.000000E+00
0.395801E+01  0.393052E+04  0.000000E+00
0.399867E+01  0.425031E+04  0.000000E+00
0.403933E+01  0.459273E+04  0.000000E+00
0.408000E+01  0.495913E+04  0.000000E+00
0.412066E+01  0.535093E+04  0.000000E+00
0.416133E+01  0.576962E+04  0.000000E+00
0.420200E+01  0.621679E+04  0.000000E+00
0.424267E+01  0.669406E+04  0.000000E+00
0.428335E+01  0.720316E+04  0.000000E+00
0.432402E+01  0.774588E+04  0.000000E+00
0.436470E+01  0.832411E+04  0.000000E+00
0.440537E+01  0.893982E+04  0.000000E+00
0.444605E+01  0.959508E+04  0.000000E+00
0.448673E+01  0.102920E+05  0.000000E+00
0.452741E+01  0.110329E+05  0.000000E+00
0.456810E+01  0.118201E+05  0.000000E+00
0.460878E+01  0.126560E+05  0.000000E+00
0.464947E+01  0.135432E+05  0.000000E+00
0.469015E+01  0.144844E+05  0.000000E+00
0.473084E+01  0.154823E+05  0.000000E+00
