0.105280E+01  0.185506E+01  0.132056E+04
0.110545E+01  0.360417E+01  0.000000E+00
0.115645E+01  0.544337E+01  0.000000E+00
0.120516E+01  0.750923E+01  0.000000E+00
0.125162E+01  0.990800E+01  0.000000E+00
0.129614E+01  0.127388E+02  0.000000E+00
0.133916E+01  0.161088E+02  0.000000E+00
0.138111E+01  0.201420E+02  0.000000E+00
0.142232E+01  0.249844E+02  0.000000E+00
0.146304E+01  0.308069E+02  0.000000E+00
0.150347E+01  0.378086E+02  0.000000E+00
0.154372E+01  0.462189E+02  0.000000E+00
0.158387E+01  0.563037E+02  0.000000E+00
0.162397E+01  0.683675E+02  0.000000E+00
0.166406E+01  0.827602E+02  0.000000E+00
0.170414E+01  0.998821E+02  0.000000E+00
0.174423E+01  0.120191E+03  0.000000E+00
0.178434E+01  0.144206E+03  0.000000E+00
0.182447E+01  0.172520E+03  0.000000E+00
0.186463E+01  0.205802E+03  0.000000E+00
0.190481E+01  0.244810E+03  0.000000E+00
0.194501E+01  0.290394E+03  0.000000E+00
0.198524E+01  0.343517E+03  0.000000E+00
0.202549E+01  0.405255E+03  0.000000E+00
0.206576E+01  0.476811E+03  0.000000E+00
0.210606E+01  0.559531E+03  0.000000E+00
0.214637E+01  0.654913E+03  0.000000E+00
0.218670E+01  0.764623E+03  0.000000E+00
0.222704E+01  0.890511E+03  0.000000E+00
0.226740E+01  0.103463E+04  0.000000E+00
0.230778E+01  0.119923E+04  0.000000E+00
0.234816E+01  0.138682E+04  0.000000E+00
0.238856E+01  0.160016E+04  0.000000E+00
0.242897E+01  0.184226E+04  0.000000E+00
0.246939E+01  0.211646E+04  0.000000E+00
0.250982E+01  0.242639E+04  0.000000E+00
0.255026E+01  0.277605E+04  0.000000E+00
0.259071E+01  0.316981E+04  0.000000E+00
0.263116E+01  0.361241E+04  0.000000E+00
0.267162E+01  0.410905E+04  0.000000E+00
0.271208E+01  0.466539E+04  0.000000E+00
0.275255E+01  0.528754E+04  0.000000E+00
0.279303E+01  0.598217E+04  0.000000E+00
0.283351E+01  0.675654E+04  0.000000E+00
0.287399E+01  0.761844E+04  0.000000E+00
0.291447E+01  0.857637E+04  0.000000E+00
0.295496E+01  0.963949E+04  0.000000E+00
0.299545E+01  0.108177E+05  0.000000E+00
0.303594E+01  0.121217E+05  0.000000E+00
0.307644E+01  0.135629E+05  0.000000E+00
