0.105251E+01  0.101068E+01  0.453279E+02
0.110540E+01  0.197239E+01  0.383246E+03
0.115838E+01  0.290526E+01  0.000000E+00
0.121122E+01  0.382621E+01  0.000000E+00
0.126369E+01  0.474944E+01  0.000000E+00
0.131564E+01  0.568689E+01  0.000000E+00
0.136696E+01  0.664869E+01  0.000000E+00
0.141757E+01  0.764351E+01  0.000000E+00
0.146744E+01  0.867888E+01  0.000000E+00
0.151654E+01  0.976143E+01  0.000000E+00
0.156489E+01  0.108971E+02  0.000000E+00
0.161251E+01  0.120915E+02  0.000000E+00
0.165943E+01  0.133498E+02  0.000000E+00
0.170570E+01  0.146771E+02  0.000000E+00
0.175137E+01  0.160782E+02  0.000000E+00
0.179647E+01  0.175582E+02  0.000000E+00
0.184108E+01  0.191222E+02  0.000000E+00
0.188523E+01  0.207753E+02  0.000000E+00
0.192898E+01  0.225228E+02  0.000000E+00
0.197238E+01  0.243703E+02  0.000000E+00
0.201547E+01  0.263233E+02  0.000000E+00
0.205828E+01  0.283879E+02  0.000000E+00
0.210087E+01  0.305700E+02  0.000000E+00
0.214327E+01  0.328758E+02  0.000000E+00
0.218550E+01  0.353117E+02  0.000000E+00
0.222759E+01  0.378843E+02  0.000000E+00
0.226956E+01  0.406001E+02  0.000000E+00
0.231144E+01  0.434660E+02  0.000000E+00
0.235325E+01  0.464890E+02  0.000000E+00
0.239499E+01  0.496763E+02  0.000000E+00
0.243668E+01  0.530350E+02  0.000000E+00
0.247834E+01  0.565725E+02  0.000000E+00
0.251997E+01  0.602963E+02  0.000000E+00
0.256158E+01  0.642142E+02  0.000000E+00
0.260318E+01  0.683338E+02  0.000000E+00
0.264478E+01  0.726632E+02  0.000000E+00
0.268637E+01  0.772103E+02  0.000000E+00
0.272796E+01  0.819833E+02  0.000000E+00
0.276956E+01  0.869907E+02  0.000000E+00
0.281116E+01  0.922408E+02  0.000000E+00
0.285278E+01  0.977424E+02  0.000000E+00
0.289440E+01  0.103504E+03  0.000000E+00
0.293604E+01  0.109535E+03  0.000000E+00
0.297770E+01  0.115843E+03  0.000000E+00
0.301936E+01  0.122439E+03  0.000000E+00
0.306104E+01  0.129332E+03  0.000000E+00
0.310274E+01  0.136531E+03  0.000000E+00
0.314445E+01  0.144046E+03  0.000000E+00
0.318618E+01  0.151886E+03  0.000000E+00
0.322792E+01  0.160061E+03  0.000000E+00
0.326968E+01  0.168584E+03  0.000000E+00
0.331145E+01  0.177459E+03  0.000000E+00
0.335321E+01  0.186697E+03  0.000000E+00
0.339499E+01  0.196310E+03  0.000000E+00
0.343676E+01  0.206309E+03  0.000000E+00
0.347853E+01  0.216697E+03  0.000000E+00
0.352031E+01  0.227494E+03  0.000000E+00
0.356210E+01  0.238710E+03  0.000000E+00
0.360391E+01  0.250358E+03  0.000000E+00
0.364573E+01  0.262448E+03  0.000000E+00
0.368757E+01  0.274993E+03  0.000000E+00
0.372942E+01  0.288005E+03  0.000000E+00
0.377129E+01  0.301495E+03  0.000000E+00
0.381317E+01  0.315477E+03  0.000000E+00
0.385507E+01  0.329962E+03  0.000000E+00
0.389697E+01  0.344962E+03  0.000000E+00
0.393889E+01  0.360491E+03  0.000000E+00
0.398083E+01  0.376562E+03  0.000000E+00
0.402277E+01  0.393188E+03  0.000000E+00
0.406473E+01  0.410381E+03  0.000000E+00
0.410670E+01  0.428155E+03  0.000000E+00
0.414868E+01  0.446525E+03  0.000000E+00
0.419067E+01  0.465503E+03  0.000000E+00
0.423267E+01  0.485103E+03  0.000000E+00
0.427469E+01  0.505340E+03  0.000000E+00
0.431671E+01  0.526228E+03  0.000000E+00
0.435874E+01  0.547780E+03  0.000000E+00
0.440078E+01  0.570013E+03  0.000000E+00
0.444283E+01  0.592939E+03  0.000000E+00
0.448489E+01  0.616575E+03  0.000000E+00
