0.105218E+01  0.228580E+00  0.143405E+03
0.110355E+01  0.467166E+00  0.000000E+00
0.115345E+01  0.730591E+00  0.000000E+00
0.120167E+01  0.103099E+01  0.000000E+00
0.124826E+01  0.137942E+01  0.000000E+00
0.129344E+01  0.178707E+01  0.000000E+00
0.133744E+01  0.226612E+01  0.000000E+00
0.138050E+01  0.283032E+01  0.000000E+00
0.142283E+01  0.349543E+01  0.000000E+00
0.146461E+01  0.427956E+01  0.000000E+00
0.150596E+01  0.520350E+01  0.000000E+00
0.154700E+01  0.629093E+01  0.000000E+00
0.158781E+01  0.756899E+01  0.000000E+00
0.162844E+01  0.906853E+01  0.000000E+00
0.166893E+01  0.108246E+02  0.000000E+00
0.170934E+01  0.128770E+02  0.000000E+00
0.174967E+01  0.152708E+02  0.000000E+00
0.178995E+01  0.180568E+02  0.000000E+00
0.183019E+01  0.212925E+02  0.000000E+00
0.187041E+01  0.250424E+02  0.000000E+00
0.191062E+01  0.293792E+02  0.000000E+00
0.195081E+01  0.343837E+02  0.000000E+00
0.199100E+01  0.401473E+02  0.000000E+00
0.203119E+01  0.467714E+02  0.000000E+00
0.207139E+01  0.543690E+02  0.000000E+00
0.211159E+01  0.630658E+02  0.000000E+00
0.215180E+01  0.730017E+02  0.000000E+00
0.219201E+01  0.843313E+02  0.000000E+00
0.223224E+01  0.972259E+02  0.000000E+00
0.227247E+01  0.111874E+03  0.000000E+00
