0.105286E+01  0.331961E+00  0.145111E+03
0.110626E+01  0.633256E+00  0.000000E+00
0.115901E+01  0.928457E+00  0.000000E+00
0.121015E+01  0.123760E+01  0.000000E+00
0.125917E+01  0.157693E+01  0.000000E+00
0.130593E+01  0.196012E+01  0.000000E+00
0.135059E+01  0.239988E+01  0.000000E+00
0.139347E+01  0.290944E+01  0.000000E+00
0.143494E+01  0.350386E+01  0.000000E+00
0.147539E+01  0.420102E+01  0.000000E+00
0.151516E+01  0.502227E+01  0.000000E+00
0.155451E+01  0.599288E+01  0.000000E+00
0.159365E+01  0.714214E+01  0.000000E+00
0.163272E+01  0.850375E+01  0.000000E+00
0.167180E+01  0.101161E+02  0.000000E+00
0.171093E+01  0.120229E+02  0.000000E+00
0.175016E+01  0.142735E+02  0.000000E+00
0.178947E+01  0.169238E+02  0.000000E+00
0.182889E+01  0.200368E+02  0.000000E+00
0.186839E+01  0.236835E+02  0.000000E+00
0.190799E+01  0.279442E+02  0.000000E+00
0.194766E+01  0.329079E+02  0.000000E+00
0.198741E+01  0.386757E+02  0.000000E+00
0.202722E+01  0.453597E+02  0.000000E+00
0.206710E+01  0.530856E+02  0.000000E+00
0.210703E+01  0.619928E+02  0.000000E+00
0.214701E+01  0.722365E+02  0.000000E+00
0.218704E+01  0.839890E+02  0.000000E+00
0.222712E+01  0.974405E+02  0.000000E+00
0.226723E+01  0.112802E+03  0.000000E+00
