0.105236E+01  0.152263E+01  0.413579E+03
0.110445E+01  0.304052E+01  0.000000E+00
0.115560E+01  0.462915E+01  0.000000E+00
0.120543E+01  0.634922E+01  0.000000E+00
0.125385E+01  0.825139E+01  0.000000E+00
0.130088E+01  0.103810E+02  0.000000E+00
0.134665E+01  0.127819E+02  0.000000E+00
0.139134E+01  0.154991E+02  0.000000E+00
0.143513E+01  0.185806E+02  0.000000E+00
0.147818E+01  0.220792E+02  0.000000E+00
0.152064E+01  0.260524E+02  0.000000E+00
0.156265E+01  0.305643E+02  0.000000E+00
0.160430E+01  0.356844E+02  0.000000E+00
0.164568E+01  0.414895E+02  0.000000E+00
0.168685E+01  0.480633E+02  0.000000E+00
0.172786E+01  0.554971E+02  0.000000E+00
0.176875E+01  0.638905E+02  0.000000E+00
0.180954E+01  0.733519E+02  0.000000E+00
0.185027E+01  0.839992E+02  0.000000E+00
0.189094E+01  0.959607E+02  0.000000E+00
0.193158E+01  0.109376E+03  0.000000E+00
0.197218E+01  0.124394E+03  0.000000E+00
0.201277E+01  0.141179E+03  0.000000E+00
0.205334E+01  0.159906E+03  0.000000E+00
0.209390E+01  0.180768E+03  0.000000E+00
0.213446E+01  0.203967E+03  0.000000E+00
0.217501E+01  0.229727E+03  0.000000E+00
0.221556E+01  0.258283E+03  0.000000E+00
0.225612E+01  0.289893E+03  0.000000E+00
0.229668E+01  0.324829E+03  0.000000E+00
