0.105286E+01  0.984462E+00  0.114014E+03
0.110603E+01  0.188752E+01  0.152773E+04
0.115836E+01  0.278799E+01  0.000000E+00
0.120928E+01  0.373463E+01  0.000000E+00
0.125868E+01  0.475807E+01  0.000000E+00
0.130670E+01  0.587947E+01  0.000000E+00
0.135354E+01  0.711560E+01  0.000000E+00
0.139942E+01  0.848149E+01  0.000000E+00
0.144455E+01  0.999169E+01  0.000000E+00
0.148911E+01  0.116608E+02  0.000000E+00
0.153323E+01  0.135036E+02  0.000000E+00
0.157702E+01  0.155354E+02  0.000000E+00
0.162055E+01  0.177717E+02  0.000000E+00
0.166388E+01  0.202284E+02  0.000000E+00
0.170706E+01  0.229220E+02  0.000000E+00
0.175012E+01  0.258694E+02  0.000000E+00
0.179307E+01  0.290880E+02  0.000000E+00
0.183594E+01  0.325959E+02  0.000000E+00
0.187873E+01  0.364118E+02  0.000000E+00
0.192146E+01  0.405552E+02  0.000000E+00
0.196414E+01  0.450462E+02  0.000000E+00
0.200676E+01  0.499058E+02  0.000000E+00
0.204933E+01  0.551556E+02  0.000000E+00
0.209187E+01  0.608183E+02  0.000000E+00
0.213436E+01  0.669171E+02  0.000000E+00
0.217682E+01  0.734763E+02  0.000000E+00
0.221925E+01  0.805211E+02  0.000000E+00
0.226164E+01  0.880774E+02  0.000000E+00
0.230401E+01  0.961721E+02  0.000000E+00
0.234635E+01  0.104833E+03  0.000000E+00
0.238866E+01  0.114089E+03  0.000000E+00
0.243095E+01  0.123970E+03  0.000000E+00
0.247322E+01  0.134506E+03  0.000000E+00
0.251547E+01  0.145730E+03  0.000000E+00
0.255769E+01  0.157674E+03  0.000000E+00
0.259990E+01  0.170371E+03  0.000000E+00
0.264209E+01  0.183858E+03  0.000000E+00
0.268427E+01  0.198168E+03  0.000000E+00
0.272643E+01  0.213340E+03  0.000000E+00
0.276857E+01  0.229411E+03  0.000000E+00
0.281070E+01  0.246421E+03  0.000000E+00
0.285282E+01  0.264410E+03  0.000000E+00
0.289493E+01  0.283418E+03  0.000000E+00
0.293702E+01  0.303489E+03  0.000000E+00
0.297910E+01  0.324667E+03  0.000000E+00
0.302118E+01  0.346995E+03  0.000000E+00
0.306324E+01  0.370520E+03  0.000000E+00
0.310530E+01  0.395289E+03  0.000000E+00
0.314734E+01  0.421351E+03  0.000000E+00
0.318938E+01  0.448755E+03  0.000000E+00
0.323141E+01  0.477553E+03  0.000000E+00
0.327343E+01  0.507795E+03  0.000000E+00
0.331545E+01  0.539536E+03  0.000000E+00
0.335746E+01  0.572830E+03  0.000000E+00
0.339946E+01  0.607734E+03  0.000000E+00
0.344146E+01  0.644304E+03  0.000000E+00
0.348345E+01  0.682600E+03  0.000000E+00
0.352544E+01  0.722681E+03  0.000000E+00
0.356742E+01  0.764609E+03  0.000000E+00
0.360939E+01  0.808445E+03  0.000000E+00
0.365137E+01  0.854256E+03  0.000000E+00
0.369333E+01  0.902105E+03  0.000000E+00
0.373530E+01  0.952060E+03  0.000000E+00
0.377726E+01  0.100419E+04  0.000000E+00
0.381921E+01  0.105856E+04  0.000000E+00
0.386116E+01  0.111525E+04  0.000000E+00
0.390311E+01  0.117433E+04  0.000000E+00
0.394506E+01  0.123587E+04  0.000000E+00
0.398700E+01  0.129994E+04  0.000000E+00
0.402894E+01  0.136663E+04  0.000000E+00
