0.105273E+01  0.665300E+00  0.613527E+03
0.110498E+01  0.130709E+01  0.000000E+00
0.115523E+01  0.200312E+01  0.000000E+00
0.120299E+01  0.280769E+01  0.000000E+00
0.124849E+01  0.376519E+01  0.000000E+00
0.129219E+01  0.492000E+01  0.000000E+00
0.133462E+01  0.632235E+01  0.000000E+00
0.137618E+01  0.803137E+01  0.000000E+00
0.141720E+01  0.101167E+02  0.000000E+00
0.145790E+01  0.126596E+02  0.000000E+00
0.149840E+01  0.157548E+02  0.000000E+00
0.153881E+01  0.195107E+02  0.000000E+00
0.157916E+01  0.240538E+02  0.000000E+00
0.161950E+01  0.295286E+02  0.000000E+00
0.165983E+01  0.361009E+02  0.000000E+00
0.170017E+01  0.439605E+02  0.000000E+00
0.174053E+01  0.533239E+02  0.000000E+00
0.178090E+01  0.644371E+02  0.000000E+00
0.182129E+01  0.775788E+02  0.000000E+00
0.186171E+01  0.930645E+02  0.000000E+00
0.190214E+01  0.111250E+03  0.000000E+00
0.194259E+01  0.132533E+03  0.000000E+00
0.198306E+01  0.157362E+03  0.000000E+00
0.202355E+01  0.186239E+03  0.000000E+00
0.206405E+01  0.219721E+03  0.000000E+00
0.210457E+01  0.258430E+03  0.000000E+00
0.214510E+01  0.303057E+03  0.000000E+00
0.218565E+01  0.354366E+03  0.000000E+00
0.222620E+01  0.413204E+03  0.000000E+00
0.226677E+01  0.480503E+03  0.000000E+00
0.230734E+01  0.557294E+03  0.000000E+00
0.234793E+01  0.644704E+03  0.000000E+00
0.238852E+01  0.743976E+03  0.000000E+00
0.242912E+01  0.856472E+03  0.000000E+00
0.246972E+01  0.983677E+03  0.000000E+00
0.251033E+01  0.112722E+04  0.000000E+00
0.255095E+01  0.128886E+04  0.000000E+00
0.259157E+01  0.147055E+04  0.000000E+00
0.263220E+01  0.167437E+04  0.000000E+00
0.267282E+01  0.190261E+04  0.000000E+00
0.271346E+01  0.215773E+04  0.000000E+00
0.275409E+01  0.244241E+04  0.000000E+00
0.279473E+01  0.275954E+04  0.000000E+00
0.283536E+01  0.311226E+04  0.000000E+00
0.287600E+01  0.350394E+04  0.000000E+00
0.291665E+01  0.393821E+04  0.000000E+00
0.295729E+01  0.441901E+04  0.000000E+00
0.299793E+01  0.495053E+04  0.000000E+00
0.303858E+01  0.553732E+04  0.000000E+00
0.307923E+01  0.618424E+04  0.000000E+00
