0.105286E+01  0.115298E+01  0.830914E+02
0.110673E+01  0.217764E+01  0.000000E+00
0.116108E+01  0.311890E+01  0.000000E+00
0.121536E+01  0.401482E+01  0.000000E+00
0.126904E+01  0.489737E+01  0.000000E+00
0.132171E+01  0.579304E+01  0.000000E+00
0.137307E+01  0.672357E+01  0.000000E+00
0.142297E+01  0.770680E+01  0.000000E+00
0.147134E+01  0.875767E+01  0.000000E+00
0.151821E+01  0.988915E+01  0.000000E+00
0.156368E+01  0.111131E+02  0.000000E+00
0.160786E+01  0.124412E+02  0.000000E+00
0.165092E+01  0.138855E+02  0.000000E+00
0.169300E+01  0.154590E+02  0.000000E+00
0.173429E+01  0.171759E+02  0.000000E+00
0.177495E+01  0.190524E+02  0.000000E+00
0.181511E+01  0.211062E+02  0.000000E+00
0.185492E+01  0.233569E+02  0.000000E+00
0.189448E+01  0.258258E+02  0.000000E+00
0.193390E+01  0.285358E+02  0.000000E+00
0.197324E+01  0.315114E+02  0.000000E+00
0.201256E+01  0.347785E+02  0.000000E+00
0.205190E+01  0.383644E+02  0.000000E+00
0.209128E+01  0.422980E+02  0.000000E+00
0.213074E+01  0.466093E+02  0.000000E+00
0.217027E+01  0.513303E+02  0.000000E+00
0.220988E+01  0.564944E+02  0.000000E+00
0.224959E+01  0.621366E+02  0.000000E+00
0.228937E+01  0.682939E+02  0.000000E+00
0.232924E+01  0.750051E+02  0.000000E+00
0.236920E+01  0.823110E+02  0.000000E+00
0.240922E+01  0.902541E+02  0.000000E+00
0.244932E+01  0.988797E+02  0.000000E+00
0.248949E+01  0.108235E+03  0.000000E+00
0.252972E+01  0.118369E+03  0.000000E+00
0.257001E+01  0.129334E+03  0.000000E+00
0.261036E+01  0.141185E+03  0.000000E+00
0.265075E+01  0.153978E+03  0.000000E+00
0.269120E+01  0.167774E+03  0.000000E+00
0.273169E+01  0.182634E+03  0.000000E+00
0.277222E+01  0.198625E+03  0.000000E+00
0.281280E+01  0.215814E+03  0.000000E+00
0.285341E+01  0.234272E+03  0.000000E+00
0.289406E+01  0.254076E+03  0.000000E+00
0.293474E+01  0.275301E+03  0.000000E+00
0.297545E+01  0.298030E+03  0.000000E+00
0.301619E+01  0.322345E+03  0.000000E+00
0.305696E+01  0.348336E+03  0.000000E+00
0.309776E+01  0.376097E+03  0.000000E+00
0.313858E+01  0.405710E+03  0.000000E+00
