0.105303E+01  0.960609E+00  0.578035E+01
0.110753E+01  0.178167E+01  0.601140E+01
0.116322E+01  0.249702E+01  0.000000E+00
0.121984E+01  0.313158E+01  0.000000E+00
0.127718E+01  0.370376E+01  0.000000E+00
0.133505E+01  0.422727E+01  0.000000E+00
0.139331E+01  0.471233E+01  0.000000E+00
0.145183E+01  0.516671E+01  0.000000E+00
0.151051E+01  0.559631E+01  0.000000E+00
0.156928E+01  0.600573E+01  0.000000E+00
0.162808E+01  0.639853E+01  0.000000E+00
0.168686E+01  0.677756E+01  0.000000E+00
0.174559E+01  0.714507E+01  0.000000E+00
0.180423E+01  0.750290E+01  0.000000E+00
0.186276E+01  0.785255E+01  0.000000E+00
0.192116E+01  0.819525E+01  0.000000E+00
0.197943E+01  0.853203E+01  0.000000E+00
0.203754E+01  0.886376E+01  0.000000E+00
0.209549E+01  0.919115E+01  0.000000E+00
0.215327E+01  0.951483E+01  0.000000E+00
0.221088E+01  0.983533E+01  0.000000E+00
0.226831E+01  0.101531E+02  0.000000E+00
0.232557E+01  0.104685E+02  0.000000E+00
0.238265E+01  0.107820E+02  0.000000E+00
0.243954E+01  0.110938E+02  0.000000E+00
0.249625E+01  0.114041E+02  0.000000E+00
0.255279E+01  0.117133E+02  0.000000E+00
0.260914E+01  0.120215E+02  0.000000E+00
0.266531E+01  0.123289E+02  0.000000E+00
0.272131E+01  0.126356E+02  0.000000E+00
0.277713E+01  0.129418E+02  0.000000E+00
0.283278E+01  0.132477E+02  0.000000E+00
0.288826E+01  0.135534E+02  0.000000E+00
0.294356E+01  0.138589E+02  0.000000E+00
0.299870E+01  0.141644E+02  0.000000E+00
0.305367E+01  0.144699E+02  0.000000E+00
0.310848E+01  0.147755E+02  0.000000E+00
0.316313E+01  0.150814E+02  0.000000E+00
0.321763E+01  0.153875E+02  0.000000E+00
0.327197E+01  0.156939E+02  0.000000E+00
0.332615E+01  0.160007E+02  0.000000E+00
0.338019E+01  0.163080E+02  0.000000E+00
0.343408E+01  0.166157E+02  0.000000E+00
0.348782E+01  0.169239E+02  0.000000E+00
0.354143E+01  0.172327E+02  0.000000E+00
0.359489E+01  0.175421E+02  0.000000E+00
0.364822E+01  0.178522E+02  0.000000E+00
0.370141E+01  0.181629E+02  0.000000E+00
0.375447E+01  0.184742E+02  0.000000E+00
0.380740E+01  0.187864E+02  0.000000E+00
0.386021E+01  0.190992E+02  0.000000E+00
0.391289E+01  0.194128E+02  0.000000E+00
0.396545E+01  0.197273E+02  0.000000E+00
0.401790E+01  0.200425E+02  0.000000E+00
0.407022E+01  0.203586E+02  0.000000E+00
0.412243E+01  0.206756E+02  0.000000E+00
0.417453E+01  0.209934E+02  0.000000E+00
0.422652E+01  0.213121E+02  0.000000E+00
0.427840E+01  0.216317E+02  0.000000E+00
0.433017E+01  0.219522E+02  0.000000E+00
0.438185E+01  0.222737E+02  0.000000E+00
0.443342E+01  0.225962E+02  0.000000E+00
0.448489E+01  0.229196E+02  0.000000E+00
0.453627E+01  0.232440E+02  0.000000E+00
0.458755E+01  0.235693E+02  0.000000E+00
0.463873E+01  0.238957E+02  0.000000E+00
0.468983E+01  0.242231E+02  0.000000E+00
0.474084E+01  0.245515E+02  0.000000E+00
0.479176E+01  0.248810E+02  0.000000E+00
0.484260E+01  0.252115E+02  0.000000E+00
0.489335E+01  0.255430E+02  0.000000E+00
0.494402E+01  0.258757E+02  0.000000E+00
0.499461E+01  0.262094E+02  0.000000E+00
0.504513E+01  0.265441E+02  0.000000E+00
0.509556E+01  0.268800E+02  0.000000E+00
0.514593E+01  0.272170E+02  0.000000E+00
0.519622E+01  0.275550E+02  0.000000E+00
0.524644E+01  0.278942E+02  0.000000E+00
0.529658E+01  0.282345E+02  0.000000E+00
0.534667E+01  0.285760E+02  0.000000E+00
0.539668E+01  0.289185E+02  0.000000E+00
0.544663E+01  0.292622E+02  0.000000E+00
0.549651E+01  0.296071E+02  0.000000E+00
0.554633E+01  0.299531E+02  0.000000E+00
0.559609E+01  0.303003E+02  0.000000E+00
0.564579E+01  0.306486E+02  0.000000E+00
0.569544E+01  0.309981E+02  0.000000E+00
0.574502E+01  0.313488E+02  0.000000E+00
0.579455E+01  0.317007E+02  0.000000E+00
0.584402E+01  0.320538E+02  0.000000E+00
0.589345E+01  0.324080E+02  0.000000E+00
0.594281E+01  0.327635E+02  0.000000E+00
0.599213E+01  0.331201E+02  0.000000E+00
0.604140E+01  0.334780E+02  0.000000E+00
0.609062E+01  0.338370E+02  0.000000E+00
0.613979E+01  0.341973E+02  0.000000E+00
0.618891E+01  0.345588E+02  0.000000E+00
0.623799E+01  0.349216E+02  0.000000E+00
0.628703E+01  0.352855E+02  0.000000E+00
0.633602E+01  0.356507E+02  0.000000E+00
