0.105245E+01  0.388771E+00  0.112381E+03
0.110446E+01  0.775495E+00  0.371378E+04
0.115517E+01  0.118764E+01  0.000000E+00
0.120428E+01  0.164420E+01  0.000000E+00
0.125186E+01  0.215965E+01  0.000000E+00
0.129809E+01  0.274666E+01  0.000000E+00
0.134322E+01  0.341758E+01  0.000000E+00
0.138748E+01  0.418525E+01  0.000000E+00
0.143107E+01  0.506342E+01  0.000000E+00
0.147415E+01  0.606692E+01  0.000000E+00
0.151684E+01  0.721177E+01  0.000000E+00
0.155924E+01  0.851526E+01  0.000000E+00
0.160140E+01  0.999603E+01  0.000000E+00
0.164340E+01  0.116742E+02  0.000000E+00
0.168525E+01  0.135713E+02  0.000000E+00
0.172699E+01  0.157108E+02  0.000000E+00
0.176865E+01  0.181177E+02  0.000000E+00
0.181023E+01  0.208189E+02  0.000000E+00
0.185176E+01  0.238434E+02  0.000000E+00
0.189324E+01  0.272222E+02  0.000000E+00
0.193468E+01  0.309886E+02  0.000000E+00
0.197608E+01  0.351780E+02  0.000000E+00
0.201747E+01  0.398285E+02  0.000000E+00
0.205883E+01  0.449805E+02  0.000000E+00
0.210017E+01  0.506772E+02  0.000000E+00
0.214149E+01  0.569646E+02  0.000000E+00
0.218280E+01  0.638914E+02  0.000000E+00
0.222410E+01  0.715094E+02  0.000000E+00
0.226539E+01  0.798738E+02  0.000000E+00
0.230668E+01  0.890426E+02  0.000000E+00
0.234796E+01  0.990777E+02  0.000000E+00
0.238923E+01  0.110044E+03  0.000000E+00
0.243050E+01  0.122010E+03  0.000000E+00
0.247176E+01  0.135050E+03  0.000000E+00
0.251302E+01  0.149238E+03  0.000000E+00
0.255428E+01  0.164657E+03  0.000000E+00
0.259553E+01  0.181391E+03  0.000000E+00
0.263679E+01  0.199529E+03  0.000000E+00
0.267804E+01  0.219165E+03  0.000000E+00
0.271929E+01  0.240398E+03  0.000000E+00
0.276054E+01  0.263330E+03  0.000000E+00
0.280179E+01  0.288071E+03  0.000000E+00
0.284303E+01  0.314733E+03  0.000000E+00
0.288428E+01  0.343436E+03  0.000000E+00
0.292553E+01  0.374304E+03  0.000000E+00
0.296677E+01  0.407467E+03  0.000000E+00
0.300802E+01  0.443061E+03  0.000000E+00
0.304926E+01  0.481228E+03  0.000000E+00
0.309050E+01  0.522122E+03  0.000000E+00
0.313175E+01  0.565885E+03  0.000000E+00
0.317298E+01  0.612660E+03  0.000000E+00
0.321423E+01  0.662656E+03  0.000000E+00
0.325546E+01  0.716029E+03  0.000000E+00
0.329670E+01  0.772961E+03  0.000000E+00
0.333794E+01  0.833642E+03  0.000000E+00
0.337918E+01  0.898269E+03  0.000000E+00
0.342042E+01  0.967045E+03  0.000000E+00
0.346166E+01  0.104018E+04  0.000000E+00
0.350290E+01  0.111790E+04  0.000000E+00
0.354414E+01  0.120044E+04  0.000000E+00
0.358538E+01  0.128802E+04  0.000000E+00
0.362661E+01  0.138089E+04  0.000000E+00
0.366785E+01  0.147932E+04  0.000000E+00
0.370909E+01  0.158356E+04  0.000000E+00
0.375033E+01  0.169389E+04  0.000000E+00
0.379157E+01  0.181059E+04  0.000000E+00
0.383281E+01  0.193395E+04  0.000000E+00
0.387405E+01  0.206428E+04  0.000000E+00
0.391528E+01  0.220189E+04  0.000000E+00
0.395652E+01  0.234711E+04  0.000000E+00
0.399776E+01  0.250026E+04  0.000000E+00
0.403900E+01  0.266170E+04  0.000000E+00
0.408023E+01  0.283177E+04  0.000000E+00
0.412147E+01  0.301091E+04  0.000000E+00
0.416271E+01  0.319941E+04  0.000000E+00
0.420394E+01  0.339769E+04  0.000000E+00
0.424518E+01  0.360618E+04  0.000000E+00
0.428642E+01  0.382527E+04  0.000000E+00
0.432765E+01  0.405541E+04  0.000000E+00
0.436889E+01  0.429703E+04  0.000000E+00
0.441013E+01  0.455060E+04  0.000000E+00
0.445136E+01  0.481658E+04  0.000000E+00
0.449260E+01  0.509547E+04  0.000000E+00
0.453384E+01  0.538775E+04  0.000000E+00
0.457507E+01  0.569396E+04  0.000000E+00
0.461631E+01  0.601460E+04  0.000000E+00
0.465754E+01  0.635023E+04  0.000000E+00
0.469878E+01  0.670140E+04  0.000000E+00
0.474001E+01  0.706870E+04  0.000000E+00
0.478125E+01  0.745271E+04  0.000000E+00
0.482249E+01  0.785404E+04  0.000000E+00
0.486372E+01  0.827331E+04  0.000000E+00
0.490496E+01  0.871116E+04  0.000000E+00
0.494619E+01  0.916825E+04  0.000000E+00
0.498743E+01  0.964526E+04  0.000000E+00
0.502866E+01  0.101429E+05  0.000000E+00
0.506990E+01  0.106618E+05  0.000000E+00
0.511113E+01  0.112028E+05  0.000000E+00
0.515236E+01  0.117666E+05  0.000000E+00
0.519360E+01  0.123539E+05  0.000000E+00
