0.105249E+01  0.651089E+00  0.428131E+02
0.110534E+01  0.127238E+01  0.000000E+00
0.115821E+01  0.187789E+01  0.000000E+00
0.121081E+01  0.248011E+01  0.000000E+00
0.126287E+01  0.309012E+01  0.000000E+00
0.131421E+01  0.371774E+01  0.000000E+00
0.136467E+01  0.437169E+01  0.000000E+00
0.141417E+01  0.505979E+01  0.000000E+00
0.146267E+01  0.578913E+01  0.000000E+00
0.151017E+01  0.656629E+01  0.000000E+00
0.155670E+01  0.739752E+01  0.000000E+00
0.160232E+01  0.828904E+01  0.000000E+00
0.164709E+01  0.924692E+01  0.000000E+00
0.169109E+01  0.102776E+02  0.000000E+00
0.173442E+01  0.113876E+02  0.000000E+00
0.177715E+01  0.125840E+02  0.000000E+00
0.181937E+01  0.138745E+02  0.000000E+00
0.186116E+01  0.152669E+02  0.000000E+00
0.190259E+01  0.167699E+02  0.000000E+00
0.194374E+01  0.183925E+02  0.000000E+00
0.198466E+01  0.201444E+02  0.000000E+00
0.202540E+01  0.220358E+02  0.000000E+00
0.206601E+01  0.240771E+02  0.000000E+00
0.210652E+01  0.262797E+02  0.000000E+00
0.214697E+01  0.286552E+02  0.000000E+00
0.218737E+01  0.312157E+02  0.000000E+00
0.222775E+01  0.339739E+02  0.000000E+00
0.226812E+01  0.369430E+02  0.000000E+00
0.230850E+01  0.401366E+02  0.000000E+00
0.234890E+01  0.435691E+02  0.000000E+00
0.238931E+01  0.472553E+02  0.000000E+00
0.242976E+01  0.512103E+02  0.000000E+00
0.247023E+01  0.554503E+02  0.000000E+00
0.251074E+01  0.599918E+02  0.000000E+00
0.255128E+01  0.648518E+02  0.000000E+00
0.259186E+01  0.700481E+02  0.000000E+00
0.263248E+01  0.755992E+02  0.000000E+00
0.267314E+01  0.815240E+02  0.000000E+00
0.271383E+01  0.878423E+02  0.000000E+00
0.275456E+01  0.945745E+02  0.000000E+00
