0.105306E+01  0.558982E+00  0.169597E+02
0.110772E+01  0.103236E+01  0.000000E+00
0.116373E+01  0.143952E+01  0.000000E+00
0.122070E+01  0.179754E+01  0.000000E+00
0.127815E+01  0.212160E+01  0.000000E+00
0.133550E+01  0.242514E+01  0.000000E+00
0.139218E+01  0.271980E+01  0.000000E+00
0.144768E+01  0.301535E+01  0.000000E+00
0.150162E+01  0.331970E+01  0.000000E+00
0.155376E+01  0.363903E+01  0.000000E+00
0.160399E+01  0.397806E+01  0.000000E+00
0.165228E+01  0.434045E+01  0.000000E+00
0.169872E+01  0.472894E+01  0.000000E+00
0.174339E+01  0.514585E+01  0.000000E+00
0.178645E+01  0.559322E+01  0.000000E+00
0.182806E+01  0.607312E+01  0.000000E+00
0.186838E+01  0.658785E+01  0.000000E+00
0.190763E+01  0.714020E+01  0.000000E+00
0.194598E+01  0.773358E+01  0.000000E+00
0.198363E+01  0.837223E+01  0.000000E+00
0.202079E+01  0.906119E+01  0.000000E+00
0.205763E+01  0.980643E+01  0.000000E+00
0.209432E+01  0.106146E+02  0.000000E+00
0.213100E+01  0.114931E+02  0.000000E+00
0.216777E+01  0.124497E+02  0.000000E+00
0.220472E+01  0.134926E+02  0.000000E+00
0.224190E+01  0.146303E+02  0.000000E+00
0.227935E+01  0.158712E+02  0.000000E+00
0.231706E+01  0.172242E+02  0.000000E+00
0.235504E+01  0.186981E+02  0.000000E+00
0.239329E+01  0.203020E+02  0.000000E+00
0.243177E+01  0.220453E+02  0.000000E+00
0.247049E+01  0.239377E+02  0.000000E+00
0.250941E+01  0.259892E+02  0.000000E+00
0.254853E+01  0.282104E+02  0.000000E+00
0.258782E+01  0.306122E+02  0.000000E+00
0.262728E+01  0.332058E+02  0.000000E+00
0.266687E+01  0.360031E+02  0.000000E+00
0.270660E+01  0.390163E+02  0.000000E+00
0.274644E+01  0.422583E+02  0.000000E+00
0.278639E+01  0.457423E+02  0.000000E+00
0.282643E+01  0.494822E+02  0.000000E+00
0.286656E+01  0.534925E+02  0.000000E+00
0.290677E+01  0.577883E+02  0.000000E+00
0.294705E+01  0.623851E+02  0.000000E+00
0.298740E+01  0.672992E+02  0.000000E+00
0.302781E+01  0.725477E+02  0.000000E+00
0.306827E+01  0.781480E+02  0.000000E+00
0.310879E+01  0.841186E+02  0.000000E+00
0.314935E+01  0.904783E+02  0.000000E+00
