0.105268E+01  0.881785E+00  0.154733E+02
0.110612E+01  0.169085E+01  0.448538E+02
0.116009E+01  0.244491E+01  0.000000E+00
0.121438E+01  0.315831E+01  0.000000E+00
0.126880E+01  0.384257E+01  0.000000E+00
0.132317E+01  0.450697E+01  0.000000E+00
0.137738E+01  0.515896E+01  0.000000E+00
0.143131E+01  0.580453E+01  0.000000E+00
0.148489E+01  0.644852E+01  0.000000E+00
0.153806E+01  0.709480E+01  0.000000E+00
0.159078E+01  0.774651E+01  0.000000E+00
0.164303E+01  0.840626E+01  0.000000E+00
0.169481E+01  0.907610E+01  0.000000E+00
0.174609E+01  0.975777E+01  0.000000E+00
0.179691E+01  0.104527E+02  0.000000E+00
0.184725E+01  0.111622E+02  0.000000E+00
0.189714E+01  0.118873E+02  0.000000E+00
0.194660E+01  0.126288E+02  0.000000E+00
0.199564E+01  0.133876E+02  0.000000E+00
0.204428E+01  0.141644E+02  0.000000E+00
0.209255E+01  0.149599E+02  0.000000E+00
0.214047E+01  0.157747E+02  0.000000E+00
0.218806E+01  0.166093E+02  0.000000E+00
0.223534E+01  0.174644E+02  0.000000E+00
0.228234E+01  0.183404E+02  0.000000E+00
0.232907E+01  0.192379E+02  0.000000E+00
0.237555E+01  0.201573E+02  0.000000E+00
0.242181E+01  0.210993E+02  0.000000E+00
0.246786E+01  0.220641E+02  0.000000E+00
0.251372E+01  0.230524E+02  0.000000E+00
0.255940E+01  0.240646E+02  0.000000E+00
0.260493E+01  0.251012E+02  0.000000E+00
0.265031E+01  0.261625E+02  0.000000E+00
0.269556E+01  0.272492E+02  0.000000E+00
0.274069E+01  0.283615E+02  0.000000E+00
0.278572E+01  0.295000E+02  0.000000E+00
0.283065E+01  0.306650E+02  0.000000E+00
0.287549E+01  0.318570E+02  0.000000E+00
0.292025E+01  0.330764E+02  0.000000E+00
0.296494E+01  0.343236E+02  0.000000E+00
0.300957E+01  0.355990E+02  0.000000E+00
0.305414E+01  0.369029E+02  0.000000E+00
0.309867E+01  0.382359E+02  0.000000E+00
0.314314E+01  0.395981E+02  0.000000E+00
0.318758E+01  0.409900E+02  0.000000E+00
0.323198E+01  0.424120E+02  0.000000E+00
0.327636E+01  0.438644E+02  0.000000E+00
0.332070E+01  0.453475E+02  0.000000E+00
0.336502E+01  0.468617E+02  0.000000E+00
0.340932E+01  0.484073E+02  0.000000E+00
0.345360E+01  0.499847E+02  0.000000E+00
0.349786E+01  0.515941E+02  0.000000E+00
0.354211E+01  0.532359E+02  0.000000E+00
0.358635E+01  0.549105E+02  0.000000E+00
0.363057E+01  0.566180E+02  0.000000E+00
0.367479E+01  0.583588E+02  0.000000E+00
0.371900E+01  0.601332E+02  0.000000E+00
0.376321E+01  0.619415E+02  0.000000E+00
0.380741E+01  0.637840E+02  0.000000E+00
0.385160E+01  0.656609E+02  0.000000E+00
0.389580E+01  0.675726E+02  0.000000E+00
0.393999E+01  0.695193E+02  0.000000E+00
0.398417E+01  0.715013E+02  0.000000E+00
0.402836E+01  0.735189E+02  0.000000E+00
0.407255E+01  0.755724E+02  0.000000E+00
0.411673E+01  0.776619E+02  0.000000E+00
0.416092E+01  0.797878E+02  0.000000E+00
0.420511E+01  0.819504E+02  0.000000E+00
0.424930E+01  0.841498E+02  0.000000E+00
0.429349E+01  0.863864E+02  0.000000E+00
0.433768E+01  0.886604E+02  0.000000E+00
0.438187E+01  0.909721E+02  0.000000E+00
0.442607E+01  0.933217E+02  0.000000E+00
0.447027E+01  0.957095E+02  0.000000E+00
0.451447E+01  0.981357E+02  0.000000E+00
0.455867E+01  0.100601E+03  0.000000E+00
0.460287E+01  0.103104E+03  0.000000E+00
0.464708E+01  0.105647E+03  0.000000E+00
0.469129E+01  0.108230E+03  0.000000E+00
0.473551E+01  0.110852E+03  0.000000E+00
0.477972E+01  0.113513E+03  0.000000E+00
0.482394E+01  0.116215E+03  0.000000E+00
0.486817E+01  0.118958E+03  0.000000E+00
0.491239E+01  0.121741E+03  0.000000E+00
0.495662E+01  0.124564E+03  0.000000E+00
0.500085E+01  0.127429E+03  0.000000E+00
0.504509E+01  0.130335E+03  0.000000E+00
0.508933E+01  0.133283E+03  0.000000E+00
0.513357E+01  0.136272E+03  0.000000E+00
0.517781E+01  0.139304E+03  0.000000E+00
