0.105212E+01  0.542486E+00  0.000000E+00
0.110313E+01  0.112062E+01  0.000000E+00
0.115216E+01  0.178283E+01  0.000000E+00
0.119899E+01  0.257375E+01  0.000000E+00
0.124381E+01  0.353849E+01  0.000000E+00
0.128703E+01  0.472737E+01  0.000000E+00
0.132907E+01  0.619993E+01  0.000000E+00
0.137031E+01  0.802795E+01  0.000000E+00
0.141103E+01  0.102977E+02  0.000000E+00
0.145143E+01  0.131117E+02  0.000000E+00
0.149164E+01  0.165920E+02  0.000000E+00
0.153174E+01  0.208804E+02  0.000000E+00
0.157179E+01  0.261456E+02  0.000000E+00
0.161182E+01  0.325831E+02  0.000000E+00
0.165185E+01  0.404212E+02  0.000000E+00
0.169189E+01  0.499250E+02  0.000000E+00
0.173195E+01  0.614011E+02  0.000000E+00
0.177203E+01  0.752034E+02  0.000000E+00
0.181214E+01  0.917386E+02  0.000000E+00
0.185227E+01  0.111473E+03  0.000000E+00
