0.105304E+01  0.522277E+00  0.274092E+01
0.110760E+01  0.967277E+00  0.625015E+01
0.116347E+01  0.135204E+01  0.000000E+00
0.122047E+01  0.168928E+01  0.000000E+00
0.127843E+01  0.198866E+01  0.000000E+00
0.133717E+01  0.225772E+01  0.000000E+00
0.139653E+01  0.250240E+01  0.000000E+00
0.145637E+01  0.272747E+01  0.000000E+00
0.151653E+01  0.293682E+01  0.000000E+00
0.157690E+01  0.313360E+01  0.000000E+00
0.163733E+01  0.332043E+01  0.000000E+00
0.169773E+01  0.349947E+01  0.000000E+00
0.175799E+01  0.367251E+01  0.000000E+00
0.181803E+01  0.384103E+01  0.000000E+00
0.187776E+01  0.400628E+01  0.000000E+00
0.193714E+01  0.416929E+01  0.000000E+00
0.199611E+01  0.433091E+01  0.000000E+00
0.205463E+01  0.449188E+01  0.000000E+00
0.211266E+01  0.465277E+01  0.000000E+00
0.217018E+01  0.481411E+01  0.000000E+00
0.222718E+01  0.497629E+01  0.000000E+00
0.228363E+01  0.513968E+01  0.000000E+00
0.233954E+01  0.530456E+01  0.000000E+00
0.239491E+01  0.547118E+01  0.000000E+00
0.244972E+01  0.563974E+01  0.000000E+00
0.250399E+01  0.581041E+01  0.000000E+00
0.255771E+01  0.598334E+01  0.000000E+00
0.261090E+01  0.615864E+01  0.000000E+00
0.266357E+01  0.633641E+01  0.000000E+00
0.271571E+01  0.651674E+01  0.000000E+00
0.276735E+01  0.669969E+01  0.000000E+00
0.281849E+01  0.688533E+01  0.000000E+00
0.286915E+01  0.707370E+01  0.000000E+00
0.291934E+01  0.726484E+01  0.000000E+00
0.296906E+01  0.745879E+01  0.000000E+00
0.301833E+01  0.765558E+01  0.000000E+00
0.306716E+01  0.785523E+01  0.000000E+00
0.311557E+01  0.805778E+01  0.000000E+00
0.316357E+01  0.826324E+01  0.000000E+00
0.321117E+01  0.847163E+01  0.000000E+00
0.325838E+01  0.868298E+01  0.000000E+00
0.330522E+01  0.889732E+01  0.000000E+00
0.335170E+01  0.911466E+01  0.000000E+00
0.339784E+01  0.933503E+01  0.000000E+00
0.344364E+01  0.955847E+01  0.000000E+00
0.348913E+01  0.978499E+01  0.000000E+00
0.353431E+01  0.100146E+02  0.000000E+00
0.357921E+01  0.102475E+02  0.000000E+00
0.362383E+01  0.104835E+02  0.000000E+00
0.366819E+01  0.107228E+02  0.000000E+00
0.371230E+01  0.109654E+02  0.000000E+00
0.375618E+01  0.112113E+02  0.000000E+00
0.379984E+01  0.114606E+02  0.000000E+00
0.384330E+01  0.117135E+02  0.000000E+00
0.388656E+01  0.119698E+02  0.000000E+00
0.392965E+01  0.122298E+02  0.000000E+00
0.397258E+01  0.124934E+02  0.000000E+00
0.401536E+01  0.127607E+02  0.000000E+00
0.405799E+01  0.130319E+02  0.000000E+00
0.410051E+01  0.133070E+02  0.000000E+00
0.414291E+01  0.135860E+02  0.000000E+00
0.418520E+01  0.138690E+02  0.000000E+00
0.422741E+01  0.141562E+02  0.000000E+00
0.426953E+01  0.144476E+02  0.000000E+00
0.431158E+01  0.147433E+02  0.000000E+00
0.435357E+01  0.150434E+02  0.000000E+00
0.439551E+01  0.153478E+02  0.000000E+00
0.443741E+01  0.156569E+02  0.000000E+00
0.447926E+01  0.159705E+02  0.000000E+00
0.452109E+01  0.162888E+02  0.000000E+00
0.456289E+01  0.166118E+02  0.000000E+00
0.460468E+01  0.169397E+02  0.000000E+00
0.464645E+01  0.172725E+02  0.000000E+00
0.468822E+01  0.176103E+02  0.000000E+00
0.472999E+01  0.179531E+02  0.000000E+00
0.477176E+01  0.183011E+02  0.000000E+00
0.481354E+01  0.186542E+02  0.000000E+00
0.485532E+01  0.190126E+02  0.000000E+00
0.489712E+01  0.193763E+02  0.000000E+00
0.493894E+01  0.197454E+02  0.000000E+00
0.498078E+01  0.201200E+02  0.000000E+00
0.502263E+01  0.205001E+02  0.000000E+00
0.506451E+01  0.208857E+02  0.000000E+00
0.510642E+01  0.212770E+02  0.000000E+00
0.514835E+01  0.216739E+02  0.000000E+00
0.519031E+01  0.220766E+02  0.000000E+00
0.523229E+01  0.224851E+02  0.000000E+00
0.527431E+01  0.228994E+02  0.000000E+00
0.531636E+01  0.233197E+02  0.000000E+00
0.535843E+01  0.237458E+02  0.000000E+00
0.540054E+01  0.241780E+02  0.000000E+00
0.544268E+01  0.246163E+02  0.000000E+00
0.548486E+01  0.250607E+02  0.000000E+00
0.552706E+01  0.255112E+02  0.000000E+00
0.556930E+01  0.259679E+02  0.000000E+00
0.561157E+01  0.264308E+02  0.000000E+00
0.565388E+01  0.269001E+02  0.000000E+00
0.569621E+01  0.273757E+02  0.000000E+00
0.573858E+01  0.278577E+02  0.000000E+00
0.578098E+01  0.283461E+02  0.000000E+00
