0.105299E+01  0.169635E+01  0.824833E+02
0.110689E+01  0.318981E+01  0.678186E+03
0.116083E+01  0.458580E+01  0.000000E+00
0.121420E+01  0.595309E+01  0.000000E+00
0.126667E+01  0.733644E+01  0.000000E+00
0.131808E+01  0.876566E+01  0.000000E+00
0.136840E+01  0.102615E+02  0.000000E+00
0.141767E+01  0.118395E+02  0.000000E+00
0.146597E+01  0.135119E+02  0.000000E+00
0.151342E+01  0.152895E+02  0.000000E+00
0.156010E+01  0.171820E+02  0.000000E+00
0.160612E+01  0.191991E+02  0.000000E+00
0.165158E+01  0.213498E+02  0.000000E+00
0.169656E+01  0.236436E+02  0.000000E+00
0.174114E+01  0.260900E+02  0.000000E+00
0.178538E+01  0.286983E+02  0.000000E+00
0.182934E+01  0.314784E+02  0.000000E+00
0.187306E+01  0.344400E+02  0.000000E+00
0.191660E+01  0.375930E+02  0.000000E+00
0.195997E+01  0.409477E+02  0.000000E+00
0.200321E+01  0.445141E+02  0.000000E+00
0.204633E+01  0.483027E+02  0.000000E+00
0.208937E+01  0.523240E+02  0.000000E+00
0.213233E+01  0.565887E+02  0.000000E+00
0.217522E+01  0.611077E+02  0.000000E+00
0.221806E+01  0.658920E+02  0.000000E+00
0.226086E+01  0.709530E+02  0.000000E+00
0.230361E+01  0.763019E+02  0.000000E+00
0.234634E+01  0.819506E+02  0.000000E+00
0.238903E+01  0.879108E+02  0.000000E+00
0.243171E+01  0.941946E+02  0.000000E+00
0.247437E+01  0.100814E+03  0.000000E+00
0.251701E+01  0.107782E+03  0.000000E+00
0.255963E+01  0.115112E+03  0.000000E+00
0.260224E+01  0.122815E+03  0.000000E+00
0.264485E+01  0.130905E+03  0.000000E+00
0.268744E+01  0.139396E+03  0.000000E+00
0.273003E+01  0.148301E+03  0.000000E+00
0.277261E+01  0.157634E+03  0.000000E+00
0.281518E+01  0.167409E+03  0.000000E+00
0.285775E+01  0.177640E+03  0.000000E+00
0.290032E+01  0.188342E+03  0.000000E+00
0.294288E+01  0.199530E+03  0.000000E+00
0.298544E+01  0.211219E+03  0.000000E+00
0.302799E+01  0.223424E+03  0.000000E+00
0.307054E+01  0.236160E+03  0.000000E+00
0.311309E+01  0.249443E+03  0.000000E+00
0.315564E+01  0.263289E+03  0.000000E+00
0.319819E+01  0.277715E+03  0.000000E+00
0.324073E+01  0.292736E+03  0.000000E+00
0.328327E+01  0.308370E+03  0.000000E+00
0.332582E+01  0.324633E+03  0.000000E+00
0.336836E+01  0.341544E+03  0.000000E+00
0.341090E+01  0.359118E+03  0.000000E+00
0.345343E+01  0.377374E+03  0.000000E+00
0.349597E+01  0.396330E+03  0.000000E+00
0.353851E+01  0.416003E+03  0.000000E+00
0.358104E+01  0.436414E+03  0.000000E+00
0.362358E+01  0.457579E+03  0.000000E+00
0.366611E+01  0.479518E+03  0.000000E+00
0.370864E+01  0.502250E+03  0.000000E+00
0.375118E+01  0.525795E+03  0.000000E+00
0.379371E+01  0.550172E+03  0.000000E+00
0.383624E+01  0.575402E+03  0.000000E+00
0.387877E+01  0.601504E+03  0.000000E+00
0.392130E+01  0.628498E+03  0.000000E+00
0.396383E+01  0.656407E+03  0.000000E+00
0.400636E+01  0.685249E+03  0.000000E+00
0.404889E+01  0.715048E+03  0.000000E+00
0.409142E+01  0.745823E+03  0.000000E+00
0.413394E+01  0.777597E+03  0.000000E+00
0.417647E+01  0.810392E+03  0.000000E+00
0.421900E+01  0.844230E+03  0.000000E+00
0.426152E+01  0.879134E+03  0.000000E+00
0.430405E+01  0.915125E+03  0.000000E+00
0.434657E+01  0.952228E+03  0.000000E+00
0.438910E+01  0.990465E+03  0.000000E+00
0.443162E+01  0.102986E+04  0.000000E+00
0.447414E+01  0.107044E+04  0.000000E+00
0.451667E+01  0.111222E+04  0.000000E+00
0.455919E+01  0.115523E+04  0.000000E+00
0.460171E+01  0.119950E+04  0.000000E+00
0.464423E+01  0.124504E+04  0.000000E+00
0.468675E+01  0.129189E+04  0.000000E+00
0.472927E+01  0.134007E+04  0.000000E+00
0.477179E+01  0.138960E+04  0.000000E+00
0.481431E+01  0.144052E+04  0.000000E+00
0.485683E+01  0.149284E+04  0.000000E+00
0.489934E+01  0.154660E+04  0.000000E+00
0.494186E+01  0.160181E+04  0.000000E+00
0.498438E+01  0.165851E+04  0.000000E+00
0.502689E+01  0.171673E+04  0.000000E+00
0.506941E+01  0.177649E+04  0.000000E+00
0.511192E+01  0.183781E+04  0.000000E+00
0.515444E+01  0.190074E+04  0.000000E+00
0.519695E+01  0.196528E+04  0.000000E+00
0.523946E+01  0.203148E+04  0.000000E+00
0.528197E+01  0.209937E+04  0.000000E+00
0.532448E+01  0.216896E+04  0.000000E+00
0.536699E+01  0.224030E+04  0.000000E+00
