0.105321E+01  0.623894E+00  0.379158E+01
0.110823E+01  0.113887E+01  0.462580E+01
0.116471E+01  0.157403E+01  0.000000E+00
0.122229E+01  0.195083E+01  0.000000E+00
0.128063E+01  0.228496E+01  0.000000E+00
0.133943E+01  0.258784E+01  0.000000E+00
0.139848E+01  0.286775E+01  0.000000E+00
0.145757E+01  0.313066E+01  0.000000E+00
0.151658E+01  0.338090E+01  0.000000E+00
0.157542E+01  0.362165E+01  0.000000E+00
0.163401E+01  0.385520E+01  0.000000E+00
0.169233E+01  0.408331E+01  0.000000E+00
0.175034E+01  0.430726E+01  0.000000E+00
0.180803E+01  0.452802E+01  0.000000E+00
0.186540E+01  0.474635E+01  0.000000E+00
0.192245E+01  0.496284E+01  0.000000E+00
0.197917E+01  0.517793E+01  0.000000E+00
0.203559E+01  0.539199E+01  0.000000E+00
0.209171E+01  0.560530E+01  0.000000E+00
0.214753E+01  0.581811E+01  0.000000E+00
0.220307E+01  0.603060E+01  0.000000E+00
0.225833E+01  0.624294E+01  0.000000E+00
0.231333E+01  0.645524E+01  0.000000E+00
0.236808E+01  0.666762E+01  0.000000E+00
0.242259E+01  0.688017E+01  0.000000E+00
0.247686E+01  0.709298E+01  0.000000E+00
0.253091E+01  0.730611E+01  0.000000E+00
0.258475E+01  0.751961E+01  0.000000E+00
0.263838E+01  0.773355E+01  0.000000E+00
0.269182E+01  0.794796E+01  0.000000E+00
0.274506E+01  0.816289E+01  0.000000E+00
0.279813E+01  0.837838E+01  0.000000E+00
0.285102E+01  0.859445E+01  0.000000E+00
0.290375E+01  0.881114E+01  0.000000E+00
0.295632E+01  0.902847E+01  0.000000E+00
0.300874E+01  0.924647E+01  0.000000E+00
0.306101E+01  0.946515E+01  0.000000E+00
0.311315E+01  0.968455E+01  0.000000E+00
0.316515E+01  0.990468E+01  0.000000E+00
0.321702E+01  0.101256E+02  0.000000E+00
0.326877E+01  0.103472E+02  0.000000E+00
0.332041E+01  0.105696E+02  0.000000E+00
0.337193E+01  0.107928E+02  0.000000E+00
0.342335E+01  0.110169E+02  0.000000E+00
0.347466E+01  0.112417E+02  0.000000E+00
0.352588E+01  0.114674E+02  0.000000E+00
0.357700E+01  0.116939E+02  0.000000E+00
0.362804E+01  0.119213E+02  0.000000E+00
0.367898E+01  0.121495E+02  0.000000E+00
0.372985E+01  0.123786E+02  0.000000E+00
0.378063E+01  0.126086E+02  0.000000E+00
0.383134E+01  0.128395E+02  0.000000E+00
0.388198E+01  0.130713E+02  0.000000E+00
0.393255E+01  0.133040E+02  0.000000E+00
0.398305E+01  0.135376E+02  0.000000E+00
0.403349E+01  0.137721E+02  0.000000E+00
0.408386E+01  0.140076E+02  0.000000E+00
0.413418E+01  0.142440E+02  0.000000E+00
0.418444E+01  0.144813E+02  0.000000E+00
0.423464E+01  0.147196E+02  0.000000E+00
0.428479E+01  0.149587E+02  0.000000E+00
0.433489E+01  0.151989E+02  0.000000E+00
0.438494E+01  0.154400E+02  0.000000E+00
0.443494E+01  0.156821E+02  0.000000E+00
0.448489E+01  0.159251E+02  0.000000E+00
0.453481E+01  0.161690E+02  0.000000E+00
0.458467E+01  0.164140E+02  0.000000E+00
0.463450E+01  0.166599E+02  0.000000E+00
0.468429E+01  0.169068E+02  0.000000E+00
0.473404E+01  0.171546E+02  0.000000E+00
0.478375E+01  0.174034E+02  0.000000E+00
0.483342E+01  0.176532E+02  0.000000E+00
0.488306E+01  0.179040E+02  0.000000E+00
0.493266E+01  0.181558E+02  0.000000E+00
0.498223E+01  0.184085E+02  0.000000E+00
0.503177E+01  0.186622E+02  0.000000E+00
0.508127E+01  0.189169E+02  0.000000E+00
0.513075E+01  0.191726E+02  0.000000E+00
0.518019E+01  0.194293E+02  0.000000E+00
0.522961E+01  0.196869E+02  0.000000E+00
0.527899E+01  0.199456E+02  0.000000E+00
0.532835E+01  0.202052E+02  0.000000E+00
0.537768E+01  0.204658E+02  0.000000E+00
0.542699E+01  0.207274E+02  0.000000E+00
0.547627E+01  0.209900E+02  0.000000E+00
0.552552E+01  0.212536E+02  0.000000E+00
0.557475E+01  0.215182E+02  0.000000E+00
0.562395E+01  0.217837E+02  0.000000E+00
0.567313E+01  0.220503E+02  0.000000E+00
0.572229E+01  0.223178E+02  0.000000E+00
0.577142E+01  0.225864E+02  0.000000E+00
0.582054E+01  0.228559E+02  0.000000E+00
0.586963E+01  0.231264E+02  0.000000E+00
0.591869E+01  0.233979E+02  0.000000E+00
0.596774E+01  0.236704E+02  0.000000E+00
0.601677E+01  0.239439E+02  0.000000E+00
0.606577E+01  0.242184E+02  0.000000E+00
0.611476E+01  0.244938E+02  0.000000E+00
0.616372E+01  0.247703E+02  0.000000E+00
0.621267E+01  0.250477E+02  0.000000E+00
