0.105269E+01  0.754630E+00  0.405370E+02
0.110602E+01  0.144965E+01  0.439939E+03
0.115952E+01  0.211024E+01  0.000000E+00
0.121274E+01  0.275693E+01  0.000000E+00
0.126536E+01  0.340616E+01  0.000000E+00
0.131713E+01  0.407101E+01  0.000000E+00
0.136792E+01  0.476192E+01  0.000000E+00
0.141768E+01  0.548737E+01  0.000000E+00
0.146639E+01  0.625440E+01  0.000000E+00
0.151410E+01  0.706914E+01  0.000000E+00
0.156088E+01  0.793711E+01  0.000000E+00
0.160681E+01  0.886366E+01  0.000000E+00
0.165198E+01  0.985386E+01  0.000000E+00
0.169649E+01  0.109130E+02  0.000000E+00
0.174042E+01  0.120463E+02  0.000000E+00
0.178386E+01  0.132595E+02  0.000000E+00
0.182689E+01  0.145583E+02  0.000000E+00
0.186959E+01  0.159487E+02  0.000000E+00
0.191201E+01  0.174370E+02  0.000000E+00
0.195420E+01  0.190295E+02  0.000000E+00
0.199622E+01  0.207330E+02  0.000000E+00
0.203811E+01  0.225540E+02  0.000000E+00
0.207988E+01  0.244997E+02  0.000000E+00
0.212158E+01  0.265771E+02  0.000000E+00
0.216322E+01  0.287935E+02  0.000000E+00
0.220481E+01  0.311562E+02  0.000000E+00
0.224637E+01  0.336729E+02  0.000000E+00
0.228792E+01  0.363512E+02  0.000000E+00
0.232945E+01  0.391991E+02  0.000000E+00
0.237098E+01  0.422247E+02  0.000000E+00
0.241251E+01  0.454362E+02  0.000000E+00
0.245405E+01  0.488420E+02  0.000000E+00
0.249559E+01  0.524508E+02  0.000000E+00
0.253714E+01  0.562713E+02  0.000000E+00
0.257870E+01  0.603125E+02  0.000000E+00
0.262028E+01  0.645837E+02  0.000000E+00
0.266187E+01  0.690942E+02  0.000000E+00
0.270347E+01  0.738537E+02  0.000000E+00
0.274508E+01  0.788718E+02  0.000000E+00
0.278671E+01  0.841587E+02  0.000000E+00
0.282835E+01  0.897245E+02  0.000000E+00
0.287001E+01  0.955797E+02  0.000000E+00
0.291168E+01  0.101735E+03  0.000000E+00
0.295337E+01  0.108201E+03  0.000000E+00
0.299506E+01  0.114989E+03  0.000000E+00
0.303677E+01  0.122111E+03  0.000000E+00
0.307850E+01  0.129578E+03  0.000000E+00
0.312023E+01  0.137401E+03  0.000000E+00
0.316198E+01  0.145593E+03  0.000000E+00
0.320374E+01  0.154166E+03  0.000000E+00
0.324551E+01  0.163132E+03  0.000000E+00
0.328729E+01  0.172504E+03  0.000000E+00
0.332908E+01  0.182296E+03  0.000000E+00
0.337088E+01  0.192520E+03  0.000000E+00
0.341267E+01  0.203184E+03  0.000000E+00
0.345447E+01  0.214305E+03  0.000000E+00
0.349626E+01  0.225895E+03  0.000000E+00
0.353806E+01  0.237971E+03  0.000000E+00
0.357986E+01  0.250547E+03  0.000000E+00
0.362168E+01  0.263639E+03  0.000000E+00
0.366350E+01  0.277260E+03  0.000000E+00
0.370533E+01  0.291426E+03  0.000000E+00
0.374717E+01  0.306153E+03  0.000000E+00
0.378901E+01  0.321455E+03  0.000000E+00
0.383086E+01  0.337349E+03  0.000000E+00
0.387272E+01  0.353851E+03  0.000000E+00
0.391459E+01  0.370977E+03  0.000000E+00
0.395646E+01  0.388744E+03  0.000000E+00
0.399834E+01  0.407168E+03  0.000000E+00
0.404023E+01  0.426268E+03  0.000000E+00
0.408212E+01  0.446059E+03  0.000000E+00
0.412402E+01  0.466560E+03  0.000000E+00
0.416592E+01  0.487787E+03  0.000000E+00
0.420783E+01  0.509761E+03  0.000000E+00
0.424974E+01  0.532498E+03  0.000000E+00
0.429166E+01  0.556017E+03  0.000000E+00
0.433359E+01  0.580337E+03  0.000000E+00
0.437552E+01  0.605478E+03  0.000000E+00
0.441745E+01  0.631460E+03  0.000000E+00
0.445939E+01  0.658302E+03  0.000000E+00
0.450134E+01  0.686023E+03  0.000000E+00
0.454329E+01  0.714644E+03  0.000000E+00
0.458524E+01  0.744187E+03  0.000000E+00
0.462720E+01  0.774670E+03  0.000000E+00
0.466916E+01  0.806116E+03  0.000000E+00
0.471113E+01  0.838545E+03  0.000000E+00
0.475310E+01  0.871980E+03  0.000000E+00
0.479508E+01  0.906442E+03  0.000000E+00
0.483706E+01  0.941953E+03  0.000000E+00
0.487904E+01  0.978535E+03  0.000000E+00
0.492103E+01  0.101621E+04  0.000000E+00
0.496302E+01  0.105501E+04  0.000000E+00
0.500501E+01  0.109494E+04  0.000000E+00
0.504701E+01  0.113604E+04  0.000000E+00
0.508901E+01  0.117832E+04  0.000000E+00
0.513101E+01  0.122182E+04  0.000000E+00
0.517301E+01  0.126655E+04  0.000000E+00
0.521502E+01  0.131254E+04  0.000000E+00
0.525703E+01  0.135982E+04  0.000000E+00
0.529904E+01  0.140840E+04  0.000000E+00
