0.105292E+01  0.595523E+00  0.114230E+02
0.110684E+01  0.112184E+01  0.452940E+02
0.116121E+01  0.160523E+01  0.000000E+00
0.121567E+01  0.206238E+01  0.000000E+00
0.126998E+01  0.250419E+01  0.000000E+00
0.132398E+01  0.293796E+01  0.000000E+00
0.137760E+01  0.336883E+01  0.000000E+00
0.143076E+01  0.380052E+01  0.000000E+00
0.148343E+01  0.423587E+01  0.000000E+00
0.153561E+01  0.467706E+01  0.000000E+00
0.158729E+01  0.512586E+01  0.000000E+00
0.163846E+01  0.558378E+01  0.000000E+00
0.168915E+01  0.605202E+01  0.000000E+00
0.173937E+01  0.653168E+01  0.000000E+00
0.178912E+01  0.702373E+01  0.000000E+00
0.183844E+01  0.752903E+01  0.000000E+00
0.188734E+01  0.804839E+01  0.000000E+00
0.193583E+01  0.858255E+01  0.000000E+00
0.198395E+01  0.913221E+01  0.000000E+00
0.203171E+01  0.969806E+01  0.000000E+00
0.207914E+01  0.102807E+02  0.000000E+00
0.212624E+01  0.108809E+02  0.000000E+00
0.217305E+01  0.114992E+02  0.000000E+00
0.221957E+01  0.121361E+02  0.000000E+00
0.226583E+01  0.127924E+02  0.000000E+00
0.231185E+01  0.134686E+02  0.000000E+00
0.235763E+01  0.141653E+02  0.000000E+00
0.240320E+01  0.148832E+02  0.000000E+00
0.244857E+01  0.156227E+02  0.000000E+00
0.249375E+01  0.163845E+02  0.000000E+00
0.253875E+01  0.171693E+02  0.000000E+00
0.258359E+01  0.179776E+02  0.000000E+00
0.262829E+01  0.188100E+02  0.000000E+00
0.267284E+01  0.196671E+02  0.000000E+00
0.271726E+01  0.205496E+02  0.000000E+00
0.276155E+01  0.214580E+02  0.000000E+00
0.280574E+01  0.223930E+02  0.000000E+00
0.284982E+01  0.233552E+02  0.000000E+00
0.289381E+01  0.243452E+02  0.000000E+00
0.293770E+01  0.253637E+02  0.000000E+00
0.298151E+01  0.264113E+02  0.000000E+00
0.302525E+01  0.274886E+02  0.000000E+00
0.306891E+01  0.285962E+02  0.000000E+00
0.311251E+01  0.297350E+02  0.000000E+00
0.315604E+01  0.309053E+02  0.000000E+00
0.319952E+01  0.321080E+02  0.000000E+00
0.324295E+01  0.333437E+02  0.000000E+00
0.328633E+01  0.346131E+02  0.000000E+00
0.332967E+01  0.359167E+02  0.000000E+00
0.337297E+01  0.372553E+02  0.000000E+00
0.341623E+01  0.386296E+02  0.000000E+00
0.345945E+01  0.400402E+02  0.000000E+00
0.350264E+01  0.414878E+02  0.000000E+00
0.354581E+01  0.429731E+02  0.000000E+00
0.358894E+01  0.444968E+02  0.000000E+00
0.363205E+01  0.460595E+02  0.000000E+00
0.367514E+01  0.476620E+02  0.000000E+00
0.371821E+01  0.493050E+02  0.000000E+00
0.376126E+01  0.509891E+02  0.000000E+00
0.380429E+01  0.527150E+02  0.000000E+00
0.384730E+01  0.544836E+02  0.000000E+00
0.389030E+01  0.562954E+02  0.000000E+00
0.393329E+01  0.581513E+02  0.000000E+00
0.397627E+01  0.600518E+02  0.000000E+00
0.401923E+01  0.619979E+02  0.000000E+00
0.406219E+01  0.639901E+02  0.000000E+00
0.410513E+01  0.660292E+02  0.000000E+00
0.414807E+01  0.681160E+02  0.000000E+00
0.419100E+01  0.702511E+02  0.000000E+00
0.423392E+01  0.724354E+02  0.000000E+00
0.427684E+01  0.746696E+02  0.000000E+00
0.431976E+01  0.769544E+02  0.000000E+00
0.436267E+01  0.792906E+02  0.000000E+00
0.440557E+01  0.816790E+02  0.000000E+00
0.444848E+01  0.841203E+02  0.000000E+00
0.449138E+01  0.866152E+02  0.000000E+00
0.453427E+01  0.891646E+02  0.000000E+00
0.457717E+01  0.917692E+02  0.000000E+00
0.462006E+01  0.944298E+02  0.000000E+00
0.466296E+01  0.971472E+02  0.000000E+00
0.470585E+01  0.999222E+02  0.000000E+00
0.474874E+01  0.102755E+03  0.000000E+00
0.479164E+01  0.105648E+03  0.000000E+00
0.483453E+01  0.108600E+03  0.000000E+00
0.487742E+01  0.111613E+03  0.000000E+00
0.492031E+01  0.114688E+03  0.000000E+00
0.496321E+01  0.117825E+03  0.000000E+00
0.500610E+01  0.121025E+03  0.000000E+00
0.504900E+01  0.124289E+03  0.000000E+00
0.509189E+01  0.127618E+03  0.000000E+00
0.513479E+01  0.131012E+03  0.000000E+00
0.517769E+01  0.134473E+03  0.000000E+00
0.522059E+01  0.138001E+03  0.000000E+00
0.526349E+01  0.141597E+03  0.000000E+00
0.530640E+01  0.145261E+03  0.000000E+00
0.534930E+01  0.148996E+03  0.000000E+00
0.539221E+01  0.152801E+03  0.000000E+00
0.543512E+01  0.156678E+03  0.000000E+00
0.547803E+01  0.160626E+03  0.000000E+00
0.552095E+01  0.164648E+03  0.000000E+00
