0.105337E+01  0.188491E+00  0.372363E+02
0.110724E+01  0.350578E+00  0.172282E+04
0.115953E+01  0.512679E+00  0.000000E+00
0.120949E+01  0.688597E+00  0.000000E+00
0.125729E+01  0.885844E+00  0.000000E+00
0.130337E+01  0.110964E+01  0.000000E+00
0.134819E+01  0.136468E+01  0.000000E+00
0.139215E+01  0.165578E+01  0.000000E+00
0.143552E+01  0.198805E+01  0.000000E+00
0.147849E+01  0.236688E+01  0.000000E+00
0.152119E+01  0.279802E+01  0.000000E+00
0.156367E+01  0.328759E+01  0.000000E+00
0.160599E+01  0.384217E+01  0.000000E+00
0.164817E+01  0.446885E+01  0.000000E+00
0.169023E+01  0.517530E+01  0.000000E+00
0.173218E+01  0.596988E+01  0.000000E+00
0.177403E+01  0.686164E+01  0.000000E+00
0.181578E+01  0.786040E+01  0.000000E+00
0.185744E+01  0.897684E+01  0.000000E+00
0.189901E+01  0.102225E+02  0.000000E+00
0.194052E+01  0.116100E+02  0.000000E+00
0.198195E+01  0.131528E+02  0.000000E+00
0.202332E+01  0.148655E+02  0.000000E+00
0.206463E+01  0.167639E+02  0.000000E+00
0.210588E+01  0.188651E+02  0.000000E+00
0.214709E+01  0.211872E+02  0.000000E+00
0.218826E+01  0.237499E+02  0.000000E+00
0.222939E+01  0.265742E+02  0.000000E+00
0.227049E+01  0.296827E+02  0.000000E+00
0.231156E+01  0.330996E+02  0.000000E+00
0.235260E+01  0.368506E+02  0.000000E+00
0.239362E+01  0.409632E+02  0.000000E+00
0.243462E+01  0.454670E+02  0.000000E+00
0.247560E+01  0.503931E+02  0.000000E+00
0.251657E+01  0.557750E+02  0.000000E+00
0.255752E+01  0.616479E+02  0.000000E+00
0.259846E+01  0.680497E+02  0.000000E+00
0.263939E+01  0.750201E+02  0.000000E+00
0.268032E+01  0.826017E+02  0.000000E+00
0.272123E+01  0.908392E+02  0.000000E+00
0.276214E+01  0.997801E+02  0.000000E+00
0.280305E+01  0.109475E+03  0.000000E+00
0.284395E+01  0.119976E+03  0.000000E+00
0.288485E+01  0.131340E+03  0.000000E+00
0.292575E+01  0.143626E+03  0.000000E+00
0.296664E+01  0.156897E+03  0.000000E+00
0.300753E+01  0.171218E+03  0.000000E+00
0.304842E+01  0.186657E+03  0.000000E+00
0.308931E+01  0.203289E+03  0.000000E+00
0.313020E+01  0.221189E+03  0.000000E+00
0.317109E+01  0.240439E+03  0.000000E+00
0.321199E+01  0.261121E+03  0.000000E+00
0.325288E+01  0.283326E+03  0.000000E+00
0.329377E+01  0.307146E+03  0.000000E+00
0.333466E+01  0.332678E+03  0.000000E+00
0.337555E+01  0.360024E+03  0.000000E+00
0.341645E+01  0.389292E+03  0.000000E+00
0.345734E+01  0.420594E+03  0.000000E+00
0.349824E+01  0.454045E+03  0.000000E+00
0.353914E+01  0.489768E+03  0.000000E+00
0.358004E+01  0.527892E+03  0.000000E+00
0.362094E+01  0.568550E+03  0.000000E+00
0.366184E+01  0.611880E+03  0.000000E+00
0.370275E+01  0.658028E+03  0.000000E+00
0.374365E+01  0.707146E+03  0.000000E+00
0.378456E+01  0.759391E+03  0.000000E+00
0.382547E+01  0.814928E+03  0.000000E+00
0.386638E+01  0.873928E+03  0.000000E+00
0.390729E+01  0.936569E+03  0.000000E+00
0.394820E+01  0.100304E+04  0.000000E+00
0.398912E+01  0.107353E+04  0.000000E+00
0.403004E+01  0.114824E+04  0.000000E+00
0.407095E+01  0.122737E+04  0.000000E+00
0.411187E+01  0.131116E+04  0.000000E+00
0.415279E+01  0.139981E+04  0.000000E+00
0.419371E+01  0.149357E+04  0.000000E+00
0.423464E+01  0.159267E+04  0.000000E+00
0.427556E+01  0.169737E+04  0.000000E+00
0.431649E+01  0.180793E+04  0.000000E+00
0.435741E+01  0.192462E+04  0.000000E+00
