0.105233E+01  0.128993E+01  0.172665E+03
0.110458E+01  0.256910E+01  0.000000E+00
0.115633E+01  0.387475E+01  0.000000E+00
0.120728E+01  0.523908E+01  0.000000E+00
0.125726E+01  0.669008E+01  0.000000E+00
0.130616E+01  0.825264E+01  0.000000E+00
0.135398E+01  0.994970E+01  0.000000E+00
0.140077E+01  0.118032E+02  0.000000E+00
0.144658E+01  0.138348E+02  0.000000E+00
0.149152E+01  0.160669E+02  0.000000E+00
0.153569E+01  0.185227E+02  0.000000E+00
0.157919E+01  0.212273E+02  0.000000E+00
0.162211E+01  0.242072E+02  0.000000E+00
0.166455E+01  0.274912E+02  0.000000E+00
0.170660E+01  0.311103E+02  0.000000E+00
0.174832E+01  0.350979E+02  0.000000E+00
0.178978E+01  0.394896E+02  0.000000E+00
0.183102E+01  0.443236E+02  0.000000E+00
0.187210E+01  0.496408E+02  0.000000E+00
0.191305E+01  0.554846E+02  0.000000E+00
0.195389E+01  0.619016E+02  0.000000E+00
0.199466E+01  0.689408E+02  0.000000E+00
0.203537E+01  0.766549E+02  0.000000E+00
0.207604E+01  0.850993E+02  0.000000E+00
0.211668E+01  0.943331E+02  0.000000E+00
0.215730E+01  0.104419E+03  0.000000E+00
0.219791E+01  0.115422E+03  0.000000E+00
0.223852E+01  0.127413E+03  0.000000E+00
0.227913E+01  0.140466E+03  0.000000E+00
0.231975E+01  0.154658E+03  0.000000E+00
