0.105274E+01  0.111161E+01  0.107761E+02
0.110642E+01  0.211655E+01  0.146410E+02
0.116086E+01  0.303554E+01  0.000000E+00
0.121592E+01  0.388536E+01  0.000000E+00
0.127144E+01  0.467955E+01  0.000000E+00
0.132728E+01  0.542908E+01  0.000000E+00
0.138334E+01  0.614277E+01  0.000000E+00
0.143951E+01  0.682776E+01  0.000000E+00
0.149571E+01  0.748984E+01  0.000000E+00
0.155188E+01  0.813367E+01  0.000000E+00
0.160797E+01  0.876304E+01  0.000000E+00
0.166393E+01  0.938107E+01  0.000000E+00
0.171972E+01  0.999026E+01  0.000000E+00
0.177533E+01  0.105927E+02  0.000000E+00
0.183074E+01  0.111901E+02  0.000000E+00
0.188593E+01  0.117838E+02  0.000000E+00
0.194088E+01  0.123750E+02  0.000000E+00
0.199561E+01  0.129648E+02  0.000000E+00
0.205010E+01  0.135538E+02  0.000000E+00
0.210435E+01  0.141428E+02  0.000000E+00
0.215837E+01  0.147324E+02  0.000000E+00
0.221215E+01  0.153230E+02  0.000000E+00
0.226570E+01  0.159150E+02  0.000000E+00
0.231903E+01  0.165089E+02  0.000000E+00
0.237213E+01  0.171048E+02  0.000000E+00
0.242502E+01  0.177032E+02  0.000000E+00
0.247770E+01  0.183040E+02  0.000000E+00
0.253018E+01  0.189077E+02  0.000000E+00
0.258245E+01  0.195143E+02  0.000000E+00
0.263453E+01  0.201240E+02  0.000000E+00
0.268643E+01  0.207369E+02  0.000000E+00
0.273815E+01  0.213532E+02  0.000000E+00
0.278969E+01  0.219729E+02  0.000000E+00
0.284107E+01  0.225961E+02  0.000000E+00
0.289228E+01  0.232228E+02  0.000000E+00
0.294334E+01  0.238533E+02  0.000000E+00
0.299425E+01  0.244875E+02  0.000000E+00
0.304502E+01  0.251255E+02  0.000000E+00
0.309565E+01  0.257673E+02  0.000000E+00
0.314614E+01  0.264130E+02  0.000000E+00
0.319651E+01  0.270626E+02  0.000000E+00
0.324675E+01  0.277163E+02  0.000000E+00
0.329688E+01  0.283739E+02  0.000000E+00
0.334690E+01  0.290356E+02  0.000000E+00
0.339681E+01  0.297013E+02  0.000000E+00
0.344661E+01  0.303712E+02  0.000000E+00
0.349632E+01  0.310451E+02  0.000000E+00
0.354593E+01  0.317233E+02  0.000000E+00
0.359546E+01  0.324056E+02  0.000000E+00
0.364489E+01  0.330921E+02  0.000000E+00
0.369425E+01  0.337829E+02  0.000000E+00
0.374352E+01  0.344778E+02  0.000000E+00
0.379272E+01  0.351771E+02  0.000000E+00
0.384185E+01  0.358806E+02  0.000000E+00
0.389091E+01  0.365884E+02  0.000000E+00
0.393990E+01  0.373004E+02  0.000000E+00
0.398883E+01  0.380168E+02  0.000000E+00
0.403770E+01  0.387375E+02  0.000000E+00
0.408652E+01  0.394626E+02  0.000000E+00
0.413527E+01  0.401919E+02  0.000000E+00
0.418398E+01  0.409257E+02  0.000000E+00
0.423264E+01  0.416638E+02  0.000000E+00
0.428125E+01  0.424062E+02  0.000000E+00
0.432981E+01  0.431530E+02  0.000000E+00
0.437833E+01  0.439042E+02  0.000000E+00
0.442681E+01  0.446597E+02  0.000000E+00
0.447525E+01  0.454196E+02  0.000000E+00
0.452365E+01  0.461839E+02  0.000000E+00
0.457201E+01  0.469526E+02  0.000000E+00
0.462034E+01  0.477257E+02  0.000000E+00
0.466864E+01  0.485031E+02  0.000000E+00
0.471690E+01  0.492850E+02  0.000000E+00
0.476514E+01  0.500712E+02  0.000000E+00
0.481334E+01  0.508618E+02  0.000000E+00
0.486152E+01  0.516568E+02  0.000000E+00
0.490967E+01  0.524561E+02  0.000000E+00
0.495780E+01  0.532599E+02  0.000000E+00
0.500590E+01  0.540680E+02  0.000000E+00
0.505398E+01  0.548805E+02  0.000000E+00
0.510204E+01  0.556974E+02  0.000000E+00
0.515008E+01  0.565186E+02  0.000000E+00
0.519810E+01  0.573442E+02  0.000000E+00
0.524609E+01  0.581742E+02  0.000000E+00
0.529407E+01  0.590085E+02  0.000000E+00
0.534203E+01  0.598472E+02  0.000000E+00
0.538998E+01  0.606902E+02  0.000000E+00
0.543791E+01  0.615376E+02  0.000000E+00
0.548582E+01  0.623893E+02  0.000000E+00
0.553372E+01  0.632453E+02  0.000000E+00
0.558160E+01  0.641057E+02  0.000000E+00
0.562947E+01  0.649704E+02  0.000000E+00
0.567732E+01  0.658394E+02  0.000000E+00
0.572517E+01  0.667127E+02  0.000000E+00
0.577300E+01  0.675903E+02  0.000000E+00
0.582082E+01  0.684722E+02  0.000000E+00
0.586863E+01  0.693584E+02  0.000000E+00
0.591643E+01  0.702489E+02  0.000000E+00
0.596422E+01  0.711437E+02  0.000000E+00
0.601200E+01  0.720427E+02  0.000000E+00
0.605976E+01  0.729460E+02  0.000000E+00
