0.105265E+01  0.494832E+00  0.155283E+02
0.110593E+01  0.952881E+00  0.000000E+00
0.115951E+01  0.138674E+01  0.000000E+00
0.121307E+01  0.180655E+01  0.000000E+00
0.126636E+01  0.222039E+01  0.000000E+00
0.131920E+01  0.263463E+01  0.000000E+00
0.137146E+01  0.305429E+01  0.000000E+00
0.142305E+01  0.348336E+01  0.000000E+00
0.147394E+01  0.392501E+01  0.000000E+00
0.152411E+01  0.438186E+01  0.000000E+00
0.157358E+01  0.485603E+01  0.000000E+00
0.162237E+01  0.534941E+01  0.000000E+00
0.167051E+01  0.586359E+01  0.000000E+00
0.171806E+01  0.640004E+01  0.000000E+00
0.176505E+01  0.696012E+01  0.000000E+00
0.181153E+01  0.754514E+01  0.000000E+00
0.185756E+01  0.815637E+01  0.000000E+00
0.190316E+01  0.879505E+01  0.000000E+00
0.194840E+01  0.946240E+01  0.000000E+00
0.199330E+01  0.101597E+02  0.000000E+00
0.203791E+01  0.108881E+02  0.000000E+00
0.208227E+01  0.116490E+02  0.000000E+00
0.212640E+01  0.124435E+02  0.000000E+00
0.217033E+01  0.132729E+02  0.000000E+00
0.221409E+01  0.141385E+02  0.000000E+00
0.225771E+01  0.150415E+02  0.000000E+00
0.230119E+01  0.159832E+02  0.000000E+00
0.234457E+01  0.169648E+02  0.000000E+00
0.238785E+01  0.179877E+02  0.000000E+00
0.243105E+01  0.190529E+02  0.000000E+00
0.247419E+01  0.201619E+02  0.000000E+00
0.251726E+01  0.213158E+02  0.000000E+00
0.256028E+01  0.225159E+02  0.000000E+00
0.260326E+01  0.237635E+02  0.000000E+00
0.264621E+01  0.250597E+02  0.000000E+00
0.268912E+01  0.264060E+02  0.000000E+00
0.273201E+01  0.278034E+02  0.000000E+00
0.277488E+01  0.292533E+02  0.000000E+00
0.281773E+01  0.307569E+02  0.000000E+00
0.286057E+01  0.323155E+02  0.000000E+00
0.290339E+01  0.339303E+02  0.000000E+00
0.294620E+01  0.356026E+02  0.000000E+00
0.298901E+01  0.373337E+02  0.000000E+00
0.303181E+01  0.391249E+02  0.000000E+00
0.307461E+01  0.409774E+02  0.000000E+00
0.311741E+01  0.428924E+02  0.000000E+00
0.316020E+01  0.448714E+02  0.000000E+00
0.320299E+01  0.469155E+02  0.000000E+00
0.324578E+01  0.490260E+02  0.000000E+00
0.328857E+01  0.512044E+02  0.000000E+00
0.333136E+01  0.534518E+02  0.000000E+00
0.337415E+01  0.557695E+02  0.000000E+00
0.341695E+01  0.581590E+02  0.000000E+00
0.345975E+01  0.606214E+02  0.000000E+00
0.350255E+01  0.631583E+02  0.000000E+00
0.354535E+01  0.657707E+02  0.000000E+00
0.358816E+01  0.684602E+02  0.000000E+00
0.363096E+01  0.712281E+02  0.000000E+00
0.367378E+01  0.740757E+02  0.000000E+00
0.371659E+01  0.770043E+02  0.000000E+00
