0.105222E+01  0.108685E+01  0.000000E+00
0.110392E+01  0.220026E+01  0.000000E+00
0.115441E+01  0.339809E+01  0.000000E+00
0.120326E+01  0.473608E+01  0.000000E+00
0.125031E+01  0.626921E+01  0.000000E+00
0.129561E+01  0.805446E+01  0.000000E+00
0.133935E+01  0.101542E+02  0.000000E+00
0.138180E+01  0.126399E+02  0.000000E+00
0.142323E+01  0.155957E+02  0.000000E+00
0.146392E+01  0.191216E+02  0.000000E+00
0.150409E+01  0.233364E+02  0.000000E+00
0.154391E+01  0.283795E+02  0.000000E+00
0.158353E+01  0.344140E+02  0.000000E+00
0.162305E+01  0.416290E+02  0.000000E+00
0.166253E+01  0.502426E+02  0.000000E+00
0.170200E+01  0.605059E+02  0.000000E+00
0.174152E+01  0.727069E+02  0.000000E+00
0.178108E+01  0.871743E+02  0.000000E+00
0.182069E+01  0.104283E+03  0.000000E+00
0.186038E+01  0.124460E+03  0.000000E+00
