0.105278E+01  0.128878E+01  0.160391E+02
0.110657E+01  0.244489E+01  0.939388E+02
0.116116E+01  0.349595E+01  0.000000E+00
0.121636E+01  0.446466E+01  0.000000E+00
0.127197E+01  0.536965E+01  0.000000E+00
0.132780E+01  0.622616E+01  0.000000E+00
0.138368E+01  0.704666E+01  0.000000E+00
0.143948E+01  0.784131E+01  0.000000E+00
0.149508E+01  0.861843E+01  0.000000E+00
0.155037E+01  0.938483E+01  0.000000E+00
0.160528E+01  0.101461E+02  0.000000E+00
0.165974E+01  0.109068E+02  0.000000E+00
0.171371E+01  0.116709E+02  0.000000E+00
0.176716E+01  0.124415E+02  0.000000E+00
0.182006E+01  0.132214E+02  0.000000E+00
0.187238E+01  0.140129E+02  0.000000E+00
0.192413E+01  0.148181E+02  0.000000E+00
0.197530E+01  0.156387E+02  0.000000E+00
0.202588E+01  0.164765E+02  0.000000E+00
0.207589E+01  0.173328E+02  0.000000E+00
0.212532E+01  0.182091E+02  0.000000E+00
0.217419E+01  0.191066E+02  0.000000E+00
0.222250E+01  0.200265E+02  0.000000E+00
0.227027E+01  0.209701E+02  0.000000E+00
0.231752E+01  0.219385E+02  0.000000E+00
0.236425E+01  0.229328E+02  0.000000E+00
0.241048E+01  0.239544E+02  0.000000E+00
0.245623E+01  0.250042E+02  0.000000E+00
0.250152E+01  0.260837E+02  0.000000E+00
0.254636E+01  0.271939E+02  0.000000E+00
0.259078E+01  0.283363E+02  0.000000E+00
0.263478E+01  0.295121E+02  0.000000E+00
0.267840E+01  0.307228E+02  0.000000E+00
0.272164E+01  0.319698E+02  0.000000E+00
0.276454E+01  0.332545E+02  0.000000E+00
0.280709E+01  0.345787E+02  0.000000E+00
0.284933E+01  0.359438E+02  0.000000E+00
0.289128E+01  0.373517E+02  0.000000E+00
0.293294E+01  0.388041E+02  0.000000E+00
0.297434E+01  0.403027E+02  0.000000E+00
0.301549E+01  0.418497E+02  0.000000E+00
0.305640E+01  0.434468E+02  0.000000E+00
0.309711E+01  0.450963E+02  0.000000E+00
0.313760E+01  0.468001E+02  0.000000E+00
0.317792E+01  0.485606E+02  0.000000E+00
0.321805E+01  0.503801E+02  0.000000E+00
0.325802E+01  0.522608E+02  0.000000E+00
0.329784E+01  0.542054E+02  0.000000E+00
0.333753E+01  0.562163E+02  0.000000E+00
0.337708E+01  0.582961E+02  0.000000E+00
0.341652E+01  0.604477E+02  0.000000E+00
0.345585E+01  0.626738E+02  0.000000E+00
0.349508E+01  0.649773E+02  0.000000E+00
0.353421E+01  0.673613E+02  0.000000E+00
0.357327E+01  0.698290E+02  0.000000E+00
0.361226E+01  0.723834E+02  0.000000E+00
0.365117E+01  0.750280E+02  0.000000E+00
0.369003E+01  0.777663E+02  0.000000E+00
0.372883E+01  0.806017E+02  0.000000E+00
0.376759E+01  0.835379E+02  0.000000E+00
0.380631E+01  0.865789E+02  0.000000E+00
0.384499E+01  0.897283E+02  0.000000E+00
0.388365E+01  0.929905E+02  0.000000E+00
0.392228E+01  0.963694E+02  0.000000E+00
0.396089E+01  0.998694E+02  0.000000E+00
0.399948E+01  0.103495E+03  0.000000E+00
0.403807E+01  0.107251E+03  0.000000E+00
0.407665E+01  0.111141E+03  0.000000E+00
0.411522E+01  0.115172E+03  0.000000E+00
0.415379E+01  0.119347E+03  0.000000E+00
0.419237E+01  0.123672E+03  0.000000E+00
0.423095E+01  0.128152E+03  0.000000E+00
0.426955E+01  0.132792E+03  0.000000E+00
0.430815E+01  0.137599E+03  0.000000E+00
0.434677E+01  0.142578E+03  0.000000E+00
0.438540E+01  0.147735E+03  0.000000E+00
0.442405E+01  0.153076E+03  0.000000E+00
0.446272E+01  0.158608E+03  0.000000E+00
0.450141E+01  0.164336E+03  0.000000E+00
0.454013E+01  0.170267E+03  0.000000E+00
0.457887E+01  0.176409E+03  0.000000E+00
0.461763E+01  0.182768E+03  0.000000E+00
0.465642E+01  0.189350E+03  0.000000E+00
0.469524E+01  0.196169E+03  0.000000E+00
0.473408E+01  0.203219E+03  0.000000E+00
0.477295E+01  0.210520E+03  0.000000E+00
0.481185E+01  0.218076E+03  0.000000E+00
0.485079E+01  0.225894E+03  0.000000E+00
0.488975E+01  0.233985E+03  0.000000E+00
0.492871E+01  0.242345E+03  0.000000E+00
0.496768E+01  0.250991E+03  0.000000E+00
0.500668E+01  0.259933E+03  0.000000E+00
0.504571E+01  0.269180E+03  0.000000E+00
0.508477E+01  0.278741E+03  0.000000E+00
0.512385E+01  0.288626E+03  0.000000E+00
0.516297E+01  0.298846E+03  0.000000E+00
0.520212E+01  0.309411E+03  0.000000E+00
0.524131E+01  0.320330E+03  0.000000E+00
0.528053E+01  0.331615E+03  0.000000E+00
0.531978E+01  0.343277E+03  0.000000E+00
