0.105298E+01  0.131872E+01  0.451872E+01
0.110743E+01  0.245224E+01  0.251001E+01
0.116324E+01  0.343427E+01  0.000000E+00
0.122030E+01  0.429200E+01  0.000000E+00
0.127848E+01  0.504734E+01  0.000000E+00
0.133766E+01  0.571806E+01  0.000000E+00
0.139772E+01  0.631853E+01  0.000000E+00
0.145856E+01  0.686043E+01  0.000000E+00
0.152007E+01  0.735328E+01  0.000000E+00
0.158215E+01  0.780484E+01  0.000000E+00
0.164473E+01  0.822147E+01  0.000000E+00
0.170772E+01  0.860842E+01  0.000000E+00
0.177105E+01  0.896996E+01  0.000000E+00
0.183468E+01  0.930968E+01  0.000000E+00
0.189854E+01  0.963052E+01  0.000000E+00
0.196259E+01  0.993497E+01  0.000000E+00
0.202679E+01  0.102251E+02  0.000000E+00
0.209112E+01  0.105026E+02  0.000000E+00
0.215553E+01  0.107691E+02  0.000000E+00
0.222001E+01  0.110256E+02  0.000000E+00
0.228454E+01  0.112734E+02  0.000000E+00
0.234910E+01  0.115134E+02  0.000000E+00
0.241366E+01  0.117462E+02  0.000000E+00
0.247823E+01  0.119727E+02  0.000000E+00
0.254278E+01  0.121933E+02  0.000000E+00
0.260732E+01  0.124087E+02  0.000000E+00
0.267183E+01  0.126192E+02  0.000000E+00
0.273630E+01  0.128253E+02  0.000000E+00
0.280073E+01  0.130272E+02  0.000000E+00
0.286511E+01  0.132255E+02  0.000000E+00
0.292945E+01  0.134202E+02  0.000000E+00
0.299374E+01  0.136116E+02  0.000000E+00
0.305797E+01  0.138001E+02  0.000000E+00
0.312214E+01  0.139856E+02  0.000000E+00
0.318626E+01  0.141686E+02  0.000000E+00
0.325031E+01  0.143490E+02  0.000000E+00
0.331431E+01  0.145271E+02  0.000000E+00
0.337824E+01  0.147030E+02  0.000000E+00
0.344212E+01  0.148767E+02  0.000000E+00
0.350592E+01  0.150485E+02  0.000000E+00
0.356967E+01  0.152184E+02  0.000000E+00
0.363336E+01  0.153865E+02  0.000000E+00
0.369698E+01  0.155529E+02  0.000000E+00
0.376054E+01  0.157177E+02  0.000000E+00
0.382404E+01  0.158809E+02  0.000000E+00
0.388748E+01  0.160426E+02  0.000000E+00
0.395085E+01  0.162029E+02  0.000000E+00
0.401417E+01  0.163618E+02  0.000000E+00
0.407742E+01  0.165194E+02  0.000000E+00
0.414062E+01  0.166758E+02  0.000000E+00
0.420375E+01  0.168309E+02  0.000000E+00
0.426683E+01  0.169848E+02  0.000000E+00
0.432985E+01  0.171377E+02  0.000000E+00
0.439281E+01  0.172894E+02  0.000000E+00
0.445572E+01  0.174401E+02  0.000000E+00
0.451857E+01  0.175897E+02  0.000000E+00
0.458137E+01  0.177384E+02  0.000000E+00
0.464411E+01  0.178861E+02  0.000000E+00
0.470679E+01  0.180328E+02  0.000000E+00
0.476943E+01  0.181787E+02  0.000000E+00
0.483201E+01  0.183237E+02  0.000000E+00
0.489453E+01  0.184678E+02  0.000000E+00
0.495701E+01  0.186112E+02  0.000000E+00
0.501944E+01  0.187537E+02  0.000000E+00
0.508181E+01  0.188954E+02  0.000000E+00
0.514414E+01  0.190363E+02  0.000000E+00
0.520642E+01  0.191766E+02  0.000000E+00
0.526865E+01  0.193161E+02  0.000000E+00
0.533083E+01  0.194548E+02  0.000000E+00
0.539296E+01  0.195929E+02  0.000000E+00
0.545505E+01  0.197303E+02  0.000000E+00
0.551709E+01  0.198671E+02  0.000000E+00
0.557909E+01  0.200032E+02  0.000000E+00
0.564104E+01  0.201387E+02  0.000000E+00
0.570295E+01  0.202735E+02  0.000000E+00
0.576481E+01  0.204078E+02  0.000000E+00
0.582663E+01  0.205414E+02  0.000000E+00
0.588840E+01  0.206745E+02  0.000000E+00
0.595014E+01  0.208070E+02  0.000000E+00
0.601183E+01  0.209390E+02  0.000000E+00
0.607348E+01  0.210704E+02  0.000000E+00
0.613509E+01  0.212012E+02  0.000000E+00
0.619666E+01  0.213316E+02  0.000000E+00
0.625819E+01  0.214614E+02  0.000000E+00
0.631967E+01  0.215907E+02  0.000000E+00
0.638112E+01  0.217196E+02  0.000000E+00
0.644253E+01  0.218479E+02  0.000000E+00
0.650391E+01  0.219757E+02  0.000000E+00
0.656524E+01  0.221031E+02  0.000000E+00
0.662654E+01  0.222300E+02  0.000000E+00
0.668780E+01  0.223565E+02  0.000000E+00
0.674902E+01  0.224825E+02  0.000000E+00
0.681021E+01  0.226081E+02  0.000000E+00
0.687136E+01  0.227332E+02  0.000000E+00
0.693247E+01  0.228579E+02  0.000000E+00
0.699355E+01  0.229822E+02  0.000000E+00
0.705460E+01  0.231061E+02  0.000000E+00
0.711561E+01  0.232296E+02  0.000000E+00
0.717658E+01  0.233527E+02  0.000000E+00
0.723753E+01  0.234753E+02  0.000000E+00
