0.105263E+01  0.124143E+01  0.514041E+02
0.110580E+01  0.239832E+01  0.308296E+03
0.115909E+01  0.350688E+01  0.000000E+00
0.121216E+01  0.459540E+01  0.000000E+00
0.126478E+01  0.568573E+01  0.000000E+00
0.131675E+01  0.679470E+01  0.000000E+00
0.136800E+01  0.793542E+01  0.000000E+00
0.141848E+01  0.911823E+01  0.000000E+00
0.146817E+01  0.103515E+02  0.000000E+00
0.151712E+01  0.116422E+02  0.000000E+00
0.156534E+01  0.129965E+02  0.000000E+00
0.161290E+01  0.144197E+02  0.000000E+00
0.165985E+01  0.159169E+02  0.000000E+00
0.170624E+01  0.174930E+02  0.000000E+00
0.175214E+01  0.191525E+02  0.000000E+00
0.179759E+01  0.209001E+02  0.000000E+00
0.184265E+01  0.227405E+02  0.000000E+00
0.188736E+01  0.246783E+02  0.000000E+00
0.193178E+01  0.267181E+02  0.000000E+00
0.197593E+01  0.288648E+02  0.000000E+00
0.201986E+01  0.311229E+02  0.000000E+00
0.206360E+01  0.334974E+02  0.000000E+00
0.210716E+01  0.359930E+02  0.000000E+00
0.215059E+01  0.386146E+02  0.000000E+00
0.219389E+01  0.413671E+02  0.000000E+00
0.223709E+01  0.442552E+02  0.000000E+00
0.228019E+01  0.472841E+02  0.000000E+00
0.232322E+01  0.504585E+02  0.000000E+00
0.236618E+01  0.537836E+02  0.000000E+00
0.240909E+01  0.572642E+02  0.000000E+00
0.245194E+01  0.609055E+02  0.000000E+00
0.249476E+01  0.647125E+02  0.000000E+00
0.253754E+01  0.686904E+02  0.000000E+00
0.258030E+01  0.728443E+02  0.000000E+00
0.262302E+01  0.771794E+02  0.000000E+00
0.266573E+01  0.817010E+02  0.000000E+00
0.270842E+01  0.864142E+02  0.000000E+00
0.275109E+01  0.913245E+02  0.000000E+00
0.279375E+01  0.964372E+02  0.000000E+00
0.283640E+01  0.101758E+03  0.000000E+00
0.287904E+01  0.107291E+03  0.000000E+00
0.292168E+01  0.113043E+03  0.000000E+00
0.296431E+01  0.119020E+03  0.000000E+00
0.300693E+01  0.125226E+03  0.000000E+00
0.304955E+01  0.131668E+03  0.000000E+00
0.309216E+01  0.138351E+03  0.000000E+00
0.313477E+01  0.145281E+03  0.000000E+00
0.317738E+01  0.152463E+03  0.000000E+00
0.321999E+01  0.159904E+03  0.000000E+00
0.326260E+01  0.167609E+03  0.000000E+00
0.330521E+01  0.175584E+03  0.000000E+00
0.334782E+01  0.183836E+03  0.000000E+00
0.339043E+01  0.192370E+03  0.000000E+00
0.343304E+01  0.201192E+03  0.000000E+00
0.347565E+01  0.210308E+03  0.000000E+00
0.351826E+01  0.219725E+03  0.000000E+00
0.356087E+01  0.229449E+03  0.000000E+00
0.360349E+01  0.239486E+03  0.000000E+00
0.364610E+01  0.249843E+03  0.000000E+00
0.368872E+01  0.260525E+03  0.000000E+00
0.373134E+01  0.271539E+03  0.000000E+00
0.377396E+01  0.282891E+03  0.000000E+00
0.381656E+01  0.294583E+03  0.000000E+00
0.385915E+01  0.306622E+03  0.000000E+00
0.390174E+01  0.319018E+03  0.000000E+00
0.394432E+01  0.331777E+03  0.000000E+00
0.398691E+01  0.344907E+03  0.000000E+00
0.402950E+01  0.358414E+03  0.000000E+00
0.407210E+01  0.372306E+03  0.000000E+00
0.411469E+01  0.386589E+03  0.000000E+00
0.415729E+01  0.401270E+03  0.000000E+00
0.419989E+01  0.416356E+03  0.000000E+00
0.424249E+01  0.431854E+03  0.000000E+00
0.428509E+01  0.447770E+03  0.000000E+00
0.432769E+01  0.464113E+03  0.000000E+00
0.437030E+01  0.480890E+03  0.000000E+00
0.441291E+01  0.498107E+03  0.000000E+00
0.445552E+01  0.515771E+03  0.000000E+00
0.449814E+01  0.533890E+03  0.000000E+00
0.454076E+01  0.552472E+03  0.000000E+00
0.458338E+01  0.571524E+03  0.000000E+00
0.462600E+01  0.591052E+03  0.000000E+00
0.466862E+01  0.611065E+03  0.000000E+00
0.471125E+01  0.631571E+03  0.000000E+00
0.475388E+01  0.652576E+03  0.000000E+00
0.479652E+01  0.674088E+03  0.000000E+00
0.483915E+01  0.696115E+03  0.000000E+00
0.488179E+01  0.718665E+03  0.000000E+00
0.492443E+01  0.741745E+03  0.000000E+00
0.496707E+01  0.765363E+03  0.000000E+00
0.500972E+01  0.789527E+03  0.000000E+00
0.505237E+01  0.814245E+03  0.000000E+00
0.509502E+01  0.839524E+03  0.000000E+00
0.513767E+01  0.865373E+03  0.000000E+00
0.518033E+01  0.891800E+03  0.000000E+00
0.522298E+01  0.918812E+03  0.000000E+00
0.526564E+01  0.946418E+03  0.000000E+00
0.530830E+01  0.974626E+03  0.000000E+00
0.535097E+01  0.100344E+04  0.000000E+00
0.539363E+01  0.103288E+04  0.000000E+00
