0.105279E+01  0.286420E+00  0.567802E+02
0.110601E+01  0.549805E+00  0.000000E+00
0.115868E+01  0.808693E+00  0.000000E+00
0.121010E+01  0.107692E+01  0.000000E+00
0.125993E+01  0.136487E+01  0.000000E+00
0.130808E+01  0.168069E+01  0.000000E+00
0.135465E+01  0.203139E+01  0.000000E+00
0.139981E+01  0.242359E+01  0.000000E+00
0.144379E+01  0.286408E+01  0.000000E+00
0.148682E+01  0.336020E+01  0.000000E+00
0.152911E+01  0.392000E+01  0.000000E+00
0.157083E+01  0.455241E+01  0.000000E+00
0.161214E+01  0.526720E+01  0.000000E+00
0.165316E+01  0.607510E+01  0.000000E+00
0.169398E+01  0.698776E+01  0.000000E+00
0.173466E+01  0.801783E+01  0.000000E+00
0.177525E+01  0.917898E+01  0.000000E+00
0.181580E+01  0.104860E+02  0.000000E+00
0.185631E+01  0.119548E+02  0.000000E+00
0.189682E+01  0.136025E+02  0.000000E+00
0.193733E+01  0.154477E+02  0.000000E+00
0.197784E+01  0.175102E+02  0.000000E+00
0.201837E+01  0.198114E+02  0.000000E+00
0.205892E+01  0.223743E+02  0.000000E+00
0.209948E+01  0.252235E+02  0.000000E+00
0.214007E+01  0.283853E+02  0.000000E+00
0.218067E+01  0.318880E+02  0.000000E+00
0.222129E+01  0.357615E+02  0.000000E+00
0.226194E+01  0.400382E+02  0.000000E+00
0.230260E+01  0.447522E+02  0.000000E+00
0.234328E+01  0.499402E+02  0.000000E+00
0.238398E+01  0.556407E+02  0.000000E+00
0.242470E+01  0.618954E+02  0.000000E+00
0.246543E+01  0.687479E+02  0.000000E+00
0.250618E+01  0.762447E+02  0.000000E+00
0.254694E+01  0.844350E+02  0.000000E+00
0.258772E+01  0.933711E+02  0.000000E+00
0.262851E+01  0.103108E+03  0.000000E+00
0.266931E+01  0.113704E+03  0.000000E+00
0.271013E+01  0.125220E+03  0.000000E+00
