0.105320E+01  0.520919E+00  0.445621E+01
0.110812E+01  0.953238E+00  0.819054E+01
0.116436E+01  0.132205E+01  0.000000E+00
0.122149E+01  0.164577E+01  0.000000E+00
0.127914E+01  0.193779E+01  0.000000E+00
0.133697E+01  0.220772E+01  0.000000E+00
0.139476E+01  0.246243E+01  0.000000E+00
0.145231E+01  0.270681E+01  0.000000E+00
0.150950E+01  0.294434E+01  0.000000E+00
0.156627E+01  0.317752E+01  0.000000E+00
0.162256E+01  0.340814E+01  0.000000E+00
0.167835E+01  0.363755E+01  0.000000E+00
0.173364E+01  0.386670E+01  0.000000E+00
0.178843E+01  0.409632E+01  0.000000E+00
0.184273E+01  0.432696E+01  0.000000E+00
0.189656E+01  0.455904E+01  0.000000E+00
0.194992E+01  0.479289E+01  0.000000E+00
0.200286E+01  0.502876E+01  0.000000E+00
0.205537E+01  0.526686E+01  0.000000E+00
0.210749E+01  0.550737E+01  0.000000E+00
0.215923E+01  0.575042E+01  0.000000E+00
0.221061E+01  0.599613E+01  0.000000E+00
0.226166E+01  0.624461E+01  0.000000E+00
0.231239E+01  0.649594E+01  0.000000E+00
0.236282E+01  0.675021E+01  0.000000E+00
0.241297E+01  0.700749E+01  0.000000E+00
0.246285E+01  0.726784E+01  0.000000E+00
0.251248E+01  0.753134E+01  0.000000E+00
0.256189E+01  0.779803E+01  0.000000E+00
0.261107E+01  0.806798E+01  0.000000E+00
0.266005E+01  0.834123E+01  0.000000E+00
0.270883E+01  0.861785E+01  0.000000E+00
0.275744E+01  0.889788E+01  0.000000E+00
0.280589E+01  0.918136E+01  0.000000E+00
0.285417E+01  0.946835E+01  0.000000E+00
0.290231E+01  0.975888E+01  0.000000E+00
0.295032E+01  0.100530E+02  0.000000E+00
0.299820E+01  0.103507E+02  0.000000E+00
0.304596E+01  0.106522E+02  0.000000E+00
0.309361E+01  0.109573E+02  0.000000E+00
0.314116E+01  0.112661E+02  0.000000E+00
0.318861E+01  0.115787E+02  0.000000E+00
0.323597E+01  0.118952E+02  0.000000E+00
0.328325E+01  0.122154E+02  0.000000E+00
0.333045E+01  0.125396E+02  0.000000E+00
0.337757E+01  0.128676E+02  0.000000E+00
0.342463E+01  0.131995E+02  0.000000E+00
0.347162E+01  0.135354E+02  0.000000E+00
0.351855E+01  0.138753E+02  0.000000E+00
0.356542E+01  0.142191E+02  0.000000E+00
0.361224E+01  0.145670E+02  0.000000E+00
0.365901E+01  0.149189E+02  0.000000E+00
0.370573E+01  0.152749E+02  0.000000E+00
0.375241E+01  0.156349E+02  0.000000E+00
0.379904E+01  0.159990E+02  0.000000E+00
0.384563E+01  0.163673E+02  0.000000E+00
0.389218E+01  0.167397E+02  0.000000E+00
0.393870E+01  0.171162E+02  0.000000E+00
0.398518E+01  0.174969E+02  0.000000E+00
0.403163E+01  0.178818E+02  0.000000E+00
0.407804E+01  0.182709E+02  0.000000E+00
0.412443E+01  0.186642E+02  0.000000E+00
0.417079E+01  0.190617E+02  0.000000E+00
0.421712E+01  0.194635E+02  0.000000E+00
0.426342E+01  0.198695E+02  0.000000E+00
0.430970E+01  0.202798E+02  0.000000E+00
0.435595E+01  0.206944E+02  0.000000E+00
0.440218E+01  0.211133E+02  0.000000E+00
0.444839E+01  0.215365E+02  0.000000E+00
0.449457E+01  0.219640E+02  0.000000E+00
0.454074E+01  0.223958E+02  0.000000E+00
0.458688E+01  0.228320E+02  0.000000E+00
0.463301E+01  0.232726E+02  0.000000E+00
0.467912E+01  0.237175E+02  0.000000E+00
0.472521E+01  0.241668E+02  0.000000E+00
0.477128E+01  0.246206E+02  0.000000E+00
0.481733E+01  0.250787E+02  0.000000E+00
0.486337E+01  0.255412E+02  0.000000E+00
0.490940E+01  0.260082E+02  0.000000E+00
0.495541E+01  0.264796E+02  0.000000E+00
0.500140E+01  0.269554E+02  0.000000E+00
0.504738E+01  0.274358E+02  0.000000E+00
0.509335E+01  0.279206E+02  0.000000E+00
0.513930E+01  0.284098E+02  0.000000E+00
0.518524E+01  0.289036E+02  0.000000E+00
0.523117E+01  0.294019E+02  0.000000E+00
0.527709E+01  0.299046E+02  0.000000E+00
0.532299E+01  0.304119E+02  0.000000E+00
0.536888E+01  0.309238E+02  0.000000E+00
0.541476E+01  0.314402E+02  0.000000E+00
0.546063E+01  0.319611E+02  0.000000E+00
0.550649E+01  0.324866E+02  0.000000E+00
0.555234E+01  0.330167E+02  0.000000E+00
0.559818E+01  0.335513E+02  0.000000E+00
0.564401E+01  0.340906E+02  0.000000E+00
0.568983E+01  0.346344E+02  0.000000E+00
0.573564E+01  0.351829E+02  0.000000E+00
0.578144E+01  0.357360E+02  0.000000E+00
0.582723E+01  0.362937E+02  0.000000E+00
0.587301E+01  0.368560E+02  0.000000E+00
