0.105298E+01  0.109426E+01  0.576108E+02
0.110722E+01  0.204362E+01  0.173377E+04
0.116223E+01  0.289331E+01  0.000000E+00
0.121744E+01  0.368115E+01  0.000000E+00
0.127230E+01  0.443859E+01  0.000000E+00
0.132632E+01  0.519146E+01  0.000000E+00
0.137911E+01  0.596065E+01  0.000000E+00
0.143044E+01  0.676294E+01  0.000000E+00
0.148018E+01  0.761181E+01  0.000000E+00
0.152830E+01  0.851839E+01  0.000000E+00
0.157486E+01  0.949217E+01  0.000000E+00
0.161995E+01  0.105421E+02  0.000000E+00
0.166370E+01  0.116764E+02  0.000000E+00
0.170627E+01  0.129043E+02  0.000000E+00
0.174784E+01  0.142354E+02  0.000000E+00
0.178857E+01  0.156808E+02  0.000000E+00
0.182862E+01  0.172528E+02  0.000000E+00
0.186817E+01  0.189657E+02  0.000000E+00
0.190735E+01  0.208349E+02  0.000000E+00
0.194628E+01  0.228775E+02  0.000000E+00
0.198507E+01  0.251122E+02  0.000000E+00
0.202380E+01  0.275588E+02  0.000000E+00
0.206253E+01  0.302384E+02  0.000000E+00
0.210131E+01  0.331729E+02  0.000000E+00
0.214017E+01  0.363859E+02  0.000000E+00
0.217913E+01  0.399016E+02  0.000000E+00
0.221819E+01  0.437456E+02  0.000000E+00
0.225737E+01  0.479449E+02  0.000000E+00
0.229667E+01  0.525276E+02  0.000000E+00
0.233608E+01  0.575232E+02  0.000000E+00
0.237561E+01  0.629631E+02  0.000000E+00
0.241523E+01  0.688795E+02  0.000000E+00
0.245496E+01  0.753070E+02  0.000000E+00
0.249477E+01  0.822813E+02  0.000000E+00
0.253467E+01  0.898403E+02  0.000000E+00
0.257466E+01  0.980234E+02  0.000000E+00
0.261471E+01  0.106872E+03  0.000000E+00
0.265483E+01  0.116430E+03  0.000000E+00
0.269502E+01  0.126743E+03  0.000000E+00
0.273527E+01  0.137858E+03  0.000000E+00
0.277557E+01  0.149826E+03  0.000000E+00
0.281592E+01  0.162698E+03  0.000000E+00
0.285632E+01  0.176530E+03  0.000000E+00
0.289676E+01  0.191379E+03  0.000000E+00
0.293725E+01  0.207303E+03  0.000000E+00
0.297778E+01  0.224367E+03  0.000000E+00
0.301834E+01  0.242634E+03  0.000000E+00
0.305894E+01  0.262171E+03  0.000000E+00
0.309957E+01  0.283051E+03  0.000000E+00
0.314023E+01  0.305345E+03  0.000000E+00
0.318090E+01  0.329122E+03  0.000000E+00
0.322160E+01  0.354467E+03  0.000000E+00
0.326233E+01  0.381460E+03  0.000000E+00
0.330305E+01  0.410170E+03  0.000000E+00
0.334381E+01  0.440717E+03  0.000000E+00
0.338459E+01  0.473181E+03  0.000000E+00
0.342539E+01  0.507660E+03  0.000000E+00
0.346622E+01  0.544251E+03  0.000000E+00
0.350706E+01  0.583057E+03  0.000000E+00
0.354793E+01  0.624187E+03  0.000000E+00
0.358881E+01  0.667749E+03  0.000000E+00
0.362971E+01  0.713857E+03  0.000000E+00
0.367063E+01  0.762631E+03  0.000000E+00
0.371156E+01  0.814191E+03  0.000000E+00
0.375250E+01  0.868666E+03  0.000000E+00
0.379346E+01  0.926184E+03  0.000000E+00
0.383443E+01  0.986880E+03  0.000000E+00
0.387540E+01  0.105086E+04  0.000000E+00
0.391639E+01  0.111833E+04  0.000000E+00
0.395739E+01  0.118941E+04  0.000000E+00
