0.105242E+01  0.485176E+00  0.329266E+03
0.110418E+01  0.974163E+00  0.000000E+00
0.115414E+01  0.151134E+01  0.000000E+00
0.120190E+01  0.213262E+01  0.000000E+00
0.124760E+01  0.286923E+01  0.000000E+00
0.129165E+01  0.375207E+01  0.000000E+00
0.133449E+01  0.481483E+01  0.000000E+00
0.137652E+01  0.609566E+01  0.000000E+00
0.141804E+01  0.763784E+01  0.000000E+00
0.145925E+01  0.948998E+01  0.000000E+00
0.150030E+01  0.117062E+02  0.000000E+00
0.154126E+01  0.143463E+02  0.000000E+00
0.158218E+01  0.174765E+02  0.000000E+00
0.162309E+01  0.211698E+02  0.000000E+00
0.166399E+01  0.255066E+02  0.000000E+00
0.170490E+01  0.305756E+02  0.000000E+00
0.174583E+01  0.364740E+02  0.000000E+00
0.178676E+01  0.433085E+02  0.000000E+00
0.182770E+01  0.511959E+02  0.000000E+00
0.186866E+01  0.602639E+02  0.000000E+00
0.190963E+01  0.706518E+02  0.000000E+00
0.195060E+01  0.825104E+02  0.000000E+00
0.199159E+01  0.960049E+02  0.000000E+00
0.203258E+01  0.111314E+03  0.000000E+00
0.207357E+01  0.128629E+03  0.000000E+00
0.211458E+01  0.148160E+03  0.000000E+00
0.215559E+01  0.170132E+03  0.000000E+00
0.219660E+01  0.194787E+03  0.000000E+00
0.223762E+01  0.222386E+03  0.000000E+00
0.227864E+01  0.253208E+03  0.000000E+00
