0.105315E+01  0.163753E+01  0.370636E+02
0.110761E+01  0.302927E+01  0.142771E+03
0.116262E+01  0.427642E+01  0.000000E+00
0.121759E+01  0.544436E+01  0.000000E+00
0.127215E+01  0.657489E+01  0.000000E+00
0.132605E+01  0.769489E+01  0.000000E+00
0.137920E+01  0.882195E+01  0.000000E+00
0.143157E+01  0.996792E+01  0.000000E+00
0.148315E+01  0.111411E+02  0.000000E+00
0.153400E+01  0.123475E+02  0.000000E+00
0.158416E+01  0.135918E+02  0.000000E+00
0.163367E+01  0.148779E+02  0.000000E+00
0.168260E+01  0.162087E+02  0.000000E+00
0.173100E+01  0.175872E+02  0.000000E+00
0.177893E+01  0.190158E+02  0.000000E+00
0.182642E+01  0.204968E+02  0.000000E+00
0.187354E+01  0.220326E+02  0.000000E+00
0.192031E+01  0.236252E+02  0.000000E+00
0.196678E+01  0.252767E+02  0.000000E+00
0.201299E+01  0.269891E+02  0.000000E+00
0.205895E+01  0.287644E+02  0.000000E+00
0.210470E+01  0.306046E+02  0.000000E+00
0.215026E+01  0.325114E+02  0.000000E+00
0.219566E+01  0.344867E+02  0.000000E+00
0.224091E+01  0.365325E+02  0.000000E+00
0.228602E+01  0.386504E+02  0.000000E+00
0.233101E+01  0.408422E+02  0.000000E+00
0.237590E+01  0.431098E+02  0.000000E+00
0.242069E+01  0.454548E+02  0.000000E+00
0.246539E+01  0.478790E+02  0.000000E+00
0.251002E+01  0.503840E+02  0.000000E+00
0.255457E+01  0.529716E+02  0.000000E+00
0.259906E+01  0.556434E+02  0.000000E+00
0.264349E+01  0.584012E+02  0.000000E+00
0.268787E+01  0.612466E+02  0.000000E+00
0.273221E+01  0.641812E+02  0.000000E+00
0.277649E+01  0.672068E+02  0.000000E+00
0.282074E+01  0.703249E+02  0.000000E+00
0.286495E+01  0.735373E+02  0.000000E+00
0.290913E+01  0.768457E+02  0.000000E+00
0.295327E+01  0.802516E+02  0.000000E+00
0.299738E+01  0.837567E+02  0.000000E+00
0.304147E+01  0.873627E+02  0.000000E+00
0.308553E+01  0.910712E+02  0.000000E+00
0.312957E+01  0.948839E+02  0.000000E+00
0.317358E+01  0.988025E+02  0.000000E+00
0.321758E+01  0.102829E+03  0.000000E+00
0.326155E+01  0.106964E+03  0.000000E+00
0.330551E+01  0.111210E+03  0.000000E+00
0.334945E+01  0.115569E+03  0.000000E+00
0.339338E+01  0.120042E+03  0.000000E+00
0.343729E+01  0.124630E+03  0.000000E+00
0.348118E+01  0.129336E+03  0.000000E+00
0.352506E+01  0.134162E+03  0.000000E+00
0.356893E+01  0.139108E+03  0.000000E+00
0.361279E+01  0.144177E+03  0.000000E+00
0.365663E+01  0.149370E+03  0.000000E+00
0.370046E+01  0.154690E+03  0.000000E+00
0.374429E+01  0.160136E+03  0.000000E+00
0.378810E+01  0.165713E+03  0.000000E+00
0.383190E+01  0.171420E+03  0.000000E+00
0.387570E+01  0.177260E+03  0.000000E+00
0.391948E+01  0.183235E+03  0.000000E+00
0.396326E+01  0.189346E+03  0.000000E+00
0.400703E+01  0.195595E+03  0.000000E+00
0.405079E+01  0.201984E+03  0.000000E+00
0.409455E+01  0.208514E+03  0.000000E+00
0.413830E+01  0.215188E+03  0.000000E+00
0.418204E+01  0.222006E+03  0.000000E+00
0.422577E+01  0.228971E+03  0.000000E+00
0.426950E+01  0.236085E+03  0.000000E+00
0.431323E+01  0.243349E+03  0.000000E+00
0.435694E+01  0.250765E+03  0.000000E+00
0.440066E+01  0.258335E+03  0.000000E+00
0.444436E+01  0.266060E+03  0.000000E+00
0.448807E+01  0.273943E+03  0.000000E+00
0.453176E+01  0.281985E+03  0.000000E+00
0.457545E+01  0.290187E+03  0.000000E+00
0.461914E+01  0.298553E+03  0.000000E+00
0.466283E+01  0.307083E+03  0.000000E+00
0.470651E+01  0.315779E+03  0.000000E+00
0.475018E+01  0.324643E+03  0.000000E+00
0.479385E+01  0.333677E+03  0.000000E+00
0.483752E+01  0.342883E+03  0.000000E+00
0.488118E+01  0.352263E+03  0.000000E+00
0.492485E+01  0.361818E+03  0.000000E+00
0.496850E+01  0.371550E+03  0.000000E+00
0.501216E+01  0.381461E+03  0.000000E+00
0.505581E+01  0.391553E+03  0.000000E+00
0.509945E+01  0.401828E+03  0.000000E+00
0.514310E+01  0.412288E+03  0.000000E+00
0.518674E+01  0.422933E+03  0.000000E+00
0.523037E+01  0.433767E+03  0.000000E+00
0.527401E+01  0.444792E+03  0.000000E+00
0.531764E+01  0.456008E+03  0.000000E+00
0.536127E+01  0.467418E+03  0.000000E+00
0.540490E+01  0.479023E+03  0.000000E+00
0.544852E+01  0.490827E+03  0.000000E+00
0.549214E+01  0.502829E+03  0.000000E+00
0.553576E+01  0.515033E+03  0.000000E+00
