0.105286E+01  0.316988E+00  0.149326E+01
0.110696E+01  0.595925E+00  0.104628E+01
0.116219E+01  0.843175E+00  0.000000E+00
0.121844E+01  0.106397E+01  0.000000E+00
0.127561E+01  0.126262E+01  0.000000E+00
0.133360E+01  0.144266E+01  0.000000E+00
0.139229E+01  0.160705E+01  0.000000E+00
0.145159E+01  0.175820E+01  0.000000E+00
0.151141E+01  0.189812E+01  0.000000E+00
0.157167E+01  0.202850E+01  0.000000E+00
0.163231E+01  0.215072E+01  0.000000E+00
0.169324E+01  0.226595E+01  0.000000E+00
0.175441E+01  0.237516E+01  0.000000E+00
0.181577E+01  0.247916E+01  0.000000E+00
0.187728E+01  0.257865E+01  0.000000E+00
0.193889E+01  0.267420E+01  0.000000E+00
0.200058E+01  0.276631E+01  0.000000E+00
0.206230E+01  0.285539E+01  0.000000E+00
0.212404E+01  0.294180E+01  0.000000E+00
0.218577E+01  0.302585E+01  0.000000E+00
0.224748E+01  0.310780E+01  0.000000E+00
0.230914E+01  0.318788E+01  0.000000E+00
0.237076E+01  0.326628E+01  0.000000E+00
0.243230E+01  0.334317E+01  0.000000E+00
0.249378E+01  0.341870E+01  0.000000E+00
0.255517E+01  0.349301E+01  0.000000E+00
0.261648E+01  0.356619E+01  0.000000E+00
0.267769E+01  0.363835E+01  0.000000E+00
0.273881E+01  0.370959E+01  0.000000E+00
0.279982E+01  0.377997E+01  0.000000E+00
0.286073E+01  0.384958E+01  0.000000E+00
0.292154E+01  0.391846E+01  0.000000E+00
0.298224E+01  0.398667E+01  0.000000E+00
0.304283E+01  0.405427E+01  0.000000E+00
0.310331E+01  0.412129E+01  0.000000E+00
0.316369E+01  0.418779E+01  0.000000E+00
0.322395E+01  0.425378E+01  0.000000E+00
0.328411E+01  0.431931E+01  0.000000E+00
0.334416E+01  0.438441E+01  0.000000E+00
0.340410E+01  0.444909E+01  0.000000E+00
0.346394E+01  0.451340E+01  0.000000E+00
0.352366E+01  0.457733E+01  0.000000E+00
0.358329E+01  0.464093E+01  0.000000E+00
0.364281E+01  0.470421E+01  0.000000E+00
0.370223E+01  0.476717E+01  0.000000E+00
0.376155E+01  0.482985E+01  0.000000E+00
0.382076E+01  0.489225E+01  0.000000E+00
0.387988E+01  0.495439E+01  0.000000E+00
0.393890E+01  0.501628E+01  0.000000E+00
0.399782E+01  0.507793E+01  0.000000E+00
0.405665E+01  0.513935E+01  0.000000E+00
0.411538E+01  0.520055E+01  0.000000E+00
0.417402E+01  0.526154E+01  0.000000E+00
0.423256E+01  0.532233E+01  0.000000E+00
0.429102E+01  0.538293E+01  0.000000E+00
0.434939E+01  0.544334E+01  0.000000E+00
0.440767E+01  0.550358E+01  0.000000E+00
0.446586E+01  0.556364E+01  0.000000E+00
0.452397E+01  0.562354E+01  0.000000E+00
0.458200E+01  0.568328E+01  0.000000E+00
0.463994E+01  0.574286E+01  0.000000E+00
0.469780E+01  0.580229E+01  0.000000E+00
0.475557E+01  0.586158E+01  0.000000E+00
0.481327E+01  0.592073E+01  0.000000E+00
0.487089E+01  0.597975E+01  0.000000E+00
0.492843E+01  0.603863E+01  0.000000E+00
0.498590E+01  0.609739E+01  0.000000E+00
0.504329E+01  0.615602E+01  0.000000E+00
0.510061E+01  0.621453E+01  0.000000E+00
0.515785E+01  0.627292E+01  0.000000E+00
0.521503E+01  0.633121E+01  0.000000E+00
0.527213E+01  0.638938E+01  0.000000E+00
0.532916E+01  0.644744E+01  0.000000E+00
0.538612E+01  0.650540E+01  0.000000E+00
0.544302E+01  0.656325E+01  0.000000E+00
0.549984E+01  0.662101E+01  0.000000E+00
0.555661E+01  0.667867E+01  0.000000E+00
0.561330E+01  0.673623E+01  0.000000E+00
0.566993E+01  0.679371E+01  0.000000E+00
0.572650E+01  0.685109E+01  0.000000E+00
0.578301E+01  0.690838E+01  0.000000E+00
0.583946E+01  0.696559E+01  0.000000E+00
0.589584E+01  0.702271E+01  0.000000E+00
0.595217E+01  0.707975E+01  0.000000E+00
0.600843E+01  0.713671E+01  0.000000E+00
0.606464E+01  0.719359E+01  0.000000E+00
0.612079E+01  0.725040E+01  0.000000E+00
0.617689E+01  0.730712E+01  0.000000E+00
0.623292E+01  0.736378E+01  0.000000E+00
0.628891E+01  0.742036E+01  0.000000E+00
0.634484E+01  0.747687E+01  0.000000E+00
0.640072E+01  0.753331E+01  0.000000E+00
0.645654E+01  0.758968E+01  0.000000E+00
0.651231E+01  0.764599E+01  0.000000E+00
0.656804E+01  0.770223E+01  0.000000E+00
0.662371E+01  0.775841E+01  0.000000E+00
0.667933E+01  0.781452E+01  0.000000E+00
0.673490E+01  0.787057E+01  0.000000E+00
0.679043E+01  0.792657E+01  0.000000E+00
0.684591E+01  0.798250E+01  0.000000E+00
