0.105284E+01  0.620369E+00  0.310226E+01
0.110689E+01  0.116825E+01  0.221543E+01
0.116202E+01  0.165573E+01  0.000000E+00
0.121814E+01  0.209273E+01  0.000000E+00
0.127513E+01  0.248742E+01  0.000000E+00
0.133290E+01  0.284654E+01  0.000000E+00
0.139133E+01  0.317569E+01  0.000000E+00
0.145034E+01  0.347946E+01  0.000000E+00
0.150984E+01  0.376169E+01  0.000000E+00
0.156975E+01  0.402556E+01  0.000000E+00
0.163000E+01  0.427371E+01  0.000000E+00
0.169052E+01  0.450838E+01  0.000000E+00
0.175126E+01  0.473142E+01  0.000000E+00
0.181218E+01  0.494437E+01  0.000000E+00
0.187322E+01  0.514857E+01  0.000000E+00
0.193436E+01  0.534511E+01  0.000000E+00
0.199555E+01  0.553495E+01  0.000000E+00
0.205677E+01  0.571888E+01  0.000000E+00
0.211801E+01  0.589760E+01  0.000000E+00
0.217923E+01  0.607169E+01  0.000000E+00
0.224042E+01  0.624166E+01  0.000000E+00
0.230156E+01  0.640795E+01  0.000000E+00
0.236265E+01  0.657092E+01  0.000000E+00
0.242368E+01  0.673093E+01  0.000000E+00
0.248463E+01  0.688824E+01  0.000000E+00
0.254550E+01  0.704312E+01  0.000000E+00
0.260628E+01  0.719578E+01  0.000000E+00
0.266697E+01  0.734642E+01  0.000000E+00
0.272756E+01  0.749521E+01  0.000000E+00
0.278805E+01  0.764230E+01  0.000000E+00
0.284844E+01  0.778783E+01  0.000000E+00
0.290873E+01  0.793192E+01  0.000000E+00
0.296891E+01  0.807468E+01  0.000000E+00
0.302899E+01  0.821620E+01  0.000000E+00
0.308897E+01  0.835657E+01  0.000000E+00
0.314883E+01  0.849587E+01  0.000000E+00
0.320859E+01  0.863417E+01  0.000000E+00
0.326825E+01  0.877154E+01  0.000000E+00
0.332780E+01  0.890802E+01  0.000000E+00
0.338725E+01  0.904369E+01  0.000000E+00
0.344659E+01  0.917857E+01  0.000000E+00
0.350583E+01  0.931273E+01  0.000000E+00
0.356497E+01  0.944619E+01  0.000000E+00
0.362401E+01  0.957900E+01  0.000000E+00
0.368295E+01  0.971119E+01  0.000000E+00
0.374179E+01  0.984279E+01  0.000000E+00
0.380053E+01  0.997383E+01  0.000000E+00
0.385918E+01  0.101043E+02  0.000000E+00
0.391773E+01  0.102343E+02  0.000000E+00
0.397619E+01  0.103638E+02  0.000000E+00
0.403456E+01  0.104929E+02  0.000000E+00
0.409283E+01  0.106215E+02  0.000000E+00
0.415102E+01  0.107497E+02  0.000000E+00
0.420912E+01  0.108774E+02  0.000000E+00
0.426713E+01  0.110048E+02  0.000000E+00
0.432505E+01  0.111318E+02  0.000000E+00
0.438289E+01  0.112585E+02  0.000000E+00
0.444065E+01  0.113847E+02  0.000000E+00
0.449832E+01  0.115107E+02  0.000000E+00
0.455591E+01  0.116363E+02  0.000000E+00
0.461343E+01  0.117616E+02  0.000000E+00
0.467086E+01  0.118866E+02  0.000000E+00
0.472822E+01  0.120113E+02  0.000000E+00
0.478550E+01  0.121358E+02  0.000000E+00
0.484270E+01  0.122599E+02  0.000000E+00
0.489983E+01  0.123838E+02  0.000000E+00
0.495689E+01  0.125074E+02  0.000000E+00
0.501388E+01  0.126308E+02  0.000000E+00
0.507079E+01  0.127539E+02  0.000000E+00
0.512764E+01  0.128768E+02  0.000000E+00
0.518441E+01  0.129995E+02  0.000000E+00
0.524112E+01  0.131219E+02  0.000000E+00
0.529776E+01  0.132441E+02  0.000000E+00
0.535434E+01  0.133661E+02  0.000000E+00
0.541085E+01  0.134879E+02  0.000000E+00
0.546730E+01  0.136095E+02  0.000000E+00
0.552368E+01  0.137309E+02  0.000000E+00
0.558000E+01  0.138521E+02  0.000000E+00
0.563627E+01  0.139731E+02  0.000000E+00
0.569247E+01  0.140939E+02  0.000000E+00
0.574861E+01  0.142146E+02  0.000000E+00
0.580470E+01  0.143351E+02  0.000000E+00
0.586072E+01  0.144554E+02  0.000000E+00
0.591669E+01  0.145755E+02  0.000000E+00
0.597261E+01  0.146955E+02  0.000000E+00
0.602847E+01  0.148153E+02  0.000000E+00
0.608427E+01  0.149350E+02  0.000000E+00
0.614003E+01  0.150545E+02  0.000000E+00
0.619573E+01  0.151739E+02  0.000000E+00
0.625138E+01  0.152931E+02  0.000000E+00
0.630698E+01  0.154122E+02  0.000000E+00
0.636253E+01  0.155311E+02  0.000000E+00
0.641803E+01  0.156499E+02  0.000000E+00
0.647348E+01  0.157686E+02  0.000000E+00
0.652888E+01  0.158871E+02  0.000000E+00
0.658424E+01  0.160055E+02  0.000000E+00
0.663955E+01  0.161238E+02  0.000000E+00
0.669481E+01  0.162420E+02  0.000000E+00
0.675003E+01  0.163600E+02  0.000000E+00
0.680521E+01  0.164779E+02  0.000000E+00
