0.105286E+01  0.977229E+00  0.457825E+01
0.110697E+01  0.183687E+01  0.320197E+01
0.116220E+01  0.259861E+01  0.000000E+00
0.121847E+01  0.327860E+01  0.000000E+00
0.127566E+01  0.389016E+01  0.000000E+00
0.133366E+01  0.444427E+01  0.000000E+00
0.139237E+01  0.495000E+01  0.000000E+00
0.145170E+01  0.541485E+01  0.000000E+00
0.151155E+01  0.584505E+01  0.000000E+00
0.157185E+01  0.624576E+01  0.000000E+00
0.163252E+01  0.662128E+01  0.000000E+00
0.169349E+01  0.697523E+01  0.000000E+00
0.175470E+01  0.731059E+01  0.000000E+00
0.181610E+01  0.762989E+01  0.000000E+00
0.187765E+01  0.793525E+01  0.000000E+00
0.193931E+01  0.822848E+01  0.000000E+00
0.200104E+01  0.851108E+01  0.000000E+00
0.206281E+01  0.878435E+01  0.000000E+00
0.212459E+01  0.904940E+01  0.000000E+00
0.218637E+01  0.930717E+01  0.000000E+00
0.224813E+01  0.955846E+01  0.000000E+00
0.230984E+01  0.980398E+01  0.000000E+00
0.237151E+01  0.100443E+02  0.000000E+00
0.243310E+01  0.102800E+02  0.000000E+00
0.249463E+01  0.105115E+02  0.000000E+00
0.255607E+01  0.107393E+02  0.000000E+00
0.261742E+01  0.109636E+02  0.000000E+00
0.267869E+01  0.111847E+02  0.000000E+00
0.273985E+01  0.114030E+02  0.000000E+00
0.280091E+01  0.116187E+02  0.000000E+00
0.286187E+01  0.118319E+02  0.000000E+00
0.292273E+01  0.120430E+02  0.000000E+00
0.298348E+01  0.122520E+02  0.000000E+00
0.304412E+01  0.124591E+02  0.000000E+00
0.310465E+01  0.126644E+02  0.000000E+00
0.316507E+01  0.128681E+02  0.000000E+00
0.322538E+01  0.130702E+02  0.000000E+00
0.328559E+01  0.132710E+02  0.000000E+00
0.334568E+01  0.134704E+02  0.000000E+00
0.340567E+01  0.136685E+02  0.000000E+00
0.346555E+01  0.138655E+02  0.000000E+00
0.352533E+01  0.140613E+02  0.000000E+00
0.358500E+01  0.142561E+02  0.000000E+00
0.364457E+01  0.144499E+02  0.000000E+00
0.370403E+01  0.146428E+02  0.000000E+00
0.376339E+01  0.148348E+02  0.000000E+00
0.382265E+01  0.150259E+02  0.000000E+00
0.388182E+01  0.152162E+02  0.000000E+00
0.394088E+01  0.154057E+02  0.000000E+00
0.399984E+01  0.155945E+02  0.000000E+00
0.405871E+01  0.157826E+02  0.000000E+00
0.411749E+01  0.159701E+02  0.000000E+00
0.417617E+01  0.161569E+02  0.000000E+00
0.423476E+01  0.163430E+02  0.000000E+00
0.429326E+01  0.165286E+02  0.000000E+00
0.435167E+01  0.167136E+02  0.000000E+00
0.441000E+01  0.168981E+02  0.000000E+00
0.446823E+01  0.170820E+02  0.000000E+00
0.452638E+01  0.172655E+02  0.000000E+00
0.458445E+01  0.174484E+02  0.000000E+00
0.464243E+01  0.176309E+02  0.000000E+00
0.470033E+01  0.178129E+02  0.000000E+00
0.475815E+01  0.179944E+02  0.000000E+00
0.481588E+01  0.181756E+02  0.000000E+00
0.487354E+01  0.183563E+02  0.000000E+00
0.493113E+01  0.185366E+02  0.000000E+00
0.498863E+01  0.187165E+02  0.000000E+00
0.504606E+01  0.188961E+02  0.000000E+00
0.510342E+01  0.190752E+02  0.000000E+00
0.516070E+01  0.192541E+02  0.000000E+00
0.521791E+01  0.194325E+02  0.000000E+00
0.527505E+01  0.196106E+02  0.000000E+00
0.533212E+01  0.197884E+02  0.000000E+00
0.538912E+01  0.199659E+02  0.000000E+00
0.544605E+01  0.201431E+02  0.000000E+00
0.550292E+01  0.203199E+02  0.000000E+00
0.555971E+01  0.204965E+02  0.000000E+00
0.561645E+01  0.206727E+02  0.000000E+00
0.567311E+01  0.208487E+02  0.000000E+00
0.572972E+01  0.210244E+02  0.000000E+00
0.578626E+01  0.211999E+02  0.000000E+00
0.584274E+01  0.213750E+02  0.000000E+00
0.589916E+01  0.215499E+02  0.000000E+00
0.595552E+01  0.217246E+02  0.000000E+00
0.601182E+01  0.218990E+02  0.000000E+00
0.606806E+01  0.220732E+02  0.000000E+00
0.612425E+01  0.222471E+02  0.000000E+00
0.618037E+01  0.224208E+02  0.000000E+00
0.623645E+01  0.225942E+02  0.000000E+00
0.629246E+01  0.227675E+02  0.000000E+00
0.634843E+01  0.229405E+02  0.000000E+00
0.640433E+01  0.231133E+02  0.000000E+00
0.646019E+01  0.232859E+02  0.000000E+00
0.651600E+01  0.234583E+02  0.000000E+00
0.657175E+01  0.236305E+02  0.000000E+00
0.662745E+01  0.238025E+02  0.000000E+00
0.668310E+01  0.239743E+02  0.000000E+00
0.673871E+01  0.241459E+02  0.000000E+00
0.679426E+01  0.243173E+02  0.000000E+00
0.684977E+01  0.244886E+02  0.000000E+00
