0.105283E+01  0.232766E+01  0.119767E+02
0.110685E+01  0.438707E+01  0.861010E+01
0.116194E+01  0.622283E+01  0.000000E+00
0.121799E+01  0.787159E+01  0.000000E+00
0.127490E+01  0.936356E+01  0.000000E+00
0.133256E+01  0.107237E+02  0.000000E+00
0.139086E+01  0.119725E+02  0.000000E+00
0.144973E+01  0.131271E+02  0.000000E+00
0.150907E+01  0.142017E+02  0.000000E+00
0.156881E+01  0.152080E+02  0.000000E+00
0.162888E+01  0.161558E+02  0.000000E+00
0.168920E+01  0.170534E+02  0.000000E+00
0.174974E+01  0.179076E+02  0.000000E+00
0.181045E+01  0.187241E+02  0.000000E+00
0.187127E+01  0.195080E+02  0.000000E+00
0.193218E+01  0.202632E+02  0.000000E+00
0.199314E+01  0.209933E+02  0.000000E+00
0.205413E+01  0.217014E+02  0.000000E+00
0.211513E+01  0.223898E+02  0.000000E+00
0.217611E+01  0.230609E+02  0.000000E+00
0.223706E+01  0.237165E+02  0.000000E+00
0.229796E+01  0.243582E+02  0.000000E+00
0.235881E+01  0.249875E+02  0.000000E+00
0.241959E+01  0.256056E+02  0.000000E+00
0.248029E+01  0.262136E+02  0.000000E+00
0.254091E+01  0.268124E+02  0.000000E+00
0.260145E+01  0.274028E+02  0.000000E+00
0.266189E+01  0.279855E+02  0.000000E+00
0.272224E+01  0.285613E+02  0.000000E+00
0.278249E+01  0.291306E+02  0.000000E+00
0.284264E+01  0.296940E+02  0.000000E+00
0.290269E+01  0.302520E+02  0.000000E+00
0.296264E+01  0.308049E+02  0.000000E+00
0.302248E+01  0.313531E+02  0.000000E+00
0.308221E+01  0.318970E+02  0.000000E+00
0.314185E+01  0.324367E+02  0.000000E+00
0.320138E+01  0.329727E+02  0.000000E+00
0.326080E+01  0.335052E+02  0.000000E+00
0.332012E+01  0.340343E+02  0.000000E+00
0.337934E+01  0.345602E+02  0.000000E+00
0.343846E+01  0.350832E+02  0.000000E+00
0.349747E+01  0.356034E+02  0.000000E+00
0.355639E+01  0.361210E+02  0.000000E+00
0.361520E+01  0.366361E+02  0.000000E+00
0.367392E+01  0.371488E+02  0.000000E+00
0.373254E+01  0.376593E+02  0.000000E+00
0.379107E+01  0.381676E+02  0.000000E+00
0.384950E+01  0.386739E+02  0.000000E+00
0.390784E+01  0.391783E+02  0.000000E+00
0.396609E+01  0.396808E+02  0.000000E+00
0.402425E+01  0.401815E+02  0.000000E+00
0.408231E+01  0.406806E+02  0.000000E+00
0.414029E+01  0.411780E+02  0.000000E+00
0.419818E+01  0.416738E+02  0.000000E+00
0.425599E+01  0.421682E+02  0.000000E+00
0.431371E+01  0.426611E+02  0.000000E+00
0.437135E+01  0.431526E+02  0.000000E+00
0.442891E+01  0.436428E+02  0.000000E+00
0.448638E+01  0.441317E+02  0.000000E+00
0.454378E+01  0.446193E+02  0.000000E+00
0.460110E+01  0.451058E+02  0.000000E+00
0.465834E+01  0.455911E+02  0.000000E+00
0.471551E+01  0.460752E+02  0.000000E+00
0.477260E+01  0.465583E+02  0.000000E+00
0.482962E+01  0.470403E+02  0.000000E+00
0.488656E+01  0.475213E+02  0.000000E+00
0.494343E+01  0.480014E+02  0.000000E+00
0.500024E+01  0.484804E+02  0.000000E+00
0.505697E+01  0.489585E+02  0.000000E+00
0.511363E+01  0.494357E+02  0.000000E+00
0.517023E+01  0.499121E+02  0.000000E+00
0.522676E+01  0.503876E+02  0.000000E+00
0.528323E+01  0.508622E+02  0.000000E+00
0.533963E+01  0.513360E+02  0.000000E+00
0.539597E+01  0.518091E+02  0.000000E+00
0.545225E+01  0.522813E+02  0.000000E+00
0.550847E+01  0.527529E+02  0.000000E+00
0.556462E+01  0.532236E+02  0.000000E+00
0.562072E+01  0.536937E+02  0.000000E+00
0.567676E+01  0.541631E+02  0.000000E+00
0.573274E+01  0.546318E+02  0.000000E+00
0.578866E+01  0.550998E+02  0.000000E+00
0.584453E+01  0.555672E+02  0.000000E+00
0.590034E+01  0.560340E+02  0.000000E+00
0.595610E+01  0.565001E+02  0.000000E+00
0.601181E+01  0.569656E+02  0.000000E+00
0.606746E+01  0.574306E+02  0.000000E+00
0.612306E+01  0.578949E+02  0.000000E+00
0.617861E+01  0.583587E+02  0.000000E+00
0.623412E+01  0.588220E+02  0.000000E+00
0.628957E+01  0.592847E+02  0.000000E+00
0.634497E+01  0.597469E+02  0.000000E+00
0.640033E+01  0.602085E+02  0.000000E+00
0.645564E+01  0.606697E+02  0.000000E+00
0.651090E+01  0.611303E+02  0.000000E+00
0.656612E+01  0.615905E+02  0.000000E+00
0.662129E+01  0.620502E+02  0.000000E+00
0.667642E+01  0.625094E+02  0.000000E+00
0.673151E+01  0.629682E+02  0.000000E+00
0.678655E+01  0.634265E+02  0.000000E+00
