0.105281E+01  0.563242E+00  0.309748E+01
0.110676E+01  0.106378E+01  0.226988E+01
0.116174E+01  0.151197E+01  0.000000E+00
0.121763E+01  0.191633E+01  0.000000E+00
0.127433E+01  0.228390E+01  0.000000E+00
0.133173E+01  0.262048E+01  0.000000E+00
0.138975E+01  0.293085E+01  0.000000E+00
0.144828E+01  0.321901E+01  0.000000E+00
0.150726E+01  0.348826E+01  0.000000E+00
0.156659E+01  0.374133E+01  0.000000E+00
0.162623E+01  0.398053E+01  0.000000E+00
0.168611E+01  0.420779E+01  0.000000E+00
0.174617E+01  0.442470E+01  0.000000E+00
0.180638E+01  0.463263E+01  0.000000E+00
0.186670E+01  0.483272E+01  0.000000E+00
0.192709E+01  0.502594E+01  0.000000E+00
0.198752E+01  0.521313E+01  0.000000E+00
0.204797E+01  0.539499E+01  0.000000E+00
0.210842E+01  0.557212E+01  0.000000E+00
0.216885E+01  0.574505E+01  0.000000E+00
0.222925E+01  0.591422E+01  0.000000E+00
0.228960E+01  0.608002E+01  0.000000E+00
0.234989E+01  0.624279E+01  0.000000E+00
0.241011E+01  0.640282E+01  0.000000E+00
0.247026E+01  0.656037E+01  0.000000E+00
0.253033E+01  0.671566E+01  0.000000E+00
0.259031E+01  0.686890E+01  0.000000E+00
0.265020E+01  0.702027E+01  0.000000E+00
0.271000E+01  0.716990E+01  0.000000E+00
0.276970E+01  0.731796E+01  0.000000E+00
0.282931E+01  0.746455E+01  0.000000E+00
0.288881E+01  0.760979E+01  0.000000E+00
0.294822E+01  0.775378E+01  0.000000E+00
0.300753E+01  0.789660E+01  0.000000E+00
0.306673E+01  0.803834E+01  0.000000E+00
0.312584E+01  0.817906E+01  0.000000E+00
0.318484E+01  0.831884E+01  0.000000E+00
0.324375E+01  0.845774E+01  0.000000E+00
0.330255E+01  0.859580E+01  0.000000E+00
0.336126E+01  0.873307E+01  0.000000E+00
0.341987E+01  0.886961E+01  0.000000E+00
0.347838E+01  0.900545E+01  0.000000E+00
0.353680E+01  0.914063E+01  0.000000E+00
0.359512E+01  0.927518E+01  0.000000E+00
0.365335E+01  0.940914E+01  0.000000E+00
0.371148E+01  0.954254E+01  0.000000E+00
0.376953E+01  0.967540E+01  0.000000E+00
0.382748E+01  0.980774E+01  0.000000E+00
0.388534E+01  0.993960E+01  0.000000E+00
0.394312E+01  0.100710E+02  0.000000E+00
0.400081E+01  0.102019E+02  0.000000E+00
0.405841E+01  0.103325E+02  0.000000E+00
0.411593E+01  0.104626E+02  0.000000E+00
0.417337E+01  0.105923E+02  0.000000E+00
0.423072E+01  0.107216E+02  0.000000E+00
0.428800E+01  0.108506E+02  0.000000E+00
0.434519E+01  0.109792E+02  0.000000E+00
0.440231E+01  0.111075E+02  0.000000E+00
0.445935E+01  0.112355E+02  0.000000E+00
0.451632E+01  0.113632E+02  0.000000E+00
0.457321E+01  0.114905E+02  0.000000E+00
0.463002E+01  0.116176E+02  0.000000E+00
0.468677E+01  0.117443E+02  0.000000E+00
0.474344E+01  0.118709E+02  0.000000E+00
0.480005E+01  0.119971E+02  0.000000E+00
0.485659E+01  0.121231E+02  0.000000E+00
0.491305E+01  0.122488E+02  0.000000E+00
0.496946E+01  0.123743E+02  0.000000E+00
0.502579E+01  0.124996E+02  0.000000E+00
0.508207E+01  0.126246E+02  0.000000E+00
0.513827E+01  0.127494E+02  0.000000E+00
0.519442E+01  0.128740E+02  0.000000E+00
0.525051E+01  0.129984E+02  0.000000E+00
0.530653E+01  0.131226E+02  0.000000E+00
0.536250E+01  0.132465E+02  0.000000E+00
0.541840E+01  0.133703E+02  0.000000E+00
0.547425E+01  0.134939E+02  0.000000E+00
0.553005E+01  0.136174E+02  0.000000E+00
0.558579E+01  0.137406E+02  0.000000E+00
0.564147E+01  0.138637E+02  0.000000E+00
0.569710E+01  0.139866E+02  0.000000E+00
0.575268E+01  0.141093E+02  0.000000E+00
0.580820E+01  0.142319E+02  0.000000E+00
0.586367E+01  0.143543E+02  0.000000E+00
0.591910E+01  0.144766E+02  0.000000E+00
0.597447E+01  0.145987E+02  0.000000E+00
0.602980E+01  0.147206E+02  0.000000E+00
0.608507E+01  0.148425E+02  0.000000E+00
0.614030E+01  0.149641E+02  0.000000E+00
0.619549E+01  0.150857E+02  0.000000E+00
0.625063E+01  0.152071E+02  0.000000E+00
0.630572E+01  0.153284E+02  0.000000E+00
0.636077E+01  0.154495E+02  0.000000E+00
0.641578E+01  0.155706E+02  0.000000E+00
0.647074E+01  0.156915E+02  0.000000E+00
0.652567E+01  0.158123E+02  0.000000E+00
0.658055E+01  0.159329E+02  0.000000E+00
0.663539E+01  0.160535E+02  0.000000E+00
0.669019E+01  0.161739E+02  0.000000E+00
0.674496E+01  0.162943E+02  0.000000E+00
