0.105295E+01  0.186506E+01  0.602211E+01
0.110734E+01  0.347581E+01  0.361868E+01
0.116307E+01  0.487537E+01  0.000000E+00
0.122006E+01  0.609914E+01  0.000000E+00
0.127822E+01  0.717624E+01  0.000000E+00
0.133743E+01  0.813068E+01  0.000000E+00
0.139759E+01  0.898227E+01  0.000000E+00
0.145861E+01  0.974742E+01  0.000000E+00
0.152038E+01  0.104397E+02  0.000000E+00
0.158281E+01  0.110704E+02  0.000000E+00
0.164581E+01  0.116489E+02  0.000000E+00
0.170929E+01  0.121830E+02  0.000000E+00
0.177319E+01  0.126792E+02  0.000000E+00
0.183742E+01  0.131430E+02  0.000000E+00
0.190194E+01  0.135788E+02  0.000000E+00
0.196669E+01  0.139906E+02  0.000000E+00
0.203161E+01  0.143816E+02  0.000000E+00
0.209666E+01  0.147545E+02  0.000000E+00
0.216181E+01  0.151115E+02  0.000000E+00
0.222703E+01  0.154548E+02  0.000000E+00
0.229227E+01  0.157859E+02  0.000000E+00
0.235753E+01  0.161062E+02  0.000000E+00
0.242277E+01  0.164171E+02  0.000000E+00
0.248798E+01  0.167195E+02  0.000000E+00
0.255314E+01  0.170144E+02  0.000000E+00
0.261824E+01  0.173026E+02  0.000000E+00
0.268327E+01  0.175847E+02  0.000000E+00
0.274822E+01  0.178614E+02  0.000000E+00
0.281308E+01  0.181331E+02  0.000000E+00
0.287784E+01  0.184004E+02  0.000000E+00
0.294251E+01  0.186636E+02  0.000000E+00
0.300706E+01  0.189231E+02  0.000000E+00
0.307151E+01  0.191793E+02  0.000000E+00
0.313584E+01  0.194323E+02  0.000000E+00
0.320006E+01  0.196824E+02  0.000000E+00
0.326416E+01  0.199299E+02  0.000000E+00
0.332815E+01  0.201750E+02  0.000000E+00
0.339202E+01  0.204178E+02  0.000000E+00
0.345576E+01  0.206585E+02  0.000000E+00
0.351939E+01  0.208972E+02  0.000000E+00
0.358290E+01  0.211341E+02  0.000000E+00
0.364629E+01  0.213693E+02  0.000000E+00
0.370957E+01  0.216029E+02  0.000000E+00
0.377272E+01  0.218350E+02  0.000000E+00
0.383576E+01  0.220657E+02  0.000000E+00
0.389869E+01  0.222950E+02  0.000000E+00
0.396150E+01  0.225231E+02  0.000000E+00
0.402419E+01  0.227499E+02  0.000000E+00
0.408678E+01  0.229757E+02  0.000000E+00
0.414925E+01  0.232004E+02  0.000000E+00
0.421161E+01  0.234240E+02  0.000000E+00
0.427386E+01  0.236467E+02  0.000000E+00
0.433601E+01  0.238684E+02  0.000000E+00
0.439805E+01  0.240893E+02  0.000000E+00
0.445999E+01  0.243093E+02  0.000000E+00
0.452182E+01  0.245285E+02  0.000000E+00
0.458355E+01  0.247470E+02  0.000000E+00
0.464517E+01  0.249646E+02  0.000000E+00
0.470670E+01  0.251816E+02  0.000000E+00
0.476813E+01  0.253979E+02  0.000000E+00
0.482947E+01  0.256135E+02  0.000000E+00
0.489070E+01  0.258285E+02  0.000000E+00
0.495185E+01  0.260428E+02  0.000000E+00
0.501289E+01  0.262566E+02  0.000000E+00
0.507385E+01  0.264698E+02  0.000000E+00
0.513472E+01  0.266824E+02  0.000000E+00
0.519549E+01  0.268945E+02  0.000000E+00
0.525618E+01  0.271061E+02  0.000000E+00
0.531677E+01  0.273172E+02  0.000000E+00
0.537729E+01  0.275277E+02  0.000000E+00
0.543771E+01  0.277378E+02  0.000000E+00
0.549805E+01  0.279474E+02  0.000000E+00
0.555831E+01  0.281566E+02  0.000000E+00
0.561848E+01  0.283653E+02  0.000000E+00
0.567858E+01  0.285736E+02  0.000000E+00
0.573859E+01  0.287815E+02  0.000000E+00
0.579852E+01  0.289890E+02  0.000000E+00
0.585838E+01  0.291960E+02  0.000000E+00
0.591815E+01  0.294027E+02  0.000000E+00
0.597785E+01  0.296090E+02  0.000000E+00
0.603747E+01  0.298149E+02  0.000000E+00
0.609702E+01  0.300205E+02  0.000000E+00
0.615649E+01  0.302257E+02  0.000000E+00
0.621589E+01  0.304305E+02  0.000000E+00
0.627521E+01  0.306351E+02  0.000000E+00
0.633447E+01  0.308392E+02  0.000000E+00
0.639365E+01  0.310431E+02  0.000000E+00
0.645276E+01  0.312466E+02  0.000000E+00
0.651180E+01  0.314498E+02  0.000000E+00
0.657077E+01  0.316527E+02  0.000000E+00
0.662968E+01  0.318553E+02  0.000000E+00
0.668851E+01  0.320576E+02  0.000000E+00
0.674728E+01  0.322596E+02  0.000000E+00
0.680598E+01  0.324613E+02  0.000000E+00
0.686462E+01  0.326627E+02  0.000000E+00
0.692319E+01  0.328638E+02  0.000000E+00
0.698169E+01  0.330647E+02  0.000000E+00
0.704013E+01  0.332652E+02  0.000000E+00
0.709851E+01  0.334656E+02  0.000000E+00
0.715683E+01  0.336656E+02  0.000000E+00
