0.105272E+01  0.902098E+00  0.624841E+01
0.110637E+01  0.171960E+01  0.497289E+01
0.116086E+01  0.246589E+01  0.000000E+00
0.121608E+01  0.315208E+01  0.000000E+00
0.127192E+01  0.378741E+01  0.000000E+00
0.132831E+01  0.437949E+01  0.000000E+00
0.138515E+01  0.493470E+01  0.000000E+00
0.144238E+01  0.545832E+01  0.000000E+00
0.149993E+01  0.595480E+01  0.000000E+00
0.155774E+01  0.642783E+01  0.000000E+00
0.161576E+01  0.688054E+01  0.000000E+00
0.167394E+01  0.731558E+01  0.000000E+00
0.173225E+01  0.773515E+01  0.000000E+00
0.179066E+01  0.814117E+01  0.000000E+00
0.184913E+01  0.853522E+01  0.000000E+00
0.190764E+01  0.891871E+01  0.000000E+00
0.196617E+01  0.929281E+01  0.000000E+00
0.202470E+01  0.965853E+01  0.000000E+00
0.208322E+01  0.100168E+02  0.000000E+00
0.214171E+01  0.103683E+02  0.000000E+00
0.220016E+01  0.107137E+02  0.000000E+00
0.225856E+01  0.110537E+02  0.000000E+00
0.231692E+01  0.113887E+02  0.000000E+00
0.237521E+01  0.117192E+02  0.000000E+00
0.243343E+01  0.120455E+02  0.000000E+00
0.249158E+01  0.123681E+02  0.000000E+00
0.254966E+01  0.126872E+02  0.000000E+00
0.260767E+01  0.130032E+02  0.000000E+00
0.266559E+01  0.133161E+02  0.000000E+00
0.272344E+01  0.136264E+02  0.000000E+00
0.278120E+01  0.139341E+02  0.000000E+00
0.283888E+01  0.142395E+02  0.000000E+00
0.289648E+01  0.145427E+02  0.000000E+00
0.295399E+01  0.148439E+02  0.000000E+00
0.301142E+01  0.151431E+02  0.000000E+00
0.306877E+01  0.154406E+02  0.000000E+00
0.312603E+01  0.157364E+02  0.000000E+00
0.318321E+01  0.160306E+02  0.000000E+00
0.324031E+01  0.163233E+02  0.000000E+00
0.329733E+01  0.166147E+02  0.000000E+00
0.335427E+01  0.169047E+02  0.000000E+00
0.341113E+01  0.171934E+02  0.000000E+00
0.346791E+01  0.174809E+02  0.000000E+00
0.352461E+01  0.177674E+02  0.000000E+00
0.358124E+01  0.180527E+02  0.000000E+00
0.363779E+01  0.183370E+02  0.000000E+00
0.369427E+01  0.186204E+02  0.000000E+00
0.375068E+01  0.189028E+02  0.000000E+00
0.380701E+01  0.191843E+02  0.000000E+00
0.386327E+01  0.194650E+02  0.000000E+00
0.391946E+01  0.197449E+02  0.000000E+00
0.397559E+01  0.200240E+02  0.000000E+00
0.403164E+01  0.203023E+02  0.000000E+00
0.408763E+01  0.205800E+02  0.000000E+00
0.414356E+01  0.208569E+02  0.000000E+00
0.419942E+01  0.211332E+02  0.000000E+00
0.425521E+01  0.214089E+02  0.000000E+00
0.431095E+01  0.216839E+02  0.000000E+00
0.436662E+01  0.219583E+02  0.000000E+00
0.442224E+01  0.222322E+02  0.000000E+00
0.447780E+01  0.225055E+02  0.000000E+00
0.453329E+01  0.227783E+02  0.000000E+00
0.458874E+01  0.230506E+02  0.000000E+00
0.464413E+01  0.233224E+02  0.000000E+00
0.469946E+01  0.235937E+02  0.000000E+00
0.475474E+01  0.238646E+02  0.000000E+00
0.480997E+01  0.241350E+02  0.000000E+00
0.486514E+01  0.244050E+02  0.000000E+00
0.492027E+01  0.246745E+02  0.000000E+00
0.497534E+01  0.249437E+02  0.000000E+00
0.503037E+01  0.252124E+02  0.000000E+00
0.508535E+01  0.254808E+02  0.000000E+00
0.514029E+01  0.257488E+02  0.000000E+00
0.519517E+01  0.260165E+02  0.000000E+00
0.525002E+01  0.262838E+02  0.000000E+00
0.530482E+01  0.265507E+02  0.000000E+00
0.535957E+01  0.268173E+02  0.000000E+00
0.541429E+01  0.270836E+02  0.000000E+00
0.546896E+01  0.273496E+02  0.000000E+00
0.552359E+01  0.276153E+02  0.000000E+00
0.557818E+01  0.278807E+02  0.000000E+00
0.563273E+01  0.281458E+02  0.000000E+00
0.568725E+01  0.284106E+02  0.000000E+00
0.574173E+01  0.286752E+02  0.000000E+00
0.579617E+01  0.289395E+02  0.000000E+00
0.585057E+01  0.292035E+02  0.000000E+00
0.590494E+01  0.294673E+02  0.000000E+00
0.595927E+01  0.297308E+02  0.000000E+00
0.601357E+01  0.299941E+02  0.000000E+00
0.606784E+01  0.302572E+02  0.000000E+00
0.612207E+01  0.305200E+02  0.000000E+00
0.617628E+01  0.307827E+02  0.000000E+00
0.623045E+01  0.310451E+02  0.000000E+00
0.628459E+01  0.313073E+02  0.000000E+00
0.633870E+01  0.315692E+02  0.000000E+00
0.639278E+01  0.318310E+02  0.000000E+00
0.644683E+01  0.320926E+02  0.000000E+00
0.650085E+01  0.323540E+02  0.000000E+00
0.655485E+01  0.326153E+02  0.000000E+00
0.660882E+01  0.328763E+02  0.000000E+00
