0.105275E+01  0.181976E+01  0.120184E+02
0.110649E+01  0.345913E+01  0.920722E+01
0.116112E+01  0.494718E+01  0.000000E+00
0.121653E+01  0.630788E+01  0.000000E+00
0.127263E+01  0.756108E+01  0.000000E+00
0.132930E+01  0.872320E+01  0.000000E+00
0.138648E+01  0.980786E+01  0.000000E+00
0.144408E+01  0.108264E+02  0.000000E+00
0.150202E+01  0.117883E+02  0.000000E+00
0.156025E+01  0.127014E+02  0.000000E+00
0.161872E+01  0.135724E+02  0.000000E+00
0.167736E+01  0.144069E+02  0.000000E+00
0.173615E+01  0.152094E+02  0.000000E+00
0.179504E+01  0.159842E+02  0.000000E+00
0.185401E+01  0.167344E+02  0.000000E+00
0.191303E+01  0.174631E+02  0.000000E+00
0.197206E+01  0.181726E+02  0.000000E+00
0.203111E+01  0.188652E+02  0.000000E+00
0.209014E+01  0.195425E+02  0.000000E+00
0.214914E+01  0.202063E+02  0.000000E+00
0.220810E+01  0.208579E+02  0.000000E+00
0.226702E+01  0.214985E+02  0.000000E+00
0.232588E+01  0.221291E+02  0.000000E+00
0.238467E+01  0.227506E+02  0.000000E+00
0.244340E+01  0.233639E+02  0.000000E+00
0.250205E+01  0.239697E+02  0.000000E+00
0.256063E+01  0.245685E+02  0.000000E+00
0.261912E+01  0.251611E+02  0.000000E+00
0.267753E+01  0.257478E+02  0.000000E+00
0.273585E+01  0.263291E+02  0.000000E+00
0.279409E+01  0.269054E+02  0.000000E+00
0.285224E+01  0.274771E+02  0.000000E+00
0.291030E+01  0.280444E+02  0.000000E+00
0.296827E+01  0.286078E+02  0.000000E+00
0.302616E+01  0.291674E+02  0.000000E+00
0.308395E+01  0.297235E+02  0.000000E+00
0.314166E+01  0.302763E+02  0.000000E+00
0.319928E+01  0.308260E+02  0.000000E+00
0.325681E+01  0.313727E+02  0.000000E+00
0.331426E+01  0.319168E+02  0.000000E+00
0.337162E+01  0.324582E+02  0.000000E+00
0.342890E+01  0.329972E+02  0.000000E+00
0.348609E+01  0.335338E+02  0.000000E+00
0.354321E+01  0.340682E+02  0.000000E+00
0.360024E+01  0.346006E+02  0.000000E+00
0.365718E+01  0.351309E+02  0.000000E+00
0.371406E+01  0.356593E+02  0.000000E+00
0.377085E+01  0.361860E+02  0.000000E+00
0.382756E+01  0.367109E+02  0.000000E+00
0.388420E+01  0.372341E+02  0.000000E+00
0.394077E+01  0.377557E+02  0.000000E+00
0.399726E+01  0.382759E+02  0.000000E+00
0.405368E+01  0.387945E+02  0.000000E+00
0.411003E+01  0.393118E+02  0.000000E+00
0.416631E+01  0.398278E+02  0.000000E+00
0.422252E+01  0.403424E+02  0.000000E+00
0.427866E+01  0.408558E+02  0.000000E+00
0.433473E+01  0.413680E+02  0.000000E+00
0.439074E+01  0.418791E+02  0.000000E+00
0.444669E+01  0.423890E+02  0.000000E+00
0.450258E+01  0.428979E+02  0.000000E+00
0.455840E+01  0.434057E+02  0.000000E+00
0.461416E+01  0.439125E+02  0.000000E+00
0.466986E+01  0.444184E+02  0.000000E+00
0.472550E+01  0.449233E+02  0.000000E+00
0.478109E+01  0.454274E+02  0.000000E+00
0.483662E+01  0.459305E+02  0.000000E+00
0.489209E+01  0.464328E+02  0.000000E+00
0.494751E+01  0.469343E+02  0.000000E+00
0.500288E+01  0.474350E+02  0.000000E+00
0.505819E+01  0.479349E+02  0.000000E+00
0.511345E+01  0.484340E+02  0.000000E+00
0.516867E+01  0.489325E+02  0.000000E+00
0.522383E+01  0.494302E+02  0.000000E+00
0.527894E+01  0.499272E+02  0.000000E+00
0.533401E+01  0.504236E+02  0.000000E+00
0.538902E+01  0.509193E+02  0.000000E+00
0.544400E+01  0.514143E+02  0.000000E+00
0.549892E+01  0.519088E+02  0.000000E+00
0.555381E+01  0.524027E+02  0.000000E+00
0.560865E+01  0.528959E+02  0.000000E+00
0.566344E+01  0.533886E+02  0.000000E+00
0.571820E+01  0.538808E+02  0.000000E+00
0.577291E+01  0.543724E+02  0.000000E+00
0.582759E+01  0.548635E+02  0.000000E+00
0.588222E+01  0.553541E+02  0.000000E+00
0.593681E+01  0.558442E+02  0.000000E+00
0.599137E+01  0.563338E+02  0.000000E+00
0.604589E+01  0.568229E+02  0.000000E+00
0.610038E+01  0.573116E+02  0.000000E+00
0.615482E+01  0.577998E+02  0.000000E+00
0.620924E+01  0.582876E+02  0.000000E+00
0.626361E+01  0.587749E+02  0.000000E+00
0.631796E+01  0.592619E+02  0.000000E+00
0.637227E+01  0.597484E+02  0.000000E+00
0.642655E+01  0.602345E+02  0.000000E+00
0.648079E+01  0.607203E+02  0.000000E+00
0.653501E+01  0.612056E+02  0.000000E+00
0.658919E+01  0.616906E+02  0.000000E+00
0.664335E+01  0.621752E+02  0.000000E+00
