0.105289E+01  0.224579E+01  0.966639E+01
0.110706E+01  0.421192E+01  0.657860E+01
0.116243E+01  0.594541E+01  0.000000E+00
0.121888E+01  0.748486E+01  0.000000E+00
0.127630E+01  0.886205E+01  0.000000E+00
0.133460E+01  0.101032E+02  0.000000E+00
0.139367E+01  0.112299E+02  0.000000E+00
0.145340E+01  0.122601E+02  0.000000E+00
0.151371E+01  0.132087E+02  0.000000E+00
0.157451E+01  0.140879E+02  0.000000E+00
0.163571E+01  0.149079E+02  0.000000E+00
0.169726E+01  0.156774E+02  0.000000E+00
0.175909E+01  0.164035E+02  0.000000E+00
0.182113E+01  0.170922E+02  0.000000E+00
0.188335E+01  0.177484E+02  0.000000E+00
0.194569E+01  0.183765E+02  0.000000E+00
0.200813E+01  0.189800E+02  0.000000E+00
0.207062E+01  0.195620E+02  0.000000E+00
0.213314E+01  0.201251E+02  0.000000E+00
0.219567E+01  0.206714E+02  0.000000E+00
0.225818E+01  0.212030E+02  0.000000E+00
0.232066E+01  0.217213E+02  0.000000E+00
0.238309E+01  0.222279E+02  0.000000E+00
0.244546E+01  0.227240E+02  0.000000E+00
0.250776E+01  0.232105E+02  0.000000E+00
0.256998E+01  0.236885E+02  0.000000E+00
0.263211E+01  0.241587E+02  0.000000E+00
0.269415E+01  0.246219E+02  0.000000E+00
0.275609E+01  0.250786E+02  0.000000E+00
0.281793E+01  0.255295E+02  0.000000E+00
0.287967E+01  0.259750E+02  0.000000E+00
0.294130E+01  0.264156E+02  0.000000E+00
0.300281E+01  0.268516E+02  0.000000E+00
0.306422E+01  0.272834E+02  0.000000E+00
0.312552E+01  0.277113E+02  0.000000E+00
0.318670E+01  0.281355E+02  0.000000E+00
0.324777E+01  0.285564E+02  0.000000E+00
0.330873E+01  0.289741E+02  0.000000E+00
0.336958E+01  0.293889E+02  0.000000E+00
0.343031E+01  0.298009E+02  0.000000E+00
0.349094E+01  0.302104E+02  0.000000E+00
0.355145E+01  0.306173E+02  0.000000E+00
0.361186E+01  0.310220E+02  0.000000E+00
0.367215E+01  0.314245E+02  0.000000E+00
0.373234E+01  0.318250E+02  0.000000E+00
0.379243E+01  0.322235E+02  0.000000E+00
0.385241E+01  0.326201E+02  0.000000E+00
0.391228E+01  0.330150E+02  0.000000E+00
0.397206E+01  0.334083E+02  0.000000E+00
0.403173E+01  0.337999E+02  0.000000E+00
0.409130E+01  0.341900E+02  0.000000E+00
0.415077E+01  0.345787E+02  0.000000E+00
0.421015E+01  0.349659E+02  0.000000E+00
0.426943E+01  0.353518E+02  0.000000E+00
0.432862E+01  0.357365E+02  0.000000E+00
0.438771E+01  0.361199E+02  0.000000E+00
0.444671E+01  0.365021E+02  0.000000E+00
0.450562E+01  0.368832E+02  0.000000E+00
0.456444E+01  0.372631E+02  0.000000E+00
0.462317E+01  0.376421E+02  0.000000E+00
0.468181E+01  0.380200E+02  0.000000E+00
0.474037E+01  0.383969E+02  0.000000E+00
0.479884E+01  0.387728E+02  0.000000E+00
0.485723E+01  0.391478E+02  0.000000E+00
0.491553E+01  0.395219E+02  0.000000E+00
0.497376E+01  0.398952E+02  0.000000E+00
0.503190E+01  0.402676E+02  0.000000E+00
0.508996E+01  0.406392E+02  0.000000E+00
0.514795E+01  0.410100E+02  0.000000E+00
0.520585E+01  0.413800E+02  0.000000E+00
0.526369E+01  0.417492E+02  0.000000E+00
0.532144E+01  0.421178E+02  0.000000E+00
0.537912E+01  0.424856E+02  0.000000E+00
0.543673E+01  0.428527E+02  0.000000E+00
0.549427E+01  0.432191E+02  0.000000E+00
0.555173E+01  0.435849E+02  0.000000E+00
0.560913E+01  0.439500E+02  0.000000E+00
0.566645E+01  0.443145E+02  0.000000E+00
0.572371E+01  0.446784E+02  0.000000E+00
0.578090E+01  0.450417E+02  0.000000E+00
0.583802E+01  0.454044E+02  0.000000E+00
0.589508E+01  0.457665E+02  0.000000E+00
0.595207E+01  0.461280E+02  0.000000E+00
0.600900E+01  0.464890E+02  0.000000E+00
0.606586E+01  0.468495E+02  0.000000E+00
0.612266E+01  0.472094E+02  0.000000E+00
0.617940E+01  0.475688E+02  0.000000E+00
0.623608E+01  0.479277E+02  0.000000E+00
0.629269E+01  0.482861E+02  0.000000E+00
0.634925E+01  0.486440E+02  0.000000E+00
0.640575E+01  0.490015E+02  0.000000E+00
0.646220E+01  0.493584E+02  0.000000E+00
0.651858E+01  0.497149E+02  0.000000E+00
0.657491E+01  0.500710E+02  0.000000E+00
0.663118E+01  0.504266E+02  0.000000E+00
0.668740E+01  0.507818E+02  0.000000E+00
0.674356E+01  0.511365E+02  0.000000E+00
0.679967E+01  0.514909E+02  0.000000E+00
0.685573E+01  0.518448E+02  0.000000E+00
0.691174E+01  0.521983E+02  0.000000E+00
