0.105296E+01  0.146846E+01  0.485390E+01
0.110736E+01  0.273500E+01  0.271715E+01
0.116313E+01  0.383388E+01  0.000000E+00
0.122018E+01  0.479321E+01  0.000000E+00
0.127841E+01  0.563614E+01  0.000000E+00
0.133772E+01  0.638173E+01  0.000000E+00
0.139800E+01  0.704573E+01  0.000000E+00
0.145915E+01  0.764117E+01  0.000000E+00
0.152108E+01  0.817884E+01  0.000000E+00
0.158369E+01  0.866770E+01  0.000000E+00
0.164688E+01  0.911519E+01  0.000000E+00
0.171059E+01  0.952753E+01  0.000000E+00
0.177472E+01  0.990987E+01  0.000000E+00
0.183921E+01  0.102665E+02  0.000000E+00
0.190399E+01  0.106012E+02  0.000000E+00
0.196901E+01  0.109168E+02  0.000000E+00
0.203423E+01  0.112160E+02  0.000000E+00
0.209958E+01  0.115009E+02  0.000000E+00
0.216505E+01  0.117733E+02  0.000000E+00
0.223058E+01  0.120349E+02  0.000000E+00
0.229615E+01  0.122869E+02  0.000000E+00
0.236174E+01  0.125305E+02  0.000000E+00
0.242733E+01  0.127667E+02  0.000000E+00
0.249288E+01  0.129962E+02  0.000000E+00
0.255840E+01  0.132198E+02  0.000000E+00
0.262385E+01  0.134382E+02  0.000000E+00
0.268924E+01  0.136518E+02  0.000000E+00
0.275455E+01  0.138611E+02  0.000000E+00
0.281977E+01  0.140667E+02  0.000000E+00
0.288490E+01  0.142687E+02  0.000000E+00
0.294993E+01  0.144676E+02  0.000000E+00
0.301485E+01  0.146636E+02  0.000000E+00
0.307967E+01  0.148569E+02  0.000000E+00
0.314437E+01  0.150478E+02  0.000000E+00
0.320896E+01  0.152365E+02  0.000000E+00
0.327343E+01  0.154232E+02  0.000000E+00
0.333778E+01  0.156080E+02  0.000000E+00
0.340202E+01  0.157910E+02  0.000000E+00
0.346614E+01  0.159724E+02  0.000000E+00
0.353013E+01  0.161523E+02  0.000000E+00
0.359401E+01  0.163307E+02  0.000000E+00
0.365777E+01  0.165079E+02  0.000000E+00
0.372141E+01  0.166838E+02  0.000000E+00
0.378494E+01  0.168585E+02  0.000000E+00
0.384834E+01  0.170322E+02  0.000000E+00
0.391163E+01  0.172048E+02  0.000000E+00
0.397481E+01  0.173764E+02  0.000000E+00
0.403787E+01  0.175472E+02  0.000000E+00
0.410082E+01  0.177170E+02  0.000000E+00
0.416365E+01  0.178861E+02  0.000000E+00
0.422637E+01  0.180543E+02  0.000000E+00
0.428899E+01  0.182219E+02  0.000000E+00
0.435150E+01  0.183887E+02  0.000000E+00
0.441390E+01  0.185548E+02  0.000000E+00
0.447619E+01  0.187203E+02  0.000000E+00
0.453838E+01  0.188851E+02  0.000000E+00
0.460046E+01  0.190494E+02  0.000000E+00
0.466245E+01  0.192131E+02  0.000000E+00
0.472433E+01  0.193762E+02  0.000000E+00
0.478612E+01  0.195389E+02  0.000000E+00
0.484780E+01  0.197010E+02  0.000000E+00
0.490939E+01  0.198626E+02  0.000000E+00
0.497089E+01  0.200238E+02  0.000000E+00
0.503229E+01  0.201845E+02  0.000000E+00
0.509359E+01  0.203447E+02  0.000000E+00
0.515481E+01  0.205046E+02  0.000000E+00
0.521593E+01  0.206640E+02  0.000000E+00
0.527697E+01  0.208231E+02  0.000000E+00
0.533791E+01  0.209817E+02  0.000000E+00
0.539877E+01  0.211400E+02  0.000000E+00
0.545954E+01  0.212979E+02  0.000000E+00
0.552023E+01  0.214554E+02  0.000000E+00
0.558083E+01  0.216126E+02  0.000000E+00
0.564135E+01  0.217695E+02  0.000000E+00
0.570178E+01  0.219261E+02  0.000000E+00
0.576214E+01  0.220823E+02  0.000000E+00
0.582241E+01  0.222382E+02  0.000000E+00
0.588261E+01  0.223938E+02  0.000000E+00
0.594272E+01  0.225492E+02  0.000000E+00
0.600276E+01  0.227042E+02  0.000000E+00
0.606272E+01  0.228589E+02  0.000000E+00
0.612261E+01  0.230134E+02  0.000000E+00
0.618242E+01  0.231676E+02  0.000000E+00
0.624215E+01  0.233215E+02  0.000000E+00
0.630182E+01  0.234752E+02  0.000000E+00
0.636140E+01  0.236286E+02  0.000000E+00
0.642092E+01  0.237818E+02  0.000000E+00
0.648037E+01  0.239348E+02  0.000000E+00
0.653974E+01  0.240874E+02  0.000000E+00
0.659905E+01  0.242399E+02  0.000000E+00
0.665828E+01  0.243921E+02  0.000000E+00
0.671745E+01  0.245441E+02  0.000000E+00
0.677655E+01  0.246959E+02  0.000000E+00
0.683558E+01  0.248474E+02  0.000000E+00
0.689455E+01  0.249988E+02  0.000000E+00
0.695345E+01  0.251499E+02  0.000000E+00
0.701228E+01  0.253008E+02  0.000000E+00
0.707105E+01  0.254515E+02  0.000000E+00
0.712976E+01  0.256020E+02  0.000000E+00
0.718840E+01  0.257523E+02  0.000000E+00
