0.105291E+01  0.490676E+00  0.190338E+01
0.110717E+01  0.917953E+00  0.124367E+01
0.116268E+01  0.129253E+01  0.000000E+00
0.121934E+01  0.162320E+01  0.000000E+00
0.127705E+01  0.191718E+01  0.000000E+00
0.133569E+01  0.218045E+01  0.000000E+00
0.139517E+01  0.241792E+01  0.000000E+00
0.145539E+01  0.263366E+01  0.000000E+00
0.151624E+01  0.283104E+01  0.000000E+00
0.157764E+01  0.301287E+01  0.000000E+00
0.163950E+01  0.318147E+01  0.000000E+00
0.170176E+01  0.333878E+01  0.000000E+00
0.176434E+01  0.348642E+01  0.000000E+00
0.182717E+01  0.362575E+01  0.000000E+00
0.189022E+01  0.375790E+01  0.000000E+00
0.195342E+01  0.388383E+01  0.000000E+00
0.201674E+01  0.400436E+01  0.000000E+00
0.208014E+01  0.412015E+01  0.000000E+00
0.214359E+01  0.423181E+01  0.000000E+00
0.220707E+01  0.433982E+01  0.000000E+00
0.227054E+01  0.444461E+01  0.000000E+00
0.233399E+01  0.454655E+01  0.000000E+00
0.239740E+01  0.464594E+01  0.000000E+00
0.246076E+01  0.474306E+01  0.000000E+00
0.252406E+01  0.483814E+01  0.000000E+00
0.258727E+01  0.493138E+01  0.000000E+00
0.265041E+01  0.502297E+01  0.000000E+00
0.271345E+01  0.511306E+01  0.000000E+00
0.277640E+01  0.520179E+01  0.000000E+00
0.283925E+01  0.528928E+01  0.000000E+00
0.290199E+01  0.537563E+01  0.000000E+00
0.296462E+01  0.546094E+01  0.000000E+00
0.302714E+01  0.554529E+01  0.000000E+00
0.308955E+01  0.562877E+01  0.000000E+00
0.315184E+01  0.571142E+01  0.000000E+00
0.321402E+01  0.579332E+01  0.000000E+00
0.327608E+01  0.587452E+01  0.000000E+00
0.333803E+01  0.595506E+01  0.000000E+00
0.339986E+01  0.603499E+01  0.000000E+00
0.346158E+01  0.611435E+01  0.000000E+00
0.352318E+01  0.619318E+01  0.000000E+00
0.358467E+01  0.627151E+01  0.000000E+00
0.364604E+01  0.634936E+01  0.000000E+00
0.370731E+01  0.642677E+01  0.000000E+00
0.376846E+01  0.650376E+01  0.000000E+00
0.382950E+01  0.658034E+01  0.000000E+00
0.389043E+01  0.665656E+01  0.000000E+00
0.395126E+01  0.673241E+01  0.000000E+00
0.401197E+01  0.680792E+01  0.000000E+00
0.407259E+01  0.688311E+01  0.000000E+00
0.413309E+01  0.695799E+01  0.000000E+00
0.419350E+01  0.703257E+01  0.000000E+00
0.425380E+01  0.710688E+01  0.000000E+00
0.431401E+01  0.718091E+01  0.000000E+00
0.437411E+01  0.725468E+01  0.000000E+00
0.443412E+01  0.732821E+01  0.000000E+00
0.449403E+01  0.740149E+01  0.000000E+00
0.455384E+01  0.747455E+01  0.000000E+00
0.461356E+01  0.754738E+01  0.000000E+00
0.467319E+01  0.762000E+01  0.000000E+00
0.473273E+01  0.769242E+01  0.000000E+00
0.479217E+01  0.776464E+01  0.000000E+00
0.485153E+01  0.783666E+01  0.000000E+00
0.491080E+01  0.790850E+01  0.000000E+00
0.496998E+01  0.798016E+01  0.000000E+00
0.502907E+01  0.805164E+01  0.000000E+00
0.508809E+01  0.812296E+01  0.000000E+00
0.514701E+01  0.819411E+01  0.000000E+00
0.520586E+01  0.826510E+01  0.000000E+00
0.526462E+01  0.833593E+01  0.000000E+00
0.532330E+01  0.840662E+01  0.000000E+00
0.538191E+01  0.847716E+01  0.000000E+00
0.544043E+01  0.854755E+01  0.000000E+00
0.549888E+01  0.861780E+01  0.000000E+00
0.555725E+01  0.868792E+01  0.000000E+00
0.561555E+01  0.875791E+01  0.000000E+00
0.567377E+01  0.882777E+01  0.000000E+00
0.573192E+01  0.889750E+01  0.000000E+00
0.578999E+01  0.896710E+01  0.000000E+00
0.584799E+01  0.903659E+01  0.000000E+00
0.590592E+01  0.910595E+01  0.000000E+00
0.596378E+01  0.917520E+01  0.000000E+00
0.602158E+01  0.924434E+01  0.000000E+00
0.607930E+01  0.931337E+01  0.000000E+00
0.613695E+01  0.938229E+01  0.000000E+00
0.619454E+01  0.945110E+01  0.000000E+00
0.625206E+01  0.951980E+01  0.000000E+00
0.630952E+01  0.958841E+01  0.000000E+00
0.636691E+01  0.965691E+01  0.000000E+00
0.642424E+01  0.972531E+01  0.000000E+00
0.648151E+01  0.979362E+01  0.000000E+00
0.653871E+01  0.986184E+01  0.000000E+00
0.659585E+01  0.992996E+01  0.000000E+00
0.665293E+01  0.999798E+01  0.000000E+00
0.670995E+01  0.100659E+02  0.000000E+00
0.676691E+01  0.101338E+02  0.000000E+00
0.682381E+01  0.102015E+02  0.000000E+00
0.688065E+01  0.102692E+02  0.000000E+00
0.693743E+01  0.103368E+02  0.000000E+00
0.699416E+01  0.104043E+02  0.000000E+00
