0.105285E+01  0.546681E+00  0.270269E+01
0.110690E+01  0.102914E+01  0.192326E+01
0.116205E+01  0.145810E+01  0.000000E+00
0.121820E+01  0.184234E+01  0.000000E+00
0.127523E+01  0.218913E+01  0.000000E+00
0.133303E+01  0.250443E+01  0.000000E+00
0.139152E+01  0.279319E+01  0.000000E+00
0.145058E+01  0.305951E+01  0.000000E+00
0.151014E+01  0.330677E+01  0.000000E+00
0.157012E+01  0.353779E+01  0.000000E+00
0.163044E+01  0.375493E+01  0.000000E+00
0.169104E+01  0.396015E+01  0.000000E+00
0.175187E+01  0.415508E+01  0.000000E+00
0.181287E+01  0.434112E+01  0.000000E+00
0.187400E+01  0.451942E+01  0.000000E+00
0.193523E+01  0.469098E+01  0.000000E+00
0.199651E+01  0.485661E+01  0.000000E+00
0.205783E+01  0.501705E+01  0.000000E+00
0.211916E+01  0.517288E+01  0.000000E+00
0.218048E+01  0.532464E+01  0.000000E+00
0.224177E+01  0.547277E+01  0.000000E+00
0.230301E+01  0.561765E+01  0.000000E+00
0.236420E+01  0.575963E+01  0.000000E+00
0.242533E+01  0.589898E+01  0.000000E+00
0.248637E+01  0.603597E+01  0.000000E+00
0.254734E+01  0.617082E+01  0.000000E+00
0.260822E+01  0.630372E+01  0.000000E+00
0.266901E+01  0.643485E+01  0.000000E+00
0.272970E+01  0.656434E+01  0.000000E+00
0.279029E+01  0.669235E+01  0.000000E+00
0.285078E+01  0.681899E+01  0.000000E+00
0.291116E+01  0.694436E+01  0.000000E+00
0.297145E+01  0.706857E+01  0.000000E+00
0.303162E+01  0.719169E+01  0.000000E+00
0.309169E+01  0.731380E+01  0.000000E+00
0.315165E+01  0.743497E+01  0.000000E+00
0.321151E+01  0.755526E+01  0.000000E+00
0.327126E+01  0.767474E+01  0.000000E+00
0.333090E+01  0.779345E+01  0.000000E+00
0.339044E+01  0.791143E+01  0.000000E+00
0.344988E+01  0.802873E+01  0.000000E+00
0.350921E+01  0.814540E+01  0.000000E+00
0.356844E+01  0.826146E+01  0.000000E+00
0.362757E+01  0.837694E+01  0.000000E+00
0.368660E+01  0.849188E+01  0.000000E+00
0.374553E+01  0.860631E+01  0.000000E+00
0.380436E+01  0.872024E+01  0.000000E+00
0.386310E+01  0.883371E+01  0.000000E+00
0.392174E+01  0.894673E+01  0.000000E+00
0.398028E+01  0.905933E+01  0.000000E+00
0.403873E+01  0.917152E+01  0.000000E+00
0.409709E+01  0.928333E+01  0.000000E+00
0.415537E+01  0.939476E+01  0.000000E+00
0.421355E+01  0.950583E+01  0.000000E+00
0.427164E+01  0.961656E+01  0.000000E+00
0.432965E+01  0.972696E+01  0.000000E+00
0.438757E+01  0.983704E+01  0.000000E+00
0.444541E+01  0.994682E+01  0.000000E+00
0.450316E+01  0.100563E+02  0.000000E+00
0.456083E+01  0.101655E+02  0.000000E+00
0.461843E+01  0.102744E+02  0.000000E+00
0.467594E+01  0.103831E+02  0.000000E+00
0.473338E+01  0.104915E+02  0.000000E+00
0.479073E+01  0.105996E+02  0.000000E+00
0.484802E+01  0.107075E+02  0.000000E+00
0.490522E+01  0.108152E+02  0.000000E+00
0.496236E+01  0.109226E+02  0.000000E+00
0.501942E+01  0.110299E+02  0.000000E+00
0.507641E+01  0.111369E+02  0.000000E+00
0.513333E+01  0.112437E+02  0.000000E+00
0.519018E+01  0.113503E+02  0.000000E+00
0.524696E+01  0.114567E+02  0.000000E+00
0.530367E+01  0.115629E+02  0.000000E+00
0.536032E+01  0.116689E+02  0.000000E+00
0.541690E+01  0.117748E+02  0.000000E+00
0.547342E+01  0.118805E+02  0.000000E+00
0.552987E+01  0.119860E+02  0.000000E+00
0.558626E+01  0.120913E+02  0.000000E+00
0.564259E+01  0.121964E+02  0.000000E+00
0.569886E+01  0.123015E+02  0.000000E+00
0.575507E+01  0.124063E+02  0.000000E+00
0.581123E+01  0.125110E+02  0.000000E+00
0.586732E+01  0.126155E+02  0.000000E+00
0.592335E+01  0.127199E+02  0.000000E+00
0.597933E+01  0.128242E+02  0.000000E+00
0.603526E+01  0.129283E+02  0.000000E+00
0.609113E+01  0.130323E+02  0.000000E+00
0.614694E+01  0.131362E+02  0.000000E+00
0.620271E+01  0.132399E+02  0.000000E+00
0.625842E+01  0.133435E+02  0.000000E+00
0.631408E+01  0.134469E+02  0.000000E+00
0.636969E+01  0.135503E+02  0.000000E+00
0.642525E+01  0.136535E+02  0.000000E+00
0.648076E+01  0.137566E+02  0.000000E+00
0.653622E+01  0.138596E+02  0.000000E+00
0.659163E+01  0.139625E+02  0.000000E+00
0.664700E+01  0.140652E+02  0.000000E+00
0.670232E+01  0.141679E+02  0.000000E+00
0.675760E+01  0.142705E+02  0.000000E+00
0.681283E+01  0.143729E+02  0.000000E+00
