0.105279E+01  0.190979E+01  0.113016E+02
0.110666E+01  0.361578E+01  0.844538E+01
0.116150E+01  0.515137E+01  0.000000E+00
0.121721E+01  0.654405E+01  0.000000E+00
0.127367E+01  0.781652E+01  0.000000E+00
0.133079E+01  0.898752E+01  0.000000E+00
0.138847E+01  0.100726E+02  0.000000E+00
0.144664E+01  0.110846E+02  0.000000E+00
0.150520E+01  0.120342E+02  0.000000E+00
0.156409E+01  0.129305E+02  0.000000E+00
0.162326E+01  0.137807E+02  0.000000E+00
0.168264E+01  0.145913E+02  0.000000E+00
0.174219E+01  0.153675E+02  0.000000E+00
0.180186E+01  0.161136E+02  0.000000E+00
0.186163E+01  0.168335E+02  0.000000E+00
0.192146E+01  0.175304E+02  0.000000E+00
0.198132E+01  0.182069E+02  0.000000E+00
0.204120E+01  0.188655E+02  0.000000E+00
0.210107E+01  0.195081E+02  0.000000E+00
0.216091E+01  0.201364E+02  0.000000E+00
0.222072E+01  0.207519E+02  0.000000E+00
0.228047E+01  0.213559E+02  0.000000E+00
0.234017E+01  0.219496E+02  0.000000E+00
0.239980E+01  0.225339E+02  0.000000E+00
0.245936E+01  0.231097E+02  0.000000E+00
0.251884E+01  0.236778E+02  0.000000E+00
0.257824E+01  0.242387E+02  0.000000E+00
0.263755E+01  0.247932E+02  0.000000E+00
0.269677E+01  0.253417E+02  0.000000E+00
0.275590E+01  0.258848E+02  0.000000E+00
0.281493E+01  0.264227E+02  0.000000E+00
0.287387E+01  0.269560E+02  0.000000E+00
0.293272E+01  0.274849E+02  0.000000E+00
0.299147E+01  0.280098E+02  0.000000E+00
0.305012E+01  0.285309E+02  0.000000E+00
0.310868E+01  0.290484E+02  0.000000E+00
0.316714E+01  0.295626E+02  0.000000E+00
0.322550E+01  0.300738E+02  0.000000E+00
0.328377E+01  0.305820E+02  0.000000E+00
0.334195E+01  0.310874E+02  0.000000E+00
0.340003E+01  0.315903E+02  0.000000E+00
0.345802E+01  0.320907E+02  0.000000E+00
0.351592E+01  0.325888E+02  0.000000E+00
0.357373E+01  0.330846E+02  0.000000E+00
0.363146E+01  0.335784E+02  0.000000E+00
0.368909E+01  0.340702E+02  0.000000E+00
0.374663E+01  0.345602E+02  0.000000E+00
0.380410E+01  0.350483E+02  0.000000E+00
0.386147E+01  0.355347E+02  0.000000E+00
0.391876E+01  0.360194E+02  0.000000E+00
0.397598E+01  0.365026E+02  0.000000E+00
0.403311E+01  0.369842E+02  0.000000E+00
0.409016E+01  0.374645E+02  0.000000E+00
0.414713E+01  0.379433E+02  0.000000E+00
0.420403E+01  0.384208E+02  0.000000E+00
0.426085E+01  0.388970E+02  0.000000E+00
0.431759E+01  0.393720E+02  0.000000E+00
0.437426E+01  0.398458E+02  0.000000E+00
0.443086E+01  0.403184E+02  0.000000E+00
0.448739E+01  0.407900E+02  0.000000E+00
0.454385E+01  0.412605E+02  0.000000E+00
0.460024E+01  0.417299E+02  0.000000E+00
0.465656E+01  0.421984E+02  0.000000E+00
0.471282E+01  0.426658E+02  0.000000E+00
0.476901E+01  0.431324E+02  0.000000E+00
0.482514E+01  0.435980E+02  0.000000E+00
0.488120E+01  0.440628E+02  0.000000E+00
0.493720E+01  0.445267E+02  0.000000E+00
0.499314E+01  0.449898E+02  0.000000E+00
0.504902E+01  0.454521E+02  0.000000E+00
0.510484E+01  0.459137E+02  0.000000E+00
0.516061E+01  0.463744E+02  0.000000E+00
0.521631E+01  0.468345E+02  0.000000E+00
0.527196E+01  0.472938E+02  0.000000E+00
0.532756E+01  0.477524E+02  0.000000E+00
0.538310E+01  0.482104E+02  0.000000E+00
0.543859E+01  0.486677E+02  0.000000E+00
0.549403E+01  0.491243E+02  0.000000E+00
0.554941E+01  0.495804E+02  0.000000E+00
0.560474E+01  0.500358E+02  0.000000E+00
0.566003E+01  0.504907E+02  0.000000E+00
0.571526E+01  0.509449E+02  0.000000E+00
0.577045E+01  0.513986E+02  0.000000E+00
0.582559E+01  0.518518E+02  0.000000E+00
0.588069E+01  0.523044E+02  0.000000E+00
0.593574E+01  0.527565E+02  0.000000E+00
0.599074E+01  0.532081E+02  0.000000E+00
0.604570E+01  0.536592E+02  0.000000E+00
0.610062E+01  0.541098E+02  0.000000E+00
0.615550E+01  0.545600E+02  0.000000E+00
0.621033E+01  0.550097E+02  0.000000E+00
0.626513E+01  0.554589E+02  0.000000E+00
0.631988E+01  0.559077E+02  0.000000E+00
0.637460E+01  0.563561E+02  0.000000E+00
0.642927E+01  0.568040E+02  0.000000E+00
0.648391E+01  0.572515E+02  0.000000E+00
0.653851E+01  0.576987E+02  0.000000E+00
0.659308E+01  0.581454E+02  0.000000E+00
0.664761E+01  0.585918E+02  0.000000E+00
0.670210E+01  0.590377E+02  0.000000E+00
