0.105284E+01  0.216539E+01  0.110711E+02
0.110686E+01  0.408045E+01  0.794384E+01
0.116196E+01  0.578682E+01  0.000000E+00
0.121802E+01  0.731873E+01  0.000000E+00
0.127495E+01  0.870436E+01  0.000000E+00
0.133263E+01  0.996700E+01  0.000000E+00
0.139097E+01  0.111259E+02  0.000000E+00
0.144987E+01  0.121969E+02  0.000000E+00
0.150925E+01  0.131933E+02  0.000000E+00
0.156902E+01  0.141260E+02  0.000000E+00
0.162913E+01  0.150042E+02  0.000000E+00
0.168950E+01  0.158357E+02  0.000000E+00
0.175008E+01  0.166267E+02  0.000000E+00
0.181083E+01  0.173826E+02  0.000000E+00
0.187171E+01  0.181081E+02  0.000000E+00
0.193267E+01  0.188070E+02  0.000000E+00
0.199368E+01  0.194824E+02  0.000000E+00
0.205472E+01  0.201374E+02  0.000000E+00
0.211577E+01  0.207741E+02  0.000000E+00
0.217680E+01  0.213946E+02  0.000000E+00
0.223781E+01  0.220008E+02  0.000000E+00
0.229876E+01  0.225940E+02  0.000000E+00
0.235966E+01  0.231757E+02  0.000000E+00
0.242050E+01  0.237470E+02  0.000000E+00
0.248126E+01  0.243089E+02  0.000000E+00
0.254193E+01  0.248622E+02  0.000000E+00
0.260252E+01  0.254078E+02  0.000000E+00
0.266302E+01  0.259462E+02  0.000000E+00
0.272342E+01  0.264782E+02  0.000000E+00
0.278373E+01  0.270041E+02  0.000000E+00
0.284393E+01  0.275246E+02  0.000000E+00
0.290403E+01  0.280401E+02  0.000000E+00
0.296403E+01  0.285508E+02  0.000000E+00
0.302393E+01  0.290572E+02  0.000000E+00
0.308371E+01  0.295595E+02  0.000000E+00
0.314340E+01  0.300581E+02  0.000000E+00
0.320298E+01  0.305531E+02  0.000000E+00
0.326245E+01  0.310449E+02  0.000000E+00
0.332183E+01  0.315335E+02  0.000000E+00
0.338110E+01  0.320193E+02  0.000000E+00
0.344026E+01  0.325023E+02  0.000000E+00
0.349933E+01  0.329827E+02  0.000000E+00
0.355829E+01  0.334607E+02  0.000000E+00
0.361716E+01  0.339363E+02  0.000000E+00
0.367593E+01  0.344098E+02  0.000000E+00
0.373460E+01  0.348812E+02  0.000000E+00
0.379317E+01  0.353506E+02  0.000000E+00
0.385165E+01  0.358181E+02  0.000000E+00
0.391004E+01  0.362838E+02  0.000000E+00
0.396833E+01  0.367478E+02  0.000000E+00
0.402653E+01  0.372101E+02  0.000000E+00
0.408465E+01  0.376709E+02  0.000000E+00
0.414267E+01  0.381302E+02  0.000000E+00
0.420061E+01  0.385880E+02  0.000000E+00
0.425846E+01  0.390445E+02  0.000000E+00
0.431623E+01  0.394996E+02  0.000000E+00
0.437391E+01  0.399534E+02  0.000000E+00
0.443151E+01  0.404060E+02  0.000000E+00
0.448903E+01  0.408574E+02  0.000000E+00
0.454647E+01  0.413076E+02  0.000000E+00
0.460383E+01  0.417567E+02  0.000000E+00
0.466111E+01  0.422048E+02  0.000000E+00
0.471832E+01  0.426518E+02  0.000000E+00
0.477545E+01  0.430978E+02  0.000000E+00
0.483251E+01  0.435428E+02  0.000000E+00
0.488950E+01  0.439869E+02  0.000000E+00
0.494641E+01  0.444300E+02  0.000000E+00
0.500326E+01  0.448723E+02  0.000000E+00
0.506003E+01  0.453137E+02  0.000000E+00
0.511673E+01  0.457542E+02  0.000000E+00
0.517337E+01  0.461940E+02  0.000000E+00
0.522994E+01  0.466329E+02  0.000000E+00
0.528645E+01  0.470711E+02  0.000000E+00
0.534289E+01  0.475085E+02  0.000000E+00
0.539926E+01  0.479452E+02  0.000000E+00
0.545558E+01  0.483812E+02  0.000000E+00
0.551183E+01  0.488165E+02  0.000000E+00
0.556802E+01  0.492511E+02  0.000000E+00
0.562416E+01  0.496850E+02  0.000000E+00
0.568023E+01  0.501183E+02  0.000000E+00
0.573625E+01  0.505510E+02  0.000000E+00
0.579221E+01  0.509830E+02  0.000000E+00
0.584811E+01  0.514145E+02  0.000000E+00
0.590396E+01  0.518454E+02  0.000000E+00
0.595975E+01  0.522756E+02  0.000000E+00
0.601549E+01  0.527054E+02  0.000000E+00
0.607118E+01  0.531345E+02  0.000000E+00
0.612681E+01  0.535632E+02  0.000000E+00
0.618240E+01  0.539913E+02  0.000000E+00
0.623793E+01  0.544189E+02  0.000000E+00
0.629341E+01  0.548460E+02  0.000000E+00
0.634885E+01  0.552726E+02  0.000000E+00
0.640424E+01  0.556988E+02  0.000000E+00
0.645958E+01  0.561244E+02  0.000000E+00
0.651487E+01  0.565496E+02  0.000000E+00
0.657012E+01  0.569744E+02  0.000000E+00
0.662532E+01  0.573987E+02  0.000000E+00
0.668048E+01  0.578226E+02  0.000000E+00
0.673560E+01  0.582460E+02  0.000000E+00
0.679067E+01  0.586691E+02  0.000000E+00
