0.105279E+01  0.232419E+01  0.138394E+02
0.110665E+01  0.440131E+01  0.103582E+02
0.116148E+01  0.627180E+01  0.000000E+00
0.121717E+01  0.796899E+01  0.000000E+00
0.127361E+01  0.952036E+01  0.000000E+00
0.133071E+01  0.109486E+02  0.000000E+00
0.138836E+01  0.122726E+02  0.000000E+00
0.144649E+01  0.135080E+02  0.000000E+00
0.150502E+01  0.146676E+02  0.000000E+00
0.156388E+01  0.157624E+02  0.000000E+00
0.162300E+01  0.168013E+02  0.000000E+00
0.168234E+01  0.177920E+02  0.000000E+00
0.174185E+01  0.187409E+02  0.000000E+00
0.180148E+01  0.196534E+02  0.000000E+00
0.186120E+01  0.205339E+02  0.000000E+00
0.192098E+01  0.213864E+02  0.000000E+00
0.198080E+01  0.222142E+02  0.000000E+00
0.204063E+01  0.230202E+02  0.000000E+00
0.210044E+01  0.238066E+02  0.000000E+00
0.216024E+01  0.245757E+02  0.000000E+00
0.222000E+01  0.253293E+02  0.000000E+00
0.227971E+01  0.260689E+02  0.000000E+00
0.233936E+01  0.267958E+02  0.000000E+00
0.239894E+01  0.275114E+02  0.000000E+00
0.245845E+01  0.282166E+02  0.000000E+00
0.251788E+01  0.289123E+02  0.000000E+00
0.257723E+01  0.295994E+02  0.000000E+00
0.263649E+01  0.302786E+02  0.000000E+00
0.269566E+01  0.309506E+02  0.000000E+00
0.275475E+01  0.316158E+02  0.000000E+00
0.281373E+01  0.322749E+02  0.000000E+00
0.287263E+01  0.329282E+02  0.000000E+00
0.293143E+01  0.335763E+02  0.000000E+00
0.299013E+01  0.342193E+02  0.000000E+00
0.304874E+01  0.348578E+02  0.000000E+00
0.310725E+01  0.354920E+02  0.000000E+00
0.316566E+01  0.361221E+02  0.000000E+00
0.322399E+01  0.367484E+02  0.000000E+00
0.328221E+01  0.373712E+02  0.000000E+00
0.334035E+01  0.379906E+02  0.000000E+00
0.339839E+01  0.386068E+02  0.000000E+00
0.345634E+01  0.392200E+02  0.000000E+00
0.351419E+01  0.398305E+02  0.000000E+00
0.357196E+01  0.404382E+02  0.000000E+00
0.362964E+01  0.410434E+02  0.000000E+00
0.368723E+01  0.416461E+02  0.000000E+00
0.374474E+01  0.422465E+02  0.000000E+00
0.380216E+01  0.428448E+02  0.000000E+00
0.385950E+01  0.434409E+02  0.000000E+00
0.391675E+01  0.440350E+02  0.000000E+00
0.397393E+01  0.446272E+02  0.000000E+00
0.403102E+01  0.452176E+02  0.000000E+00
0.408803E+01  0.458062E+02  0.000000E+00
0.414497E+01  0.463931E+02  0.000000E+00
0.420182E+01  0.469784E+02  0.000000E+00
0.425861E+01  0.475621E+02  0.000000E+00
0.431532E+01  0.481443E+02  0.000000E+00
0.437195E+01  0.487251E+02  0.000000E+00
0.442852E+01  0.493044E+02  0.000000E+00
0.448501E+01  0.498824E+02  0.000000E+00
0.454144E+01  0.504591E+02  0.000000E+00
0.459779E+01  0.510346E+02  0.000000E+00
0.465408E+01  0.516088E+02  0.000000E+00
0.471030E+01  0.521819E+02  0.000000E+00
0.476646E+01  0.527538E+02  0.000000E+00
0.482255E+01  0.533246E+02  0.000000E+00
0.487859E+01  0.538944E+02  0.000000E+00
0.493456E+01  0.544631E+02  0.000000E+00
0.499046E+01  0.550308E+02  0.000000E+00
0.504631E+01  0.555975E+02  0.000000E+00
0.510210E+01  0.561633E+02  0.000000E+00
0.515784E+01  0.567281E+02  0.000000E+00
0.521351E+01  0.572921E+02  0.000000E+00
0.526913E+01  0.578552E+02  0.000000E+00
0.532470E+01  0.584174E+02  0.000000E+00
0.538021E+01  0.589788E+02  0.000000E+00
0.543567E+01  0.595395E+02  0.000000E+00
0.549108E+01  0.600993E+02  0.000000E+00
0.554643E+01  0.606584E+02  0.000000E+00
0.560174E+01  0.612167E+02  0.000000E+00
0.565700E+01  0.617744E+02  0.000000E+00
0.571221E+01  0.623313E+02  0.000000E+00
0.576737E+01  0.628875E+02  0.000000E+00
0.582248E+01  0.634431E+02  0.000000E+00
0.587755E+01  0.639980E+02  0.000000E+00
0.593258E+01  0.645523E+02  0.000000E+00
0.598756E+01  0.651060E+02  0.000000E+00
0.604249E+01  0.656591E+02  0.000000E+00
0.609739E+01  0.662115E+02  0.000000E+00
0.615224E+01  0.667634E+02  0.000000E+00
0.620705E+01  0.673148E+02  0.000000E+00
0.626182E+01  0.678656E+02  0.000000E+00
0.631655E+01  0.684158E+02  0.000000E+00
0.637124E+01  0.689655E+02  0.000000E+00
0.642590E+01  0.695147E+02  0.000000E+00
0.648051E+01  0.700635E+02  0.000000E+00
0.653509E+01  0.706117E+02  0.000000E+00
0.658963E+01  0.711594E+02  0.000000E+00
0.664414E+01  0.717067E+02  0.000000E+00
0.669861E+01  0.722535E+02  0.000000E+00
