0.105270E+01  0.161068E+01  0.116456E+02
0.110630E+01  0.307571E+01  0.932719E+01
0.116070E+01  0.441788E+01  0.000000E+00
0.121579E+01  0.565619E+01  0.000000E+00
0.127149E+01  0.680636E+01  0.000000E+00
0.132770E+01  0.788148E+01  0.000000E+00
0.138434E+01  0.889245E+01  0.000000E+00
0.144135E+01  0.984837E+01  0.000000E+00
0.149866E+01  0.107569E+02  0.000000E+00
0.155622E+01  0.116243E+02  0.000000E+00
0.161397E+01  0.124561E+02  0.000000E+00
0.167188E+01  0.132569E+02  0.000000E+00
0.172992E+01  0.140304E+02  0.000000E+00
0.178803E+01  0.147799E+02  0.000000E+00
0.184621E+01  0.155084E+02  0.000000E+00
0.190443E+01  0.162181E+02  0.000000E+00
0.196266E+01  0.169111E+02  0.000000E+00
0.202090E+01  0.175893E+02  0.000000E+00
0.207912E+01  0.182542E+02  0.000000E+00
0.213731E+01  0.189070E+02  0.000000E+00
0.219547E+01  0.195490E+02  0.000000E+00
0.225358E+01  0.201812E+02  0.000000E+00
0.231164E+01  0.208046E+02  0.000000E+00
0.236964E+01  0.214198E+02  0.000000E+00
0.242757E+01  0.220276E+02  0.000000E+00
0.248544E+01  0.226286E+02  0.000000E+00
0.254324E+01  0.232234E+02  0.000000E+00
0.260096E+01  0.238125E+02  0.000000E+00
0.265861E+01  0.243962E+02  0.000000E+00
0.271618E+01  0.249751E+02  0.000000E+00
0.277367E+01  0.255493E+02  0.000000E+00
0.283108E+01  0.261194E+02  0.000000E+00
0.288842E+01  0.266854E+02  0.000000E+00
0.294567E+01  0.272478E+02  0.000000E+00
0.300284E+01  0.278067E+02  0.000000E+00
0.305993E+01  0.283624E+02  0.000000E+00
0.311695E+01  0.289151E+02  0.000000E+00
0.317388E+01  0.294649E+02  0.000000E+00
0.323073E+01  0.300120E+02  0.000000E+00
0.328751E+01  0.305565E+02  0.000000E+00
0.334421E+01  0.310986E+02  0.000000E+00
0.340083E+01  0.316385E+02  0.000000E+00
0.345738E+01  0.321762E+02  0.000000E+00
0.351386E+01  0.327118E+02  0.000000E+00
0.357026E+01  0.332455E+02  0.000000E+00
0.362659E+01  0.337773E+02  0.000000E+00
0.368284E+01  0.343073E+02  0.000000E+00
0.373903E+01  0.348357E+02  0.000000E+00
0.379515E+01  0.353624E+02  0.000000E+00
0.385120E+01  0.358876E+02  0.000000E+00
0.390718E+01  0.364113E+02  0.000000E+00
0.396310E+01  0.369337E+02  0.000000E+00
0.401895E+01  0.374546E+02  0.000000E+00
0.407474E+01  0.379742E+02  0.000000E+00
0.413047E+01  0.384926E+02  0.000000E+00
0.418613E+01  0.390098E+02  0.000000E+00
0.424174E+01  0.395259E+02  0.000000E+00
0.429728E+01  0.400408E+02  0.000000E+00
0.435277E+01  0.405546E+02  0.000000E+00
0.440820E+01  0.410674E+02  0.000000E+00
0.446357E+01  0.415793E+02  0.000000E+00
0.451889E+01  0.420901E+02  0.000000E+00
0.457416E+01  0.426000E+02  0.000000E+00
0.462937E+01  0.431091E+02  0.000000E+00
0.468453E+01  0.436172E+02  0.000000E+00
0.473964E+01  0.441246E+02  0.000000E+00
0.479470E+01  0.446311E+02  0.000000E+00
0.484971E+01  0.451368E+02  0.000000E+00
0.490468E+01  0.456417E+02  0.000000E+00
0.495959E+01  0.461460E+02  0.000000E+00
0.501446E+01  0.466495E+02  0.000000E+00
0.506929E+01  0.471523E+02  0.000000E+00
0.512407E+01  0.476544E+02  0.000000E+00
0.517880E+01  0.481559E+02  0.000000E+00
0.523350E+01  0.486568E+02  0.000000E+00
0.528815E+01  0.491570E+02  0.000000E+00
0.534276E+01  0.496567E+02  0.000000E+00
0.539733E+01  0.501557E+02  0.000000E+00
0.545186E+01  0.506542E+02  0.000000E+00
0.550635E+01  0.511522E+02  0.000000E+00
0.556081E+01  0.516496E+02  0.000000E+00
0.561523E+01  0.521465E+02  0.000000E+00
0.566961E+01  0.526429E+02  0.000000E+00
0.572395E+01  0.531388E+02  0.000000E+00
0.577826E+01  0.536343E+02  0.000000E+00
0.583254E+01  0.541292E+02  0.000000E+00
0.588678E+01  0.546237E+02  0.000000E+00
0.594100E+01  0.551178E+02  0.000000E+00
0.599517E+01  0.556115E+02  0.000000E+00
0.604932E+01  0.561047E+02  0.000000E+00
0.610344E+01  0.565975E+02  0.000000E+00
0.615752E+01  0.570899E+02  0.000000E+00
0.621158E+01  0.575820E+02  0.000000E+00
0.626561E+01  0.580736E+02  0.000000E+00
0.631961E+01  0.585649E+02  0.000000E+00
0.637358E+01  0.590559E+02  0.000000E+00
0.642752E+01  0.595465E+02  0.000000E+00
0.648144E+01  0.600367E+02  0.000000E+00
0.653533E+01  0.605266E+02  0.000000E+00
0.658919E+01  0.610162E+02  0.000000E+00
