0.105287E+01  0.665607E+00  0.302518E+01
0.110700E+01  0.125010E+01  0.209417E+01
0.116229E+01  0.176707E+01  0.000000E+00
0.121862E+01  0.222769E+01  0.000000E+00
0.127589E+01  0.264116E+01  0.000000E+00
0.133400E+01  0.301506E+01  0.000000E+00
0.139284E+01  0.335566E+01  0.000000E+00
0.145232E+01  0.366814E+01  0.000000E+00
0.151233E+01  0.395680E+01  0.000000E+00
0.157281E+01  0.422520E+01  0.000000E+00
0.163367E+01  0.447631E+01  0.000000E+00
0.169485E+01  0.471262E+01  0.000000E+00
0.175628E+01  0.493619E+01  0.000000E+00
0.181791E+01  0.514876E+01  0.000000E+00
0.187970E+01  0.535181E+01  0.000000E+00
0.194160E+01  0.554656E+01  0.000000E+00
0.200358E+01  0.573406E+01  0.000000E+00
0.206561E+01  0.591519E+01  0.000000E+00
0.212765E+01  0.609072E+01  0.000000E+00
0.218970E+01  0.626129E+01  0.000000E+00
0.225172E+01  0.642745E+01  0.000000E+00
0.231371E+01  0.658970E+01  0.000000E+00
0.237564E+01  0.674844E+01  0.000000E+00
0.243751E+01  0.690402E+01  0.000000E+00
0.249931E+01  0.705676E+01  0.000000E+00
0.256103E+01  0.720694E+01  0.000000E+00
0.262266E+01  0.735480E+01  0.000000E+00
0.268419E+01  0.750053E+01  0.000000E+00
0.274563E+01  0.764433E+01  0.000000E+00
0.280697E+01  0.778637E+01  0.000000E+00
0.286820E+01  0.792678E+01  0.000000E+00
0.292932E+01  0.806569E+01  0.000000E+00
0.299034E+01  0.820323E+01  0.000000E+00
0.305125E+01  0.833949E+01  0.000000E+00
0.311205E+01  0.847456E+01  0.000000E+00
0.317274E+01  0.860853E+01  0.000000E+00
0.323332E+01  0.874148E+01  0.000000E+00
0.329379E+01  0.887346E+01  0.000000E+00
0.335415E+01  0.900455E+01  0.000000E+00
0.341440E+01  0.913480E+01  0.000000E+00
0.347454E+01  0.926425E+01  0.000000E+00
0.353458E+01  0.939296E+01  0.000000E+00
0.359450E+01  0.952097E+01  0.000000E+00
0.365433E+01  0.964831E+01  0.000000E+00
0.371404E+01  0.977502E+01  0.000000E+00
0.377366E+01  0.990113E+01  0.000000E+00
0.383317E+01  0.100267E+02  0.000000E+00
0.389258E+01  0.101517E+02  0.000000E+00
0.395189E+01  0.102762E+02  0.000000E+00
0.401111E+01  0.104002E+02  0.000000E+00
0.407022E+01  0.105237E+02  0.000000E+00
0.412924E+01  0.106468E+02  0.000000E+00
0.418816E+01  0.107694E+02  0.000000E+00
0.424700E+01  0.108917E+02  0.000000E+00
0.430573E+01  0.110135E+02  0.000000E+00
0.436438E+01  0.111350E+02  0.000000E+00
0.442294E+01  0.112561E+02  0.000000E+00
0.448141E+01  0.113769E+02  0.000000E+00
0.453979E+01  0.114973E+02  0.000000E+00
0.459809E+01  0.116174E+02  0.000000E+00
0.465630E+01  0.117371E+02  0.000000E+00
0.471443E+01  0.118566E+02  0.000000E+00
0.477247E+01  0.119758E+02  0.000000E+00
0.483044E+01  0.120946E+02  0.000000E+00
0.488832E+01  0.122132E+02  0.000000E+00
0.494612E+01  0.123316E+02  0.000000E+00
0.500385E+01  0.124497E+02  0.000000E+00
0.506150E+01  0.125675E+02  0.000000E+00
0.511907E+01  0.126851E+02  0.000000E+00
0.517657E+01  0.128024E+02  0.000000E+00
0.523400E+01  0.129195E+02  0.000000E+00
0.529135E+01  0.130364E+02  0.000000E+00
0.534863E+01  0.131530E+02  0.000000E+00
0.540584E+01  0.132695E+02  0.000000E+00
0.546298E+01  0.133857E+02  0.000000E+00
0.552005E+01  0.135017E+02  0.000000E+00
0.557706E+01  0.136176E+02  0.000000E+00
0.563399E+01  0.137332E+02  0.000000E+00
0.569086E+01  0.138486E+02  0.000000E+00
0.574767E+01  0.139639E+02  0.000000E+00
0.580441E+01  0.140790E+02  0.000000E+00
0.586109E+01  0.141939E+02  0.000000E+00
0.591771E+01  0.143086E+02  0.000000E+00
0.597426E+01  0.144232E+02  0.000000E+00
0.603075E+01  0.145376E+02  0.000000E+00
0.608719E+01  0.146518E+02  0.000000E+00
0.614356E+01  0.147659E+02  0.000000E+00
0.619988E+01  0.148798E+02  0.000000E+00
0.625614E+01  0.149935E+02  0.000000E+00
0.631234E+01  0.151071E+02  0.000000E+00
0.636848E+01  0.152206E+02  0.000000E+00
0.642458E+01  0.153339E+02  0.000000E+00
0.648061E+01  0.154471E+02  0.000000E+00
0.653660E+01  0.155602E+02  0.000000E+00
0.659253E+01  0.156731E+02  0.000000E+00
0.664840E+01  0.157859E+02  0.000000E+00
0.670423E+01  0.158985E+02  0.000000E+00
0.676001E+01  0.160110E+02  0.000000E+00
0.681573E+01  0.161234E+02  0.000000E+00
0.687141E+01  0.162357E+02  0.000000E+00
