0.105291E+01  0.704062E+00  0.276100E+01
0.110716E+01  0.131748E+01  0.181221E+01
0.116265E+01  0.185556E+01  0.000000E+00
0.121929E+01  0.233084E+01  0.000000E+00
0.127697E+01  0.275367E+01  0.000000E+00
0.133558E+01  0.313256E+01  0.000000E+00
0.139502E+01  0.347454E+01  0.000000E+00
0.145518E+01  0.378545E+01  0.000000E+00
0.151598E+01  0.407009E+01  0.000000E+00
0.157732E+01  0.433247E+01  0.000000E+00
0.163911E+01  0.457591E+01  0.000000E+00
0.170130E+01  0.480319E+01  0.000000E+00
0.176379E+01  0.501662E+01  0.000000E+00
0.182655E+01  0.521814E+01  0.000000E+00
0.188951E+01  0.540938E+01  0.000000E+00
0.195262E+01  0.559171E+01  0.000000E+00
0.201585E+01  0.576628E+01  0.000000E+00
0.207915E+01  0.593407E+01  0.000000E+00
0.214250E+01  0.609593E+01  0.000000E+00
0.220588E+01  0.625255E+01  0.000000E+00
0.226925E+01  0.640454E+01  0.000000E+00
0.233259E+01  0.655244E+01  0.000000E+00
0.239590E+01  0.669668E+01  0.000000E+00
0.245915E+01  0.683765E+01  0.000000E+00
0.252234E+01  0.697570E+01  0.000000E+00
0.258546E+01  0.711111E+01  0.000000E+00
0.264848E+01  0.724414E+01  0.000000E+00
0.271142E+01  0.737501E+01  0.000000E+00
0.277426E+01  0.750392E+01  0.000000E+00
0.283700E+01  0.763104E+01  0.000000E+00
0.289963E+01  0.775652E+01  0.000000E+00
0.296215E+01  0.788051E+01  0.000000E+00
0.302456E+01  0.800312E+01  0.000000E+00
0.308686E+01  0.812445E+01  0.000000E+00
0.314905E+01  0.824461E+01  0.000000E+00
0.321112E+01  0.836368E+01  0.000000E+00
0.327308E+01  0.848174E+01  0.000000E+00
0.333492E+01  0.859885E+01  0.000000E+00
0.339664E+01  0.871508E+01  0.000000E+00
0.345825E+01  0.883049E+01  0.000000E+00
0.351975E+01  0.894513E+01  0.000000E+00
0.358113E+01  0.905904E+01  0.000000E+00
0.364240E+01  0.917227E+01  0.000000E+00
0.370356E+01  0.928486E+01  0.000000E+00
0.376461E+01  0.939684E+01  0.000000E+00
0.382555E+01  0.950824E+01  0.000000E+00
0.388638E+01  0.961910E+01  0.000000E+00
0.394710E+01  0.972944E+01  0.000000E+00
0.400771E+01  0.983928E+01  0.000000E+00
0.406822E+01  0.994866E+01  0.000000E+00
0.412863E+01  0.100576E+02  0.000000E+00
0.418893E+01  0.101661E+02  0.000000E+00
0.424914E+01  0.102742E+02  0.000000E+00
0.430924E+01  0.103819E+02  0.000000E+00
0.436924E+01  0.104892E+02  0.000000E+00
0.442915E+01  0.105962E+02  0.000000E+00
0.448896E+01  0.107028E+02  0.000000E+00
0.454868E+01  0.108091E+02  0.000000E+00
0.460830E+01  0.109151E+02  0.000000E+00
0.466783E+01  0.110208E+02  0.000000E+00
0.472727E+01  0.111261E+02  0.000000E+00
0.478661E+01  0.112312E+02  0.000000E+00
0.484587E+01  0.113360E+02  0.000000E+00
0.490505E+01  0.114405E+02  0.000000E+00
0.496413E+01  0.115448E+02  0.000000E+00
0.502313E+01  0.116488E+02  0.000000E+00
0.508205E+01  0.117526E+02  0.000000E+00
0.514088E+01  0.118561E+02  0.000000E+00
0.519963E+01  0.119594E+02  0.000000E+00
0.525830E+01  0.120625E+02  0.000000E+00
0.531689E+01  0.121654E+02  0.000000E+00
0.537540E+01  0.122680E+02  0.000000E+00
0.543383E+01  0.123704E+02  0.000000E+00
0.549219E+01  0.124727E+02  0.000000E+00
0.555047E+01  0.125747E+02  0.000000E+00
0.560867E+01  0.126766E+02  0.000000E+00
0.566680E+01  0.127782E+02  0.000000E+00
0.572486E+01  0.128797E+02  0.000000E+00
0.578284E+01  0.129810E+02  0.000000E+00
0.584075E+01  0.130821E+02  0.000000E+00
0.589859E+01  0.131831E+02  0.000000E+00
0.595636E+01  0.132838E+02  0.000000E+00
0.601407E+01  0.133845E+02  0.000000E+00
0.607170E+01  0.134849E+02  0.000000E+00
0.612927E+01  0.135852E+02  0.000000E+00
0.618677E+01  0.136854E+02  0.000000E+00
0.624420E+01  0.137853E+02  0.000000E+00
0.630157E+01  0.138852E+02  0.000000E+00
0.635888E+01  0.139849E+02  0.000000E+00
0.641612E+01  0.140844E+02  0.000000E+00
0.647330E+01  0.141839E+02  0.000000E+00
0.653042E+01  0.142831E+02  0.000000E+00
0.658747E+01  0.143823E+02  0.000000E+00
0.664447E+01  0.144813E+02  0.000000E+00
0.670140E+01  0.145802E+02  0.000000E+00
0.675828E+01  0.146789E+02  0.000000E+00
0.681510E+01  0.147775E+02  0.000000E+00
0.687186E+01  0.148760E+02  0.000000E+00
0.692856E+01  0.149744E+02  0.000000E+00
0.698520E+01  0.150727E+02  0.000000E+00
