0.105291E+01  0.214042E+01  0.822785E+01
0.110718E+01  0.400346E+01  0.535560E+01
0.116270E+01  0.563595E+01  0.000000E+00
0.121938E+01  0.707634E+01  0.000000E+00
0.127711E+01  0.835627E+01  0.000000E+00
0.133578E+01  0.950184E+01  0.000000E+00
0.139530E+01  0.105346E+02  0.000000E+00
0.145555E+01  0.114723E+02  0.000000E+00
0.151645E+01  0.123298E+02  0.000000E+00
0.157791E+01  0.131192E+02  0.000000E+00
0.163983E+01  0.138509E+02  0.000000E+00
0.170214E+01  0.145332E+02  0.000000E+00
0.176479E+01  0.151732E+02  0.000000E+00
0.182769E+01  0.157770E+02  0.000000E+00
0.189081E+01  0.163494E+02  0.000000E+00
0.195409E+01  0.168946E+02  0.000000E+00
0.201749E+01  0.174162E+02  0.000000E+00
0.208097E+01  0.179173E+02  0.000000E+00
0.214450E+01  0.184002E+02  0.000000E+00
0.220806E+01  0.188673E+02  0.000000E+00
0.227162E+01  0.193203E+02  0.000000E+00
0.233516E+01  0.197608E+02  0.000000E+00
0.239866E+01  0.201903E+02  0.000000E+00
0.246210E+01  0.206099E+02  0.000000E+00
0.252549E+01  0.210205E+02  0.000000E+00
0.258880E+01  0.214232E+02  0.000000E+00
0.265202E+01  0.218187E+02  0.000000E+00
0.271515E+01  0.222077E+02  0.000000E+00
0.277819E+01  0.225908E+02  0.000000E+00
0.284113E+01  0.229684E+02  0.000000E+00
0.290396E+01  0.233411E+02  0.000000E+00
0.296668E+01  0.237093E+02  0.000000E+00
0.302929E+01  0.240733E+02  0.000000E+00
0.309179E+01  0.244335E+02  0.000000E+00
0.315417E+01  0.247901E+02  0.000000E+00
0.321644E+01  0.251435E+02  0.000000E+00
0.327860E+01  0.254938E+02  0.000000E+00
0.334063E+01  0.258412E+02  0.000000E+00
0.340255E+01  0.261860E+02  0.000000E+00
0.346436E+01  0.265284E+02  0.000000E+00
0.352605E+01  0.268684E+02  0.000000E+00
0.358763E+01  0.272062E+02  0.000000E+00
0.364909E+01  0.275420E+02  0.000000E+00
0.371044E+01  0.278759E+02  0.000000E+00
0.377168E+01  0.282079E+02  0.000000E+00
0.383281E+01  0.285382E+02  0.000000E+00
0.389383E+01  0.288669E+02  0.000000E+00
0.395474E+01  0.291940E+02  0.000000E+00
0.401555E+01  0.295197E+02  0.000000E+00
0.407624E+01  0.298439E+02  0.000000E+00
0.413684E+01  0.301668E+02  0.000000E+00
0.419733E+01  0.304884E+02  0.000000E+00
0.425772E+01  0.308088E+02  0.000000E+00
0.431800E+01  0.311280E+02  0.000000E+00
0.437819E+01  0.314461E+02  0.000000E+00
0.443828E+01  0.317632E+02  0.000000E+00
0.449828E+01  0.320792E+02  0.000000E+00
0.455817E+01  0.323942E+02  0.000000E+00
0.461798E+01  0.327082E+02  0.000000E+00
0.467769E+01  0.330213E+02  0.000000E+00
0.473731E+01  0.333335E+02  0.000000E+00
0.479683E+01  0.336449E+02  0.000000E+00
0.485627E+01  0.339554E+02  0.000000E+00
0.491562E+01  0.342652E+02  0.000000E+00
0.497488E+01  0.345741E+02  0.000000E+00
0.503406E+01  0.348823E+02  0.000000E+00
0.509315E+01  0.351898E+02  0.000000E+00
0.515216E+01  0.354965E+02  0.000000E+00
0.521108E+01  0.358026E+02  0.000000E+00
0.526993E+01  0.361080E+02  0.000000E+00
0.532869E+01  0.364127E+02  0.000000E+00
0.538737E+01  0.367168E+02  0.000000E+00
0.544598E+01  0.370203E+02  0.000000E+00
0.550450E+01  0.373232E+02  0.000000E+00
0.556295E+01  0.376255E+02  0.000000E+00
0.562132E+01  0.379272E+02  0.000000E+00
0.567962E+01  0.382283E+02  0.000000E+00
0.573785E+01  0.385289E+02  0.000000E+00
0.579600E+01  0.388290E+02  0.000000E+00
0.585407E+01  0.391285E+02  0.000000E+00
0.591208E+01  0.394276E+02  0.000000E+00
0.597002E+01  0.397261E+02  0.000000E+00
0.602788E+01  0.400241E+02  0.000000E+00
0.608568E+01  0.403217E+02  0.000000E+00
0.614341E+01  0.406188E+02  0.000000E+00
0.620107E+01  0.409154E+02  0.000000E+00
0.625867E+01  0.412116E+02  0.000000E+00
0.631620E+01  0.415073E+02  0.000000E+00
0.637366E+01  0.418026E+02  0.000000E+00
0.643107E+01  0.420975E+02  0.000000E+00
0.648840E+01  0.423920E+02  0.000000E+00
0.654568E+01  0.426860E+02  0.000000E+00
0.660289E+01  0.429796E+02  0.000000E+00
0.666004E+01  0.432729E+02  0.000000E+00
0.671713E+01  0.435657E+02  0.000000E+00
0.677416E+01  0.438582E+02  0.000000E+00
0.683113E+01  0.441503E+02  0.000000E+00
0.688804E+01  0.444420E+02  0.000000E+00
0.694490E+01  0.447333E+02  0.000000E+00
0.700169E+01  0.450243E+02  0.000000E+00
