0.105288E+01  0.151782E+01  0.672054E+01
0.110703E+01  0.284870E+01  0.460990E+01
0.116235E+01  0.402403E+01  0.000000E+00
0.121874E+01  0.506957E+01  0.000000E+00
0.127609E+01  0.600655E+01  0.000000E+00
0.133429E+01  0.685246E+01  0.000000E+00
0.139324E+01  0.762176E+01  0.000000E+00
0.145284E+01  0.832640E+01  0.000000E+00
0.151300E+01  0.897629E+01  0.000000E+00
0.157363E+01  0.957966E+01  0.000000E+00
0.163466E+01  0.101433E+02  0.000000E+00
0.169601E+01  0.106731E+02  0.000000E+00
0.175763E+01  0.111736E+02  0.000000E+00
0.181946E+01  0.116490E+02  0.000000E+00
0.188146E+01  0.121025E+02  0.000000E+00
0.194357E+01  0.125371E+02  0.000000E+00
0.200577E+01  0.129551E+02  0.000000E+00
0.206802E+01  0.133585E+02  0.000000E+00
0.213029E+01  0.137492E+02  0.000000E+00
0.219256E+01  0.141286E+02  0.000000E+00
0.225482E+01  0.144980E+02  0.000000E+00
0.231704E+01  0.148584E+02  0.000000E+00
0.237921E+01  0.152108E+02  0.000000E+00
0.244132E+01  0.155561E+02  0.000000E+00
0.250336E+01  0.158950E+02  0.000000E+00
0.256532E+01  0.162280E+02  0.000000E+00
0.262719E+01  0.165557E+02  0.000000E+00
0.268896E+01  0.168787E+02  0.000000E+00
0.275064E+01  0.171973E+02  0.000000E+00
0.281222E+01  0.175118E+02  0.000000E+00
0.287369E+01  0.178227E+02  0.000000E+00
0.293505E+01  0.181303E+02  0.000000E+00
0.299631E+01  0.184347E+02  0.000000E+00
0.305745E+01  0.187362E+02  0.000000E+00
0.311849E+01  0.190351E+02  0.000000E+00
0.317941E+01  0.193314E+02  0.000000E+00
0.324023E+01  0.196255E+02  0.000000E+00
0.330093E+01  0.199174E+02  0.000000E+00
0.336152E+01  0.202073E+02  0.000000E+00
0.342200E+01  0.204953E+02  0.000000E+00
0.348237E+01  0.207815E+02  0.000000E+00
0.354263E+01  0.210660E+02  0.000000E+00
0.360279E+01  0.213490E+02  0.000000E+00
0.366284E+01  0.216304E+02  0.000000E+00
0.372278E+01  0.219105E+02  0.000000E+00
0.378262E+01  0.221892E+02  0.000000E+00
0.384235E+01  0.224666E+02  0.000000E+00
0.390198E+01  0.227428E+02  0.000000E+00
0.396151E+01  0.230179E+02  0.000000E+00
0.402094E+01  0.232919E+02  0.000000E+00
0.408027E+01  0.235648E+02  0.000000E+00
0.413951E+01  0.238367E+02  0.000000E+00
0.419865E+01  0.241076E+02  0.000000E+00
0.425769E+01  0.243777E+02  0.000000E+00
0.431664E+01  0.246468E+02  0.000000E+00
0.437550E+01  0.249151E+02  0.000000E+00
0.443427E+01  0.251826E+02  0.000000E+00
0.449294E+01  0.254493E+02  0.000000E+00
0.455153E+01  0.257152E+02  0.000000E+00
0.461003E+01  0.259804E+02  0.000000E+00
0.466845E+01  0.262449E+02  0.000000E+00
0.472678E+01  0.265087E+02  0.000000E+00
0.478503E+01  0.267719E+02  0.000000E+00
0.484319E+01  0.270344E+02  0.000000E+00
0.490127E+01  0.272963E+02  0.000000E+00
0.495928E+01  0.275576E+02  0.000000E+00
0.501720E+01  0.278183E+02  0.000000E+00
0.507505E+01  0.280784E+02  0.000000E+00
0.513281E+01  0.283380E+02  0.000000E+00
0.519051E+01  0.285970E+02  0.000000E+00
0.524812E+01  0.288556E+02  0.000000E+00
0.530566E+01  0.291136E+02  0.000000E+00
0.536313E+01  0.293711E+02  0.000000E+00
0.542053E+01  0.296282E+02  0.000000E+00
0.547786E+01  0.298848E+02  0.000000E+00
0.553512E+01  0.301409E+02  0.000000E+00
0.559230E+01  0.303966E+02  0.000000E+00
0.564942E+01  0.306518E+02  0.000000E+00
0.570648E+01  0.309066E+02  0.000000E+00
0.576346E+01  0.311610E+02  0.000000E+00
0.582038E+01  0.314150E+02  0.000000E+00
0.587724E+01  0.316686E+02  0.000000E+00
0.593403E+01  0.319218E+02  0.000000E+00
0.599076E+01  0.321747E+02  0.000000E+00
0.604743E+01  0.324271E+02  0.000000E+00
0.610403E+01  0.326792E+02  0.000000E+00
0.616058E+01  0.329310E+02  0.000000E+00
0.621707E+01  0.331823E+02  0.000000E+00
0.627349E+01  0.334334E+02  0.000000E+00
0.632986E+01  0.336841E+02  0.000000E+00
0.638617E+01  0.339345E+02  0.000000E+00
0.644243E+01  0.341845E+02  0.000000E+00
0.649863E+01  0.344343E+02  0.000000E+00
0.655478E+01  0.346837E+02  0.000000E+00
0.661087E+01  0.349328E+02  0.000000E+00
0.666690E+01  0.351817E+02  0.000000E+00
0.672289E+01  0.354302E+02  0.000000E+00
0.677882E+01  0.356784E+02  0.000000E+00
0.683470E+01  0.359264E+02  0.000000E+00
0.689053E+01  0.361741E+02  0.000000E+00
