0.105291E+01  0.531705E+00  0.208628E+01
0.110716E+01  0.994971E+00  0.136967E+01
0.116265E+01  0.140135E+01  0.000000E+00
0.121929E+01  0.176031E+01  0.000000E+00
0.127697E+01  0.207967E+01  0.000000E+00
0.133557E+01  0.236585E+01  0.000000E+00
0.139501E+01  0.262417E+01  0.000000E+00
0.145517E+01  0.285901E+01  0.000000E+00
0.151597E+01  0.307403E+01  0.000000E+00
0.157730E+01  0.327224E+01  0.000000E+00
0.163909E+01  0.345614E+01  0.000000E+00
0.170127E+01  0.362785E+01  0.000000E+00
0.176377E+01  0.378909E+01  0.000000E+00
0.182652E+01  0.394134E+01  0.000000E+00
0.188947E+01  0.408583E+01  0.000000E+00
0.195258E+01  0.422358E+01  0.000000E+00
0.201580E+01  0.435548E+01  0.000000E+00
0.207910E+01  0.448227E+01  0.000000E+00
0.214245E+01  0.460456E+01  0.000000E+00
0.220581E+01  0.472291E+01  0.000000E+00
0.226918E+01  0.483776E+01  0.000000E+00
0.233252E+01  0.494951E+01  0.000000E+00
0.239582E+01  0.505851E+01  0.000000E+00
0.245907E+01  0.516503E+01  0.000000E+00
0.252225E+01  0.526935E+01  0.000000E+00
0.258536E+01  0.537167E+01  0.000000E+00
0.264838E+01  0.547220E+01  0.000000E+00
0.271131E+01  0.557110E+01  0.000000E+00
0.277415E+01  0.566851E+01  0.000000E+00
0.283688E+01  0.576458E+01  0.000000E+00
0.289951E+01  0.585940E+01  0.000000E+00
0.296202E+01  0.595310E+01  0.000000E+00
0.302443E+01  0.604576E+01  0.000000E+00
0.308672E+01  0.613745E+01  0.000000E+00
0.314891E+01  0.622826E+01  0.000000E+00
0.321097E+01  0.631824E+01  0.000000E+00
0.327292E+01  0.640745E+01  0.000000E+00
0.333476E+01  0.649596E+01  0.000000E+00
0.339648E+01  0.658380E+01  0.000000E+00
0.345808E+01  0.667102E+01  0.000000E+00
0.351957E+01  0.675765E+01  0.000000E+00
0.358095E+01  0.684374E+01  0.000000E+00
0.364222E+01  0.692931E+01  0.000000E+00
0.370337E+01  0.701439E+01  0.000000E+00
0.376441E+01  0.709902E+01  0.000000E+00
0.382534E+01  0.718321E+01  0.000000E+00
0.388617E+01  0.726699E+01  0.000000E+00
0.394688E+01  0.735037E+01  0.000000E+00
0.400749E+01  0.743339E+01  0.000000E+00
0.406800E+01  0.751605E+01  0.000000E+00
0.412840E+01  0.759838E+01  0.000000E+00
0.418870E+01  0.768038E+01  0.000000E+00
0.424889E+01  0.776207E+01  0.000000E+00
0.430899E+01  0.784347E+01  0.000000E+00
0.436899E+01  0.792458E+01  0.000000E+00
0.442889E+01  0.800542E+01  0.000000E+00
0.448870E+01  0.808600E+01  0.000000E+00
0.454841E+01  0.816633E+01  0.000000E+00
0.460802E+01  0.824642E+01  0.000000E+00
0.466755E+01  0.832628E+01  0.000000E+00
0.472698E+01  0.840591E+01  0.000000E+00
0.478633E+01  0.848532E+01  0.000000E+00
0.484558E+01  0.856452E+01  0.000000E+00
0.490475E+01  0.864352E+01  0.000000E+00
0.496383E+01  0.872232E+01  0.000000E+00
0.502282E+01  0.880093E+01  0.000000E+00
0.508173E+01  0.887935E+01  0.000000E+00
0.514056E+01  0.895760E+01  0.000000E+00
0.519931E+01  0.903567E+01  0.000000E+00
0.525797E+01  0.911357E+01  0.000000E+00
0.531656E+01  0.919130E+01  0.000000E+00
0.537506E+01  0.926888E+01  0.000000E+00
0.543349E+01  0.934629E+01  0.000000E+00
0.549184E+01  0.942356E+01  0.000000E+00
0.555011E+01  0.950067E+01  0.000000E+00
0.560831E+01  0.957764E+01  0.000000E+00
0.566644E+01  0.965447E+01  0.000000E+00
0.572449E+01  0.973116E+01  0.000000E+00
0.578247E+01  0.980771E+01  0.000000E+00
0.584038E+01  0.988414E+01  0.000000E+00
0.589821E+01  0.996043E+01  0.000000E+00
0.595598E+01  0.100366E+02  0.000000E+00
0.601368E+01  0.101126E+02  0.000000E+00
0.607131E+01  0.101886E+02  0.000000E+00
0.612887E+01  0.102644E+02  0.000000E+00
0.618637E+01  0.103400E+02  0.000000E+00
0.624380E+01  0.104156E+02  0.000000E+00
0.630116E+01  0.104911E+02  0.000000E+00
0.635846E+01  0.105664E+02  0.000000E+00
0.641570E+01  0.106417E+02  0.000000E+00
0.647287E+01  0.107168E+02  0.000000E+00
0.652999E+01  0.107918E+02  0.000000E+00
0.658704E+01  0.108667E+02  0.000000E+00
0.664403E+01  0.109416E+02  0.000000E+00
0.670096E+01  0.110163E+02  0.000000E+00
0.675783E+01  0.110909E+02  0.000000E+00
0.681465E+01  0.111655E+02  0.000000E+00
0.687140E+01  0.112399E+02  0.000000E+00
0.692810E+01  0.113143E+02  0.000000E+00
0.698474E+01  0.113885E+02  0.000000E+00
