0.105293E+01  0.524795E+00  0.187730E+01
0.110725E+01  0.980039E+00  0.118703E+01
0.116286E+01  0.137750E+01  0.000000E+00
0.121967E+01  0.172684E+01  0.000000E+00
0.127758E+01  0.203600E+01  0.000000E+00
0.133649E+01  0.231155E+01  0.000000E+00
0.139628E+01  0.255888E+01  0.000000E+00
0.145685E+01  0.278247E+01  0.000000E+00
0.151812E+01  0.298604E+01  0.000000E+00
0.157998E+01  0.317265E+01  0.000000E+00
0.164235E+01  0.334487E+01  0.000000E+00
0.170515E+01  0.350482E+01  0.000000E+00
0.176831E+01  0.365429E+01  0.000000E+00
0.183177E+01  0.379475E+01  0.000000E+00
0.189546E+01  0.392746E+01  0.000000E+00
0.195934E+01  0.405347E+01  0.000000E+00
0.202337E+01  0.417366E+01  0.000000E+00
0.208749E+01  0.428878E+01  0.000000E+00
0.215168E+01  0.439946E+01  0.000000E+00
0.221591E+01  0.450625E+01  0.000000E+00
0.228016E+01  0.460961E+01  0.000000E+00
0.234439E+01  0.470993E+01  0.000000E+00
0.240859E+01  0.480755E+01  0.000000E+00
0.247275E+01  0.490276E+01  0.000000E+00
0.253686E+01  0.499583E+01  0.000000E+00
0.260089E+01  0.508696E+01  0.000000E+00
0.266484E+01  0.517635E+01  0.000000E+00
0.272871E+01  0.526418E+01  0.000000E+00
0.279248E+01  0.535057E+01  0.000000E+00
0.285614E+01  0.543568E+01  0.000000E+00
0.291971E+01  0.551959E+01  0.000000E+00
0.298317E+01  0.560243E+01  0.000000E+00
0.304651E+01  0.568428E+01  0.000000E+00
0.310975E+01  0.576521E+01  0.000000E+00
0.317286E+01  0.584530E+01  0.000000E+00
0.323586E+01  0.592461E+01  0.000000E+00
0.329875E+01  0.600320E+01  0.000000E+00
0.336152E+01  0.608112E+01  0.000000E+00
0.342417E+01  0.615841E+01  0.000000E+00
0.348670E+01  0.623512E+01  0.000000E+00
0.354911E+01  0.631128E+01  0.000000E+00
0.361141E+01  0.638694E+01  0.000000E+00
0.367360E+01  0.646211E+01  0.000000E+00
0.373566E+01  0.653682E+01  0.000000E+00
0.379762E+01  0.661111E+01  0.000000E+00
0.385946E+01  0.668500E+01  0.000000E+00
0.392119E+01  0.675851E+01  0.000000E+00
0.398281E+01  0.683165E+01  0.000000E+00
0.404432E+01  0.690445E+01  0.000000E+00
0.410572E+01  0.697692E+01  0.000000E+00
0.416701E+01  0.704908E+01  0.000000E+00
0.422820E+01  0.712095E+01  0.000000E+00
0.428929E+01  0.719253E+01  0.000000E+00
0.435027E+01  0.726384E+01  0.000000E+00
0.441115E+01  0.733490E+01  0.000000E+00
0.447193E+01  0.740570E+01  0.000000E+00
0.453260E+01  0.747626E+01  0.000000E+00
0.459319E+01  0.754660E+01  0.000000E+00
0.465367E+01  0.761671E+01  0.000000E+00
0.471406E+01  0.768661E+01  0.000000E+00
0.477435E+01  0.775630E+01  0.000000E+00
0.483455E+01  0.782580E+01  0.000000E+00
0.489466E+01  0.789511E+01  0.000000E+00
0.495468E+01  0.796423E+01  0.000000E+00
0.501461E+01  0.803317E+01  0.000000E+00
0.507445E+01  0.810194E+01  0.000000E+00
0.513421E+01  0.817054E+01  0.000000E+00
0.519387E+01  0.823898E+01  0.000000E+00
0.525346E+01  0.830725E+01  0.000000E+00
0.531295E+01  0.837538E+01  0.000000E+00
0.537237E+01  0.844335E+01  0.000000E+00
0.543170E+01  0.851118E+01  0.000000E+00
0.549095E+01  0.857887E+01  0.000000E+00
0.555012E+01  0.864642E+01  0.000000E+00
0.560922E+01  0.871384E+01  0.000000E+00
0.566823E+01  0.878112E+01  0.000000E+00
0.572717E+01  0.884827E+01  0.000000E+00
0.578603E+01  0.891530E+01  0.000000E+00
0.584481E+01  0.898221E+01  0.000000E+00
0.590352E+01  0.904900E+01  0.000000E+00
0.596216E+01  0.911567E+01  0.000000E+00
0.602073E+01  0.918222E+01  0.000000E+00
0.607922E+01  0.924866E+01  0.000000E+00
0.613764E+01  0.931500E+01  0.000000E+00
0.619599E+01  0.938122E+01  0.000000E+00
0.625427E+01  0.944734E+01  0.000000E+00
0.631248E+01  0.951336E+01  0.000000E+00
0.637062E+01  0.957927E+01  0.000000E+00
0.642870E+01  0.964509E+01  0.000000E+00
0.648671E+01  0.971080E+01  0.000000E+00
0.654465E+01  0.977642E+01  0.000000E+00
0.660253E+01  0.984195E+01  0.000000E+00
0.666034E+01  0.990738E+01  0.000000E+00
0.671809E+01  0.997272E+01  0.000000E+00
0.677578E+01  0.100380E+02  0.000000E+00
0.683340E+01  0.101031E+02  0.000000E+00
0.689096E+01  0.101682E+02  0.000000E+00
0.694846E+01  0.102332E+02  0.000000E+00
0.700590E+01  0.102981E+02  0.000000E+00
0.706328E+01  0.103629E+02  0.000000E+00
