0.105283E+01  0.228740E+01  0.119268E+02
0.110683E+01  0.431293E+01  0.860813E+01
0.116190E+01  0.612007E+01  0.000000E+00
0.121792E+01  0.774458E+01  0.000000E+00
0.127479E+01  0.921592E+01  0.000000E+00
0.133239E+01  0.105584E+02  0.000000E+00
0.139064E+01  0.117921E+02  0.000000E+00
0.144945E+01  0.129337E+02  0.000000E+00
0.150871E+01  0.139970E+02  0.000000E+00
0.156837E+01  0.149934E+02  0.000000E+00
0.162835E+01  0.159326E+02  0.000000E+00
0.168859E+01  0.168227E+02  0.000000E+00
0.174904E+01  0.176701E+02  0.000000E+00
0.180964E+01  0.184808E+02  0.000000E+00
0.187036E+01  0.192593E+02  0.000000E+00
0.193117E+01  0.200097E+02  0.000000E+00
0.199202E+01  0.207356E+02  0.000000E+00
0.205290E+01  0.214397E+02  0.000000E+00
0.211379E+01  0.221246E+02  0.000000E+00
0.217466E+01  0.227924E+02  0.000000E+00
0.223549E+01  0.234450E+02  0.000000E+00
0.229629E+01  0.240839E+02  0.000000E+00
0.235702E+01  0.247106E+02  0.000000E+00
0.241769E+01  0.253263E+02  0.000000E+00
0.247828E+01  0.259320E+02  0.000000E+00
0.253879E+01  0.265287E+02  0.000000E+00
0.259921E+01  0.271170E+02  0.000000E+00
0.265954E+01  0.276979E+02  0.000000E+00
0.271978E+01  0.282719E+02  0.000000E+00
0.277992E+01  0.288395E+02  0.000000E+00
0.283996E+01  0.294013E+02  0.000000E+00
0.289990E+01  0.299577E+02  0.000000E+00
0.295973E+01  0.305091E+02  0.000000E+00
0.301947E+01  0.310558E+02  0.000000E+00
0.307910E+01  0.315983E+02  0.000000E+00
0.313862E+01  0.321367E+02  0.000000E+00
0.319804E+01  0.326714E+02  0.000000E+00
0.325736E+01  0.332026E+02  0.000000E+00
0.331658E+01  0.337304E+02  0.000000E+00
0.337569E+01  0.342552E+02  0.000000E+00
0.343470E+01  0.347770E+02  0.000000E+00
0.349362E+01  0.352961E+02  0.000000E+00
0.355243E+01  0.358126E+02  0.000000E+00
0.361115E+01  0.363266E+02  0.000000E+00
0.366976E+01  0.368383E+02  0.000000E+00
0.372829E+01  0.373477E+02  0.000000E+00
0.378671E+01  0.378550E+02  0.000000E+00
0.384505E+01  0.383603E+02  0.000000E+00
0.390329E+01  0.388637E+02  0.000000E+00
0.396144E+01  0.393653E+02  0.000000E+00
0.401950E+01  0.398651E+02  0.000000E+00
0.407747E+01  0.403632E+02  0.000000E+00
0.413536E+01  0.408597E+02  0.000000E+00
0.419316E+01  0.413546E+02  0.000000E+00
0.425087E+01  0.418481E+02  0.000000E+00
0.430850E+01  0.423402E+02  0.000000E+00
0.436605E+01  0.428308E+02  0.000000E+00
0.442351E+01  0.433202E+02  0.000000E+00
0.448090E+01  0.438082E+02  0.000000E+00
0.453821E+01  0.442951E+02  0.000000E+00
0.459544E+01  0.447807E+02  0.000000E+00
0.465259E+01  0.452652E+02  0.000000E+00
0.470967E+01  0.457486E+02  0.000000E+00
0.476668E+01  0.462309E+02  0.000000E+00
0.482361E+01  0.467121E+02  0.000000E+00
0.488047E+01  0.471924E+02  0.000000E+00
0.493726E+01  0.476717E+02  0.000000E+00
0.499398E+01  0.481500E+02  0.000000E+00
0.505063E+01  0.486274E+02  0.000000E+00
0.510721E+01  0.491039E+02  0.000000E+00
0.516373E+01  0.495795E+02  0.000000E+00
0.522018E+01  0.500542E+02  0.000000E+00
0.527657E+01  0.505282E+02  0.000000E+00
0.533290E+01  0.510013E+02  0.000000E+00
0.538916E+01  0.514737E+02  0.000000E+00
0.544536E+01  0.519453E+02  0.000000E+00
0.550150E+01  0.524162E+02  0.000000E+00
0.555758E+01  0.528863E+02  0.000000E+00
0.561360E+01  0.533557E+02  0.000000E+00
0.566956E+01  0.538245E+02  0.000000E+00
0.572547E+01  0.542925E+02  0.000000E+00
0.578132E+01  0.547599E+02  0.000000E+00
0.583712E+01  0.552267E+02  0.000000E+00
0.589286E+01  0.556929E+02  0.000000E+00
0.594855E+01  0.561584E+02  0.000000E+00
0.600419E+01  0.566233E+02  0.000000E+00
0.605977E+01  0.570877E+02  0.000000E+00
0.611531E+01  0.575515E+02  0.000000E+00
0.617079E+01  0.580147E+02  0.000000E+00
0.622623E+01  0.584774E+02  0.000000E+00
0.628161E+01  0.589395E+02  0.000000E+00
0.633695E+01  0.594011E+02  0.000000E+00
0.639224E+01  0.598622E+02  0.000000E+00
0.644749E+01  0.603228E+02  0.000000E+00
0.650269E+01  0.607830E+02  0.000000E+00
0.655785E+01  0.612426E+02  0.000000E+00
0.661296E+01  0.617018E+02  0.000000E+00
0.666803E+01  0.621605E+02  0.000000E+00
0.672306E+01  0.626188E+02  0.000000E+00
0.677804E+01  0.630766E+02  0.000000E+00
