0.105293E+01  0.135340E+01  0.494371E+01
0.110723E+01  0.252856E+01  0.315592E+01
0.116281E+01  0.355563E+01  0.000000E+00
0.121959E+01  0.445933E+01  0.000000E+00
0.127745E+01  0.526004E+01  0.000000E+00
0.133629E+01  0.597454E+01  0.000000E+00
0.139600E+01  0.661669E+01  0.000000E+00
0.145648E+01  0.719795E+01  0.000000E+00
0.151764E+01  0.772781E+01  0.000000E+00
0.157938E+01  0.821416E+01  0.000000E+00
0.164162E+01  0.866354E+01  0.000000E+00
0.170429E+01  0.908143E+01  0.000000E+00
0.176730E+01  0.947236E+01  0.000000E+00
0.183059E+01  0.984014E+01  0.000000E+00
0.189412E+01  0.101880E+02  0.000000E+00
0.195782E+01  0.105186E+02  0.000000E+00
0.202166E+01  0.108342E+02  0.000000E+00
0.208560E+01  0.111367E+02  0.000000E+00
0.214960E+01  0.114278E+02  0.000000E+00
0.221363E+01  0.117089E+02  0.000000E+00
0.227768E+01  0.119811E+02  0.000000E+00
0.234171E+01  0.122455E+02  0.000000E+00
0.240570E+01  0.125028E+02  0.000000E+00
0.246965E+01  0.127540E+02  0.000000E+00
0.253355E+01  0.129996E+02  0.000000E+00
0.259736E+01  0.132402E+02  0.000000E+00
0.266110E+01  0.134763E+02  0.000000E+00
0.272475E+01  0.137083E+02  0.000000E+00
0.278831E+01  0.139366E+02  0.000000E+00
0.285176E+01  0.141616E+02  0.000000E+00
0.291511E+01  0.143835E+02  0.000000E+00
0.297835E+01  0.146026E+02  0.000000E+00
0.304148E+01  0.148191E+02  0.000000E+00
0.310449E+01  0.150332E+02  0.000000E+00
0.316740E+01  0.152451E+02  0.000000E+00
0.323018E+01  0.154550E+02  0.000000E+00
0.329285E+01  0.156631E+02  0.000000E+00
0.335540E+01  0.158693E+02  0.000000E+00
0.341783E+01  0.160740E+02  0.000000E+00
0.348015E+01  0.162771E+02  0.000000E+00
0.354235E+01  0.164788E+02  0.000000E+00
0.360444E+01  0.166792E+02  0.000000E+00
0.366641E+01  0.168783E+02  0.000000E+00
0.372826E+01  0.170762E+02  0.000000E+00
0.379001E+01  0.172730E+02  0.000000E+00
0.385164E+01  0.174687E+02  0.000000E+00
0.391316E+01  0.176635E+02  0.000000E+00
0.397457E+01  0.178573E+02  0.000000E+00
0.403587E+01  0.180502E+02  0.000000E+00
0.409706E+01  0.182422E+02  0.000000E+00
0.415815E+01  0.184335E+02  0.000000E+00
0.421913E+01  0.186239E+02  0.000000E+00
0.428001E+01  0.188136E+02  0.000000E+00
0.434078E+01  0.190026E+02  0.000000E+00
0.440145E+01  0.191910E+02  0.000000E+00
0.446203E+01  0.193786E+02  0.000000E+00
0.452250E+01  0.195657E+02  0.000000E+00
0.458288E+01  0.197521E+02  0.000000E+00
0.464316E+01  0.199380E+02  0.000000E+00
0.470335E+01  0.201232E+02  0.000000E+00
0.476345E+01  0.203080E+02  0.000000E+00
0.482345E+01  0.204922E+02  0.000000E+00
0.488336E+01  0.206760E+02  0.000000E+00
0.494318E+01  0.208592E+02  0.000000E+00
0.500291E+01  0.210420E+02  0.000000E+00
0.506255E+01  0.212243E+02  0.000000E+00
0.512211E+01  0.214062E+02  0.000000E+00
0.518158E+01  0.215877E+02  0.000000E+00
0.524096E+01  0.217687E+02  0.000000E+00
0.530027E+01  0.219493E+02  0.000000E+00
0.535949E+01  0.221296E+02  0.000000E+00
0.541862E+01  0.223094E+02  0.000000E+00
0.547768E+01  0.224889E+02  0.000000E+00
0.553666E+01  0.226680E+02  0.000000E+00
0.559556E+01  0.228468E+02  0.000000E+00
0.565439E+01  0.230252E+02  0.000000E+00
0.571313E+01  0.232033E+02  0.000000E+00
0.577180E+01  0.233810E+02  0.000000E+00
0.583040E+01  0.235584E+02  0.000000E+00
0.588892E+01  0.237355E+02  0.000000E+00
0.594737E+01  0.239123E+02  0.000000E+00
0.600574E+01  0.240888E+02  0.000000E+00
0.606405E+01  0.242650E+02  0.000000E+00
0.612228E+01  0.244409E+02  0.000000E+00
0.618045E+01  0.246166E+02  0.000000E+00
0.623854E+01  0.247919E+02  0.000000E+00
0.629657E+01  0.249670E+02  0.000000E+00
0.635453E+01  0.251418E+02  0.000000E+00
0.641242E+01  0.253163E+02  0.000000E+00
0.647025E+01  0.254906E+02  0.000000E+00
0.652801E+01  0.256647E+02  0.000000E+00
0.658570E+01  0.258385E+02  0.000000E+00
0.664334E+01  0.260120E+02  0.000000E+00
0.670090E+01  0.261853E+02  0.000000E+00
0.675841E+01  0.263584E+02  0.000000E+00
0.681586E+01  0.265312E+02  0.000000E+00
0.687324E+01  0.267038E+02  0.000000E+00
0.693056E+01  0.268762E+02  0.000000E+00
0.698782E+01  0.270483E+02  0.000000E+00
0.704503E+01  0.272203E+02  0.000000E+00
