0.105275E+01  0.643654E+00  0.416263E+01
0.110652E+01  0.122253E+01  0.317356E+01
0.116120E+01  0.174710E+01  0.000000E+00
0.121667E+01  0.222601E+01  0.000000E+00
0.127283E+01  0.266640E+01  0.000000E+00
0.132959E+01  0.307418E+01  0.000000E+00
0.138687E+01  0.345425E+01  0.000000E+00
0.144457E+01  0.381069E+01  0.000000E+00
0.150264E+01  0.414690E+01  0.000000E+00
0.156100E+01  0.446571E+01  0.000000E+00
0.161959E+01  0.476950E+01  0.000000E+00
0.167838E+01  0.506028E+01  0.000000E+00
0.173731E+01  0.533973E+01  0.000000E+00
0.179635E+01  0.560926E+01  0.000000E+00
0.185547E+01  0.587010E+01  0.000000E+00
0.191464E+01  0.612328E+01  0.000000E+00
0.197383E+01  0.636968E+01  0.000000E+00
0.203303E+01  0.661005E+01  0.000000E+00
0.209221E+01  0.684506E+01  0.000000E+00
0.215137E+01  0.707525E+01  0.000000E+00
0.221050E+01  0.730113E+01  0.000000E+00
0.226957E+01  0.752312E+01  0.000000E+00
0.232859E+01  0.774159E+01  0.000000E+00
0.238754E+01  0.795687E+01  0.000000E+00
0.244642E+01  0.816924E+01  0.000000E+00
0.250522E+01  0.837896E+01  0.000000E+00
0.256395E+01  0.858625E+01  0.000000E+00
0.262259E+01  0.879130E+01  0.000000E+00
0.268115E+01  0.899430E+01  0.000000E+00
0.273962E+01  0.919541E+01  0.000000E+00
0.279801E+01  0.939476E+01  0.000000E+00
0.285630E+01  0.959248E+01  0.000000E+00
0.291451E+01  0.978869E+01  0.000000E+00
0.297263E+01  0.998349E+01  0.000000E+00
0.303065E+01  0.101770E+02  0.000000E+00
0.308859E+01  0.103692E+02  0.000000E+00
0.314643E+01  0.105603E+02  0.000000E+00
0.320419E+01  0.107503E+02  0.000000E+00
0.326186E+01  0.109393E+02  0.000000E+00
0.331944E+01  0.111273E+02  0.000000E+00
0.337693E+01  0.113144E+02  0.000000E+00
0.343434E+01  0.115007E+02  0.000000E+00
0.349166E+01  0.116861E+02  0.000000E+00
0.354890E+01  0.118707E+02  0.000000E+00
0.360606E+01  0.120547E+02  0.000000E+00
0.366313E+01  0.122379E+02  0.000000E+00
0.372013E+01  0.124204E+02  0.000000E+00
0.377704E+01  0.126024E+02  0.000000E+00
0.383388E+01  0.127837E+02  0.000000E+00
0.389063E+01  0.129644E+02  0.000000E+00
0.394732E+01  0.131446E+02  0.000000E+00
0.400392E+01  0.133242E+02  0.000000E+00
0.406046E+01  0.135034E+02  0.000000E+00
0.411692E+01  0.136820E+02  0.000000E+00
0.417331E+01  0.138602E+02  0.000000E+00
0.422963E+01  0.140379E+02  0.000000E+00
0.428588E+01  0.142152E+02  0.000000E+00
0.434207E+01  0.143921E+02  0.000000E+00
0.439818E+01  0.145686E+02  0.000000E+00
0.445424E+01  0.147446E+02  0.000000E+00
0.451022E+01  0.149203E+02  0.000000E+00
0.456615E+01  0.150957E+02  0.000000E+00
0.462201E+01  0.152707E+02  0.000000E+00
0.467781E+01  0.154453E+02  0.000000E+00
0.473355E+01  0.156197E+02  0.000000E+00
0.478924E+01  0.157937E+02  0.000000E+00
0.484486E+01  0.159674E+02  0.000000E+00
0.490043E+01  0.161408E+02  0.000000E+00
0.495594E+01  0.163139E+02  0.000000E+00
0.501140E+01  0.164867E+02  0.000000E+00
0.506681E+01  0.166593E+02  0.000000E+00
0.512216E+01  0.168316E+02  0.000000E+00
0.517746E+01  0.170036E+02  0.000000E+00
0.523271E+01  0.171754E+02  0.000000E+00
0.528791E+01  0.173470E+02  0.000000E+00
0.534306E+01  0.175183E+02  0.000000E+00
0.539816E+01  0.176894E+02  0.000000E+00
0.545321E+01  0.178602E+02  0.000000E+00
0.550822E+01  0.180309E+02  0.000000E+00
0.556318E+01  0.182013E+02  0.000000E+00
0.561810E+01  0.183715E+02  0.000000E+00
0.567298E+01  0.185416E+02  0.000000E+00
0.572781E+01  0.187114E+02  0.000000E+00
0.578260E+01  0.188811E+02  0.000000E+00
0.583735E+01  0.190505E+02  0.000000E+00
0.589206E+01  0.192198E+02  0.000000E+00
0.594672E+01  0.193889E+02  0.000000E+00
0.600135E+01  0.195579E+02  0.000000E+00
0.605594E+01  0.197267E+02  0.000000E+00
0.611050E+01  0.198953E+02  0.000000E+00
0.616501E+01  0.200637E+02  0.000000E+00
0.621949E+01  0.202320E+02  0.000000E+00
0.627394E+01  0.204002E+02  0.000000E+00
0.632835E+01  0.205682E+02  0.000000E+00
0.638272E+01  0.207360E+02  0.000000E+00
0.643706E+01  0.209038E+02  0.000000E+00
0.649137E+01  0.210713E+02  0.000000E+00
0.654565E+01  0.212388E+02  0.000000E+00
0.659990E+01  0.214061E+02  0.000000E+00
0.665411E+01  0.215733E+02  0.000000E+00
