0.105289E+01  0.456685E+00  0.195128E+01
0.110707E+01  0.856344E+00  0.132438E+01
0.116245E+01  0.120856E+01  0.000000E+00
0.121891E+01  0.152122E+01  0.000000E+00
0.127636E+01  0.180080E+01  0.000000E+00
0.133468E+01  0.205264E+01  0.000000E+00
0.139378E+01  0.228117E+01  0.000000E+00
0.145354E+01  0.249002E+01  0.000000E+00
0.151389E+01  0.268223E+01  0.000000E+00
0.157473E+01  0.286031E+01  0.000000E+00
0.163599E+01  0.302634E+01  0.000000E+00
0.169759E+01  0.318208E+01  0.000000E+00
0.175946E+01  0.332898E+01  0.000000E+00
0.182156E+01  0.346825E+01  0.000000E+00
0.188384E+01  0.360093E+01  0.000000E+00
0.194624E+01  0.372788E+01  0.000000E+00
0.200874E+01  0.384983E+01  0.000000E+00
0.207130E+01  0.396740E+01  0.000000E+00
0.213388E+01  0.408112E+01  0.000000E+00
0.219648E+01  0.419144E+01  0.000000E+00
0.225905E+01  0.429875E+01  0.000000E+00
0.232160E+01  0.440338E+01  0.000000E+00
0.238410E+01  0.450562E+01  0.000000E+00
0.244654E+01  0.460572E+01  0.000000E+00
0.250891E+01  0.470389E+01  0.000000E+00
0.257120E+01  0.480032E+01  0.000000E+00
0.263340E+01  0.489518E+01  0.000000E+00
0.269551E+01  0.498860E+01  0.000000E+00
0.275752E+01  0.508072E+01  0.000000E+00
0.281943E+01  0.517166E+01  0.000000E+00
0.288123E+01  0.526150E+01  0.000000E+00
0.294293E+01  0.535033E+01  0.000000E+00
0.300451E+01  0.543825E+01  0.000000E+00
0.306599E+01  0.552530E+01  0.000000E+00
0.312735E+01  0.561157E+01  0.000000E+00
0.318860E+01  0.569710E+01  0.000000E+00
0.324974E+01  0.578195E+01  0.000000E+00
0.331077E+01  0.586616E+01  0.000000E+00
0.337168E+01  0.594977E+01  0.000000E+00
0.343249E+01  0.603282E+01  0.000000E+00
0.349318E+01  0.611535E+01  0.000000E+00
0.355376E+01  0.619738E+01  0.000000E+00
0.361423E+01  0.627895E+01  0.000000E+00
0.367459E+01  0.636007E+01  0.000000E+00
0.373485E+01  0.644079E+01  0.000000E+00
0.379500E+01  0.652110E+01  0.000000E+00
0.385504E+01  0.660104E+01  0.000000E+00
0.391498E+01  0.668063E+01  0.000000E+00
0.397482E+01  0.675988E+01  0.000000E+00
0.403456E+01  0.683880E+01  0.000000E+00
0.409419E+01  0.691742E+01  0.000000E+00
0.415373E+01  0.699574E+01  0.000000E+00
0.421317E+01  0.707378E+01  0.000000E+00
0.427251E+01  0.715155E+01  0.000000E+00
0.433176E+01  0.722906E+01  0.000000E+00
0.439091E+01  0.730632E+01  0.000000E+00
0.444997E+01  0.738334E+01  0.000000E+00
0.450894E+01  0.746013E+01  0.000000E+00
0.456782E+01  0.753670E+01  0.000000E+00
0.462661E+01  0.761305E+01  0.000000E+00
0.468532E+01  0.768920E+01  0.000000E+00
0.474393E+01  0.776515E+01  0.000000E+00
0.480246E+01  0.784090E+01  0.000000E+00
0.486091E+01  0.791646E+01  0.000000E+00
0.491928E+01  0.799185E+01  0.000000E+00
0.497756E+01  0.806705E+01  0.000000E+00
0.503576E+01  0.814209E+01  0.000000E+00
0.509388E+01  0.821696E+01  0.000000E+00
0.515192E+01  0.829167E+01  0.000000E+00
0.520989E+01  0.836623E+01  0.000000E+00
0.526778E+01  0.844063E+01  0.000000E+00
0.532559E+01  0.851488E+01  0.000000E+00
0.538333E+01  0.858899E+01  0.000000E+00
0.544099E+01  0.866295E+01  0.000000E+00
0.549858E+01  0.873678E+01  0.000000E+00
0.555611E+01  0.881048E+01  0.000000E+00
0.561355E+01  0.888404E+01  0.000000E+00
0.567093E+01  0.895748E+01  0.000000E+00
0.572825E+01  0.903079E+01  0.000000E+00
0.578549E+01  0.910398E+01  0.000000E+00
0.584266E+01  0.917706E+01  0.000000E+00
0.589977E+01  0.925001E+01  0.000000E+00
0.595682E+01  0.932285E+01  0.000000E+00
0.601380E+01  0.939558E+01  0.000000E+00
0.607071E+01  0.946820E+01  0.000000E+00
0.612757E+01  0.954072E+01  0.000000E+00
0.618436E+01  0.961312E+01  0.000000E+00
0.624108E+01  0.968543E+01  0.000000E+00
0.629775E+01  0.975763E+01  0.000000E+00
0.635436E+01  0.982974E+01  0.000000E+00
0.641091E+01  0.990175E+01  0.000000E+00
0.646740E+01  0.997366E+01  0.000000E+00
0.652384E+01  0.100455E+02  0.000000E+00
0.658022E+01  0.101172E+02  0.000000E+00
0.663654E+01  0.101889E+02  0.000000E+00
0.669281E+01  0.102604E+02  0.000000E+00
0.674902E+01  0.103319E+02  0.000000E+00
0.680518E+01  0.104033E+02  0.000000E+00
0.686128E+01  0.104745E+02  0.000000E+00
0.691733E+01  0.105458E+02  0.000000E+00
