0.105281E+01  0.220721E+01  0.123767E+02
0.110673E+01  0.417133E+01  0.911839E+01
0.116168E+01  0.593242E+01  0.000000E+00
0.121752E+01  0.752349E+01  0.000000E+00
0.127416E+01  0.897172E+01  0.000000E+00
0.133149E+01  0.102996E+02  0.000000E+00
0.138941E+01  0.115256E+02  0.000000E+00
0.144785E+01  0.126653E+02  0.000000E+00
0.150672E+01  0.137314E+02  0.000000E+00
0.156594E+01  0.147346E+02  0.000000E+00
0.162545E+01  0.156837E+02  0.000000E+00
0.168519E+01  0.165862E+02  0.000000E+00
0.174512E+01  0.174484E+02  0.000000E+00
0.180519E+01  0.182755E+02  0.000000E+00
0.186536E+01  0.190720E+02  0.000000E+00
0.192560E+01  0.198417E+02  0.000000E+00
0.198588E+01  0.205878E+02  0.000000E+00
0.204617E+01  0.213130E+02  0.000000E+00
0.210647E+01  0.220197E+02  0.000000E+00
0.216674E+01  0.227099E+02  0.000000E+00
0.222698E+01  0.233853E+02  0.000000E+00
0.228717E+01  0.240476E+02  0.000000E+00
0.234730E+01  0.246979E+02  0.000000E+00
0.240736E+01  0.253375E+02  0.000000E+00
0.246735E+01  0.259674E+02  0.000000E+00
0.252726E+01  0.265883E+02  0.000000E+00
0.258708E+01  0.272012E+02  0.000000E+00
0.264682E+01  0.278067E+02  0.000000E+00
0.270646E+01  0.284054E+02  0.000000E+00
0.276601E+01  0.289979E+02  0.000000E+00
0.282546E+01  0.295846E+02  0.000000E+00
0.288481E+01  0.301659E+02  0.000000E+00
0.294407E+01  0.307423E+02  0.000000E+00
0.300322E+01  0.313141E+02  0.000000E+00
0.306228E+01  0.318817E+02  0.000000E+00
0.312124E+01  0.324452E+02  0.000000E+00
0.318009E+01  0.330050E+02  0.000000E+00
0.323885E+01  0.335613E+02  0.000000E+00
0.329751E+01  0.341143E+02  0.000000E+00
0.335608E+01  0.346642E+02  0.000000E+00
0.341454E+01  0.352112E+02  0.000000E+00
0.347291E+01  0.357554E+02  0.000000E+00
0.353119E+01  0.362970E+02  0.000000E+00
0.358937E+01  0.368361E+02  0.000000E+00
0.364746E+01  0.373729E+02  0.000000E+00
0.370546E+01  0.379074E+02  0.000000E+00
0.376336E+01  0.384398E+02  0.000000E+00
0.382118E+01  0.389702E+02  0.000000E+00
0.387891E+01  0.394987E+02  0.000000E+00
0.393656E+01  0.400253E+02  0.000000E+00
0.399412E+01  0.405501E+02  0.000000E+00
0.405159E+01  0.410733E+02  0.000000E+00
0.410898E+01  0.415948E+02  0.000000E+00
0.416629E+01  0.421148E+02  0.000000E+00
0.422352E+01  0.426333E+02  0.000000E+00
0.428067E+01  0.431503E+02  0.000000E+00
0.433774E+01  0.436659E+02  0.000000E+00
0.439474E+01  0.441803E+02  0.000000E+00
0.445166E+01  0.446933E+02  0.000000E+00
0.450851E+01  0.452051E+02  0.000000E+00
0.456528E+01  0.457157E+02  0.000000E+00
0.462198E+01  0.462251E+02  0.000000E+00
0.467861E+01  0.467334E+02  0.000000E+00
0.473517E+01  0.472407E+02  0.000000E+00
0.479166E+01  0.477469E+02  0.000000E+00
0.484808E+01  0.482520E+02  0.000000E+00
0.490444E+01  0.487562E+02  0.000000E+00
0.496073E+01  0.492595E+02  0.000000E+00
0.501696E+01  0.497618E+02  0.000000E+00
0.507312E+01  0.502632E+02  0.000000E+00
0.512922E+01  0.507637E+02  0.000000E+00
0.518527E+01  0.512634E+02  0.000000E+00
0.524125E+01  0.517622E+02  0.000000E+00
0.529717E+01  0.522603E+02  0.000000E+00
0.535303E+01  0.527575E+02  0.000000E+00
0.540884E+01  0.532540E+02  0.000000E+00
0.546459E+01  0.537498E+02  0.000000E+00
0.552028E+01  0.542448E+02  0.000000E+00
0.557592E+01  0.547392E+02  0.000000E+00
0.563151E+01  0.552328E+02  0.000000E+00
0.568704E+01  0.557258E+02  0.000000E+00
0.574252E+01  0.562181E+02  0.000000E+00
0.579796E+01  0.567098E+02  0.000000E+00
0.585334E+01  0.572009E+02  0.000000E+00
0.590867E+01  0.576913E+02  0.000000E+00
0.596395E+01  0.581812E+02  0.000000E+00
0.601919E+01  0.586705E+02  0.000000E+00
0.607438E+01  0.591592E+02  0.000000E+00
0.612952E+01  0.596474E+02  0.000000E+00
0.618462E+01  0.601350E+02  0.000000E+00
0.623968E+01  0.606221E+02  0.000000E+00
0.629469E+01  0.611087E+02  0.000000E+00
0.634965E+01  0.615948E+02  0.000000E+00
0.640458E+01  0.620804E+02  0.000000E+00
0.645946E+01  0.625656E+02  0.000000E+00
0.651431E+01  0.630502E+02  0.000000E+00
0.656911E+01  0.635344E+02  0.000000E+00
0.662387E+01  0.640181E+02  0.000000E+00
0.667860E+01  0.645015E+02  0.000000E+00
0.673329E+01  0.649843E+02  0.000000E+00
