0.105275E+01  0.202293E+01  0.130857E+02
0.110652E+01  0.384230E+01  0.997698E+01
0.116120E+01  0.549103E+01  0.000000E+00
0.121667E+01  0.699627E+01  0.000000E+00
0.127283E+01  0.838046E+01  0.000000E+00
0.132959E+01  0.966218E+01  0.000000E+00
0.138686E+01  0.108568E+02  0.000000E+00
0.144457E+01  0.119772E+02  0.000000E+00
0.150263E+01  0.130340E+02  0.000000E+00
0.156099E+01  0.140361E+02  0.000000E+00
0.161958E+01  0.149911E+02  0.000000E+00
0.167837E+01  0.159051E+02  0.000000E+00
0.173730E+01  0.167835E+02  0.000000E+00
0.179634E+01  0.176308E+02  0.000000E+00
0.185545E+01  0.184507E+02  0.000000E+00
0.191462E+01  0.192466E+02  0.000000E+00
0.197381E+01  0.200212E+02  0.000000E+00
0.203301E+01  0.207768E+02  0.000000E+00
0.209219E+01  0.215155E+02  0.000000E+00
0.215135E+01  0.222392E+02  0.000000E+00
0.221047E+01  0.229492E+02  0.000000E+00
0.226954E+01  0.236471E+02  0.000000E+00
0.232856E+01  0.243339E+02  0.000000E+00
0.238750E+01  0.250106E+02  0.000000E+00
0.244638E+01  0.256782E+02  0.000000E+00
0.250519E+01  0.263375E+02  0.000000E+00
0.256391E+01  0.269891E+02  0.000000E+00
0.262255E+01  0.276338E+02  0.000000E+00
0.268111E+01  0.282719E+02  0.000000E+00
0.273958E+01  0.289041E+02  0.000000E+00
0.279797E+01  0.295308E+02  0.000000E+00
0.285626E+01  0.301524E+02  0.000000E+00
0.291446E+01  0.307692E+02  0.000000E+00
0.297258E+01  0.313816E+02  0.000000E+00
0.303060E+01  0.319898E+02  0.000000E+00
0.308854E+01  0.325942E+02  0.000000E+00
0.314638E+01  0.331949E+02  0.000000E+00
0.320414E+01  0.337922E+02  0.000000E+00
0.326180E+01  0.343863E+02  0.000000E+00
0.331938E+01  0.349774E+02  0.000000E+00
0.337688E+01  0.355656E+02  0.000000E+00
0.343428E+01  0.361511E+02  0.000000E+00
0.349160E+01  0.367340E+02  0.000000E+00
0.354884E+01  0.373145E+02  0.000000E+00
0.360599E+01  0.378927E+02  0.000000E+00
0.366307E+01  0.384687E+02  0.000000E+00
0.372006E+01  0.390426E+02  0.000000E+00
0.377697E+01  0.396145E+02  0.000000E+00
0.383381E+01  0.401845E+02  0.000000E+00
0.389056E+01  0.407527E+02  0.000000E+00
0.394724E+01  0.413191E+02  0.000000E+00
0.400385E+01  0.418839E+02  0.000000E+00
0.406038E+01  0.424470E+02  0.000000E+00
0.411684E+01  0.430087E+02  0.000000E+00
0.417323E+01  0.435688E+02  0.000000E+00
0.422955E+01  0.441275E+02  0.000000E+00
0.428580E+01  0.446849E+02  0.000000E+00
0.434199E+01  0.452409E+02  0.000000E+00
0.439810E+01  0.457957E+02  0.000000E+00
0.445415E+01  0.463492E+02  0.000000E+00
0.451014E+01  0.469016E+02  0.000000E+00
0.456606E+01  0.474528E+02  0.000000E+00
0.462192E+01  0.480029E+02  0.000000E+00
0.467772E+01  0.485520E+02  0.000000E+00
0.473346E+01  0.491000E+02  0.000000E+00
0.478915E+01  0.496471E+02  0.000000E+00
0.484477E+01  0.501931E+02  0.000000E+00
0.490034E+01  0.507383E+02  0.000000E+00
0.495585E+01  0.512825E+02  0.000000E+00
0.501131E+01  0.518258E+02  0.000000E+00
0.506671E+01  0.523683E+02  0.000000E+00
0.512206E+01  0.529100E+02  0.000000E+00
0.517736E+01  0.534508E+02  0.000000E+00
0.523261E+01  0.539909E+02  0.000000E+00
0.528781E+01  0.545302E+02  0.000000E+00
0.534295E+01  0.550688E+02  0.000000E+00
0.539806E+01  0.556066E+02  0.000000E+00
0.545311E+01  0.561438E+02  0.000000E+00
0.550812E+01  0.566803E+02  0.000000E+00
0.556308E+01  0.572161E+02  0.000000E+00
0.561800E+01  0.577513E+02  0.000000E+00
0.567287E+01  0.582858E+02  0.000000E+00
0.572770E+01  0.588197E+02  0.000000E+00
0.578249E+01  0.593531E+02  0.000000E+00
0.583724E+01  0.598858E+02  0.000000E+00
0.589195E+01  0.604180E+02  0.000000E+00
0.594661E+01  0.609497E+02  0.000000E+00
0.600124E+01  0.614808E+02  0.000000E+00
0.605583E+01  0.620114E+02  0.000000E+00
0.611038E+01  0.625415E+02  0.000000E+00
0.616490E+01  0.630710E+02  0.000000E+00
0.621938E+01  0.636001E+02  0.000000E+00
0.627382E+01  0.641287E+02  0.000000E+00
0.632823E+01  0.646569E+02  0.000000E+00
0.638261E+01  0.651846E+02  0.000000E+00
0.643695E+01  0.657119E+02  0.000000E+00
0.649126E+01  0.662387E+02  0.000000E+00
0.654553E+01  0.667651E+02  0.000000E+00
0.659978E+01  0.672911E+02  0.000000E+00
0.665399E+01  0.678167E+02  0.000000E+00
