0.105282E+01  0.221392E+01  0.120555E+02
0.110678E+01  0.418003E+01  0.881020E+01
0.116177E+01  0.593932E+01  0.000000E+00
0.121768E+01  0.752551E+01  0.000000E+00
0.127441E+01  0.896638E+01  0.000000E+00
0.133186E+01  0.102849E+02  0.000000E+00
0.138992E+01  0.115000E+02  0.000000E+00
0.144850E+01  0.126274E+02  0.000000E+00
0.150753E+01  0.136802E+02  0.000000E+00
0.156693E+01  0.146692E+02  0.000000E+00
0.162663E+01  0.156035E+02  0.000000E+00
0.168657E+01  0.164908E+02  0.000000E+00
0.174670E+01  0.173373E+02  0.000000E+00
0.180699E+01  0.181484E+02  0.000000E+00
0.186738E+01  0.189286E+02  0.000000E+00
0.192785E+01  0.196819E+02  0.000000E+00
0.198836E+01  0.204114E+02  0.000000E+00
0.204889E+01  0.211199E+02  0.000000E+00
0.210942E+01  0.218098E+02  0.000000E+00
0.216993E+01  0.224832E+02  0.000000E+00
0.223041E+01  0.231419E+02  0.000000E+00
0.229083E+01  0.237873E+02  0.000000E+00
0.235121E+01  0.244208E+02  0.000000E+00
0.241151E+01  0.250436E+02  0.000000E+00
0.247174E+01  0.256566E+02  0.000000E+00
0.253189E+01  0.262608E+02  0.000000E+00
0.259195E+01  0.268569E+02  0.000000E+00
0.265192E+01  0.274457E+02  0.000000E+00
0.271180E+01  0.280277E+02  0.000000E+00
0.277158E+01  0.286035E+02  0.000000E+00
0.283127E+01  0.291735E+02  0.000000E+00
0.289085E+01  0.297383E+02  0.000000E+00
0.295034E+01  0.302981E+02  0.000000E+00
0.300972E+01  0.308534E+02  0.000000E+00
0.306901E+01  0.314045E+02  0.000000E+00
0.312819E+01  0.319516E+02  0.000000E+00
0.318727E+01  0.324950E+02  0.000000E+00
0.324625E+01  0.330349E+02  0.000000E+00
0.330513E+01  0.335716E+02  0.000000E+00
0.336391E+01  0.341051E+02  0.000000E+00
0.342259E+01  0.346358E+02  0.000000E+00
0.348118E+01  0.351638E+02  0.000000E+00
0.353967E+01  0.356892E+02  0.000000E+00
0.359806E+01  0.362121E+02  0.000000E+00
0.365636E+01  0.367328E+02  0.000000E+00
0.371456E+01  0.372512E+02  0.000000E+00
0.377268E+01  0.377675E+02  0.000000E+00
0.383070E+01  0.382818E+02  0.000000E+00
0.388863E+01  0.387942E+02  0.000000E+00
0.394647E+01  0.393048E+02  0.000000E+00
0.400423E+01  0.398137E+02  0.000000E+00
0.406190E+01  0.403209E+02  0.000000E+00
0.411949E+01  0.408264E+02  0.000000E+00
0.417699E+01  0.413305E+02  0.000000E+00
0.423441E+01  0.418330E+02  0.000000E+00
0.429175E+01  0.423342E+02  0.000000E+00
0.434901E+01  0.428340E+02  0.000000E+00
0.440619E+01  0.433324E+02  0.000000E+00
0.446329E+01  0.438296E+02  0.000000E+00
0.452032E+01  0.443256E+02  0.000000E+00
0.457727E+01  0.448204E+02  0.000000E+00
0.463415E+01  0.453141E+02  0.000000E+00
0.469095E+01  0.458066E+02  0.000000E+00
0.474769E+01  0.462981E+02  0.000000E+00
0.480435E+01  0.467885E+02  0.000000E+00
0.486095E+01  0.472780E+02  0.000000E+00
0.491747E+01  0.477664E+02  0.000000E+00
0.497393E+01  0.482540E+02  0.000000E+00
0.503033E+01  0.487406E+02  0.000000E+00
0.508665E+01  0.492263E+02  0.000000E+00
0.514292E+01  0.497111E+02  0.000000E+00
0.519912E+01  0.501951E+02  0.000000E+00
0.525526E+01  0.506783E+02  0.000000E+00
0.531134E+01  0.511607E+02  0.000000E+00
0.536736E+01  0.516424E+02  0.000000E+00
0.542332E+01  0.521232E+02  0.000000E+00
0.547922E+01  0.526034E+02  0.000000E+00
0.553506E+01  0.530828E+02  0.000000E+00
0.559085E+01  0.535615E+02  0.000000E+00
0.564659E+01  0.540396E+02  0.000000E+00
0.570227E+01  0.545169E+02  0.000000E+00
0.575789E+01  0.549937E+02  0.000000E+00
0.581346E+01  0.554698E+02  0.000000E+00
0.586899E+01  0.559453E+02  0.000000E+00
0.592446E+01  0.564201E+02  0.000000E+00
0.597988E+01  0.568944E+02  0.000000E+00
0.603525E+01  0.573682E+02  0.000000E+00
0.609057E+01  0.578413E+02  0.000000E+00
0.614585E+01  0.583139E+02  0.000000E+00
0.620108E+01  0.587860E+02  0.000000E+00
0.625626E+01  0.592576E+02  0.000000E+00
0.631140E+01  0.597286E+02  0.000000E+00
0.636649E+01  0.601992E+02  0.000000E+00
0.642154E+01  0.606692E+02  0.000000E+00
0.647655E+01  0.611388E+02  0.000000E+00
0.653151E+01  0.616079E+02  0.000000E+00
0.658644E+01  0.620765E+02  0.000000E+00
0.664132E+01  0.625447E+02  0.000000E+00
0.669616E+01  0.630125E+02  0.000000E+00
0.675096E+01  0.634798E+02  0.000000E+00
