0.105297E+01  0.179858E+01  0.570772E+01
0.110740E+01  0.334724E+01  0.310945E+01
0.116321E+01  0.468842E+01  0.000000E+00
0.122033E+01  0.585694E+01  0.000000E+00
0.127866E+01  0.688145E+01  0.000000E+00
0.133809E+01  0.778556E+01  0.000000E+00
0.139852E+01  0.858877E+01  0.000000E+00
0.145985E+01  0.930723E+01  0.000000E+00
0.152198E+01  0.995431E+01  0.000000E+00
0.158482E+01  0.105411E+02  0.000000E+00
0.164827E+01  0.110768E+02  0.000000E+00
0.171225E+01  0.115692E+02  0.000000E+00
0.177669E+01  0.120245E+02  0.000000E+00
0.184151E+01  0.124483E+02  0.000000E+00
0.190664E+01  0.128449E+02  0.000000E+00
0.197203E+01  0.132181E+02  0.000000E+00
0.203762E+01  0.135711E+02  0.000000E+00
0.210338E+01  0.139066E+02  0.000000E+00
0.216925E+01  0.142269E+02  0.000000E+00
0.223521E+01  0.145338E+02  0.000000E+00
0.230122E+01  0.148290E+02  0.000000E+00
0.236725E+01  0.151140E+02  0.000000E+00
0.243329E+01  0.153898E+02  0.000000E+00
0.249930E+01  0.156576E+02  0.000000E+00
0.256528E+01  0.159182E+02  0.000000E+00
0.263121E+01  0.161724E+02  0.000000E+00
0.269707E+01  0.164208E+02  0.000000E+00
0.276286E+01  0.166641E+02  0.000000E+00
0.282857E+01  0.169027E+02  0.000000E+00
0.289418E+01  0.171371E+02  0.000000E+00
0.295970E+01  0.173677E+02  0.000000E+00
0.302511E+01  0.175948E+02  0.000000E+00
0.309042E+01  0.178187E+02  0.000000E+00
0.315561E+01  0.180397E+02  0.000000E+00
0.322070E+01  0.182581E+02  0.000000E+00
0.328566E+01  0.184740E+02  0.000000E+00
0.335051E+01  0.186876E+02  0.000000E+00
0.341524E+01  0.188991E+02  0.000000E+00
0.347986E+01  0.191087E+02  0.000000E+00
0.354435E+01  0.193164E+02  0.000000E+00
0.360872E+01  0.195225E+02  0.000000E+00
0.367298E+01  0.197270E+02  0.000000E+00
0.373711E+01  0.199300E+02  0.000000E+00
0.380113E+01  0.201316E+02  0.000000E+00
0.386503E+01  0.203320E+02  0.000000E+00
0.392881E+01  0.205311E+02  0.000000E+00
0.399248E+01  0.207291E+02  0.000000E+00
0.405603E+01  0.209260E+02  0.000000E+00
0.411946E+01  0.211218E+02  0.000000E+00
0.418279E+01  0.213167E+02  0.000000E+00
0.424600E+01  0.215106E+02  0.000000E+00
0.430910E+01  0.217037E+02  0.000000E+00
0.437209E+01  0.218959E+02  0.000000E+00
0.443498E+01  0.220873E+02  0.000000E+00
0.449775E+01  0.222780E+02  0.000000E+00
0.456043E+01  0.224679E+02  0.000000E+00
0.462299E+01  0.226572E+02  0.000000E+00
0.468546E+01  0.228457E+02  0.000000E+00
0.474782E+01  0.230336E+02  0.000000E+00
0.481008E+01  0.232209E+02  0.000000E+00
0.487225E+01  0.234076E+02  0.000000E+00
0.493431E+01  0.235938E+02  0.000000E+00
0.499628E+01  0.237794E+02  0.000000E+00
0.505816E+01  0.239644E+02  0.000000E+00
0.511994E+01  0.241489E+02  0.000000E+00
0.518163E+01  0.243330E+02  0.000000E+00
0.524322E+01  0.245165E+02  0.000000E+00
0.530473E+01  0.246996E+02  0.000000E+00
0.536614E+01  0.248823E+02  0.000000E+00
0.542747E+01  0.250645E+02  0.000000E+00
0.548871E+01  0.252462E+02  0.000000E+00
0.554986E+01  0.254276E+02  0.000000E+00
0.561093E+01  0.256086E+02  0.000000E+00
0.567191E+01  0.257891E+02  0.000000E+00
0.573281E+01  0.259693E+02  0.000000E+00
0.579363E+01  0.261492E+02  0.000000E+00
0.585437E+01  0.263286E+02  0.000000E+00
0.591502E+01  0.265077E+02  0.000000E+00
0.597560E+01  0.266865E+02  0.000000E+00
0.603610E+01  0.268649E+02  0.000000E+00
0.609652E+01  0.270430E+02  0.000000E+00
0.615687E+01  0.272208E+02  0.000000E+00
0.621713E+01  0.273982E+02  0.000000E+00
0.627733E+01  0.275754E+02  0.000000E+00
0.633745E+01  0.277522E+02  0.000000E+00
0.639749E+01  0.279288E+02  0.000000E+00
0.645746E+01  0.281051E+02  0.000000E+00
0.651736E+01  0.282811E+02  0.000000E+00
0.657719E+01  0.284568E+02  0.000000E+00
0.663695E+01  0.286322E+02  0.000000E+00
0.669664E+01  0.288074E+02  0.000000E+00
0.675626E+01  0.289823E+02  0.000000E+00
0.681581E+01  0.291569E+02  0.000000E+00
0.687530E+01  0.293313E+02  0.000000E+00
0.693471E+01  0.295054E+02  0.000000E+00
0.699406E+01  0.296793E+02  0.000000E+00
0.705334E+01  0.298530E+02  0.000000E+00
0.711256E+01  0.300264E+02  0.000000E+00
0.717172E+01  0.301995E+02  0.000000E+00
0.723081E+01  0.303725E+02  0.000000E+00
