0.105279E+01  0.954894E+00  0.565080E+01
0.110666E+01  0.180789E+01  0.422269E+01
0.116150E+01  0.257568E+01  0.000000E+00
0.121721E+01  0.327203E+01  0.000000E+00
0.127367E+01  0.390826E+01  0.000000E+00
0.133079E+01  0.449376E+01  0.000000E+00
0.138847E+01  0.503629E+01  0.000000E+00
0.144664E+01  0.554229E+01  0.000000E+00
0.150520E+01  0.601712E+01  0.000000E+00
0.156409E+01  0.646524E+01  0.000000E+00
0.162326E+01  0.689037E+01  0.000000E+00
0.168264E+01  0.729567E+01  0.000000E+00
0.174219E+01  0.768374E+01  0.000000E+00
0.180186E+01  0.805681E+01  0.000000E+00
0.186163E+01  0.841676E+01  0.000000E+00
0.192146E+01  0.876520E+01  0.000000E+00
0.198132E+01  0.910347E+01  0.000000E+00
0.204120E+01  0.943275E+01  0.000000E+00
0.210107E+01  0.975403E+01  0.000000E+00
0.216091E+01  0.100682E+02  0.000000E+00
0.222072E+01  0.103759E+02  0.000000E+00
0.228047E+01  0.106780E+02  0.000000E+00
0.234017E+01  0.109748E+02  0.000000E+00
0.239980E+01  0.112669E+02  0.000000E+00
0.245936E+01  0.115548E+02  0.000000E+00
0.251884E+01  0.118389E+02  0.000000E+00
0.257824E+01  0.121194E+02  0.000000E+00
0.263755E+01  0.123966E+02  0.000000E+00
0.269677E+01  0.126709E+02  0.000000E+00
0.275590E+01  0.129424E+02  0.000000E+00
0.281493E+01  0.132114E+02  0.000000E+00
0.287387E+01  0.134780E+02  0.000000E+00
0.293272E+01  0.137425E+02  0.000000E+00
0.299147E+01  0.140049E+02  0.000000E+00
0.305012E+01  0.142654E+02  0.000000E+00
0.310868E+01  0.145242E+02  0.000000E+00
0.316714E+01  0.147813E+02  0.000000E+00
0.322550E+01  0.150369E+02  0.000000E+00
0.328377E+01  0.152910E+02  0.000000E+00
0.334195E+01  0.155437E+02  0.000000E+00
0.340003E+01  0.157951E+02  0.000000E+00
0.345802E+01  0.160453E+02  0.000000E+00
0.351592E+01  0.162944E+02  0.000000E+00
0.357373E+01  0.165423E+02  0.000000E+00
0.363146E+01  0.167892E+02  0.000000E+00
0.368909E+01  0.170351E+02  0.000000E+00
0.374663E+01  0.172801E+02  0.000000E+00
0.380410E+01  0.175241E+02  0.000000E+00
0.386147E+01  0.177673E+02  0.000000E+00
0.391876E+01  0.180097E+02  0.000000E+00
0.397598E+01  0.182513E+02  0.000000E+00
0.403311E+01  0.184921E+02  0.000000E+00
0.409016E+01  0.187322E+02  0.000000E+00
0.414713E+01  0.189716E+02  0.000000E+00
0.420403E+01  0.192104E+02  0.000000E+00
0.426085E+01  0.194485E+02  0.000000E+00
0.431759E+01  0.196860E+02  0.000000E+00
0.437426E+01  0.199229E+02  0.000000E+00
0.443086E+01  0.201592E+02  0.000000E+00
0.448739E+01  0.203950E+02  0.000000E+00
0.454385E+01  0.206302E+02  0.000000E+00
0.460024E+01  0.208650E+02  0.000000E+00
0.465656E+01  0.210992E+02  0.000000E+00
0.471282E+01  0.213329E+02  0.000000E+00
0.476901E+01  0.215662E+02  0.000000E+00
0.482514E+01  0.217990E+02  0.000000E+00
0.488120E+01  0.220314E+02  0.000000E+00
0.493720E+01  0.222634E+02  0.000000E+00
0.499314E+01  0.224949E+02  0.000000E+00
0.504902E+01  0.227261E+02  0.000000E+00
0.510484E+01  0.229568E+02  0.000000E+00
0.516061E+01  0.231872E+02  0.000000E+00
0.521631E+01  0.234172E+02  0.000000E+00
0.527196E+01  0.236469E+02  0.000000E+00
0.532756E+01  0.238762E+02  0.000000E+00
0.538310E+01  0.241052E+02  0.000000E+00
0.543859E+01  0.243338E+02  0.000000E+00
0.549403E+01  0.245622E+02  0.000000E+00
0.554941E+01  0.247902E+02  0.000000E+00
0.560474E+01  0.250179E+02  0.000000E+00
0.566003E+01  0.252453E+02  0.000000E+00
0.571526E+01  0.254725E+02  0.000000E+00
0.577045E+01  0.256993E+02  0.000000E+00
0.582559E+01  0.259259E+02  0.000000E+00
0.588069E+01  0.261522E+02  0.000000E+00
0.593574E+01  0.263783E+02  0.000000E+00
0.599074E+01  0.266041E+02  0.000000E+00
0.604570E+01  0.268296E+02  0.000000E+00
0.610062E+01  0.270549E+02  0.000000E+00
0.615550E+01  0.272800E+02  0.000000E+00
0.621033E+01  0.275048E+02  0.000000E+00
0.626513E+01  0.277295E+02  0.000000E+00
0.631988E+01  0.279539E+02  0.000000E+00
0.637460E+01  0.281780E+02  0.000000E+00
0.642927E+01  0.284020E+02  0.000000E+00
0.648391E+01  0.286258E+02  0.000000E+00
0.653851E+01  0.288493E+02  0.000000E+00
0.659308E+01  0.290727E+02  0.000000E+00
0.664761E+01  0.292959E+02  0.000000E+00
0.670210E+01  0.295189E+02  0.000000E+00
