0.105281E+01  0.222069E+01  0.122398E+02
0.110676E+01  0.419446E+01  0.897510E+01
0.116173E+01  0.596207E+01  0.000000E+00
0.121761E+01  0.755710E+01  0.000000E+00
0.127431E+01  0.900722E+01  0.000000E+00
0.133170E+01  0.103353E+02  0.000000E+00
0.138971E+01  0.115601E+02  0.000000E+00
0.144823E+01  0.126974E+02  0.000000E+00
0.150719E+01  0.137602E+02  0.000000E+00
0.156652E+01  0.147594E+02  0.000000E+00
0.162614E+01  0.157038E+02  0.000000E+00
0.168600E+01  0.166012E+02  0.000000E+00
0.174605E+01  0.174578E+02  0.000000E+00
0.180625E+01  0.182790E+02  0.000000E+00
0.186655E+01  0.190693E+02  0.000000E+00
0.192692E+01  0.198326E+02  0.000000E+00
0.198733E+01  0.205721E+02  0.000000E+00
0.204777E+01  0.212905E+02  0.000000E+00
0.210820E+01  0.219903E+02  0.000000E+00
0.216861E+01  0.226736E+02  0.000000E+00
0.222899E+01  0.233420E+02  0.000000E+00
0.228932E+01  0.239971E+02  0.000000E+00
0.234959E+01  0.246403E+02  0.000000E+00
0.240979E+01  0.252727E+02  0.000000E+00
0.246992E+01  0.258953E+02  0.000000E+00
0.252997E+01  0.265090E+02  0.000000E+00
0.258994E+01  0.271146E+02  0.000000E+00
0.264981E+01  0.277128E+02  0.000000E+00
0.270959E+01  0.283042E+02  0.000000E+00
0.276927E+01  0.288893E+02  0.000000E+00
0.282886E+01  0.294687E+02  0.000000E+00
0.288835E+01  0.300427E+02  0.000000E+00
0.294774E+01  0.306118E+02  0.000000E+00
0.300703E+01  0.311763E+02  0.000000E+00
0.306622E+01  0.317366E+02  0.000000E+00
0.312531E+01  0.322928E+02  0.000000E+00
0.318430E+01  0.328453E+02  0.000000E+00
0.324318E+01  0.333943E+02  0.000000E+00
0.330197E+01  0.339400E+02  0.000000E+00
0.336066E+01  0.344826E+02  0.000000E+00
0.341926E+01  0.350223E+02  0.000000E+00
0.347775E+01  0.355592E+02  0.000000E+00
0.353615E+01  0.360935E+02  0.000000E+00
0.359446E+01  0.366254E+02  0.000000E+00
0.365267E+01  0.371549E+02  0.000000E+00
0.371079E+01  0.376822E+02  0.000000E+00
0.376881E+01  0.382074E+02  0.000000E+00
0.382675E+01  0.387306E+02  0.000000E+00
0.388460E+01  0.392518E+02  0.000000E+00
0.394236E+01  0.397712E+02  0.000000E+00
0.400003E+01  0.402888E+02  0.000000E+00
0.405762E+01  0.408047E+02  0.000000E+00
0.411513E+01  0.413191E+02  0.000000E+00
0.417255E+01  0.418319E+02  0.000000E+00
0.422989E+01  0.423431E+02  0.000000E+00
0.428715E+01  0.428530E+02  0.000000E+00
0.434433E+01  0.433615E+02  0.000000E+00
0.440143E+01  0.438686E+02  0.000000E+00
0.445846E+01  0.443745E+02  0.000000E+00
0.451541E+01  0.448791E+02  0.000000E+00
0.457229E+01  0.453825E+02  0.000000E+00
0.462909E+01  0.458848E+02  0.000000E+00
0.468583E+01  0.463860E+02  0.000000E+00
0.474249E+01  0.468861E+02  0.000000E+00
0.479908E+01  0.473851E+02  0.000000E+00
0.485560E+01  0.478831E+02  0.000000E+00
0.491206E+01  0.483802E+02  0.000000E+00
0.496845E+01  0.488763E+02  0.000000E+00
0.502477E+01  0.493715E+02  0.000000E+00
0.508103E+01  0.498657E+02  0.000000E+00
0.513723E+01  0.503591E+02  0.000000E+00
0.519336E+01  0.508517E+02  0.000000E+00
0.524943E+01  0.513434E+02  0.000000E+00
0.530545E+01  0.518343E+02  0.000000E+00
0.536140E+01  0.523245E+02  0.000000E+00
0.541730E+01  0.528138E+02  0.000000E+00
0.547313E+01  0.533025E+02  0.000000E+00
0.552892E+01  0.537904E+02  0.000000E+00
0.558464E+01  0.542776E+02  0.000000E+00
0.564031E+01  0.547641E+02  0.000000E+00
0.569593E+01  0.552500E+02  0.000000E+00
0.575150E+01  0.557352E+02  0.000000E+00
0.580701E+01  0.562198E+02  0.000000E+00
0.586248E+01  0.567037E+02  0.000000E+00
0.591789E+01  0.571871E+02  0.000000E+00
0.597325E+01  0.576698E+02  0.000000E+00
0.602857E+01  0.581520E+02  0.000000E+00
0.608383E+01  0.586336E+02  0.000000E+00
0.613905E+01  0.591147E+02  0.000000E+00
0.619423E+01  0.595952E+02  0.000000E+00
0.624936E+01  0.600752E+02  0.000000E+00
0.630444E+01  0.605547E+02  0.000000E+00
0.635948E+01  0.610336E+02  0.000000E+00
0.641448E+01  0.615121E+02  0.000000E+00
0.646943E+01  0.619901E+02  0.000000E+00
0.652435E+01  0.624676E+02  0.000000E+00
0.657922E+01  0.629447E+02  0.000000E+00
0.663405E+01  0.634213E+02  0.000000E+00
0.668885E+01  0.638975E+02  0.000000E+00
0.674360E+01  0.643732E+02  0.000000E+00
