0.105289E+01  0.459561E+00  0.195476E+01
0.110707E+01  0.861638E+00  0.132453E+01
0.116246E+01  0.121590E+01  0.000000E+00
0.121893E+01  0.153029E+01  0.000000E+00
0.127639E+01  0.181134E+01  0.000000E+00
0.133473E+01  0.206443E+01  0.000000E+00
0.139384E+01  0.229403E+01  0.000000E+00
0.145363E+01  0.250380E+01  0.000000E+00
0.151400E+01  0.269681E+01  0.000000E+00
0.157487E+01  0.287558E+01  0.000000E+00
0.163615E+01  0.304221E+01  0.000000E+00
0.169778E+01  0.319848E+01  0.000000E+00
0.175969E+01  0.334584E+01  0.000000E+00
0.182183E+01  0.348552E+01  0.000000E+00
0.188414E+01  0.361856E+01  0.000000E+00
0.194658E+01  0.374583E+01  0.000000E+00
0.200912E+01  0.386807E+01  0.000000E+00
0.207171E+01  0.398591E+01  0.000000E+00
0.213434E+01  0.409987E+01  0.000000E+00
0.219697E+01  0.421041E+01  0.000000E+00
0.225959E+01  0.431792E+01  0.000000E+00
0.232218E+01  0.442273E+01  0.000000E+00
0.238472E+01  0.452514E+01  0.000000E+00
0.244720E+01  0.462540E+01  0.000000E+00
0.250961E+01  0.472372E+01  0.000000E+00
0.257194E+01  0.482028E+01  0.000000E+00
0.263418E+01  0.491527E+01  0.000000E+00
0.269633E+01  0.500882E+01  0.000000E+00
0.275839E+01  0.510105E+01  0.000000E+00
0.282034E+01  0.519210E+01  0.000000E+00
0.288219E+01  0.528204E+01  0.000000E+00
0.294392E+01  0.537098E+01  0.000000E+00
0.300555E+01  0.545898E+01  0.000000E+00
0.306707E+01  0.554613E+01  0.000000E+00
0.312848E+01  0.563249E+01  0.000000E+00
0.318977E+01  0.571811E+01  0.000000E+00
0.325095E+01  0.580304E+01  0.000000E+00
0.331202E+01  0.588732E+01  0.000000E+00
0.337297E+01  0.597101E+01  0.000000E+00
0.343382E+01  0.605414E+01  0.000000E+00
0.349455E+01  0.613674E+01  0.000000E+00
0.355517E+01  0.621884E+01  0.000000E+00
0.361568E+01  0.630048E+01  0.000000E+00
0.367609E+01  0.638167E+01  0.000000E+00
0.373638E+01  0.646245E+01  0.000000E+00
0.379657E+01  0.654283E+01  0.000000E+00
0.385665E+01  0.662284E+01  0.000000E+00
0.391663E+01  0.670249E+01  0.000000E+00
0.397651E+01  0.678179E+01  0.000000E+00
0.403629E+01  0.686078E+01  0.000000E+00
0.409596E+01  0.693946E+01  0.000000E+00
0.415554E+01  0.701784E+01  0.000000E+00
0.421501E+01  0.709593E+01  0.000000E+00
0.427440E+01  0.717376E+01  0.000000E+00
0.433368E+01  0.725133E+01  0.000000E+00
0.439287E+01  0.732864E+01  0.000000E+00
0.445197E+01  0.740572E+01  0.000000E+00
0.451098E+01  0.748256E+01  0.000000E+00
0.456990E+01  0.755918E+01  0.000000E+00
0.462873E+01  0.763559E+01  0.000000E+00
0.468747E+01  0.771179E+01  0.000000E+00
0.474612E+01  0.778779E+01  0.000000E+00
0.480469E+01  0.786359E+01  0.000000E+00
0.486317E+01  0.793921E+01  0.000000E+00
0.492157E+01  0.801464E+01  0.000000E+00
0.497989E+01  0.808990E+01  0.000000E+00
0.503813E+01  0.816498E+01  0.000000E+00
0.509628E+01  0.823990E+01  0.000000E+00
0.515436E+01  0.831466E+01  0.000000E+00
0.521236E+01  0.838926E+01  0.000000E+00
0.527029E+01  0.846371E+01  0.000000E+00
0.532813E+01  0.853801E+01  0.000000E+00
0.538591E+01  0.861216E+01  0.000000E+00
0.544361E+01  0.868618E+01  0.000000E+00
0.550123E+01  0.876005E+01  0.000000E+00
0.555879E+01  0.883379E+01  0.000000E+00
0.561627E+01  0.890740E+01  0.000000E+00
0.567368E+01  0.898088E+01  0.000000E+00
0.573103E+01  0.905424E+01  0.000000E+00
0.578830E+01  0.912748E+01  0.000000E+00
0.584551E+01  0.920059E+01  0.000000E+00
0.590265E+01  0.927359E+01  0.000000E+00
0.595973E+01  0.934647E+01  0.000000E+00
0.601674E+01  0.941925E+01  0.000000E+00
0.607369E+01  0.949191E+01  0.000000E+00
0.613058E+01  0.956446E+01  0.000000E+00
0.618740E+01  0.963691E+01  0.000000E+00
0.624416E+01  0.970926E+01  0.000000E+00
0.630086E+01  0.978151E+01  0.000000E+00
0.635750E+01  0.985365E+01  0.000000E+00
0.641408E+01  0.992570E+01  0.000000E+00
0.647060E+01  0.999766E+01  0.000000E+00
0.652707E+01  0.100695E+02  0.000000E+00
0.658348E+01  0.101413E+02  0.000000E+00
0.663983E+01  0.102130E+02  0.000000E+00
0.669612E+01  0.102846E+02  0.000000E+00
0.675237E+01  0.103561E+02  0.000000E+00
0.680855E+01  0.104275E+02  0.000000E+00
0.686469E+01  0.104988E+02  0.000000E+00
0.692077E+01  0.105701E+02  0.000000E+00
