0.105284E+01  0.195909E+01  0.995677E+01
0.110687E+01  0.369104E+01  0.713145E+01
0.116197E+01  0.523365E+01  0.000000E+00
0.121806E+01  0.661799E+01  0.000000E+00
0.127500E+01  0.786966E+01  0.000000E+00
0.133270E+01  0.900977E+01  0.000000E+00
0.139107E+01  0.100558E+02  0.000000E+00
0.145000E+01  0.110221E+02  0.000000E+00
0.150941E+01  0.119208E+02  0.000000E+00
0.156922E+01  0.127618E+02  0.000000E+00
0.162936E+01  0.135534E+02  0.000000E+00
0.168977E+01  0.143026E+02  0.000000E+00
0.175040E+01  0.150152E+02  0.000000E+00
0.181120E+01  0.156960E+02  0.000000E+00
0.187211E+01  0.163493E+02  0.000000E+00
0.193312E+01  0.169784E+02  0.000000E+00
0.199418E+01  0.175864E+02  0.000000E+00
0.205527E+01  0.181758E+02  0.000000E+00
0.211637E+01  0.187486E+02  0.000000E+00
0.217745E+01  0.193069E+02  0.000000E+00
0.223851E+01  0.198522E+02  0.000000E+00
0.229952E+01  0.203858E+02  0.000000E+00
0.236047E+01  0.209089E+02  0.000000E+00
0.242135E+01  0.214226E+02  0.000000E+00
0.248216E+01  0.219278E+02  0.000000E+00
0.254289E+01  0.224253E+02  0.000000E+00
0.260353E+01  0.229158E+02  0.000000E+00
0.266408E+01  0.233998E+02  0.000000E+00
0.272453E+01  0.238780E+02  0.000000E+00
0.278489E+01  0.243508E+02  0.000000E+00
0.284514E+01  0.248186E+02  0.000000E+00
0.290529E+01  0.252819E+02  0.000000E+00
0.296534E+01  0.257409E+02  0.000000E+00
0.302528E+01  0.261960E+02  0.000000E+00
0.308512E+01  0.266475E+02  0.000000E+00
0.314486E+01  0.270955E+02  0.000000E+00
0.320448E+01  0.275404E+02  0.000000E+00
0.326401E+01  0.279823E+02  0.000000E+00
0.332343E+01  0.284213E+02  0.000000E+00
0.338274E+01  0.288578E+02  0.000000E+00
0.344196E+01  0.292918E+02  0.000000E+00
0.350107E+01  0.297235E+02  0.000000E+00
0.356008E+01  0.301529E+02  0.000000E+00
0.361899E+01  0.305803E+02  0.000000E+00
0.367781E+01  0.310057E+02  0.000000E+00
0.373652E+01  0.314292E+02  0.000000E+00
0.379514E+01  0.318510E+02  0.000000E+00
0.385367E+01  0.322710E+02  0.000000E+00
0.391210E+01  0.326894E+02  0.000000E+00
0.397043E+01  0.331063E+02  0.000000E+00
0.402868E+01  0.335217E+02  0.000000E+00
0.408684E+01  0.339356E+02  0.000000E+00
0.414491E+01  0.343482E+02  0.000000E+00
0.420289E+01  0.347595E+02  0.000000E+00
0.426078E+01  0.351696E+02  0.000000E+00
0.431859E+01  0.355784E+02  0.000000E+00
0.437631E+01  0.359861E+02  0.000000E+00
0.443395E+01  0.363927E+02  0.000000E+00
0.449152E+01  0.367982E+02  0.000000E+00
0.454900E+01  0.372026E+02  0.000000E+00
0.460640E+01  0.376061E+02  0.000000E+00
0.466372E+01  0.380086E+02  0.000000E+00
0.472097E+01  0.384101E+02  0.000000E+00
0.477814E+01  0.388108E+02  0.000000E+00
0.483524E+01  0.392105E+02  0.000000E+00
0.489226E+01  0.396094E+02  0.000000E+00
0.494921E+01  0.400075E+02  0.000000E+00
0.500610E+01  0.404048E+02  0.000000E+00
0.506291E+01  0.408013E+02  0.000000E+00
0.511965E+01  0.411970E+02  0.000000E+00
0.517632E+01  0.415920E+02  0.000000E+00
0.523293E+01  0.419863E+02  0.000000E+00
0.528947E+01  0.423799E+02  0.000000E+00
0.534595E+01  0.427728E+02  0.000000E+00
0.540236E+01  0.431650E+02  0.000000E+00
0.545871E+01  0.435566E+02  0.000000E+00
0.551500E+01  0.439476E+02  0.000000E+00
0.557123E+01  0.443380E+02  0.000000E+00
0.562739E+01  0.447278E+02  0.000000E+00
0.568350E+01  0.451169E+02  0.000000E+00
0.573955E+01  0.455056E+02  0.000000E+00
0.579554E+01  0.458936E+02  0.000000E+00
0.585148E+01  0.462811E+02  0.000000E+00
0.590736E+01  0.466681E+02  0.000000E+00
0.596319E+01  0.470546E+02  0.000000E+00
0.601896E+01  0.474406E+02  0.000000E+00
0.607468E+01  0.478260E+02  0.000000E+00
0.613034E+01  0.482110E+02  0.000000E+00
0.618596E+01  0.485956E+02  0.000000E+00
0.624152E+01  0.489796E+02  0.000000E+00
0.629704E+01  0.493632E+02  0.000000E+00
0.635250E+01  0.497464E+02  0.000000E+00
0.640792E+01  0.501291E+02  0.000000E+00
0.646329E+01  0.505114E+02  0.000000E+00
0.651861E+01  0.508933E+02  0.000000E+00
0.657389E+01  0.512747E+02  0.000000E+00
0.662912E+01  0.516558E+02  0.000000E+00
0.668431E+01  0.520365E+02  0.000000E+00
0.673945E+01  0.524168E+02  0.000000E+00
0.679455E+01  0.527967E+02  0.000000E+00
