0.105280E+01  0.169204E+01  0.969052E+01
0.110671E+01  0.319995E+01  0.717997E+01
0.116161E+01  0.455403E+01  0.000000E+00
0.121740E+01  0.577921E+01  0.000000E+00
0.127397E+01  0.689605E+01  0.000000E+00
0.133122E+01  0.792153E+01  0.000000E+00
0.138905E+01  0.886971E+01  0.000000E+00
0.144738E+01  0.975225E+01  0.000000E+00
0.150612E+01  0.105788E+02  0.000000E+00
0.156522E+01  0.113575E+02  0.000000E+00
0.162459E+01  0.120950E+02  0.000000E+00
0.168419E+01  0.127971E+02  0.000000E+00
0.174397E+01  0.134683E+02  0.000000E+00
0.180389E+01  0.141128E+02  0.000000E+00
0.186390E+01  0.147340E+02  0.000000E+00
0.192398E+01  0.153346E+02  0.000000E+00
0.198409E+01  0.159171E+02  0.000000E+00
0.204422E+01  0.164837E+02  0.000000E+00
0.210435E+01  0.170361E+02  0.000000E+00
0.216445E+01  0.175759E+02  0.000000E+00
0.222452E+01  0.181043E+02  0.000000E+00
0.228453E+01  0.186226E+02  0.000000E+00
0.234449E+01  0.191317E+02  0.000000E+00
0.240439E+01  0.196326E+02  0.000000E+00
0.246421E+01  0.201260E+02  0.000000E+00
0.252394E+01  0.206126E+02  0.000000E+00
0.258360E+01  0.210929E+02  0.000000E+00
0.264317E+01  0.215675E+02  0.000000E+00
0.270264E+01  0.220369E+02  0.000000E+00
0.276202E+01  0.225015E+02  0.000000E+00
0.282131E+01  0.229617E+02  0.000000E+00
0.288050E+01  0.234177E+02  0.000000E+00
0.293959E+01  0.238699E+02  0.000000E+00
0.299858E+01  0.243185E+02  0.000000E+00
0.305748E+01  0.247639E+02  0.000000E+00
0.311628E+01  0.252061E+02  0.000000E+00
0.317498E+01  0.256454E+02  0.000000E+00
0.323358E+01  0.260821E+02  0.000000E+00
0.329208E+01  0.265162E+02  0.000000E+00
0.335049E+01  0.269479E+02  0.000000E+00
0.340881E+01  0.273773E+02  0.000000E+00
0.346703E+01  0.278046E+02  0.000000E+00
0.352515E+01  0.282298E+02  0.000000E+00
0.358319E+01  0.286532E+02  0.000000E+00
0.364113E+01  0.290747E+02  0.000000E+00
0.369898E+01  0.294945E+02  0.000000E+00
0.375674E+01  0.299127E+02  0.000000E+00
0.381442E+01  0.303292E+02  0.000000E+00
0.387201E+01  0.307443E+02  0.000000E+00
0.392951E+01  0.311580E+02  0.000000E+00
0.398693E+01  0.315702E+02  0.000000E+00
0.404427E+01  0.319812E+02  0.000000E+00
0.410153E+01  0.323909E+02  0.000000E+00
0.415870E+01  0.327994E+02  0.000000E+00
0.421580E+01  0.332067E+02  0.000000E+00
0.427282E+01  0.336129E+02  0.000000E+00
0.432976E+01  0.340181E+02  0.000000E+00
0.438662E+01  0.344222E+02  0.000000E+00
0.444341E+01  0.348253E+02  0.000000E+00
0.450013E+01  0.352275E+02  0.000000E+00
0.455678E+01  0.356287E+02  0.000000E+00
0.461336E+01  0.360290E+02  0.000000E+00
0.466986E+01  0.364285E+02  0.000000E+00
0.472630E+01  0.368271E+02  0.000000E+00
0.478267E+01  0.372249E+02  0.000000E+00
0.483898E+01  0.376219E+02  0.000000E+00
0.489522E+01  0.380182E+02  0.000000E+00
0.495139E+01  0.384137E+02  0.000000E+00
0.500750E+01  0.388085E+02  0.000000E+00
0.506355E+01  0.392026E+02  0.000000E+00
0.511954E+01  0.395960E+02  0.000000E+00
0.517547E+01  0.399888E+02  0.000000E+00
0.523134E+01  0.403809E+02  0.000000E+00
0.528715E+01  0.407724E+02  0.000000E+00
0.534291E+01  0.411633E+02  0.000000E+00
0.539861E+01  0.415536E+02  0.000000E+00
0.545425E+01  0.419433E+02  0.000000E+00
0.550984E+01  0.423325E+02  0.000000E+00
0.556538E+01  0.427211E+02  0.000000E+00
0.562087E+01  0.431092E+02  0.000000E+00
0.567630E+01  0.434968E+02  0.000000E+00
0.573168E+01  0.438839E+02  0.000000E+00
0.578702E+01  0.442704E+02  0.000000E+00
0.584230E+01  0.446565E+02  0.000000E+00
0.589754E+01  0.450422E+02  0.000000E+00
0.595273E+01  0.454274E+02  0.000000E+00
0.600787E+01  0.458121E+02  0.000000E+00
0.606297E+01  0.461964E+02  0.000000E+00
0.611802E+01  0.465803E+02  0.000000E+00
0.617303E+01  0.469637E+02  0.000000E+00
0.622799E+01  0.473468E+02  0.000000E+00
0.628292E+01  0.477294E+02  0.000000E+00
0.633780E+01  0.481117E+02  0.000000E+00
0.639264E+01  0.484936E+02  0.000000E+00
0.644744E+01  0.488751E+02  0.000000E+00
0.650220E+01  0.492563E+02  0.000000E+00
0.655692E+01  0.496371E+02  0.000000E+00
0.661160E+01  0.500175E+02  0.000000E+00
0.666625E+01  0.503977E+02  0.000000E+00
0.672086E+01  0.507774E+02  0.000000E+00
