0.105292E+01  0.458015E+00  0.168589E+01
0.110722E+01  0.855852E+00  0.107992E+01
0.116280E+01  0.120368E+01  0.000000E+00
0.121956E+01  0.150987E+01  0.000000E+00
0.127740E+01  0.178127E+01  0.000000E+00
0.133621E+01  0.202356E+01  0.000000E+00
0.139589E+01  0.224141E+01  0.000000E+00
0.145634E+01  0.243870E+01  0.000000E+00
0.151746E+01  0.261863E+01  0.000000E+00
0.157916E+01  0.278385E+01  0.000000E+00
0.164136E+01  0.293659E+01  0.000000E+00
0.170397E+01  0.307869E+01  0.000000E+00
0.176692E+01  0.321167E+01  0.000000E+00
0.183016E+01  0.333683E+01  0.000000E+00
0.189363E+01  0.345525E+01  0.000000E+00
0.195727E+01  0.356783E+01  0.000000E+00
0.202104E+01  0.367535E+01  0.000000E+00
0.208491E+01  0.377844E+01  0.000000E+00
0.214884E+01  0.387767E+01  0.000000E+00
0.221280E+01  0.397350E+01  0.000000E+00
0.227677E+01  0.406632E+01  0.000000E+00
0.234072E+01  0.415649E+01  0.000000E+00
0.240465E+01  0.424430E+01  0.000000E+00
0.246852E+01  0.433000E+01  0.000000E+00
0.253233E+01  0.441382E+01  0.000000E+00
0.259608E+01  0.449594E+01  0.000000E+00
0.265974E+01  0.457654E+01  0.000000E+00
0.272331E+01  0.465575E+01  0.000000E+00
0.278678E+01  0.473371E+01  0.000000E+00
0.285016E+01  0.481053E+01  0.000000E+00
0.291343E+01  0.488631E+01  0.000000E+00
0.297659E+01  0.496113E+01  0.000000E+00
0.303964E+01  0.503508E+01  0.000000E+00
0.310258E+01  0.510822E+01  0.000000E+00
0.316540E+01  0.518062E+01  0.000000E+00
0.322811E+01  0.525233E+01  0.000000E+00
0.329070E+01  0.532340E+01  0.000000E+00
0.335317E+01  0.539387E+01  0.000000E+00
0.341553E+01  0.546379E+01  0.000000E+00
0.347777E+01  0.553320E+01  0.000000E+00
0.353989E+01  0.560212E+01  0.000000E+00
0.360190E+01  0.567058E+01  0.000000E+00
0.366379E+01  0.573862E+01  0.000000E+00
0.372557E+01  0.580625E+01  0.000000E+00
0.378724E+01  0.587351E+01  0.000000E+00
0.384879E+01  0.594041E+01  0.000000E+00
0.391023E+01  0.600696E+01  0.000000E+00
0.397157E+01  0.607320E+01  0.000000E+00
0.403279E+01  0.613913E+01  0.000000E+00
0.409391E+01  0.620476E+01  0.000000E+00
0.415492E+01  0.627012E+01  0.000000E+00
0.421583E+01  0.633522E+01  0.000000E+00
0.427663E+01  0.640006E+01  0.000000E+00
0.433733E+01  0.646466E+01  0.000000E+00
0.439793E+01  0.652903E+01  0.000000E+00
0.445843E+01  0.659318E+01  0.000000E+00
0.451883E+01  0.665711E+01  0.000000E+00
0.457914E+01  0.672084E+01  0.000000E+00
0.463935E+01  0.678437E+01  0.000000E+00
0.469946E+01  0.684771E+01  0.000000E+00
0.475948E+01  0.691086E+01  0.000000E+00
0.481941E+01  0.697384E+01  0.000000E+00
0.487925E+01  0.703665E+01  0.000000E+00
0.493900E+01  0.709929E+01  0.000000E+00
0.499866E+01  0.716177E+01  0.000000E+00
0.505823E+01  0.722409E+01  0.000000E+00
0.511771E+01  0.728627E+01  0.000000E+00
0.517711E+01  0.734830E+01  0.000000E+00
0.523643E+01  0.741018E+01  0.000000E+00
0.529566E+01  0.747193E+01  0.000000E+00
0.535481E+01  0.753354E+01  0.000000E+00
0.541388E+01  0.759503E+01  0.000000E+00
0.547287E+01  0.765638E+01  0.000000E+00
0.553178E+01  0.771762E+01  0.000000E+00
0.559061E+01  0.777873E+01  0.000000E+00
0.564936E+01  0.783972E+01  0.000000E+00
0.570804E+01  0.790060E+01  0.000000E+00
0.576664E+01  0.796136E+01  0.000000E+00
0.582517E+01  0.802202E+01  0.000000E+00
0.588362E+01  0.808256E+01  0.000000E+00
0.594200E+01  0.814301E+01  0.000000E+00
0.600031E+01  0.820335E+01  0.000000E+00
0.605855E+01  0.826358E+01  0.000000E+00
0.611671E+01  0.832372E+01  0.000000E+00
0.617481E+01  0.838377E+01  0.000000E+00
0.623284E+01  0.844372E+01  0.000000E+00
0.629080E+01  0.850357E+01  0.000000E+00
0.634869E+01  0.856333E+01  0.000000E+00
0.640652E+01  0.862301E+01  0.000000E+00
0.646428E+01  0.868260E+01  0.000000E+00
0.652198E+01  0.874210E+01  0.000000E+00
0.657961E+01  0.880151E+01  0.000000E+00
0.663718E+01  0.886084E+01  0.000000E+00
0.669468E+01  0.892009E+01  0.000000E+00
0.675212E+01  0.897926E+01  0.000000E+00
0.680950E+01  0.903835E+01  0.000000E+00
0.686682E+01  0.909737E+01  0.000000E+00
0.692408E+01  0.915630E+01  0.000000E+00
0.698128E+01  0.921516E+01  0.000000E+00
0.703842E+01  0.927395E+01  0.000000E+00
