0.996000E+00  -.873938E-01
0.992000E+00  -.175828E+00
0.988000E+00  -.265323E+00
0.984000E+00  -.355898E+00
0.980000E+00  -.447574E+00
0.976000E+00  -.540372E+00
0.972000E+00  -.634313E+00
0.968000E+00  -.729420E+00
0.964000E+00  -.825714E+00
0.960000E+00  -.923220E+00
0.956000E+00  -.102196E+01
0.952000E+00  -.112196E+01
0.948000E+00  -.122324E+01
0.944000E+00  -.132583E+01
0.940000E+00  -.142976E+01
0.936000E+00  -.153505E+01
0.932000E+00  -.164173E+01
0.928000E+00  -.174982E+01
0.924000E+00  -.185936E+01
0.920000E+00  -.197038E+01
0.916000E+00  -.208290E+01
0.912000E+00  -.219696E+01
0.908000E+00  -.231258E+01
0.904000E+00  -.242980E+01
0.900000E+00  -.254866E+01
0.896000E+00  -.266919E+01
0.892000E+00  -.279141E+01
0.888000E+00  -.291538E+01
0.884000E+00  -.304112E+01
0.880000E+00  -.316867E+01
0.876000E+00  -.329808E+01
0.872000E+00  -.342938E+01
0.868000E+00  -.356261E+01
0.864000E+00  -.369781E+01
0.860000E+00  -.383503E+01
0.856000E+00  -.397432E+01
0.852000E+00  -.411571E+01
0.848000E+00  -.425925E+01
0.844000E+00  -.440500E+01
0.840000E+00  -.455299E+01
0.836000E+00  -.470329E+01
0.832000E+00  -.485594E+01
0.828000E+00  -.501100E+01
0.824000E+00  -.516852E+01
0.820000E+00  -.532856E+01
0.816000E+00  -.549118E+01
0.812000E+00  -.565643E+01
0.808000E+00  -.582438E+01
0.804000E+00  -.599509E+01
0.800000E+00  -.616862E+01
0.796000E+00  -.634505E+01
0.792000E+00  -.652443E+01
0.788000E+00  -.670685E+01
0.784000E+00  -.689238E+01
0.780000E+00  -.708108E+01
0.776000E+00  -.727305E+01
0.772000E+00  -.746834E+01
0.768000E+00  -.766706E+01
0.764000E+00  -.786928E+01
0.760000E+00  -.807509E+01
0.756000E+00  -.828458E+01
0.752000E+00  -.849784E+01
0.748000E+00  -.871497E+01
0.744000E+00  -.893607E+01
0.740000E+00  -.916123E+01
0.736000E+00  -.939057E+01
0.732000E+00  -.962418E+01
0.728000E+00  -.986218E+01
0.724000E+00  -.101047E+02
0.720000E+00  -.103518E+02
0.716000E+00  -.106037E+02
0.712000E+00  -.108605E+02
0.708000E+00  -.111222E+02
0.704000E+00  -.113891E+02
0.700000E+00  -.116613E+02
0.696000E+00  -.119388E+02
0.692000E+00  -.122220E+02
0.688000E+00  -.125109E+02
0.684000E+00  -.128056E+02
0.680000E+00  -.131064E+02
0.676000E+00  -.134135E+02
0.672000E+00  -.137269E+02
0.668000E+00  -.140468E+02
0.664000E+00  -.143736E+02
0.660000E+00  -.147073E+02
0.656000E+00  -.150481E+02
0.652000E+00  -.153963E+02
0.648000E+00  -.157521E+02
0.644000E+00  -.161157E+02
0.640000E+00  -.164874E+02
0.636000E+00  -.168673E+02
0.632000E+00  -.172557E+02
0.628000E+00  -.176529E+02
0.624000E+00  -.180592E+02
0.620000E+00  -.184748E+02
0.616000E+00  -.189001E+02
0.612000E+00  -.193352E+02
0.608000E+00  -.197806E+02
0.604000E+00  -.202366E+02
0.600000E+00  -.207034E+02
