0.996000E+00  -.125108E+00
0.992000E+00  -.251813E+00
0.988000E+00  -.380146E+00
0.984000E+00  -.510137E+00
0.980000E+00  -.641819E+00
0.976000E+00  -.775226E+00
0.972000E+00  -.910390E+00
0.968000E+00  -.104735E+01
0.964000E+00  -.118613E+01
0.960000E+00  -.132678E+01
0.956000E+00  -.146933E+01
0.952000E+00  -.161381E+01
0.948000E+00  -.176028E+01
0.944000E+00  -.190876E+01
0.940000E+00  -.205930E+01
0.936000E+00  -.221194E+01
0.932000E+00  -.236673E+01
0.928000E+00  -.252370E+01
0.924000E+00  -.268290E+01
0.920000E+00  -.284439E+01
0.916000E+00  -.300819E+01
0.912000E+00  -.317438E+01
0.908000E+00  -.334298E+01
0.904000E+00  -.351407E+01
0.900000E+00  -.368768E+01
0.896000E+00  -.386387E+01
0.892000E+00  -.404270E+01
0.888000E+00  -.422423E+01
0.884000E+00  -.440850E+01
0.880000E+00  -.459559E+01
0.876000E+00  -.478555E+01
0.872000E+00  -.497844E+01
0.868000E+00  -.517434E+01
0.864000E+00  -.537330E+01
0.860000E+00  -.557540E+01
0.856000E+00  -.578070E+01
0.852000E+00  -.598928E+01
0.848000E+00  -.620121E+01
0.844000E+00  -.641657E+01
0.840000E+00  -.663543E+01
0.836000E+00  -.685788E+01
0.832000E+00  -.708399E+01
0.828000E+00  -.731386E+01
0.824000E+00  -.754756E+01
0.820000E+00  -.778520E+01
0.816000E+00  -.802685E+01
0.812000E+00  -.827262E+01
0.808000E+00  -.852260E+01
0.804000E+00  -.877690E+01
0.800000E+00  -.903562E+01
0.796000E+00  -.929886E+01
0.792000E+00  -.956673E+01
0.788000E+00  -.983935E+01
0.784000E+00  -.101168E+02
0.780000E+00  -.103993E+02
0.776000E+00  -.106869E+02
0.772000E+00  -.109797E+02
0.768000E+00  -.112778E+02
0.764000E+00  -.115815E+02
0.760000E+00  -.118908E+02
0.756000E+00  -.122058E+02
0.752000E+00  -.125268E+02
0.748000E+00  -.128539E+02
0.744000E+00  -.131872E+02
0.740000E+00  -.135270E+02
0.736000E+00  -.138732E+02
0.732000E+00  -.142263E+02
0.728000E+00  -.145862E+02
0.724000E+00  -.149532E+02
0.720000E+00  -.153276E+02
0.716000E+00  -.157094E+02
0.712000E+00  -.160989E+02
0.708000E+00  -.164963E+02
0.704000E+00  -.169018E+02
0.700000E+00  -.173157E+02
0.696000E+00  -.177381E+02
0.692000E+00  -.181693E+02
0.688000E+00  -.186096E+02
0.684000E+00  -.190592E+02
0.680000E+00  -.195184E+02
0.676000E+00  -.199874E+02
0.672000E+00  -.204665E+02
0.668000E+00  -.209561E+02
0.664000E+00  -.214564E+02
0.660000E+00  -.219677E+02
0.656000E+00  -.224904E+02
0.652000E+00  -.230248E+02
0.648000E+00  -.235713E+02
0.644000E+00  -.241301E+02
0.640000E+00  -.247018E+02
0.636000E+00  -.252866E+02
0.632000E+00  -.258850E+02
0.628000E+00  -.264974E+02
0.624000E+00  -.271242E+02
0.620000E+00  -.277659E+02
0.616000E+00  -.284230E+02
0.612000E+00  -.290959E+02
0.608000E+00  -.297852E+02
0.604000E+00  -.304913E+02
0.600000E+00  -.312148E+02
