0.996000E+00  -.446443E-01
0.992000E+00  -.897833E-01
0.988000E+00  -.135426E+00
0.984000E+00  -.181582E+00
0.980000E+00  -.228261E+00
0.976000E+00  -.275472E+00
0.972000E+00  -.323225E+00
0.968000E+00  -.371532E+00
0.964000E+00  -.420401E+00
0.960000E+00  -.469844E+00
0.956000E+00  -.519872E+00
0.952000E+00  -.570495E+00
0.948000E+00  -.621727E+00
0.944000E+00  -.673577E+00
0.940000E+00  -.726059E+00
0.936000E+00  -.779184E+00
0.932000E+00  -.832965E+00
0.928000E+00  -.887416E+00
0.924000E+00  -.942548E+00
0.920000E+00  -.998377E+00
0.916000E+00  -.105492E+01
0.912000E+00  -.111218E+01
0.908000E+00  -.117018E+01
0.904000E+00  -.122893E+01
0.900000E+00  -.128846E+01
0.896000E+00  -.134877E+01
0.892000E+00  -.140987E+01
0.888000E+00  -.147180E+01
0.884000E+00  -.153456E+01
0.880000E+00  -.159817E+01
0.876000E+00  -.166265E+01
0.872000E+00  -.172802E+01
0.868000E+00  -.179430E+01
0.864000E+00  -.186150E+01
0.860000E+00  -.192965E+01
0.856000E+00  -.199876E+01
0.852000E+00  -.206886E+01
0.848000E+00  -.213997E+01
0.844000E+00  -.221210E+01
0.840000E+00  -.228529E+01
0.836000E+00  -.235956E+01
0.832000E+00  -.243492E+01
0.828000E+00  -.251141E+01
0.824000E+00  -.258905E+01
0.820000E+00  -.266786E+01
0.816000E+00  -.274787E+01
0.812000E+00  -.282912E+01
0.808000E+00  -.291162E+01
0.804000E+00  -.299540E+01
0.800000E+00  -.308050E+01
0.796000E+00  -.316694E+01
0.792000E+00  -.325476E+01
0.788000E+00  -.334399E+01
0.784000E+00  -.343466E+01
0.780000E+00  -.352681E+01
0.776000E+00  -.362047E+01
0.772000E+00  -.371568E+01
0.768000E+00  -.381247E+01
0.764000E+00  -.391089E+01
0.760000E+00  -.401096E+01
0.756000E+00  -.411274E+01
0.752000E+00  -.421627E+01
0.748000E+00  -.432158E+01
0.744000E+00  -.442873E+01
0.740000E+00  -.453776E+01
0.736000E+00  -.464871E+01
0.732000E+00  -.476164E+01
0.728000E+00  -.487659E+01
0.724000E+00  -.499362E+01
0.720000E+00  -.511277E+01
0.716000E+00  -.523412E+01
0.712000E+00  -.535771E+01
0.708000E+00  -.548359E+01
0.704000E+00  -.561185E+01
0.700000E+00  -.574252E+01
0.696000E+00  -.587568E+01
0.692000E+00  -.601141E+01
0.688000E+00  -.614975E+01
0.684000E+00  -.629079E+01
0.680000E+00  -.643461E+01
0.676000E+00  -.658127E+01
0.672000E+00  -.673085E+01
0.668000E+00  -.688345E+01
0.664000E+00  -.703913E+01
0.660000E+00  -.719800E+01
0.656000E+00  -.736013E+01
0.652000E+00  -.752562E+01
0.648000E+00  -.769458E+01
0.644000E+00  -.786709E+01
0.640000E+00  -.804327E+01
0.636000E+00  -.822322E+01
0.632000E+00  -.840705E+01
0.628000E+00  -.859488E+01
0.624000E+00  -.878683E+01
0.620000E+00  -.898302E+01
0.616000E+00  -.918358E+01
0.612000E+00  -.938865E+01
0.608000E+00  -.959836E+01
0.604000E+00  -.981286E+01
0.600000E+00  -.100323E+02
