0.996000E+00  -.384054E-01
0.992000E+00  -.773078E-01
0.988000E+00  -.116717E+00
0.984000E+00  -.156642E+00
0.980000E+00  -.197095E+00
0.976000E+00  -.238083E+00
0.972000E+00  -.279620E+00
0.968000E+00  -.321714E+00
0.964000E+00  -.364378E+00
0.960000E+00  -.407622E+00
0.956000E+00  -.451458E+00
0.952000E+00  -.495898E+00
0.948000E+00  -.540955E+00
0.944000E+00  -.586640E+00
0.940000E+00  -.632966E+00
0.936000E+00  -.679947E+00
0.932000E+00  -.727595E+00
0.928000E+00  -.775926E+00
0.924000E+00  -.824952E+00
0.920000E+00  -.874688E+00
0.916000E+00  -.925150E+00
0.912000E+00  -.976351E+00
0.908000E+00  -.102831E+01
0.904000E+00  -.108104E+01
0.900000E+00  -.113456E+01
0.896000E+00  -.118888E+01
0.892000E+00  -.124402E+01
0.888000E+00  -.130001E+01
0.884000E+00  -.135685E+01
0.880000E+00  -.141457E+01
0.876000E+00  -.147319E+01
0.872000E+00  -.153272E+01
0.868000E+00  -.159319E+01
0.864000E+00  -.165462E+01
0.860000E+00  -.171702E+01
0.856000E+00  -.178043E+01
0.852000E+00  -.184485E+01
0.848000E+00  -.191033E+01
0.844000E+00  -.197687E+01
0.840000E+00  -.204450E+01
0.836000E+00  -.211326E+01
0.832000E+00  -.218316E+01
0.828000E+00  -.225423E+01
0.824000E+00  -.232650E+01
0.820000E+00  -.240000E+01
0.816000E+00  -.247475E+01
0.812000E+00  -.255079E+01
0.808000E+00  -.262815E+01
0.804000E+00  -.270685E+01
0.800000E+00  -.278694E+01
0.796000E+00  -.286843E+01
0.792000E+00  -.295138E+01
0.788000E+00  -.303580E+01
0.784000E+00  -.312175E+01
0.780000E+00  -.320925E+01
0.776000E+00  -.329835E+01
0.772000E+00  -.338909E+01
0.768000E+00  -.348150E+01
0.764000E+00  -.357563E+01
0.760000E+00  -.367152E+01
0.756000E+00  -.376922E+01
0.752000E+00  -.386877E+01
0.748000E+00  -.397022E+01
0.744000E+00  -.407363E+01
0.740000E+00  -.417903E+01
0.736000E+00  -.428649E+01
0.732000E+00  -.439606E+01
0.728000E+00  -.450779E+01
0.724000E+00  -.462175E+01
0.720000E+00  -.473798E+01
0.716000E+00  -.485656E+01
0.712000E+00  -.497754E+01
0.708000E+00  -.510100E+01
0.704000E+00  -.522699E+01
0.700000E+00  -.535560E+01
0.696000E+00  -.548689E+01
0.692000E+00  -.562093E+01
0.688000E+00  -.575781E+01
0.684000E+00  -.589761E+01
0.680000E+00  -.604040E+01
0.676000E+00  -.618628E+01
0.672000E+00  -.633533E+01
0.668000E+00  -.648765E+01
0.664000E+00  -.664332E+01
0.660000E+00  -.680246E+01
0.656000E+00  -.696515E+01
0.652000E+00  -.713151E+01
0.648000E+00  -.730165E+01
0.644000E+00  -.747568E+01
0.640000E+00  -.765372E+01
0.636000E+00  -.783589E+01
0.632000E+00  -.802231E+01
0.628000E+00  -.821312E+01
0.624000E+00  -.840846E+01
0.620000E+00  -.860846E+01
0.616000E+00  -.881328E+01
0.612000E+00  -.902307E+01
0.608000E+00  -.923798E+01
0.604000E+00  -.945818E+01
0.600000E+00  -.968384E+01
