0.996000E+00  -.487630E-01
0.992000E+00  -.980991E-01
0.988000E+00  -.148019E+00
0.984000E+00  -.198534E+00
0.980000E+00  -.249655E+00
0.976000E+00  -.301393E+00
0.972000E+00  -.353761E+00
0.968000E+00  -.406771E+00
0.964000E+00  -.460435E+00
0.960000E+00  -.514765E+00
0.956000E+00  -.569774E+00
0.952000E+00  -.625476E+00
0.948000E+00  -.681885E+00
0.944000E+00  -.739014E+00
0.940000E+00  -.796878E+00
0.936000E+00  -.855490E+00
0.932000E+00  -.914867E+00
0.928000E+00  -.975023E+00
0.924000E+00  -.103597E+01
0.920000E+00  -.109774E+01
0.916000E+00  -.116033E+01
0.912000E+00  -.122376E+01
0.908000E+00  -.128806E+01
0.904000E+00  -.135324E+01
0.900000E+00  -.141931E+01
0.896000E+00  -.148630E+01
0.892000E+00  -.155423E+01
0.888000E+00  -.162311E+01
0.884000E+00  -.169297E+01
0.880000E+00  -.176382E+01
0.876000E+00  -.183570E+01
0.872000E+00  -.190861E+01
0.868000E+00  -.198258E+01
0.864000E+00  -.205764E+01
0.860000E+00  -.213380E+01
0.856000E+00  -.221110E+01
0.852000E+00  -.228956E+01
0.848000E+00  -.236920E+01
0.844000E+00  -.245005E+01
0.840000E+00  -.253213E+01
0.836000E+00  -.261548E+01
0.832000E+00  -.270012E+01
0.828000E+00  -.278608E+01
0.824000E+00  -.287339E+01
0.820000E+00  -.296208E+01
0.816000E+00  -.305219E+01
0.812000E+00  -.314375E+01
0.808000E+00  -.323678E+01
0.804000E+00  -.333133E+01
0.800000E+00  -.342743E+01
0.796000E+00  -.352512E+01
0.792000E+00  -.362443E+01
0.788000E+00  -.372541E+01
0.784000E+00  -.382809E+01
0.780000E+00  -.393251E+01
0.776000E+00  -.403872E+01
0.772000E+00  -.414675E+01
0.768000E+00  -.425667E+01
0.764000E+00  -.436850E+01
0.760000E+00  -.448230E+01
0.756000E+00  -.459812E+01
0.752000E+00  -.471600E+01
0.748000E+00  -.483601E+01
0.744000E+00  -.495819E+01
0.740000E+00  -.508259E+01
0.736000E+00  -.520929E+01
0.732000E+00  -.533832E+01
0.728000E+00  -.546976E+01
0.724000E+00  -.560367E+01
0.720000E+00  -.574012E+01
0.716000E+00  -.587916E+01
0.712000E+00  -.602087E+01
0.708000E+00  -.616532E+01
0.704000E+00  -.631258E+01
0.700000E+00  -.646273E+01
0.696000E+00  -.661585E+01
0.692000E+00  -.677201E+01
0.688000E+00  -.693131E+01
0.684000E+00  -.709382E+01
0.680000E+00  -.725965E+01
0.676000E+00  -.742887E+01
0.672000E+00  -.760159E+01
0.668000E+00  -.777791E+01
0.664000E+00  -.795792E+01
0.660000E+00  -.814173E+01
0.656000E+00  -.832947E+01
0.652000E+00  -.852122E+01
0.648000E+00  -.871713E+01
0.644000E+00  -.891730E+01
0.640000E+00  -.912186E+01
0.636000E+00  -.933095E+01
0.632000E+00  -.954470E+01
0.628000E+00  -.976326E+01
0.624000E+00  -.998676E+01
0.620000E+00  -.102154E+02
0.616000E+00  -.104492E+02
0.612000E+00  -.106885E+02
0.608000E+00  -.109334E+02
0.604000E+00  -.111840E+02
0.600000E+00  -.114406E+02
