0.996000E+00  -.105611E+00
0.992000E+00  -.212217E+00
0.988000E+00  -.319834E+00
0.984000E+00  -.428480E+00
0.980000E+00  -.538174E+00
0.976000E+00  -.648933E+00
0.972000E+00  -.760776E+00
0.968000E+00  -.873723E+00
0.964000E+00  -.987793E+00
0.960000E+00  -.110301E+01
0.956000E+00  -.121939E+01
0.952000E+00  -.133695E+01
0.948000E+00  -.145572E+01
0.944000E+00  -.157572E+01
0.940000E+00  -.169697E+01
0.936000E+00  -.181949E+01
0.932000E+00  -.194331E+01
0.928000E+00  -.206845E+01
0.924000E+00  -.219494E+01
0.920000E+00  -.232280E+01
0.916000E+00  -.245206E+01
0.912000E+00  -.258274E+01
0.908000E+00  -.271487E+01
0.904000E+00  -.284848E+01
0.900000E+00  -.298360E+01
0.896000E+00  -.312025E+01
0.892000E+00  -.325847E+01
0.888000E+00  -.339829E+01
0.884000E+00  -.353973E+01
0.880000E+00  -.368283E+01
0.876000E+00  -.382762E+01
0.872000E+00  -.397414E+01
0.868000E+00  -.412241E+01
0.864000E+00  -.427249E+01
0.860000E+00  -.442439E+01
0.856000E+00  -.457816E+01
0.852000E+00  -.473383E+01
0.848000E+00  -.489145E+01
0.844000E+00  -.505106E+01
0.840000E+00  -.521269E+01
0.836000E+00  -.537639E+01
0.832000E+00  -.554220E+01
0.828000E+00  -.571016E+01
0.824000E+00  -.588032E+01
0.820000E+00  -.605273E+01
0.816000E+00  -.622743E+01
0.812000E+00  -.640448E+01
0.808000E+00  -.658392E+01
0.804000E+00  -.676580E+01
0.800000E+00  -.695018E+01
0.796000E+00  -.713712E+01
0.792000E+00  -.732666E+01
0.788000E+00  -.751887E+01
0.784000E+00  -.771380E+01
0.780000E+00  -.791152E+01
0.776000E+00  -.811209E+01
0.772000E+00  -.831557E+01
0.768000E+00  -.852203E+01
0.764000E+00  -.873153E+01
0.760000E+00  -.894415E+01
0.756000E+00  -.915996E+01
0.752000E+00  -.937903E+01
0.748000E+00  -.960143E+01
0.744000E+00  -.982725E+01
0.740000E+00  -.100566E+02
0.736000E+00  -.102895E+02
0.732000E+00  -.105260E+02
0.728000E+00  -.107663E+02
0.724000E+00  -.110105E+02
0.720000E+00  -.112586E+02
0.716000E+00  -.115107E+02
0.712000E+00  -.117670E+02
0.708000E+00  -.120274E+02
0.704000E+00  -.122923E+02
0.700000E+00  -.125615E+02
0.696000E+00  -.128353E+02
0.692000E+00  -.131138E+02
0.688000E+00  -.133971E+02
0.684000E+00  -.136853E+02
0.680000E+00  -.139786E+02
0.676000E+00  -.142770E+02
0.672000E+00  -.145807E+02
0.668000E+00  -.148899E+02
0.664000E+00  -.152046E+02
0.660000E+00  -.155251E+02
0.656000E+00  -.158515E+02
0.652000E+00  -.161839E+02
0.648000E+00  -.165226E+02
0.644000E+00  -.168676E+02
0.640000E+00  -.172192E+02
0.636000E+00  -.175775E+02
0.632000E+00  -.179428E+02
0.628000E+00  -.183151E+02
0.624000E+00  -.186948E+02
0.620000E+00  -.190821E+02
0.616000E+00  -.194770E+02
0.612000E+00  -.198800E+02
0.608000E+00  -.202911E+02
0.604000E+00  -.207107E+02
0.600000E+00  -.211389E+02
