0.996000E+00  -.156669E+00
0.992000E+00  -.315178E+00
0.988000E+00  -.475563E+00
0.984000E+00  -.637858E+00
0.980000E+00  -.802099E+00
0.976000E+00  -.968325E+00
0.972000E+00  -.113657E+01
0.968000E+00  -.130688E+01
0.964000E+00  -.147929E+01
0.960000E+00  -.165383E+01
0.956000E+00  -.183056E+01
0.952000E+00  -.200952E+01
0.948000E+00  -.219074E+01
0.944000E+00  -.237428E+01
0.940000E+00  -.256017E+01
0.936000E+00  -.274848E+01
0.932000E+00  -.293923E+01
0.928000E+00  -.313249E+01
0.924000E+00  -.332830E+01
0.920000E+00  -.352672E+01
0.916000E+00  -.372779E+01
0.912000E+00  -.393158E+01
0.908000E+00  -.413814E+01
0.904000E+00  -.434752E+01
0.900000E+00  -.455979E+01
0.896000E+00  -.477499E+01
0.892000E+00  -.499321E+01
0.888000E+00  -.521449E+01
0.884000E+00  -.543891E+01
0.880000E+00  -.566652E+01
0.876000E+00  -.589740E+01
0.872000E+00  -.613163E+01
0.868000E+00  -.636926E+01
0.864000E+00  -.661037E+01
0.860000E+00  -.685504E+01
0.856000E+00  -.710335E+01
0.852000E+00  -.735538E+01
0.848000E+00  -.761120E+01
0.844000E+00  -.787091E+01
0.840000E+00  -.813459E+01
0.836000E+00  -.840232E+01
0.832000E+00  -.867421E+01
0.828000E+00  -.895034E+01
0.824000E+00  -.923080E+01
0.820000E+00  -.951571E+01
0.816000E+00  -.980516E+01
0.812000E+00  -.100992E+02
0.808000E+00  -.103981E+02
0.804000E+00  -.107018E+02
0.800000E+00  -.110105E+02
0.796000E+00  -.113243E+02
0.792000E+00  -.116433E+02
0.788000E+00  -.119676E+02
0.784000E+00  -.122974E+02
0.780000E+00  -.126328E+02
0.776000E+00  -.129740E+02
0.772000E+00  -.133210E+02
0.768000E+00  -.136740E+02
0.764000E+00  -.140332E+02
0.760000E+00  -.143988E+02
0.756000E+00  -.147708E+02
0.752000E+00  -.151494E+02
0.748000E+00  -.155349E+02
0.744000E+00  -.159273E+02
0.740000E+00  -.163269E+02
0.736000E+00  -.167338E+02
0.732000E+00  -.171483E+02
0.728000E+00  -.175704E+02
0.724000E+00  -.180005E+02
0.720000E+00  -.184388E+02
0.716000E+00  -.188853E+02
0.712000E+00  -.193405E+02
0.708000E+00  -.198044E+02
0.704000E+00  -.202774E+02
0.700000E+00  -.207597E+02
0.696000E+00  -.212514E+02
0.692000E+00  -.217530E+02
0.688000E+00  -.222646E+02
0.684000E+00  -.227866E+02
0.680000E+00  -.233191E+02
0.676000E+00  -.238626E+02
0.672000E+00  -.244173E+02
0.668000E+00  -.249836E+02
0.664000E+00  -.255617E+02
0.660000E+00  -.261521E+02
0.656000E+00  -.267550E+02
0.652000E+00  -.273709E+02
0.648000E+00  -.280000E+02
0.644000E+00  -.286429E+02
0.640000E+00  -.292998E+02
0.636000E+00  -.299713E+02
0.632000E+00  -.306578E+02
0.628000E+00  -.313597E+02
0.624000E+00  -.320775E+02
0.620000E+00  -.328116E+02
0.616000E+00  -.335626E+02
0.612000E+00  -.343311E+02
0.608000E+00  -.351175E+02
0.604000E+00  -.359223E+02
0.600000E+00  -.367463E+02
