0.996000E+00  -.914699E-01
0.992000E+00  -.183972E+00
0.988000E+00  -.277526E+00
0.984000E+00  -.372152E+00
0.980000E+00  -.467868E+00
0.976000E+00  -.564697E+00
0.972000E+00  -.662658E+00
0.968000E+00  -.761773E+00
0.964000E+00  -.862065E+00
0.960000E+00  -.963555E+00
0.956000E+00  -.106627E+01
0.952000E+00  -.117022E+01
0.948000E+00  -.127545E+01
0.944000E+00  -.138197E+01
0.940000E+00  -.148981E+01
0.936000E+00  -.159900E+01
0.932000E+00  -.170955E+01
0.928000E+00  -.182151E+01
0.924000E+00  -.193489E+01
0.920000E+00  -.204973E+01
0.916000E+00  -.216605E+01
0.912000E+00  -.228389E+01
0.908000E+00  -.240327E+01
0.904000E+00  -.252423E+01
0.900000E+00  -.264680E+01
0.896000E+00  -.277101E+01
0.892000E+00  -.289690E+01
0.888000E+00  -.302450E+01
0.884000E+00  -.315384E+01
0.880000E+00  -.328497E+01
0.876000E+00  -.341791E+01
0.872000E+00  -.355272E+01
0.868000E+00  -.368943E+01
0.864000E+00  -.382807E+01
0.860000E+00  -.396870E+01
0.856000E+00  -.411135E+01
0.852000E+00  -.425606E+01
0.848000E+00  -.440289E+01
0.844000E+00  -.455188E+01
0.840000E+00  -.470308E+01
0.836000E+00  -.485653E+01
0.832000E+00  -.501228E+01
0.828000E+00  -.517039E+01
0.824000E+00  -.533091E+01
0.820000E+00  -.549390E+01
0.816000E+00  -.565941E+01
0.812000E+00  -.582749E+01
0.808000E+00  -.599821E+01
0.804000E+00  -.617163E+01
0.800000E+00  -.634781E+01
0.796000E+00  -.652681E+01
0.792000E+00  -.670870E+01
0.788000E+00  -.689355E+01
0.784000E+00  -.708144E+01
0.780000E+00  -.727242E+01
0.776000E+00  -.746657E+01
0.772000E+00  -.766398E+01
0.768000E+00  -.786472E+01
0.764000E+00  -.806887E+01
0.760000E+00  -.827651E+01
0.756000E+00  -.848773E+01
0.752000E+00  -.870262E+01
0.748000E+00  -.892128E+01
0.744000E+00  -.914378E+01
0.740000E+00  -.937024E+01
0.736000E+00  -.960075E+01
0.732000E+00  -.983542E+01
0.728000E+00  -.100743E+02
0.724000E+00  -.103176E+02
0.720000E+00  -.105654E+02
0.716000E+00  -.108178E+02
0.712000E+00  -.110749E+02
0.708000E+00  -.113368E+02
0.704000E+00  -.116038E+02
0.700000E+00  -.118758E+02
0.696000E+00  -.121531E+02
0.692000E+00  -.124357E+02
0.688000E+00  -.127239E+02
0.684000E+00  -.130178E+02
0.680000E+00  -.133175E+02
0.676000E+00  -.136232E+02
0.672000E+00  -.139351E+02
0.668000E+00  -.142533E+02
0.664000E+00  -.145780E+02
0.660000E+00  -.149095E+02
0.656000E+00  -.152478E+02
0.652000E+00  -.155933E+02
0.648000E+00  -.159460E+02
0.644000E+00  -.163063E+02
0.640000E+00  -.166743E+02
0.636000E+00  -.170502E+02
0.632000E+00  -.174343E+02
0.628000E+00  -.178269E+02
0.624000E+00  -.182282E+02
0.620000E+00  -.186385E+02
0.616000E+00  -.190579E+02
0.612000E+00  -.194869E+02
0.608000E+00  -.199258E+02
0.604000E+00  -.203747E+02
0.600000E+00  -.208341E+02
