0.996000E+00  -.130207E+00
0.992000E+00  -.261643E+00
0.988000E+00  -.394329E+00
0.984000E+00  -.528287E+00
0.980000E+00  -.663538E+00
0.976000E+00  -.800107E+00
0.972000E+00  -.938016E+00
0.968000E+00  -.107729E+01
0.964000E+00  -.121795E+01
0.960000E+00  -.136002E+01
0.956000E+00  -.150354E+01
0.952000E+00  -.164852E+01
0.948000E+00  -.179499E+01
0.944000E+00  -.194297E+01
0.940000E+00  -.209251E+01
0.936000E+00  -.224362E+01
0.932000E+00  -.239633E+01
0.928000E+00  -.255068E+01
0.924000E+00  -.270669E+01
0.920000E+00  -.286439E+01
0.916000E+00  -.302383E+01
0.912000E+00  -.318502E+01
0.908000E+00  -.334801E+01
0.904000E+00  -.351282E+01
0.900000E+00  -.367950E+01
0.896000E+00  -.384808E+01
0.892000E+00  -.401859E+01
0.888000E+00  -.419107E+01
0.884000E+00  -.436557E+01
0.880000E+00  -.454212E+01
0.876000E+00  -.472076E+01
0.872000E+00  -.490153E+01
0.868000E+00  -.508448E+01
0.864000E+00  -.526964E+01
0.860000E+00  -.545707E+01
0.856000E+00  -.564681E+01
0.852000E+00  -.583891E+01
0.848000E+00  -.603341E+01
0.844000E+00  -.623037E+01
0.840000E+00  -.642983E+01
0.836000E+00  -.663184E+01
0.832000E+00  -.683647E+01
0.828000E+00  -.704376E+01
0.824000E+00  -.725377E+01
0.820000E+00  -.746656E+01
0.816000E+00  -.768219E+01
0.812000E+00  -.790071E+01
0.808000E+00  -.812220E+01
0.804000E+00  -.834671E+01
0.800000E+00  -.857431E+01
0.796000E+00  -.880506E+01
0.792000E+00  -.903904E+01
0.788000E+00  -.927632E+01
0.784000E+00  -.951697E+01
0.780000E+00  -.976107E+01
0.776000E+00  -.100087E+02
0.772000E+00  -.102599E+02
0.768000E+00  -.105148E+02
0.764000E+00  -.107735E+02
0.760000E+00  -.110360E+02
0.756000E+00  -.113025E+02
0.752000E+00  -.115730E+02
0.748000E+00  -.118476E+02
0.744000E+00  -.121265E+02
0.740000E+00  -.124097E+02
0.736000E+00  -.126973E+02
0.732000E+00  -.129895E+02
0.728000E+00  -.132863E+02
0.724000E+00  -.135878E+02
0.720000E+00  -.138942E+02
0.716000E+00  -.142056E+02
0.712000E+00  -.145222E+02
0.708000E+00  -.148439E+02
0.704000E+00  -.151710E+02
0.700000E+00  -.155037E+02
0.696000E+00  -.158419E+02
0.692000E+00  -.161860E+02
0.688000E+00  -.165359E+02
0.684000E+00  -.168920E+02
0.680000E+00  -.172543E+02
0.676000E+00  -.176230E+02
0.672000E+00  -.179983E+02
0.668000E+00  -.183803E+02
0.664000E+00  -.187692E+02
0.660000E+00  -.191652E+02
0.656000E+00  -.195686E+02
0.652000E+00  -.199794E+02
0.648000E+00  -.203979E+02
0.644000E+00  -.208243E+02
0.640000E+00  -.212588E+02
0.636000E+00  -.217017E+02
0.632000E+00  -.221532E+02
0.628000E+00  -.226134E+02
0.624000E+00  -.230828E+02
0.620000E+00  -.235614E+02
0.616000E+00  -.240497E+02
0.612000E+00  -.245478E+02
0.608000E+00  -.250561E+02
0.604000E+00  -.255748E+02
0.600000E+00  -.261043E+02
