0.996000E+00  -.652299E-01
0.992000E+00  -.131331E+00
0.988000E+00  -.198320E+00
0.984000E+00  -.266214E+00
0.980000E+00  -.335031E+00
0.976000E+00  -.404789E+00
0.972000E+00  -.475507E+00
0.968000E+00  -.547204E+00
0.964000E+00  -.619900E+00
0.960000E+00  -.693614E+00
0.956000E+00  -.768367E+00
0.952000E+00  -.844180E+00
0.948000E+00  -.921074E+00
0.944000E+00  -.999072E+00
0.940000E+00  -.107820E+01
0.936000E+00  -.115847E+01
0.932000E+00  -.123992E+01
0.928000E+00  -.132256E+01
0.924000E+00  -.140643E+01
0.920000E+00  -.149154E+01
0.916000E+00  -.157793E+01
0.912000E+00  -.166562E+01
0.908000E+00  -.175464E+01
0.904000E+00  -.184501E+01
0.900000E+00  -.193677E+01
0.896000E+00  -.202995E+01
0.892000E+00  -.212458E+01
0.888000E+00  -.222068E+01
0.884000E+00  -.231829E+01
0.880000E+00  -.241745E+01
0.876000E+00  -.251819E+01
0.872000E+00  -.262053E+01
0.868000E+00  -.272453E+01
0.864000E+00  -.283021E+01
0.860000E+00  -.293761E+01
0.856000E+00  -.304678E+01
0.852000E+00  -.315775E+01
0.848000E+00  -.327056E+01
0.844000E+00  -.338526E+01
0.840000E+00  -.350188E+01
0.836000E+00  -.362048E+01
0.832000E+00  -.374110E+01
0.828000E+00  -.386378E+01
0.824000E+00  -.398858E+01
0.820000E+00  -.411554E+01
0.816000E+00  -.424472E+01
0.812000E+00  -.437617E+01
0.808000E+00  -.450994E+01
0.804000E+00  -.464610E+01
0.800000E+00  -.478468E+01
0.796000E+00  -.492577E+01
0.792000E+00  -.506941E+01
0.788000E+00  -.521567E+01
0.784000E+00  -.536462E+01
0.780000E+00  -.551632E+01
0.776000E+00  -.567084E+01
0.772000E+00  -.582825E+01
0.768000E+00  -.598862E+01
0.764000E+00  -.615204E+01
0.760000E+00  -.631857E+01
0.756000E+00  -.648830E+01
0.752000E+00  -.666131E+01
0.748000E+00  -.683768E+01
0.744000E+00  -.701751E+01
0.740000E+00  -.720088E+01
0.736000E+00  -.738789E+01
0.732000E+00  -.757863E+01
0.728000E+00  -.777320E+01
0.724000E+00  -.797171E+01
0.720000E+00  -.817426E+01
0.716000E+00  -.838096E+01
0.712000E+00  -.859193E+01
0.708000E+00  -.880728E+01
0.704000E+00  -.902714E+01
0.700000E+00  -.925163E+01
0.696000E+00  -.948087E+01
0.692000E+00  -.971500E+01
0.688000E+00  -.995417E+01
0.684000E+00  -.101985E+02
0.680000E+00  -.104482E+02
0.676000E+00  -.107033E+02
0.672000E+00  -.109641E+02
0.668000E+00  -.112306E+02
0.664000E+00  -.115032E+02
0.660000E+00  -.117819E+02
0.656000E+00  -.120669E+02
0.652000E+00  -.123584E+02
0.648000E+00  -.126567E+02
0.644000E+00  -.129618E+02
0.640000E+00  -.132741E+02
0.636000E+00  -.135937E+02
0.632000E+00  -.139209E+02
0.628000E+00  -.142560E+02
0.624000E+00  -.145990E+02
0.620000E+00  -.149504E+02
0.616000E+00  -.153103E+02
0.612000E+00  -.156791E+02
0.608000E+00  -.160571E+02
0.604000E+00  -.164444E+02
0.600000E+00  -.168415E+02
