0.996000E+00  -.180542E+00
0.992000E+00  -.363153E+00
0.988000E+00  -.547871E+00
0.984000E+00  -.734737E+00
0.980000E+00  -.923790E+00
0.976000E+00  -.111507E+01
0.972000E+00  -.130862E+01
0.968000E+00  -.150449E+01
0.964000E+00  -.170272E+01
0.960000E+00  -.190335E+01
0.956000E+00  -.210643E+01
0.952000E+00  -.231200E+01
0.948000E+00  -.252013E+01
0.944000E+00  -.273085E+01
0.940000E+00  -.294421E+01
0.936000E+00  -.316028E+01
0.932000E+00  -.337910E+01
0.928000E+00  -.360072E+01
0.924000E+00  -.382521E+01
0.920000E+00  -.405262E+01
0.916000E+00  -.428301E+01
0.912000E+00  -.451645E+01
0.908000E+00  -.475298E+01
0.904000E+00  -.499268E+01
0.900000E+00  -.523561E+01
0.896000E+00  -.548184E+01
0.892000E+00  -.573144E+01
0.888000E+00  -.598447E+01
0.884000E+00  -.624101E+01
0.880000E+00  -.650113E+01
0.876000E+00  -.676491E+01
0.872000E+00  -.703243E+01
0.868000E+00  -.730376E+01
0.864000E+00  -.757899E+01
0.860000E+00  -.785820E+01
0.856000E+00  -.814148E+01
0.852000E+00  -.842892E+01
0.848000E+00  -.872060E+01
0.844000E+00  -.901663E+01
0.840000E+00  -.931709E+01
0.836000E+00  -.962209E+01
0.832000E+00  -.993173E+01
0.828000E+00  -.102461E+02
0.824000E+00  -.105653E+02
0.820000E+00  -.108895E+02
0.816000E+00  -.112188E+02
0.812000E+00  -.115532E+02
0.808000E+00  -.118930E+02
0.804000E+00  -.122381E+02
0.800000E+00  -.125889E+02
0.796000E+00  -.129453E+02
0.792000E+00  -.133075E+02
0.788000E+00  -.136757E+02
0.784000E+00  -.140500E+02
0.780000E+00  -.144306E+02
0.776000E+00  -.148175E+02
0.772000E+00  -.152110E+02
0.768000E+00  -.156112E+02
0.764000E+00  -.160183E+02
0.760000E+00  -.164324E+02
0.756000E+00  -.168537E+02
0.752000E+00  -.172824E+02
0.748000E+00  -.177187E+02
0.744000E+00  -.181628E+02
0.740000E+00  -.186148E+02
0.736000E+00  -.190751E+02
0.732000E+00  -.195436E+02
0.728000E+00  -.200208E+02
0.724000E+00  -.205068E+02
0.720000E+00  -.210019E+02
0.716000E+00  -.215062E+02
0.712000E+00  -.220201E+02
0.708000E+00  -.225437E+02
0.704000E+00  -.230774E+02
0.700000E+00  -.236213E+02
0.696000E+00  -.241759E+02
0.692000E+00  -.247413E+02
0.688000E+00  -.253179E+02
0.684000E+00  -.259060E+02
0.680000E+00  -.265059E+02
0.676000E+00  -.271179E+02
0.672000E+00  -.277424E+02
0.668000E+00  -.283796E+02
0.664000E+00  -.290301E+02
0.660000E+00  -.296941E+02
0.656000E+00  -.303720E+02
0.652000E+00  -.310643E+02
0.648000E+00  -.317713E+02
0.644000E+00  -.324936E+02
0.640000E+00  -.332314E+02
0.636000E+00  -.339854E+02
0.632000E+00  -.347559E+02
0.628000E+00  -.355435E+02
0.624000E+00  -.363488E+02
0.620000E+00  -.371721E+02
0.616000E+00  -.380141E+02
0.612000E+00  -.388754E+02
0.608000E+00  -.397566E+02
0.604000E+00  -.406582E+02
0.600000E+00  -.415810E+02
