0.996000E+00  -.189677E+00
0.992000E+00  -.381454E+00
0.988000E+00  -.575370E+00
0.984000E+00  -.771464E+00
0.980000E+00  -.969777E+00
0.976000E+00  -.117035E+01
0.972000E+00  -.137323E+01
0.968000E+00  -.157845E+01
0.964000E+00  -.178606E+01
0.960000E+00  -.199611E+01
0.956000E+00  -.220864E+01
0.952000E+00  -.242370E+01
0.948000E+00  -.264133E+01
0.944000E+00  -.286160E+01
0.940000E+00  -.308455E+01
0.936000E+00  -.331022E+01
0.932000E+00  -.353869E+01
0.928000E+00  -.376999E+01
0.924000E+00  -.400419E+01
0.920000E+00  -.424134E+01
0.916000E+00  -.448151E+01
0.912000E+00  -.472474E+01
0.908000E+00  -.497112E+01
0.904000E+00  -.522069E+01
0.900000E+00  -.547353E+01
0.896000E+00  -.572969E+01
0.892000E+00  -.598926E+01
0.888000E+00  -.625229E+01
0.884000E+00  -.651887E+01
0.880000E+00  -.678906E+01
0.876000E+00  -.706294E+01
0.872000E+00  -.734058E+01
0.868000E+00  -.762208E+01
0.864000E+00  -.790750E+01
0.860000E+00  -.819694E+01
0.856000E+00  -.849047E+01
0.852000E+00  -.878820E+01
0.848000E+00  -.909020E+01
0.844000E+00  -.939657E+01
0.840000E+00  -.970741E+01
0.836000E+00  -.100228E+02
0.832000E+00  -.103429E+02
0.828000E+00  -.106677E+02
0.824000E+00  -.109974E+02
0.820000E+00  -.113321E+02
0.816000E+00  -.116719E+02
0.812000E+00  -.120170E+02
0.808000E+00  -.123673E+02
0.804000E+00  -.127231E+02
0.800000E+00  -.130845E+02
0.796000E+00  -.134516E+02
0.792000E+00  -.138245E+02
0.788000E+00  -.142034E+02
0.784000E+00  -.145885E+02
0.780000E+00  -.149798E+02
0.776000E+00  -.153775E+02
0.772000E+00  -.157818E+02
0.768000E+00  -.161928E+02
0.764000E+00  -.166107E+02
0.760000E+00  -.170356E+02
0.756000E+00  -.174678E+02
0.752000E+00  -.179074E+02
0.748000E+00  -.183545E+02
0.744000E+00  -.188095E+02
0.740000E+00  -.192724E+02
0.736000E+00  -.197435E+02
0.732000E+00  -.202230E+02
0.728000E+00  -.207110E+02
0.724000E+00  -.212079E+02
0.720000E+00  -.217138E+02
0.716000E+00  -.222290E+02
0.712000E+00  -.227538E+02
0.708000E+00  -.232882E+02
0.704000E+00  -.238327E+02
0.700000E+00  -.243875E+02
0.696000E+00  -.249529E+02
0.692000E+00  -.255291E+02
0.688000E+00  -.261164E+02
0.684000E+00  -.267152E+02
0.680000E+00  -.273257E+02
0.676000E+00  -.279483E+02
0.672000E+00  -.285834E+02
0.668000E+00  -.292311E+02
0.664000E+00  -.298921E+02
0.660000E+00  -.305664E+02
0.656000E+00  -.312547E+02
0.652000E+00  -.319572E+02
0.648000E+00  -.326745E+02
0.644000E+00  -.334068E+02
0.640000E+00  -.341546E+02
0.636000E+00  -.349185E+02
0.632000E+00  -.356988E+02
0.628000E+00  -.364961E+02
0.624000E+00  -.373109E+02
0.620000E+00  -.381437E+02
0.616000E+00  -.389950E+02
0.612000E+00  -.398654E+02
0.608000E+00  -.407555E+02
0.604000E+00  -.416659E+02
0.600000E+00  -.425973E+02
