0.996000E+00  -.782178E-01
0.992000E+00  -.157363E+00
0.988000E+00  -.237452E+00
0.984000E+00  -.318504E+00
0.980000E+00  -.400537E+00
0.976000E+00  -.483570E+00
0.972000E+00  -.567620E+00
0.968000E+00  -.652710E+00
0.964000E+00  -.738857E+00
0.960000E+00  -.826083E+00
0.956000E+00  -.914409E+00
0.952000E+00  -.100386E+01
0.948000E+00  -.109445E+01
0.944000E+00  -.118620E+01
0.940000E+00  -.127915E+01
0.936000E+00  -.137331E+01
0.932000E+00  -.146870E+01
0.928000E+00  -.156536E+01
0.924000E+00  -.166331E+01
0.920000E+00  -.176256E+01
0.916000E+00  -.186316E+01
0.912000E+00  -.196513E+01
0.908000E+00  -.206849E+01
0.904000E+00  -.217328E+01
0.900000E+00  -.227952E+01
0.896000E+00  -.238725E+01
0.892000E+00  -.249649E+01
0.888000E+00  -.260728E+01
0.884000E+00  -.271965E+01
0.880000E+00  -.283363E+01
0.876000E+00  -.294927E+01
0.872000E+00  -.306659E+01
0.868000E+00  -.318562E+01
0.864000E+00  -.330642E+01
0.860000E+00  -.342901E+01
0.856000E+00  -.355344E+01
0.852000E+00  -.367974E+01
0.848000E+00  -.380796E+01
0.844000E+00  -.393814E+01
0.840000E+00  -.407032E+01
0.836000E+00  -.420455E+01
0.832000E+00  -.434087E+01
0.828000E+00  -.447934E+01
0.824000E+00  -.462000E+01
0.820000E+00  -.476290E+01
0.816000E+00  -.490809E+01
0.812000E+00  -.505563E+01
0.808000E+00  -.520557E+01
0.804000E+00  -.535796E+01
0.800000E+00  -.551287E+01
0.796000E+00  -.567035E+01
0.792000E+00  -.583047E+01
0.788000E+00  -.599328E+01
0.784000E+00  -.615886E+01
0.780000E+00  -.632727E+01
0.776000E+00  -.649857E+01
0.772000E+00  -.667284E+01
0.768000E+00  -.685016E+01
0.764000E+00  -.703059E+01
0.760000E+00  -.721421E+01
0.756000E+00  -.740111E+01
0.752000E+00  -.759136E+01
0.748000E+00  -.778505E+01
0.744000E+00  -.798227E+01
0.740000E+00  -.818311E+01
0.736000E+00  -.838766E+01
0.732000E+00  -.859601E+01
0.728000E+00  -.880827E+01
0.724000E+00  -.902453E+01
0.720000E+00  -.924491E+01
0.716000E+00  -.946950E+01
0.712000E+00  -.969843E+01
0.708000E+00  -.993181E+01
0.704000E+00  -.101698E+02
0.700000E+00  -.104124E+02
0.696000E+00  -.106598E+02
0.692000E+00  -.109122E+02
0.688000E+00  -.111697E+02
0.684000E+00  -.114325E+02
0.680000E+00  -.117006E+02
0.676000E+00  -.119742E+02
0.672000E+00  -.122535E+02
0.668000E+00  -.125386E+02
0.664000E+00  -.128298E+02
0.660000E+00  -.131271E+02
0.656000E+00  -.134308E+02
0.652000E+00  -.137410E+02
0.648000E+00  -.140580E+02
0.644000E+00  -.143819E+02
0.640000E+00  -.147130E+02
0.636000E+00  -.150514E+02
0.632000E+00  -.153974E+02
0.628000E+00  -.157512E+02
0.624000E+00  -.161130E+02
0.620000E+00  -.164832E+02
0.616000E+00  -.168618E+02
0.612000E+00  -.172493E+02
0.608000E+00  -.176459E+02
0.604000E+00  -.180519E+02
0.600000E+00  -.184675E+02
