0.996000E+00  -.497462E-01
0.992000E+00  -.100113E+00
0.988000E+00  -.151111E+00
0.984000E+00  -.202754E+00
0.980000E+00  -.255053E+00
0.976000E+00  -.308022E+00
0.972000E+00  -.361673E+00
0.968000E+00  -.416020E+00
0.964000E+00  -.471075E+00
0.960000E+00  -.526855E+00
0.956000E+00  -.583371E+00
0.952000E+00  -.640640E+00
0.948000E+00  -.698676E+00
0.944000E+00  -.757495E+00
0.940000E+00  -.817112E+00
0.936000E+00  -.877543E+00
0.932000E+00  -.938805E+00
0.928000E+00  -.100092E+01
0.924000E+00  -.106389E+01
0.920000E+00  -.112775E+01
0.916000E+00  -.119251E+01
0.912000E+00  -.125819E+01
0.908000E+00  -.132481E+01
0.904000E+00  -.139239E+01
0.900000E+00  -.146095E+01
0.896000E+00  -.153050E+01
0.892000E+00  -.160108E+01
0.888000E+00  -.167270E+01
0.884000E+00  -.174539E+01
0.880000E+00  -.181916E+01
0.876000E+00  -.189405E+01
0.872000E+00  -.197008E+01
0.868000E+00  -.204726E+01
0.864000E+00  -.212563E+01
0.860000E+00  -.220521E+01
0.856000E+00  -.228604E+01
0.852000E+00  -.236813E+01
0.848000E+00  -.245151E+01
0.844000E+00  -.253622E+01
0.840000E+00  -.262229E+01
0.836000E+00  -.270974E+01
0.832000E+00  -.279861E+01
0.828000E+00  -.288892E+01
0.824000E+00  -.298073E+01
0.820000E+00  -.307405E+01
0.816000E+00  -.316892E+01
0.812000E+00  -.326538E+01
0.808000E+00  -.336347E+01
0.804000E+00  -.346322E+01
0.800000E+00  -.356468E+01
0.796000E+00  -.366789E+01
0.792000E+00  -.377289E+01
0.788000E+00  -.387971E+01
0.784000E+00  -.398841E+01
0.780000E+00  -.409904E+01
0.776000E+00  -.421163E+01
0.772000E+00  -.432624E+01
0.768000E+00  -.444292E+01
0.764000E+00  -.456172E+01
0.760000E+00  -.468269E+01
0.756000E+00  -.480589E+01
0.752000E+00  -.493138E+01
0.748000E+00  -.505921E+01
0.744000E+00  -.518944E+01
0.740000E+00  -.532213E+01
0.736000E+00  -.545736E+01
0.732000E+00  -.559518E+01
0.728000E+00  -.573566E+01
0.724000E+00  -.587888E+01
0.720000E+00  -.602491E+01
0.716000E+00  -.617381E+01
0.712000E+00  -.632568E+01
0.708000E+00  -.648059E+01
0.704000E+00  -.663861E+01
0.700000E+00  -.679985E+01
0.696000E+00  -.696438E+01
0.692000E+00  -.713230E+01
0.688000E+00  -.730370E+01
0.684000E+00  -.747868E+01
0.680000E+00  -.765734E+01
0.676000E+00  -.783979E+01
0.672000E+00  -.802612E+01
0.668000E+00  -.821647E+01
0.664000E+00  -.841093E+01
0.660000E+00  -.860964E+01
0.656000E+00  -.881271E+01
0.652000E+00  -.902028E+01
0.648000E+00  -.923247E+01
0.644000E+00  -.944943E+01
0.640000E+00  -.967129E+01
0.636000E+00  -.989822E+01
0.632000E+00  -.101304E+02
0.628000E+00  -.103679E+02
0.624000E+00  -.106109E+02
0.620000E+00  -.108597E+02
0.616000E+00  -.111143E+02
0.612000E+00  -.113750E+02
0.608000E+00  -.116420E+02
0.604000E+00  -.119154E+02
0.600000E+00  -.121955E+02
