0.996000E+00  -.395676E-01
0.992000E+00  -.795555E-01
0.988000E+00  -.119971E+00
0.984000E+00  -.160823E+00
0.980000E+00  -.202118E+00
0.976000E+00  -.243865E+00
0.972000E+00  -.286073E+00
0.968000E+00  -.328749E+00
0.964000E+00  -.371903E+00
0.960000E+00  -.415543E+00
0.956000E+00  -.459679E+00
0.952000E+00  -.504320E+00
0.948000E+00  -.549475E+00
0.944000E+00  -.595155E+00
0.940000E+00  -.641369E+00
0.936000E+00  -.688129E+00
0.932000E+00  -.735443E+00
0.928000E+00  -.783324E+00
0.924000E+00  -.831781E+00
0.920000E+00  -.880827E+00
0.916000E+00  -.930473E+00
0.912000E+00  -.980731E+00
0.908000E+00  -.103161E+01
0.904000E+00  -.108313E+01
0.900000E+00  -.113530E+01
0.896000E+00  -.118813E+01
0.892000E+00  -.124164E+01
0.888000E+00  -.129583E+01
0.884000E+00  -.135073E+01
0.880000E+00  -.140635E+01
0.876000E+00  -.146270E+01
0.872000E+00  -.151980E+01
0.868000E+00  -.157766E+01
0.864000E+00  -.163630E+01
0.860000E+00  -.169574E+01
0.856000E+00  -.175599E+01
0.852000E+00  -.181707E+01
0.848000E+00  -.187900E+01
0.844000E+00  -.194179E+01
0.840000E+00  -.200547E+01
0.836000E+00  -.207006E+01
0.832000E+00  -.213556E+01
0.828000E+00  -.220202E+01
0.824000E+00  -.226943E+01
0.820000E+00  -.233784E+01
0.816000E+00  -.240725E+01
0.812000E+00  -.247769E+01
0.808000E+00  -.254919E+01
0.804000E+00  -.262176E+01
0.800000E+00  -.269544E+01
0.796000E+00  -.277024E+01
0.792000E+00  -.284620E+01
0.788000E+00  -.292333E+01
0.784000E+00  -.300168E+01
0.780000E+00  -.308125E+01
0.776000E+00  -.316210E+01
0.772000E+00  -.324424E+01
0.768000E+00  -.332770E+01
0.764000E+00  -.341252E+01
0.760000E+00  -.349873E+01
0.756000E+00  -.358636E+01
0.752000E+00  -.367545E+01
0.748000E+00  -.376603E+01
0.744000E+00  -.385814E+01
0.740000E+00  -.395182E+01
0.736000E+00  -.404711E+01
0.732000E+00  -.414404E+01
0.728000E+00  -.424266E+01
0.724000E+00  -.434301E+01
0.720000E+00  -.444513E+01
0.716000E+00  -.454907E+01
0.712000E+00  -.465488E+01
0.708000E+00  -.476261E+01
0.704000E+00  -.487230E+01
0.700000E+00  -.498400E+01
0.696000E+00  -.509778E+01
0.692000E+00  -.521367E+01
0.688000E+00  -.533175E+01
0.684000E+00  -.545207E+01
0.680000E+00  -.557468E+01
0.676000E+00  -.569966E+01
0.672000E+00  -.582707E+01
0.668000E+00  -.595696E+01
0.664000E+00  -.608942E+01
0.660000E+00  -.622452E+01
0.656000E+00  -.636232E+01
0.652000E+00  -.650290E+01
0.648000E+00  -.664635E+01
0.644000E+00  -.679274E+01
0.640000E+00  -.694216E+01
0.636000E+00  -.709470E+01
0.632000E+00  -.725045E+01
0.628000E+00  -.740950E+01
0.624000E+00  -.757195E+01
0.620000E+00  -.773790E+01
0.616000E+00  -.790746E+01
0.612000E+00  -.808073E+01
0.608000E+00  -.825783E+01
0.604000E+00  -.843888E+01
0.600000E+00  -.862399E+01
