0.996000E+00  -.833468E-01
0.992000E+00  -.167801E+00
0.988000E+00  -.253385E+00
0.984000E+00  -.340120E+00
0.980000E+00  -.428030E+00
0.976000E+00  -.517136E+00
0.972000E+00  -.607462E+00
0.968000E+00  -.699034E+00
0.964000E+00  -.791876E+00
0.960000E+00  -.886012E+00
0.956000E+00  -.981470E+00
0.952000E+00  -.107828E+01
0.948000E+00  -.117646E+01
0.944000E+00  -.127604E+01
0.940000E+00  -.137706E+01
0.936000E+00  -.147953E+01
0.932000E+00  -.158350E+01
0.928000E+00  -.168899E+01
0.924000E+00  -.179604E+01
0.920000E+00  -.190467E+01
0.916000E+00  -.201492E+01
0.912000E+00  -.212683E+01
0.908000E+00  -.224042E+01
0.904000E+00  -.235574E+01
0.900000E+00  -.247283E+01
0.896000E+00  -.259171E+01
0.892000E+00  -.271243E+01
0.888000E+00  -.283503E+01
0.884000E+00  -.295955E+01
0.880000E+00  -.308604E+01
0.876000E+00  -.321452E+01
0.872000E+00  -.334506E+01
0.868000E+00  -.347770E+01
0.864000E+00  -.361247E+01
0.860000E+00  -.374943E+01
0.856000E+00  -.388864E+01
0.852000E+00  -.403013E+01
0.848000E+00  -.417397E+01
0.844000E+00  -.432020E+01
0.840000E+00  -.446888E+01
0.836000E+00  -.462007E+01
0.832000E+00  -.477383E+01
0.828000E+00  -.493021E+01
0.824000E+00  -.508928E+01
0.820000E+00  -.525110E+01
0.816000E+00  -.541574E+01
0.812000E+00  -.558326E+01
0.808000E+00  -.575373E+01
0.804000E+00  -.592722E+01
0.800000E+00  -.610381E+01
0.796000E+00  -.628357E+01
0.792000E+00  -.646658E+01
0.788000E+00  -.665291E+01
0.784000E+00  -.684266E+01
0.780000E+00  -.703591E+01
0.776000E+00  -.723273E+01
0.772000E+00  -.743323E+01
0.768000E+00  -.763750E+01
0.764000E+00  -.784562E+01
0.760000E+00  -.805771E+01
0.756000E+00  -.827386E+01
0.752000E+00  -.849417E+01
0.748000E+00  -.871875E+01
0.744000E+00  -.894772E+01
0.740000E+00  -.918119E+01
0.736000E+00  -.941928E+01
0.732000E+00  -.966211E+01
0.728000E+00  -.990981E+01
0.724000E+00  -.101625E+02
0.720000E+00  -.104203E+02
0.716000E+00  -.106834E+02
0.712000E+00  -.109520E+02
0.708000E+00  -.112260E+02
0.704000E+00  -.115058E+02
0.700000E+00  -.117915E+02
0.696000E+00  -.120832E+02
0.692000E+00  -.123812E+02
0.688000E+00  -.126855E+02
0.684000E+00  -.129964E+02
0.680000E+00  -.133140E+02
0.676000E+00  -.136386E+02
0.672000E+00  -.139703E+02
0.668000E+00  -.143094E+02
0.664000E+00  -.146561E+02
0.660000E+00  -.150106E+02
0.656000E+00  -.153731E+02
0.652000E+00  -.157439E+02
0.648000E+00  -.161232E+02
0.644000E+00  -.165113E+02
0.640000E+00  -.169084E+02
0.636000E+00  -.173149E+02
0.632000E+00  -.177310E+02
0.628000E+00  -.181569E+02
0.624000E+00  -.185931E+02
0.620000E+00  -.190399E+02
0.616000E+00  -.194975E+02
0.612000E+00  -.199663E+02
0.608000E+00  -.204467E+02
0.604000E+00  -.209391E+02
0.600000E+00  -.214438E+02
