0.996000E+00  -.560055E-01
0.992000E+00  -.112670E+00
0.988000E+00  -.170006E+00
0.984000E+00  -.228027E+00
0.980000E+00  -.286744E+00
0.976000E+00  -.346172E+00
0.972000E+00  -.406324E+00
0.968000E+00  -.467214E+00
0.964000E+00  -.528856E+00
0.960000E+00  -.591265E+00
0.956000E+00  -.654456E+00
0.952000E+00  -.718443E+00
0.948000E+00  -.783243E+00
0.944000E+00  -.848871E+00
0.940000E+00  -.915345E+00
0.936000E+00  -.982680E+00
0.932000E+00  -.105089E+01
0.928000E+00  -.112000E+01
0.924000E+00  -.119003E+01
0.920000E+00  -.126099E+01
0.916000E+00  -.133290E+01
0.912000E+00  -.140578E+01
0.908000E+00  -.147965E+01
0.904000E+00  -.155454E+01
0.900000E+00  -.163046E+01
0.896000E+00  -.170743E+01
0.892000E+00  -.178548E+01
0.888000E+00  -.186463E+01
0.884000E+00  -.194490E+01
0.880000E+00  -.202632E+01
0.876000E+00  -.210891E+01
0.872000E+00  -.219269E+01
0.868000E+00  -.227770E+01
0.864000E+00  -.236395E+01
0.860000E+00  -.245148E+01
0.856000E+00  -.254031E+01
0.852000E+00  -.263048E+01
0.848000E+00  -.272200E+01
0.844000E+00  -.281492E+01
0.840000E+00  -.290925E+01
0.836000E+00  -.300505E+01
0.832000E+00  -.310232E+01
0.828000E+00  -.320112E+01
0.824000E+00  -.330148E+01
0.820000E+00  -.340342E+01
0.816000E+00  -.350699E+01
0.812000E+00  -.361222E+01
0.808000E+00  -.371916E+01
0.804000E+00  -.382784E+01
0.800000E+00  -.393831E+01
0.796000E+00  -.405060E+01
0.792000E+00  -.416476E+01
0.788000E+00  -.428083E+01
0.784000E+00  -.439887E+01
0.780000E+00  -.451891E+01
0.776000E+00  -.464100E+01
0.772000E+00  -.476520E+01
0.768000E+00  -.489156E+01
0.764000E+00  -.502013E+01
0.760000E+00  -.515096E+01
0.756000E+00  -.528412E+01
0.752000E+00  -.541965E+01
0.748000E+00  -.555762E+01
0.744000E+00  -.569810E+01
0.740000E+00  -.584114E+01
0.736000E+00  -.598681E+01
0.732000E+00  -.613517E+01
0.728000E+00  -.628631E+01
0.724000E+00  -.644028E+01
0.720000E+00  -.659717E+01
0.716000E+00  -.675705E+01
0.712000E+00  -.692000E+01
0.708000E+00  -.708611E+01
0.704000E+00  -.725545E+01
0.700000E+00  -.742812E+01
0.696000E+00  -.760420E+01
0.692000E+00  -.778379E+01
0.688000E+00  -.796698E+01
0.684000E+00  -.815388E+01
0.680000E+00  -.834458E+01
0.676000E+00  -.853920E+01
0.672000E+00  -.873784E+01
0.668000E+00  -.894063E+01
0.664000E+00  -.914766E+01
0.660000E+00  -.935908E+01
0.656000E+00  -.957500E+01
0.652000E+00  -.979556E+01
0.648000E+00  -.100209E+02
0.644000E+00  -.102511E+02
0.640000E+00  -.104864E+02
0.636000E+00  -.107269E+02
0.632000E+00  -.109728E+02
0.628000E+00  -.112242E+02
0.624000E+00  -.114813E+02
0.620000E+00  -.117443E+02
0.616000E+00  -.120133E+02
0.612000E+00  -.122886E+02
0.608000E+00  -.125703E+02
0.604000E+00  -.128586E+02
0.600000E+00  -.131538E+02
