0.996000E+00  -.779478E-01
0.992000E+00  -.156762E+00
0.988000E+00  -.236458E+00
0.984000E+00  -.317053E+00
0.980000E+00  -.398563E+00
0.976000E+00  -.481005E+00
0.972000E+00  -.564398E+00
0.968000E+00  -.648758E+00
0.964000E+00  -.734104E+00
0.960000E+00  -.820455E+00
0.956000E+00  -.907830E+00
0.952000E+00  -.996249E+00
0.948000E+00  -.108573E+01
0.944000E+00  -.117630E+01
0.940000E+00  -.126797E+01
0.936000E+00  -.136077E+01
0.932000E+00  -.145472E+01
0.928000E+00  -.154984E+01
0.924000E+00  -.164616E+01
0.920000E+00  -.174369E+01
0.916000E+00  -.184247E+01
0.912000E+00  -.194252E+01
0.908000E+00  -.204386E+01
0.904000E+00  -.214652E+01
0.900000E+00  -.225052E+01
0.896000E+00  -.235591E+01
0.892000E+00  -.246269E+01
0.888000E+00  -.257091E+01
0.884000E+00  -.268058E+01
0.880000E+00  -.279175E+01
0.876000E+00  -.290445E+01
0.872000E+00  -.301870E+01
0.868000E+00  -.313453E+01
0.864000E+00  -.325199E+01
0.860000E+00  -.337110E+01
0.856000E+00  -.349191E+01
0.852000E+00  -.361445E+01
0.848000E+00  -.373875E+01
0.844000E+00  -.386485E+01
0.840000E+00  -.399280E+01
0.836000E+00  -.412264E+01
0.832000E+00  -.425440E+01
0.828000E+00  -.438813E+01
0.824000E+00  -.452388E+01
0.820000E+00  -.466168E+01
0.816000E+00  -.480159E+01
0.812000E+00  -.494365E+01
0.808000E+00  -.508791E+01
0.804000E+00  -.523443E+01
0.800000E+00  -.538325E+01
0.796000E+00  -.553442E+01
0.792000E+00  -.568801E+01
0.788000E+00  -.584407E+01
0.784000E+00  -.600266E+01
0.780000E+00  -.616384E+01
0.776000E+00  -.632766E+01
0.772000E+00  -.649420E+01
0.768000E+00  -.666351E+01
0.764000E+00  -.683567E+01
0.760000E+00  -.701075E+01
0.756000E+00  -.718881E+01
0.752000E+00  -.736993E+01
0.748000E+00  -.755418E+01
0.744000E+00  -.774165E+01
0.740000E+00  -.793241E+01
0.736000E+00  -.812655E+01
0.732000E+00  -.832415E+01
0.728000E+00  -.852530E+01
0.724000E+00  -.873010E+01
0.720000E+00  -.893862E+01
0.716000E+00  -.915098E+01
0.712000E+00  -.936728E+01
0.708000E+00  -.958760E+01
0.704000E+00  -.981207E+01
0.700000E+00  -.100408E+02
0.696000E+00  -.102739E+02
0.692000E+00  -.105114E+02
0.688000E+00  -.107536E+02
0.684000E+00  -.110005E+02
0.680000E+00  -.112523E+02
0.676000E+00  -.115090E+02
0.672000E+00  -.117709E+02
0.668000E+00  -.120381E+02
0.664000E+00  -.123107E+02
0.660000E+00  -.125888E+02
0.656000E+00  -.128727E+02
0.652000E+00  -.131625E+02
0.648000E+00  -.134583E+02
0.644000E+00  -.137604E+02
0.640000E+00  -.140690E+02
0.636000E+00  -.143841E+02
0.632000E+00  -.147061E+02
0.628000E+00  -.150350E+02
0.624000E+00  -.153712E+02
0.620000E+00  -.157149E+02
0.616000E+00  -.160662E+02
0.612000E+00  -.164254E+02
0.608000E+00  -.167927E+02
0.604000E+00  -.171685E+02
0.600000E+00  -.175529E+02
