0.996000E+00  -.836119E-01
0.992000E+00  -.168383E+00
0.988000E+00  -.254335E+00
0.984000E+00  -.341493E+00
0.980000E+00  -.429879E+00
0.976000E+00  -.519519E+00
0.972000E+00  -.610436E+00
0.968000E+00  -.702658E+00
0.964000E+00  -.796210E+00
0.960000E+00  -.891119E+00
0.956000E+00  -.987413E+00
0.952000E+00  -.108512E+01
0.948000E+00  -.118427E+01
0.944000E+00  -.128489E+01
0.940000E+00  -.138701E+01
0.936000E+00  -.149066E+01
0.932000E+00  -.159588E+01
0.928000E+00  -.170270E+01
0.924000E+00  -.181115E+01
0.920000E+00  -.192127E+01
0.916000E+00  -.203308E+01
0.912000E+00  -.214664E+01
0.908000E+00  -.226197E+01
0.904000E+00  -.237911E+01
0.900000E+00  -.249810E+01
0.896000E+00  -.261899E+01
0.892000E+00  -.274181E+01
0.888000E+00  -.286661E+01
0.884000E+00  -.299343E+01
0.880000E+00  -.312231E+01
0.876000E+00  -.325330E+01
0.872000E+00  -.338645E+01
0.868000E+00  -.352180E+01
0.864000E+00  -.365941E+01
0.860000E+00  -.379933E+01
0.856000E+00  -.394161E+01
0.852000E+00  -.408629E+01
0.848000E+00  -.423345E+01
0.844000E+00  -.438314E+01
0.840000E+00  -.453540E+01
0.836000E+00  -.469031E+01
0.832000E+00  -.484793E+01
0.828000E+00  -.500832E+01
0.824000E+00  -.517155E+01
0.820000E+00  -.533768E+01
0.816000E+00  -.550678E+01
0.812000E+00  -.567892E+01
0.808000E+00  -.585419E+01
0.804000E+00  -.603264E+01
0.800000E+00  -.621437E+01
0.796000E+00  -.639945E+01
0.792000E+00  -.658796E+01
0.788000E+00  -.678000E+01
0.784000E+00  -.697564E+01
0.780000E+00  -.717498E+01
0.776000E+00  -.737811E+01
0.772000E+00  -.758512E+01
0.768000E+00  -.779613E+01
0.764000E+00  -.801122E+01
0.760000E+00  -.823050E+01
0.756000E+00  -.845408E+01
0.752000E+00  -.868208E+01
0.748000E+00  -.891461E+01
0.744000E+00  -.915178E+01
0.740000E+00  -.939373E+01
0.736000E+00  -.964057E+01
0.732000E+00  -.989244E+01
0.728000E+00  -.101495E+02
0.724000E+00  -.104118E+02
0.720000E+00  -.106796E+02
0.716000E+00  -.109530E+02
0.712000E+00  -.112321E+02
0.708000E+00  -.115172E+02
0.704000E+00  -.118083E+02
0.700000E+00  -.121056E+02
0.696000E+00  -.124094E+02
0.692000E+00  -.127198E+02
0.688000E+00  -.130370E+02
0.684000E+00  -.133612E+02
0.680000E+00  -.136925E+02
0.676000E+00  -.140313E+02
0.672000E+00  -.143776E+02
0.668000E+00  -.147318E+02
0.664000E+00  -.150941E+02
0.660000E+00  -.154646E+02
0.656000E+00  -.158438E+02
0.652000E+00  -.162317E+02
0.648000E+00  -.166287E+02
0.644000E+00  -.170351E+02
0.640000E+00  -.174511E+02
0.636000E+00  -.178771E+02
0.632000E+00  -.183133E+02
0.628000E+00  -.187601E+02
0.624000E+00  -.192178E+02
0.620000E+00  -.196867E+02
0.616000E+00  -.201673E+02
0.612000E+00  -.206598E+02
0.608000E+00  -.211647E+02
0.604000E+00  -.216824E+02
0.600000E+00  -.222133E+02
