0.996000E+00  -.405876E-01
0.992000E+00  -.817174E-01
0.988000E+00  -.123400E+00
0.984000E+00  -.165646E+00
0.980000E+00  -.208466E+00
0.976000E+00  -.251873E+00
0.972000E+00  -.295877E+00
0.968000E+00  -.340490E+00
0.964000E+00  -.385725E+00
0.960000E+00  -.431593E+00
0.956000E+00  -.478109E+00
0.952000E+00  -.525284E+00
0.948000E+00  -.573133E+00
0.944000E+00  -.621668E+00
0.940000E+00  -.670905E+00
0.936000E+00  -.720857E+00
0.932000E+00  -.771539E+00
0.928000E+00  -.822966E+00
0.924000E+00  -.875155E+00
0.920000E+00  -.928120E+00
0.916000E+00  -.981879E+00
0.912000E+00  -.103645E+01
0.908000E+00  -.109184E+01
0.904000E+00  -.114808E+01
0.900000E+00  -.120519E+01
0.896000E+00  -.126317E+01
0.892000E+00  -.132206E+01
0.888000E+00  -.138186E+01
0.884000E+00  -.144261E+01
0.880000E+00  -.150432E+01
0.876000E+00  -.156701E+01
0.872000E+00  -.163070E+01
0.868000E+00  -.169542E+01
0.864000E+00  -.176119E+01
0.860000E+00  -.182803E+01
0.856000E+00  -.189596E+01
0.852000E+00  -.196502E+01
0.848000E+00  -.203523E+01
0.844000E+00  -.210661E+01
0.840000E+00  -.217919E+01
0.836000E+00  -.225300E+01
0.832000E+00  -.232807E+01
0.828000E+00  -.240442E+01
0.824000E+00  -.248209E+01
0.820000E+00  -.256111E+01
0.816000E+00  -.264150E+01
0.812000E+00  -.272331E+01
0.808000E+00  -.280657E+01
0.804000E+00  -.289131E+01
0.800000E+00  -.297756E+01
0.796000E+00  -.306537E+01
0.792000E+00  -.315477E+01
0.788000E+00  -.324580E+01
0.784000E+00  -.333850E+01
0.780000E+00  -.343292E+01
0.776000E+00  -.352909E+01
0.772000E+00  -.362706E+01
0.768000E+00  -.372688E+01
0.764000E+00  -.382859E+01
0.760000E+00  -.393224E+01
0.756000E+00  -.403788E+01
0.752000E+00  -.414556E+01
0.748000E+00  -.425534E+01
0.744000E+00  -.436726E+01
0.740000E+00  -.448139E+01
0.736000E+00  -.459779E+01
0.732000E+00  -.471651E+01
0.728000E+00  -.483762E+01
0.724000E+00  -.496118E+01
0.720000E+00  -.508725E+01
0.716000E+00  -.521591E+01
0.712000E+00  -.534722E+01
0.708000E+00  -.548127E+01
0.704000E+00  -.561811E+01
0.700000E+00  -.575784E+01
0.696000E+00  -.590053E+01
0.692000E+00  -.604627E+01
0.688000E+00  -.619514E+01
0.684000E+00  -.634723E+01
0.680000E+00  -.650263E+01
0.676000E+00  -.666145E+01
0.672000E+00  -.682377E+01
0.668000E+00  -.698970E+01
0.664000E+00  -.715934E+01
0.660000E+00  -.733282E+01
0.656000E+00  -.751023E+01
0.652000E+00  -.769170E+01
0.648000E+00  -.787735E+01
0.644000E+00  -.806730E+01
0.640000E+00  -.826169E+01
0.636000E+00  -.846066E+01
0.632000E+00  -.866434E+01
0.628000E+00  -.887288E+01
0.624000E+00  -.908644E+01
0.620000E+00  -.930517E+01
0.616000E+00  -.952923E+01
0.612000E+00  -.975881E+01
0.608000E+00  -.999406E+01
0.604000E+00  -.102352E+02
0.600000E+00  -.104824E+02
