0.996000E+00  -.122053E+00
0.992000E+00  -.245835E+00
0.988000E+00  -.371380E+00
0.984000E+00  -.498722E+00
0.980000E+00  -.627898E+00
0.976000E+00  -.758945E+00
0.972000E+00  -.891899E+00
0.968000E+00  -.102680E+01
0.964000E+00  -.116369E+01
0.960000E+00  -.130260E+01
0.956000E+00  -.144358E+01
0.952000E+00  -.158667E+01
0.948000E+00  -.173191E+01
0.944000E+00  -.187935E+01
0.940000E+00  -.202903E+01
0.936000E+00  -.218101E+01
0.932000E+00  -.233532E+01
0.928000E+00  -.249202E+01
0.924000E+00  -.265115E+01
0.920000E+00  -.281278E+01
0.916000E+00  -.297695E+01
0.912000E+00  -.314372E+01
0.908000E+00  -.331314E+01
0.904000E+00  -.348527E+01
0.900000E+00  -.366017E+01
0.896000E+00  -.383790E+01
0.892000E+00  -.401852E+01
0.888000E+00  -.420210E+01
0.884000E+00  -.438870E+01
0.880000E+00  -.457839E+01
0.876000E+00  -.477123E+01
0.872000E+00  -.496731E+01
0.868000E+00  -.516668E+01
0.864000E+00  -.536943E+01
0.860000E+00  -.557563E+01
0.856000E+00  -.578536E+01
0.852000E+00  -.599871E+01
0.848000E+00  -.621575E+01
0.844000E+00  -.643658E+01
0.840000E+00  -.666127E+01
0.836000E+00  -.688992E+01
0.832000E+00  -.712263E+01
0.828000E+00  -.735949E+01
0.824000E+00  -.760060E+01
0.820000E+00  -.784606E+01
0.816000E+00  -.809597E+01
0.812000E+00  -.835045E+01
0.808000E+00  -.860959E+01
0.804000E+00  -.887353E+01
0.800000E+00  -.914237E+01
0.796000E+00  -.941623E+01
0.792000E+00  -.969525E+01
0.788000E+00  -.997954E+01
0.784000E+00  -.102692E+02
0.780000E+00  -.105645E+02
0.776000E+00  -.108654E+02
0.772000E+00  -.111722E+02
0.768000E+00  -.114849E+02
0.764000E+00  -.118038E+02
0.760000E+00  -.121290E+02
0.756000E+00  -.124606E+02
0.752000E+00  -.127989E+02
0.748000E+00  -.131439E+02
0.744000E+00  -.134960E+02
0.740000E+00  -.138552E+02
0.736000E+00  -.142217E+02
0.732000E+00  -.145958E+02
0.728000E+00  -.149777E+02
0.724000E+00  -.153675E+02
0.720000E+00  -.157655E+02
0.716000E+00  -.161719E+02
0.712000E+00  -.165870E+02
0.708000E+00  -.170109E+02
0.704000E+00  -.174440E+02
0.700000E+00  -.178865E+02
0.696000E+00  -.183386E+02
0.692000E+00  -.188006E+02
0.688000E+00  -.192729E+02
0.684000E+00  -.197556E+02
0.680000E+00  -.202492E+02
0.676000E+00  -.207539E+02
0.672000E+00  -.212701E+02
0.668000E+00  -.217980E+02
0.664000E+00  -.223381E+02
0.660000E+00  -.228906E+02
0.656000E+00  -.234561E+02
0.652000E+00  -.240348E+02
0.648000E+00  -.246272E+02
0.644000E+00  -.252337E+02
0.640000E+00  -.258547E+02
0.636000E+00  -.264906E+02
0.632000E+00  -.271420E+02
0.628000E+00  -.278094E+02
0.624000E+00  -.284931E+02
0.620000E+00  -.291939E+02
0.616000E+00  -.299121E+02
0.612000E+00  -.306484E+02
0.608000E+00  -.314033E+02
0.604000E+00  -.321775E+02
0.600000E+00  -.329715E+02
