0.996000E+00  -.294548E-01
0.992000E+00  -.592637E-01
0.988000E+00  -.894334E-01
0.984000E+00  -.119971E+00
0.980000E+00  -.150883E+00
0.976000E+00  -.182176E+00
0.972000E+00  -.213859E+00
0.968000E+00  -.245939E+00
0.964000E+00  -.278422E+00
0.960000E+00  -.311318E+00
0.956000E+00  -.344635E+00
0.952000E+00  -.378380E+00
0.948000E+00  -.412562E+00
0.944000E+00  -.447189E+00
0.940000E+00  -.482271E+00
0.936000E+00  -.517817E+00
0.932000E+00  -.553836E+00
0.928000E+00  -.590337E+00
0.924000E+00  -.627331E+00
0.920000E+00  -.664827E+00
0.916000E+00  -.702835E+00
0.912000E+00  -.741367E+00
0.908000E+00  -.780433E+00
0.904000E+00  -.820043E+00
0.900000E+00  -.860211E+00
0.896000E+00  -.900946E+00
0.892000E+00  -.942261E+00
0.888000E+00  -.984169E+00
0.884000E+00  -.102668E+01
0.880000E+00  -.106981E+01
0.876000E+00  -.111357E+01
0.872000E+00  -.115798E+01
0.868000E+00  -.120304E+01
0.864000E+00  -.124878E+01
0.860000E+00  -.129521E+01
0.856000E+00  -.134233E+01
0.852000E+00  -.139018E+01
0.848000E+00  -.143876E+01
0.844000E+00  -.148809E+01
0.840000E+00  -.153819E+01
0.836000E+00  -.158907E+01
0.832000E+00  -.164076E+01
0.828000E+00  -.169326E+01
0.824000E+00  -.174661E+01
0.820000E+00  -.180081E+01
0.816000E+00  -.185590E+01
0.812000E+00  -.191188E+01
0.808000E+00  -.196878E+01
0.804000E+00  -.202663E+01
0.800000E+00  -.208544E+01
0.796000E+00  -.214523E+01
0.792000E+00  -.220604E+01
0.788000E+00  -.226788E+01
0.784000E+00  -.233078E+01
0.780000E+00  -.239476E+01
0.776000E+00  -.245986E+01
0.772000E+00  -.252609E+01
0.768000E+00  -.259349E+01
0.764000E+00  -.266209E+01
0.760000E+00  -.273191E+01
0.756000E+00  -.280299E+01
0.752000E+00  -.287536E+01
0.748000E+00  -.294905E+01
0.744000E+00  -.302409E+01
0.740000E+00  -.310052E+01
0.736000E+00  -.317837E+01
0.732000E+00  -.325769E+01
0.728000E+00  -.333850E+01
0.724000E+00  -.342086E+01
0.720000E+00  -.350479E+01
0.716000E+00  -.359034E+01
0.712000E+00  -.367756E+01
0.708000E+00  -.376649E+01
0.704000E+00  -.385717E+01
0.700000E+00  -.394966E+01
0.696000E+00  -.404400E+01
0.692000E+00  -.414024E+01
0.688000E+00  -.423843E+01
0.684000E+00  -.433864E+01
0.680000E+00  -.444091E+01
0.676000E+00  -.454530E+01
0.672000E+00  -.465188E+01
0.668000E+00  -.476071E+01
0.664000E+00  -.487185E+01
0.660000E+00  -.498536E+01
0.656000E+00  -.510132E+01
0.652000E+00  -.521980E+01
0.648000E+00  -.534088E+01
0.644000E+00  -.546462E+01
0.640000E+00  -.559111E+01
0.636000E+00  -.572043E+01
0.632000E+00  -.585267E+01
0.628000E+00  -.598791E+01
0.624000E+00  -.612626E+01
0.620000E+00  -.626779E+01
0.616000E+00  -.641262E+01
0.612000E+00  -.656084E+01
0.608000E+00  -.671256E+01
0.604000E+00  -.686789E+01
0.600000E+00  -.702696E+01
