0.996000E+00  -.506975E-01
0.992000E+00  -.101997E+00
0.988000E+00  -.153911E+00
0.984000E+00  -.206450E+00
0.980000E+00  -.259627E+00
0.976000E+00  -.313453E+00
0.972000E+00  -.367941E+00
0.968000E+00  -.423104E+00
0.964000E+00  -.478954E+00
0.960000E+00  -.535505E+00
0.956000E+00  -.592771E+00
0.952000E+00  -.650766E+00
0.948000E+00  -.709504E+00
0.944000E+00  -.769000E+00
0.940000E+00  -.829268E+00
0.936000E+00  -.890325E+00
0.932000E+00  -.952186E+00
0.928000E+00  -.101487E+01
0.924000E+00  -.107838E+01
0.920000E+00  -.114276E+01
0.916000E+00  -.120800E+01
0.912000E+00  -.127413E+01
0.908000E+00  -.134117E+01
0.904000E+00  -.140913E+01
0.900000E+00  -.147805E+01
0.896000E+00  -.154792E+01
0.892000E+00  -.161878E+01
0.888000E+00  -.169065E+01
0.884000E+00  -.176354E+01
0.880000E+00  -.183749E+01
0.876000E+00  -.191250E+01
0.872000E+00  -.198861E+01
0.868000E+00  -.206584E+01
0.864000E+00  -.214421E+01
0.860000E+00  -.222375E+01
0.856000E+00  -.230448E+01
0.852000E+00  -.238644E+01
0.848000E+00  -.246963E+01
0.844000E+00  -.255410E+01
0.840000E+00  -.263988E+01
0.836000E+00  -.272699E+01
0.832000E+00  -.281545E+01
0.828000E+00  -.290531E+01
0.824000E+00  -.299660E+01
0.820000E+00  -.308934E+01
0.816000E+00  -.318358E+01
0.812000E+00  -.327933E+01
0.808000E+00  -.337665E+01
0.804000E+00  -.347557E+01
0.800000E+00  -.357612E+01
0.796000E+00  -.367835E+01
0.792000E+00  -.378229E+01
0.788000E+00  -.388798E+01
0.784000E+00  -.399547E+01
0.780000E+00  -.410480E+01
0.776000E+00  -.421601E+01
0.772000E+00  -.432915E+01
0.768000E+00  -.444428E+01
0.764000E+00  -.456142E+01
0.760000E+00  -.468065E+01
0.756000E+00  -.480200E+01
0.752000E+00  -.492554E+01
0.748000E+00  -.505131E+01
0.744000E+00  -.517938E+01
0.740000E+00  -.530980E+01
0.736000E+00  -.544264E+01
0.732000E+00  -.557795E+01
0.728000E+00  -.571580E+01
0.724000E+00  -.585625E+01
0.720000E+00  -.599938E+01
0.716000E+00  -.614526E+01
0.712000E+00  -.629395E+01
0.708000E+00  -.644554E+01
0.704000E+00  -.660010E+01
0.700000E+00  -.675771E+01
0.696000E+00  -.691845E+01
0.692000E+00  -.708242E+01
0.688000E+00  -.724970E+01
0.684000E+00  -.742037E+01
0.680000E+00  -.759455E+01
0.676000E+00  -.777231E+01
0.672000E+00  -.795378E+01
0.668000E+00  -.813904E+01
0.664000E+00  -.832822E+01
0.660000E+00  -.852141E+01
0.656000E+00  -.871875E+01
0.652000E+00  -.892034E+01
0.648000E+00  -.912632E+01
0.644000E+00  -.933681E+01
0.640000E+00  -.955195E+01
0.636000E+00  -.977188E+01
0.632000E+00  -.999673E+01
0.628000E+00  -.102267E+02
0.624000E+00  -.104618E+02
0.620000E+00  -.107024E+02
0.616000E+00  -.109485E+02
0.612000E+00  -.112004E+02
0.608000E+00  -.114582E+02
0.604000E+00  -.117221E+02
0.600000E+00  -.119923E+02
