0.996000E+00  -.122737E+00
0.992000E+00  -.247131E+00
0.988000E+00  -.373212E+00
0.984000E+00  -.501015E+00
0.980000E+00  -.630573E+00
0.976000E+00  -.761920E+00
0.972000E+00  -.895093E+00
0.968000E+00  -.103013E+01
0.964000E+00  -.116706E+01
0.960000E+00  -.130593E+01
0.956000E+00  -.144678E+01
0.952000E+00  -.158964E+01
0.948000E+00  -.173456E+01
0.944000E+00  -.188158E+01
0.940000E+00  -.203075E+01
0.936000E+00  -.218209E+01
0.932000E+00  -.233567E+01
0.928000E+00  -.249153E+01
0.924000E+00  -.264972E+01
0.920000E+00  -.281028E+01
0.916000E+00  -.297327E+01
0.912000E+00  -.313873E+01
0.908000E+00  -.330672E+01
0.904000E+00  -.347729E+01
0.900000E+00  -.365050E+01
0.896000E+00  -.382641E+01
0.892000E+00  -.400508E+01
0.888000E+00  -.418655E+01
0.884000E+00  -.437090E+01
0.880000E+00  -.455820E+01
0.876000E+00  -.474849E+01
0.872000E+00  -.494186E+01
0.868000E+00  -.513836E+01
0.864000E+00  -.533807E+01
0.860000E+00  -.554107E+01
0.856000E+00  -.574742E+01
0.852000E+00  -.595721E+01
0.848000E+00  -.617050E+01
0.844000E+00  -.638738E+01
0.840000E+00  -.660794E+01
0.836000E+00  -.683226E+01
0.832000E+00  -.706043E+01
0.828000E+00  -.729253E+01
0.824000E+00  -.752866E+01
0.820000E+00  -.776892E+01
0.816000E+00  -.801340E+01
0.812000E+00  -.826221E+01
0.808000E+00  -.851544E+01
0.804000E+00  -.877321E+01
0.800000E+00  -.903562E+01
0.796000E+00  -.930279E+01
0.792000E+00  -.957483E+01
0.788000E+00  -.985187E+01
0.784000E+00  -.101340E+02
0.780000E+00  -.104214E+02
0.776000E+00  -.107142E+02
0.772000E+00  -.110125E+02
0.768000E+00  -.113165E+02
0.764000E+00  -.116262E+02
0.760000E+00  -.119419E+02
0.756000E+00  -.122637E+02
0.752000E+00  -.125917E+02
0.748000E+00  -.129262E+02
0.744000E+00  -.132672E+02
0.740000E+00  -.136150E+02
0.736000E+00  -.139698E+02
0.732000E+00  -.143316E+02
0.728000E+00  -.147008E+02
0.724000E+00  -.150775E+02
0.720000E+00  -.154619E+02
0.716000E+00  -.158542E+02
0.712000E+00  -.162547E+02
0.708000E+00  -.166635E+02
0.704000E+00  -.170810E+02
0.700000E+00  -.175072E+02
0.696000E+00  -.179426E+02
0.692000E+00  -.183872E+02
0.688000E+00  -.188415E+02
0.684000E+00  -.193057E+02
0.680000E+00  -.197800E+02
0.676000E+00  -.202648E+02
0.672000E+00  -.207603E+02
0.668000E+00  -.212669E+02
0.664000E+00  -.217849E+02
0.660000E+00  -.223147E+02
0.656000E+00  -.228565E+02
0.652000E+00  -.234108E+02
0.648000E+00  -.239779E+02
0.644000E+00  -.245582E+02
0.640000E+00  -.251521E+02
0.636000E+00  -.257601E+02
0.632000E+00  -.263825E+02
0.628000E+00  -.270199E+02
0.624000E+00  -.276726E+02
0.620000E+00  -.283412E+02
0.616000E+00  -.290262E+02
0.612000E+00  -.297281E+02
0.608000E+00  -.304474E+02
0.604000E+00  -.311848E+02
0.600000E+00  -.319407E+02
