0.996000E+00  -.560074E-01
0.992000E+00  -.112678E+00
0.988000E+00  -.170024E+00
0.984000E+00  -.228058E+00
0.980000E+00  -.286794E+00
0.976000E+00  -.346245E+00
0.972000E+00  -.406424E+00
0.968000E+00  -.467346E+00
0.964000E+00  -.529024E+00
0.960000E+00  -.591474E+00
0.956000E+00  -.654710E+00
0.952000E+00  -.718748E+00
0.948000E+00  -.783604E+00
0.944000E+00  -.849294E+00
0.940000E+00  -.915834E+00
0.936000E+00  -.983242E+00
0.932000E+00  -.105153E+01
0.928000E+00  -.112073E+01
0.924000E+00  -.119084E+01
0.920000E+00  -.126190E+01
0.916000E+00  -.133391E+01
0.912000E+00  -.140690E+01
0.908000E+00  -.148089E+01
0.904000E+00  -.155590E+01
0.900000E+00  -.163195E+01
0.896000E+00  -.170906E+01
0.892000E+00  -.178725E+01
0.888000E+00  -.186655E+01
0.884000E+00  -.194698E+01
0.880000E+00  -.202857E+01
0.876000E+00  -.211133E+01
0.872000E+00  -.219530E+01
0.868000E+00  -.228049E+01
0.864000E+00  -.236695E+01
0.860000E+00  -.245469E+01
0.856000E+00  -.254374E+01
0.852000E+00  -.263413E+01
0.848000E+00  -.272589E+01
0.844000E+00  -.281906E+01
0.840000E+00  -.291365E+01
0.836000E+00  -.300971E+01
0.832000E+00  -.310727E+01
0.828000E+00  -.320636E+01
0.824000E+00  -.330702E+01
0.820000E+00  -.340928E+01
0.816000E+00  -.351318E+01
0.812000E+00  -.361875E+01
0.808000E+00  -.372604E+01
0.804000E+00  -.383509E+01
0.800000E+00  -.394593E+01
0.796000E+00  -.405862E+01
0.792000E+00  -.417319E+01
0.788000E+00  -.428968E+01
0.784000E+00  -.440816E+01
0.780000E+00  -.452865E+01
0.776000E+00  -.465122E+01
0.772000E+00  -.477591E+01
0.768000E+00  -.490277E+01
0.764000E+00  -.503186E+01
0.760000E+00  -.516323E+01
0.756000E+00  -.529695E+01
0.752000E+00  -.543306E+01
0.748000E+00  -.557163E+01
0.744000E+00  -.571272E+01
0.740000E+00  -.585640E+01
0.736000E+00  -.600273E+01
0.732000E+00  -.615178E+01
0.728000E+00  -.630363E+01
0.724000E+00  -.645833E+01
0.720000E+00  -.661598E+01
0.716000E+00  -.677664E+01
0.712000E+00  -.694040E+01
0.708000E+00  -.710734E+01
0.704000E+00  -.727754E+01
0.700000E+00  -.745110E+01
0.696000E+00  -.762810E+01
0.692000E+00  -.780864E+01
0.688000E+00  -.799282E+01
0.684000E+00  -.818074E+01
0.680000E+00  -.837249E+01
0.676000E+00  -.856819E+01
0.672000E+00  -.876796E+01
0.668000E+00  -.897190E+01
0.664000E+00  -.918013E+01
0.660000E+00  -.939278E+01
0.656000E+00  -.960998E+01
0.652000E+00  -.983186E+01
0.648000E+00  -.100586E+02
0.644000E+00  -.102902E+02
0.640000E+00  -.105270E+02
0.636000E+00  -.107690E+02
0.632000E+00  -.110164E+02
0.628000E+00  -.112694E+02
0.624000E+00  -.115282E+02
0.620000E+00  -.117929E+02
0.616000E+00  -.120636E+02
0.612000E+00  -.123407E+02
0.608000E+00  -.126243E+02
0.604000E+00  -.129146E+02
0.600000E+00  -.132118E+02
