0.996000E+00  -.485685E-01
0.992000E+00  -.978025E-01
0.988000E+00  -.147715E+00
0.984000E+00  -.198320E+00
0.980000E+00  -.249630E+00
0.976000E+00  -.301659E+00
0.972000E+00  -.354423E+00
0.968000E+00  -.407935E+00
0.964000E+00  -.462211E+00
0.960000E+00  -.517266E+00
0.956000E+00  -.573116E+00
0.952000E+00  -.629776E+00
0.948000E+00  -.687264E+00
0.944000E+00  -.745597E+00
0.940000E+00  -.804792E+00
0.936000E+00  -.864866E+00
0.932000E+00  -.925839E+00
0.928000E+00  -.987728E+00
0.924000E+00  -.105055E+01
0.920000E+00  -.111434E+01
0.916000E+00  -.117909E+01
0.912000E+00  -.124485E+01
0.908000E+00  -.131162E+01
0.904000E+00  -.137943E+01
0.900000E+00  -.144831E+01
0.896000E+00  -.151827E+01
0.892000E+00  -.158934E+01
0.888000E+00  -.166154E+01
0.884000E+00  -.173490E+01
0.880000E+00  -.180944E+01
0.876000E+00  -.188520E+01
0.872000E+00  -.196219E+01
0.868000E+00  -.204044E+01
0.864000E+00  -.211999E+01
0.860000E+00  -.220086E+01
0.856000E+00  -.228309E+01
0.852000E+00  -.236669E+01
0.848000E+00  -.245172E+01
0.844000E+00  -.253819E+01
0.840000E+00  -.262614E+01
0.836000E+00  -.271560E+01
0.832000E+00  -.280662E+01
0.828000E+00  -.289922E+01
0.824000E+00  -.299345E+01
0.820000E+00  -.308934E+01
0.816000E+00  -.318694E+01
0.812000E+00  -.328628E+01
0.808000E+00  -.338740E+01
0.804000E+00  -.349036E+01
0.800000E+00  -.359518E+01
0.796000E+00  -.370193E+01
0.792000E+00  -.381065E+01
0.788000E+00  -.392138E+01
0.784000E+00  -.403417E+01
0.780000E+00  -.414909E+01
0.776000E+00  -.426617E+01
0.772000E+00  -.438548E+01
0.768000E+00  -.450707E+01
0.764000E+00  -.463100E+01
0.760000E+00  -.475733E+01
0.756000E+00  -.488612E+01
0.752000E+00  -.501744E+01
0.748000E+00  -.515135E+01
0.744000E+00  -.528792E+01
0.740000E+00  -.542723E+01
0.736000E+00  -.556933E+01
0.732000E+00  -.571431E+01
0.728000E+00  -.586225E+01
0.724000E+00  -.601321E+01
0.720000E+00  -.616730E+01
0.716000E+00  -.632459E+01
0.712000E+00  -.648517E+01
0.708000E+00  -.664913E+01
0.704000E+00  -.681656E+01
0.700000E+00  -.698756E+01
0.696000E+00  -.716224E+01
0.692000E+00  -.734069E+01
0.688000E+00  -.752303E+01
0.684000E+00  -.770936E+01
0.680000E+00  -.789979E+01
0.676000E+00  -.809446E+01
0.672000E+00  -.829348E+01
0.668000E+00  -.849698E+01
0.664000E+00  -.870508E+01
0.660000E+00  -.891794E+01
0.656000E+00  -.913569E+01
0.652000E+00  -.935847E+01
0.648000E+00  -.958644E+01
0.644000E+00  -.981976E+01
0.640000E+00  -.100586E+02
0.636000E+00  -.103031E+02
0.632000E+00  -.105535E+02
0.628000E+00  -.108099E+02
0.624000E+00  -.110725E+02
0.620000E+00  -.113416E+02
0.616000E+00  -.116173E+02
0.612000E+00  -.118998E+02
0.608000E+00  -.121895E+02
0.604000E+00  -.124864E+02
0.600000E+00  -.127908E+02
