0.996000E+00  -.422511E-01
0.992000E+00  -.850109E-01
0.988000E+00  -.128289E+00
0.984000E+00  -.172095E+00
0.980000E+00  -.216439E+00
0.976000E+00  -.261332E+00
0.972000E+00  -.306783E+00
0.968000E+00  -.352805E+00
0.964000E+00  -.399407E+00
0.960000E+00  -.446602E+00
0.956000E+00  -.494400E+00
0.952000E+00  -.542814E+00
0.948000E+00  -.591856E+00
0.944000E+00  -.641538E+00
0.940000E+00  -.691873E+00
0.936000E+00  -.742874E+00
0.932000E+00  -.794555E+00
0.928000E+00  -.846929E+00
0.924000E+00  -.900010E+00
0.920000E+00  -.953813E+00
0.916000E+00  -.100835E+01
0.912000E+00  -.106364E+01
0.908000E+00  -.111970E+01
0.904000E+00  -.117654E+01
0.900000E+00  -.123418E+01
0.896000E+00  -.129264E+01
0.892000E+00  -.135193E+01
0.888000E+00  -.141207E+01
0.884000E+00  -.147308E+01
0.880000E+00  -.153498E+01
0.876000E+00  -.159778E+01
0.872000E+00  -.166151E+01
0.868000E+00  -.172619E+01
0.864000E+00  -.179184E+01
0.860000E+00  -.185847E+01
0.856000E+00  -.192611E+01
0.852000E+00  -.199478E+01
0.848000E+00  -.206451E+01
0.844000E+00  -.213532E+01
0.840000E+00  -.220723E+01
0.836000E+00  -.228027E+01
0.832000E+00  -.235446E+01
0.828000E+00  -.242983E+01
0.824000E+00  -.250641E+01
0.820000E+00  -.258422E+01
0.816000E+00  -.266329E+01
0.812000E+00  -.274366E+01
0.808000E+00  -.282534E+01
0.804000E+00  -.290838E+01
0.800000E+00  -.299281E+01
0.796000E+00  -.307865E+01
0.792000E+00  -.316595E+01
0.788000E+00  -.325473E+01
0.784000E+00  -.334504E+01
0.780000E+00  -.343690E+01
0.776000E+00  -.353037E+01
0.772000E+00  -.362546E+01
0.768000E+00  -.372224E+01
0.764000E+00  -.382073E+01
0.760000E+00  -.392099E+01
0.756000E+00  -.402305E+01
0.752000E+00  -.412696E+01
0.748000E+00  -.423277E+01
0.744000E+00  -.434053E+01
0.740000E+00  -.445028E+01
0.736000E+00  -.456208E+01
0.732000E+00  -.467598E+01
0.728000E+00  -.479203E+01
0.724000E+00  -.491030E+01
0.720000E+00  -.503083E+01
0.716000E+00  -.515370E+01
0.712000E+00  -.527895E+01
0.708000E+00  -.540667E+01
0.704000E+00  -.553690E+01
0.700000E+00  -.566973E+01
0.696000E+00  -.580522E+01
0.692000E+00  -.594345E+01
0.688000E+00  -.608448E+01
0.684000E+00  -.622841E+01
0.680000E+00  -.637530E+01
0.676000E+00  -.652525E+01
0.672000E+00  -.667834E+01
0.668000E+00  -.683466E+01
0.664000E+00  -.699429E+01
0.660000E+00  -.715735E+01
0.656000E+00  -.732393E+01
0.652000E+00  -.749412E+01
0.648000E+00  -.766804E+01
0.644000E+00  -.784580E+01
0.640000E+00  -.802751E+01
0.636000E+00  -.821329E+01
0.632000E+00  -.840326E+01
0.628000E+00  -.859756E+01
0.624000E+00  -.879630E+01
0.620000E+00  -.899964E+01
0.616000E+00  -.920771E+01
0.612000E+00  -.942066E+01
0.608000E+00  -.963865E+01
0.604000E+00  -.986182E+01
0.600000E+00  -.100904E+02
