0.996000E+00  -.371783E-01
0.992000E+00  -.747986E-01
0.988000E+00  -.112869E+00
0.984000E+00  -.151399E+00
0.980000E+00  -.190396E+00
0.976000E+00  -.229870E+00
0.972000E+00  -.269830E+00
0.968000E+00  -.310285E+00
0.964000E+00  -.351244E+00
0.960000E+00  -.392718E+00
0.956000E+00  -.434716E+00
0.952000E+00  -.477249E+00
0.948000E+00  -.520327E+00
0.944000E+00  -.563961E+00
0.940000E+00  -.608163E+00
0.936000E+00  -.652943E+00
0.932000E+00  -.698312E+00
0.928000E+00  -.744284E+00
0.924000E+00  -.790870E+00
0.920000E+00  -.838082E+00
0.916000E+00  -.885933E+00
0.912000E+00  -.934437E+00
0.908000E+00  -.983607E+00
0.904000E+00  -.103346E+01
0.900000E+00  -.108400E+01
0.896000E+00  -.113525E+01
0.892000E+00  -.118722E+01
0.888000E+00  -.123994E+01
0.884000E+00  -.129340E+01
0.880000E+00  -.134764E+01
0.876000E+00  -.140266E+01
0.872000E+00  -.145849E+01
0.868000E+00  -.151514E+01
0.864000E+00  -.157262E+01
0.860000E+00  -.163097E+01
0.856000E+00  -.169018E+01
0.852000E+00  -.175030E+01
0.848000E+00  -.181132E+01
0.844000E+00  -.187329E+01
0.840000E+00  -.193620E+01
0.836000E+00  -.200010E+01
0.832000E+00  -.206500E+01
0.828000E+00  -.213091E+01
0.824000E+00  -.219788E+01
0.820000E+00  -.226591E+01
0.816000E+00  -.233503E+01
0.812000E+00  -.240528E+01
0.808000E+00  -.247667E+01
0.804000E+00  -.254923E+01
0.800000E+00  -.262300E+01
0.796000E+00  -.269799E+01
0.792000E+00  -.277424E+01
0.788000E+00  -.285177E+01
0.784000E+00  -.293063E+01
0.780000E+00  -.301083E+01
0.776000E+00  -.309242E+01
0.772000E+00  -.317543E+01
0.768000E+00  -.325988E+01
0.764000E+00  -.334583E+01
0.760000E+00  -.343329E+01
0.756000E+00  -.352232E+01
0.752000E+00  -.361296E+01
0.748000E+00  -.370523E+01
0.744000E+00  -.379919E+01
0.740000E+00  -.389487E+01
0.736000E+00  -.399233E+01
0.732000E+00  -.409160E+01
0.728000E+00  -.419274E+01
0.724000E+00  -.429579E+01
0.720000E+00  -.440080E+01
0.716000E+00  -.450783E+01
0.712000E+00  -.461692E+01
0.708000E+00  -.472814E+01
0.704000E+00  -.484154E+01
0.700000E+00  -.495719E+01
0.696000E+00  -.507513E+01
0.692000E+00  -.519543E+01
0.688000E+00  -.531817E+01
0.684000E+00  -.544340E+01
0.680000E+00  -.557119E+01
0.676000E+00  -.570163E+01
0.672000E+00  -.583478E+01
0.668000E+00  -.597072E+01
0.664000E+00  -.610952E+01
0.660000E+00  -.625128E+01
0.656000E+00  -.639608E+01
0.652000E+00  -.654400E+01
0.648000E+00  -.669514E+01
0.644000E+00  -.684960E+01
0.640000E+00  -.700746E+01
0.636000E+00  -.716884E+01
0.632000E+00  -.733384E+01
0.628000E+00  -.750257E+01
0.624000E+00  -.767514E+01
0.620000E+00  -.785168E+01
0.616000E+00  -.803229E+01
0.612000E+00  -.821712E+01
0.608000E+00  -.840629E+01
0.604000E+00  -.859994E+01
0.600000E+00  -.879821E+01
