0.996000E+00  -.265623E-01
0.992000E+00  -.534532E-01
0.988000E+00  -.806792E-01
0.984000E+00  -.108246E+00
0.980000E+00  -.136162E+00
0.976000E+00  -.164432E+00
0.972000E+00  -.193063E+00
0.968000E+00  -.222063E+00
0.964000E+00  -.251439E+00
0.960000E+00  -.281198E+00
0.956000E+00  -.311347E+00
0.952000E+00  -.341895E+00
0.948000E+00  -.372850E+00
0.944000E+00  -.404219E+00
0.940000E+00  -.436011E+00
0.936000E+00  -.468234E+00
0.932000E+00  -.500897E+00
0.928000E+00  -.534009E+00
0.924000E+00  -.567580E+00
0.920000E+00  -.601618E+00
0.916000E+00  -.636134E+00
0.912000E+00  -.671137E+00
0.908000E+00  -.706637E+00
0.904000E+00  -.742645E+00
0.900000E+00  -.779171E+00
0.896000E+00  -.816227E+00
0.892000E+00  -.853823E+00
0.888000E+00  -.891971E+00
0.884000E+00  -.930684E+00
0.880000E+00  -.969972E+00
0.876000E+00  -.100985E+01
0.872000E+00  -.105033E+01
0.868000E+00  -.109142E+01
0.864000E+00  -.113314E+01
0.860000E+00  -.117550E+01
0.856000E+00  -.121852E+01
0.852000E+00  -.126221E+01
0.848000E+00  -.130659E+01
0.844000E+00  -.135166E+01
0.840000E+00  -.139745E+01
0.836000E+00  -.144398E+01
0.832000E+00  -.149126E+01
0.828000E+00  -.153930E+01
0.824000E+00  -.158812E+01
0.820000E+00  -.163776E+01
0.816000E+00  -.168821E+01
0.812000E+00  -.173950E+01
0.808000E+00  -.179165E+01
0.804000E+00  -.184469E+01
0.800000E+00  -.189862E+01
0.796000E+00  -.195348E+01
0.792000E+00  -.200929E+01
0.788000E+00  -.206606E+01
0.784000E+00  -.212383E+01
0.780000E+00  -.218261E+01
0.776000E+00  -.224243E+01
0.772000E+00  -.230332E+01
0.768000E+00  -.236531E+01
0.764000E+00  -.242841E+01
0.760000E+00  -.249267E+01
0.756000E+00  -.255810E+01
0.752000E+00  -.262473E+01
0.748000E+00  -.269261E+01
0.744000E+00  -.276176E+01
0.740000E+00  -.283221E+01
0.736000E+00  -.290400E+01
0.732000E+00  -.297715E+01
0.728000E+00  -.305172E+01
0.724000E+00  -.312773E+01
0.720000E+00  -.320522E+01
0.716000E+00  -.328424E+01
0.712000E+00  -.336482E+01
0.708000E+00  -.344701E+01
0.704000E+00  -.353084E+01
0.700000E+00  -.361637E+01
0.696000E+00  -.370364E+01
0.692000E+00  -.379270E+01
0.688000E+00  -.388360E+01
0.684000E+00  -.397639E+01
0.680000E+00  -.407112E+01
0.676000E+00  -.416786E+01
0.672000E+00  -.426664E+01
0.668000E+00  -.436755E+01
0.664000E+00  -.447063E+01
0.660000E+00  -.457595E+01
0.656000E+00  -.468357E+01
0.652000E+00  -.479357E+01
0.648000E+00  -.490601E+01
0.644000E+00  -.502096E+01
0.640000E+00  -.513851E+01
0.636000E+00  -.525872E+01
0.632000E+00  -.538169E+01
0.628000E+00  -.550749E+01
0.624000E+00  -.563622E+01
0.620000E+00  -.576795E+01
0.616000E+00  -.590280E+01
0.612000E+00  -.604084E+01
0.608000E+00  -.618220E+01
0.604000E+00  -.632697E+01
0.600000E+00  -.647525E+01
