0.996000E+00  -.400447E-01
0.992000E+00  -.805037E-01
0.988000E+00  -.121385E+00
0.984000E+00  -.162695E+00
0.980000E+00  -.204442E+00
0.976000E+00  -.246635E+00
0.972000E+00  -.289281E+00
0.968000E+00  -.332389E+00
0.964000E+00  -.375967E+00
0.960000E+00  -.420025E+00
0.956000E+00  -.464570E+00
0.952000E+00  -.509612E+00
0.948000E+00  -.555160E+00
0.944000E+00  -.601225E+00
0.940000E+00  -.647815E+00
0.936000E+00  -.694941E+00
0.932000E+00  -.742613E+00
0.928000E+00  -.790842E+00
0.924000E+00  -.839638E+00
0.920000E+00  -.889013E+00
0.916000E+00  -.938977E+00
0.912000E+00  -.989542E+00
0.908000E+00  -.104072E+01
0.904000E+00  -.109252E+01
0.900000E+00  -.114496E+01
0.896000E+00  -.119806E+01
0.892000E+00  -.125181E+01
0.888000E+00  -.130624E+01
0.884000E+00  -.136136E+01
0.880000E+00  -.141719E+01
0.876000E+00  -.147374E+01
0.872000E+00  -.153102E+01
0.868000E+00  -.158904E+01
0.864000E+00  -.164784E+01
0.860000E+00  -.170741E+01
0.856000E+00  -.176778E+01
0.852000E+00  -.182896E+01
0.848000E+00  -.189098E+01
0.844000E+00  -.195384E+01
0.840000E+00  -.201757E+01
0.836000E+00  -.208218E+01
0.832000E+00  -.214770E+01
0.828000E+00  -.221414E+01
0.824000E+00  -.228153E+01
0.820000E+00  -.234988E+01
0.816000E+00  -.241922E+01
0.812000E+00  -.248956E+01
0.808000E+00  -.256094E+01
0.804000E+00  -.263337E+01
0.800000E+00  -.270687E+01
0.796000E+00  -.278148E+01
0.792000E+00  -.285722E+01
0.788000E+00  -.293410E+01
0.784000E+00  -.301217E+01
0.780000E+00  -.309144E+01
0.776000E+00  -.317195E+01
0.772000E+00  -.325372E+01
0.768000E+00  -.333678E+01
0.764000E+00  -.342117E+01
0.760000E+00  -.350691E+01
0.756000E+00  -.359404E+01
0.752000E+00  -.368259E+01
0.748000E+00  -.377259E+01
0.744000E+00  -.386409E+01
0.740000E+00  -.395711E+01
0.736000E+00  -.405169E+01
0.732000E+00  -.414788E+01
0.728000E+00  -.424572E+01
0.724000E+00  -.434523E+01
0.720000E+00  -.444648E+01
0.716000E+00  -.454949E+01
0.712000E+00  -.465432E+01
0.708000E+00  -.476101E+01
0.704000E+00  -.486961E+01
0.700000E+00  -.498017E+01
0.696000E+00  -.509274E+01
0.692000E+00  -.520738E+01
0.688000E+00  -.532413E+01
0.684000E+00  -.544306E+01
0.680000E+00  -.556422E+01
0.676000E+00  -.568767E+01
0.672000E+00  -.581348E+01
0.668000E+00  -.594170E+01
0.664000E+00  -.607242E+01
0.660000E+00  -.620568E+01
0.656000E+00  -.634157E+01
0.652000E+00  -.648016E+01
0.648000E+00  -.662152E+01
0.644000E+00  -.676574E+01
0.640000E+00  -.691289E+01
0.636000E+00  -.706306E+01
0.632000E+00  -.721634E+01
0.628000E+00  -.737281E+01
0.624000E+00  -.753257E+01
0.620000E+00  -.769572E+01
0.616000E+00  -.786235E+01
0.612000E+00  -.803258E+01
0.608000E+00  -.820651E+01
0.604000E+00  -.838425E+01
0.600000E+00  -.856592E+01
