0.996000E+00  -.379341E-01
0.992000E+00  -.763830E-01
0.988000E+00  -.115357E+00
0.984000E+00  -.154866E+00
0.980000E+00  -.194920E+00
0.976000E+00  -.235531E+00
0.972000E+00  -.276710E+00
0.968000E+00  -.318467E+00
0.964000E+00  -.360815E+00
0.960000E+00  -.403766E+00
0.956000E+00  -.447330E+00
0.952000E+00  -.491522E+00
0.948000E+00  -.536354E+00
0.944000E+00  -.581838E+00
0.940000E+00  -.627989E+00
0.936000E+00  -.674820E+00
0.932000E+00  -.722345E+00
0.928000E+00  -.770578E+00
0.924000E+00  -.819536E+00
0.920000E+00  -.869231E+00
0.916000E+00  -.919682E+00
0.912000E+00  -.970902E+00
0.908000E+00  -.102291E+01
0.904000E+00  -.107572E+01
0.900000E+00  -.112935E+01
0.896000E+00  -.118382E+01
0.892000E+00  -.123915E+01
0.888000E+00  -.129535E+01
0.884000E+00  -.135245E+01
0.880000E+00  -.141046E+01
0.876000E+00  -.146941E+01
0.872000E+00  -.152931E+01
0.868000E+00  -.159019E+01
0.864000E+00  -.165206E+01
0.860000E+00  -.171496E+01
0.856000E+00  -.177890E+01
0.852000E+00  -.184392E+01
0.848000E+00  -.191002E+01
0.844000E+00  -.197724E+01
0.840000E+00  -.204560E+01
0.836000E+00  -.211514E+01
0.832000E+00  -.218587E+01
0.828000E+00  -.225783E+01
0.824000E+00  -.233104E+01
0.820000E+00  -.240553E+01
0.816000E+00  -.248134E+01
0.812000E+00  -.255850E+01
0.808000E+00  -.263703E+01
0.804000E+00  -.271698E+01
0.800000E+00  -.279837E+01
0.796000E+00  -.288125E+01
0.792000E+00  -.296564E+01
0.788000E+00  -.305158E+01
0.784000E+00  -.313912E+01
0.780000E+00  -.322830E+01
0.776000E+00  -.331915E+01
0.772000E+00  -.341171E+01
0.768000E+00  -.350603E+01
0.764000E+00  -.360216E+01
0.760000E+00  -.370015E+01
0.756000E+00  -.380003E+01
0.752000E+00  -.390185E+01
0.748000E+00  -.400568E+01
0.744000E+00  -.411156E+01
0.740000E+00  -.421954E+01
0.736000E+00  -.432969E+01
0.732000E+00  -.444205E+01
0.728000E+00  -.455669E+01
0.724000E+00  -.467367E+01
0.720000E+00  -.479306E+01
0.716000E+00  -.491491E+01
0.712000E+00  -.503930E+01
0.708000E+00  -.516629E+01
0.704000E+00  -.529596E+01
0.700000E+00  -.542839E+01
0.696000E+00  -.556364E+01
0.692000E+00  -.570180E+01
0.688000E+00  -.584296E+01
0.684000E+00  -.598719E+01
0.680000E+00  -.613459E+01
0.676000E+00  -.628525E+01
0.672000E+00  -.643926E+01
0.668000E+00  -.659672E+01
0.664000E+00  -.675774E+01
0.660000E+00  -.692241E+01
0.656000E+00  -.709085E+01
0.652000E+00  -.726316E+01
0.648000E+00  -.743948E+01
0.644000E+00  -.761991E+01
0.640000E+00  -.780459E+01
0.636000E+00  -.799364E+01
0.632000E+00  -.818720E+01
0.628000E+00  -.838541E+01
0.624000E+00  -.858842E+01
0.620000E+00  -.879638E+01
0.616000E+00  -.900945E+01
0.612000E+00  -.922778E+01
0.608000E+00  -.945156E+01
0.604000E+00  -.968095E+01
0.600000E+00  -.991614E+01
