0.996000E+00  -.490098E-01
0.992000E+00  -.986064E-01
0.988000E+00  -.148801E+00
0.984000E+00  -.199605E+00
0.980000E+00  -.251029E+00
0.976000E+00  -.303087E+00
0.972000E+00  -.355789E+00
0.968000E+00  -.409149E+00
0.964000E+00  -.463178E+00
0.960000E+00  -.517891E+00
0.956000E+00  -.573301E+00
0.952000E+00  -.629420E+00
0.948000E+00  -.686264E+00
0.944000E+00  -.743846E+00
0.940000E+00  -.802181E+00
0.936000E+00  -.861284E+00
0.932000E+00  -.921172E+00
0.928000E+00  -.981858E+00
0.924000E+00  -.104336E+01
0.920000E+00  -.110570E+01
0.916000E+00  -.116888E+01
0.912000E+00  -.123293E+01
0.908000E+00  -.129786E+01
0.904000E+00  -.136370E+01
0.900000E+00  -.143046E+01
0.896000E+00  -.149816E+01
0.892000E+00  -.156683E+01
0.888000E+00  -.163647E+01
0.884000E+00  -.170711E+01
0.880000E+00  -.177878E+01
0.876000E+00  -.185149E+01
0.872000E+00  -.192527E+01
0.868000E+00  -.200015E+01
0.864000E+00  -.207613E+01
0.860000E+00  -.215326E+01
0.856000E+00  -.223155E+01
0.852000E+00  -.231103E+01
0.848000E+00  -.239172E+01
0.844000E+00  -.247366E+01
0.840000E+00  -.255687E+01
0.836000E+00  -.264138E+01
0.832000E+00  -.272721E+01
0.828000E+00  -.281441E+01
0.824000E+00  -.290300E+01
0.820000E+00  -.299300E+01
0.816000E+00  -.308447E+01
0.812000E+00  -.317742E+01
0.808000E+00  -.327189E+01
0.804000E+00  -.336793E+01
0.800000E+00  -.346556E+01
0.796000E+00  -.356482E+01
0.792000E+00  -.366576E+01
0.788000E+00  -.376841E+01
0.784000E+00  -.387281E+01
0.780000E+00  -.397901E+01
0.776000E+00  -.408705E+01
0.772000E+00  -.419698E+01
0.768000E+00  -.430883E+01
0.764000E+00  -.442267E+01
0.760000E+00  -.453853E+01
0.756000E+00  -.465648E+01
0.752000E+00  -.477655E+01
0.748000E+00  -.489881E+01
0.744000E+00  -.502331E+01
0.740000E+00  -.515011E+01
0.736000E+00  -.527927E+01
0.732000E+00  -.541084E+01
0.728000E+00  -.554490E+01
0.724000E+00  -.568150E+01
0.720000E+00  -.582072E+01
0.716000E+00  -.596262E+01
0.712000E+00  -.610727E+01
0.708000E+00  -.625475E+01
0.704000E+00  -.640513E+01
0.700000E+00  -.655850E+01
0.696000E+00  -.671493E+01
0.692000E+00  -.687451E+01
0.688000E+00  -.703733E+01
0.684000E+00  -.720347E+01
0.680000E+00  -.737302E+01
0.676000E+00  -.754610E+01
0.672000E+00  -.772278E+01
0.668000E+00  -.790318E+01
0.664000E+00  -.808741E+01
0.660000E+00  -.827556E+01
0.656000E+00  -.846777E+01
0.652000E+00  -.866414E+01
0.648000E+00  -.886480E+01
0.644000E+00  -.906987E+01
0.640000E+00  -.927949E+01
0.636000E+00  -.949379E+01
0.632000E+00  -.971291E+01
0.628000E+00  -.993701E+01
0.624000E+00  -.101662E+02
0.620000E+00  -.104007E+02
0.616000E+00  -.106407E+02
0.612000E+00  -.108862E+02
0.608000E+00  -.111376E+02
0.604000E+00  -.113949E+02
0.600000E+00  -.116584E+02
