0.996000E+00  -.565097E-01
0.992000E+00  -.113728E+00
0.988000E+00  -.171667E+00
0.984000E+00  -.230343E+00
0.980000E+00  -.289768E+00
0.976000E+00  -.349958E+00
0.972000E+00  -.410928E+00
0.968000E+00  -.472691E+00
0.964000E+00  -.535265E+00
0.960000E+00  -.598665E+00
0.956000E+00  -.662908E+00
0.952000E+00  -.728009E+00
0.948000E+00  -.793988E+00
0.944000E+00  -.860860E+00
0.940000E+00  -.928644E+00
0.936000E+00  -.997358E+00
0.932000E+00  -.106702E+01
0.928000E+00  -.113765E+01
0.924000E+00  -.120928E+01
0.920000E+00  -.128191E+01
0.916000E+00  -.135557E+01
0.912000E+00  -.143028E+01
0.908000E+00  -.150606E+01
0.904000E+00  -.158294E+01
0.900000E+00  -.166094E+01
0.896000E+00  -.174008E+01
0.892000E+00  -.182039E+01
0.888000E+00  -.190189E+01
0.884000E+00  -.198461E+01
0.880000E+00  -.206858E+01
0.876000E+00  -.215381E+01
0.872000E+00  -.224034E+01
0.868000E+00  -.232820E+01
0.864000E+00  -.241741E+01
0.860000E+00  -.250802E+01
0.856000E+00  -.260003E+01
0.852000E+00  -.269350E+01
0.848000E+00  -.278845E+01
0.844000E+00  -.288491E+01
0.840000E+00  -.298292E+01
0.836000E+00  -.308252E+01
0.832000E+00  -.318373E+01
0.828000E+00  -.328661E+01
0.824000E+00  -.339117E+01
0.820000E+00  -.349748E+01
0.816000E+00  -.360556E+01
0.812000E+00  -.371546E+01
0.808000E+00  -.382722E+01
0.804000E+00  -.394088E+01
0.800000E+00  -.405650E+01
0.796000E+00  -.417411E+01
0.792000E+00  -.429376E+01
0.788000E+00  -.441552E+01
0.784000E+00  -.453941E+01
0.780000E+00  -.466551E+01
0.776000E+00  -.479385E+01
0.772000E+00  -.492451E+01
0.768000E+00  -.505753E+01
0.764000E+00  -.519298E+01
0.760000E+00  -.533091E+01
0.756000E+00  -.547139E+01
0.752000E+00  -.561448E+01
0.748000E+00  -.576026E+01
0.744000E+00  -.590878E+01
0.740000E+00  -.606013E+01
0.736000E+00  -.621437E+01
0.732000E+00  -.637157E+01
0.728000E+00  -.653183E+01
0.724000E+00  -.669521E+01
0.720000E+00  -.686181E+01
0.716000E+00  -.703171E+01
0.712000E+00  -.720499E+01
0.708000E+00  -.738175E+01
0.704000E+00  -.756208E+01
0.700000E+00  -.774608E+01
0.696000E+00  -.793386E+01
0.692000E+00  -.812551E+01
0.688000E+00  -.832115E+01
0.684000E+00  -.852088E+01
0.680000E+00  -.872483E+01
0.676000E+00  -.893311E+01
0.672000E+00  -.914585E+01
0.668000E+00  -.936318E+01
0.664000E+00  -.958522E+01
0.660000E+00  -.981211E+01
0.656000E+00  -.100440E+02
0.652000E+00  -.102810E+02
0.648000E+00  -.105234E+02
0.644000E+00  -.107712E+02
0.640000E+00  -.110246E+02
0.636000E+00  -.112838E+02
0.632000E+00  -.115490E+02
0.628000E+00  -.118203E+02
0.624000E+00  -.120980E+02
0.620000E+00  -.123822E+02
0.616000E+00  -.126731E+02
0.612000E+00  -.129710E+02
0.608000E+00  -.132761E+02
0.604000E+00  -.135886E+02
0.600000E+00  -.139087E+02
