0.996000E+00  -.439688E-01
0.992000E+00  -.885229E-01
0.988000E+00  -.133674E+00
0.984000E+00  -.179432E+00
0.980000E+00  -.225811E+00
0.976000E+00  -.272823E+00
0.972000E+00  -.320479E+00
0.968000E+00  -.368793E+00
0.964000E+00  -.417778E+00
0.960000E+00  -.467447E+00
0.956000E+00  -.517814E+00
0.952000E+00  -.568893E+00
0.948000E+00  -.620698E+00
0.944000E+00  -.673245E+00
0.940000E+00  -.726548E+00
0.936000E+00  -.780624E+00
0.932000E+00  -.835487E+00
0.928000E+00  -.891155E+00
0.924000E+00  -.947644E+00
0.920000E+00  -.100497E+01
0.916000E+00  -.106315E+01
0.912000E+00  -.112221E+01
0.908000E+00  -.118216E+01
0.904000E+00  -.124302E+01
0.900000E+00  -.130481E+01
0.896000E+00  -.136756E+01
0.892000E+00  -.143127E+01
0.888000E+00  -.149598E+01
0.884000E+00  -.156170E+01
0.880000E+00  -.162846E+01
0.876000E+00  -.169628E+01
0.872000E+00  -.176518E+01
0.868000E+00  -.183519E+01
0.864000E+00  -.190633E+01
0.860000E+00  -.197863E+01
0.856000E+00  -.205211E+01
0.852000E+00  -.212680E+01
0.848000E+00  -.220273E+01
0.844000E+00  -.227992E+01
0.840000E+00  -.235841E+01
0.836000E+00  -.243822E+01
0.832000E+00  -.251939E+01
0.828000E+00  -.260195E+01
0.824000E+00  -.268593E+01
0.820000E+00  -.277136E+01
0.816000E+00  -.285828E+01
0.812000E+00  -.294672E+01
0.808000E+00  -.303672E+01
0.804000E+00  -.312832E+01
0.800000E+00  -.322156E+01
0.796000E+00  -.331647E+01
0.792000E+00  -.341310E+01
0.788000E+00  -.351149E+01
0.784000E+00  -.361168E+01
0.780000E+00  -.371372E+01
0.776000E+00  -.381765E+01
0.772000E+00  -.392352E+01
0.768000E+00  -.403138E+01
0.764000E+00  -.414128E+01
0.760000E+00  -.425328E+01
0.756000E+00  -.436742E+01
0.752000E+00  -.448376E+01
0.748000E+00  -.460236E+01
0.744000E+00  -.472328E+01
0.740000E+00  -.484658E+01
0.736000E+00  -.497231E+01
0.732000E+00  -.510056E+01
0.728000E+00  -.523137E+01
0.724000E+00  -.536483E+01
0.720000E+00  -.550100E+01
0.716000E+00  -.563996E+01
0.712000E+00  -.578178E+01
0.708000E+00  -.592654E+01
0.704000E+00  -.607432E+01
0.700000E+00  -.622521E+01
0.696000E+00  -.637930E+01
0.692000E+00  -.653666E+01
0.688000E+00  -.669740E+01
0.684000E+00  -.686162E+01
0.680000E+00  -.702940E+01
0.676000E+00  -.720086E+01
0.672000E+00  -.737610E+01
0.668000E+00  -.755523E+01
0.664000E+00  -.773837E+01
0.660000E+00  -.792563E+01
0.656000E+00  -.811713E+01
0.652000E+00  -.831301E+01
0.648000E+00  -.851339E+01
0.644000E+00  -.871841E+01
0.640000E+00  -.892821E+01
0.636000E+00  -.914294E+01
0.632000E+00  -.936276E+01
0.628000E+00  -.958781E+01
0.624000E+00  -.981826E+01
0.620000E+00  -.100543E+02
0.616000E+00  -.102961E+02
0.612000E+00  -.105438E+02
0.608000E+00  -.107976E+02
0.604000E+00  -.110578E+02
0.600000E+00  -.113244E+02
