0.996000E+00  -.154914E+00
0.992000E+00  -.312006E+00
0.988000E+00  -.471317E+00
0.984000E+00  -.632892E+00
0.980000E+00  -.796776E+00
0.976000E+00  -.963014E+00
0.972000E+00  -.113166E+01
0.968000E+00  -.130275E+01
0.964000E+00  -.147634E+01
0.960000E+00  -.165248E+01
0.956000E+00  -.183122E+01
0.952000E+00  -.201262E+01
0.948000E+00  -.219673E+01
0.944000E+00  -.238361E+01
0.940000E+00  -.257331E+01
0.936000E+00  -.276589E+01
0.932000E+00  -.296142E+01
0.928000E+00  -.315995E+01
0.924000E+00  -.336155E+01
0.920000E+00  -.356628E+01
0.916000E+00  -.377421E+01
0.912000E+00  -.398541E+01
0.908000E+00  -.419995E+01
0.904000E+00  -.441790E+01
0.900000E+00  -.463934E+01
0.896000E+00  -.486433E+01
0.892000E+00  -.509297E+01
0.888000E+00  -.532532E+01
0.884000E+00  -.556147E+01
0.880000E+00  -.580151E+01
0.876000E+00  -.604552E+01
0.872000E+00  -.629359E+01
0.868000E+00  -.654581E+01
0.864000E+00  -.680228E+01
0.860000E+00  -.706309E+01
0.856000E+00  -.732834E+01
0.852000E+00  -.759814E+01
0.848000E+00  -.787258E+01
0.844000E+00  -.815178E+01
0.840000E+00  -.843585E+01
0.836000E+00  -.872490E+01
0.832000E+00  -.901904E+01
0.828000E+00  -.931840E+01
0.824000E+00  -.962311E+01
0.820000E+00  -.993328E+01
0.816000E+00  -.102491E+02
0.812000E+00  -.105706E+02
0.808000E+00  -.108980E+02
0.804000E+00  -.112314E+02
0.800000E+00  -.115709E+02
0.796000E+00  -.119168E+02
0.792000E+00  -.122692E+02
0.788000E+00  -.126282E+02
0.784000E+00  -.129940E+02
0.780000E+00  -.133667E+02
0.776000E+00  -.137466E+02
0.772000E+00  -.141339E+02
0.768000E+00  -.145286E+02
0.764000E+00  -.149311E+02
0.760000E+00  -.153414E+02
0.756000E+00  -.157599E+02
0.752000E+00  -.161867E+02
0.748000E+00  -.166221E+02
0.744000E+00  -.170662E+02
0.740000E+00  -.175193E+02
0.736000E+00  -.179817E+02
0.732000E+00  -.184535E+02
0.728000E+00  -.189351E+02
0.724000E+00  -.194267E+02
0.720000E+00  -.199285E+02
0.716000E+00  -.204410E+02
0.712000E+00  -.209643E+02
0.708000E+00  -.214987E+02
0.704000E+00  -.220446E+02
0.700000E+00  -.226023E+02
0.696000E+00  -.231721E+02
0.692000E+00  -.237544E+02
0.688000E+00  -.243495E+02
0.684000E+00  -.249578E+02
0.680000E+00  -.255797E+02
0.676000E+00  -.262155E+02
0.672000E+00  -.268658E+02
0.668000E+00  -.275308E+02
0.664000E+00  -.282110E+02
0.660000E+00  -.289070E+02
0.656000E+00  -.296191E+02
0.652000E+00  -.303478E+02
0.648000E+00  -.310938E+02
0.644000E+00  -.318574E+02
0.640000E+00  -.326392E+02
0.636000E+00  -.334398E+02
0.632000E+00  -.342598E+02
0.628000E+00  -.350998E+02
0.624000E+00  -.359604E+02
0.620000E+00  -.368423E+02
0.616000E+00  -.377461E+02
0.612000E+00  -.386726E+02
0.608000E+00  -.396225E+02
0.604000E+00  -.405965E+02
0.600000E+00  -.415955E+02
