0.996000E+00  -.434937E-01
0.992000E+00  -.875825E-01
0.988000E+00  -.132278E+00
0.984000E+00  -.177592E+00
0.980000E+00  -.223537E+00
0.976000E+00  -.270125E+00
0.972000E+00  -.317370E+00
0.968000E+00  -.365284E+00
0.964000E+00  -.413880E+00
0.960000E+00  -.463173E+00
0.956000E+00  -.513177E+00
0.952000E+00  -.563906E+00
0.948000E+00  -.615374E+00
0.944000E+00  -.667598E+00
0.940000E+00  -.720592E+00
0.936000E+00  -.774373E+00
0.932000E+00  -.828957E+00
0.928000E+00  -.884360E+00
0.924000E+00  -.940600E+00
0.920000E+00  -.997695E+00
0.916000E+00  -.105566E+01
0.912000E+00  -.111452E+01
0.908000E+00  -.117429E+01
0.904000E+00  -.123499E+01
0.900000E+00  -.129664E+01
0.896000E+00  -.135925E+01
0.892000E+00  -.142286E+01
0.888000E+00  -.148749E+01
0.884000E+00  -.155314E+01
0.880000E+00  -.161986E+01
0.876000E+00  -.168766E+01
0.872000E+00  -.175656E+01
0.868000E+00  -.182660E+01
0.864000E+00  -.189779E+01
0.860000E+00  -.197016E+01
0.856000E+00  -.204374E+01
0.852000E+00  -.211856E+01
0.848000E+00  -.219464E+01
0.844000E+00  -.227201E+01
0.840000E+00  -.235071E+01
0.836000E+00  -.243077E+01
0.832000E+00  -.251221E+01
0.828000E+00  -.259507E+01
0.824000E+00  -.267938E+01
0.820000E+00  -.276518E+01
0.816000E+00  -.285250E+01
0.812000E+00  -.294138E+01
0.808000E+00  -.303185E+01
0.804000E+00  -.312396E+01
0.800000E+00  -.321775E+01
0.796000E+00  -.331325E+01
0.792000E+00  -.341051E+01
0.788000E+00  -.350957E+01
0.784000E+00  -.361047E+01
0.780000E+00  -.371327E+01
0.776000E+00  -.381801E+01
0.772000E+00  -.392474E+01
0.768000E+00  -.403351E+01
0.764000E+00  -.414436E+01
0.760000E+00  -.425737E+01
0.756000E+00  -.437257E+01
0.752000E+00  -.449003E+01
0.748000E+00  -.460981E+01
0.744000E+00  -.473196E+01
0.740000E+00  -.485656E+01
0.736000E+00  -.498366E+01
0.732000E+00  -.511333E+01
0.728000E+00  -.524564E+01
0.724000E+00  -.538066E+01
0.720000E+00  -.551847E+01
0.716000E+00  -.565913E+01
0.712000E+00  -.580274E+01
0.708000E+00  -.594937E+01
0.704000E+00  -.609910E+01
0.700000E+00  -.625203E+01
0.696000E+00  -.640824E+01
0.692000E+00  -.656782E+01
0.688000E+00  -.673087E+01
0.684000E+00  -.689749E+01
0.680000E+00  -.706778E+01
0.676000E+00  -.724185E+01
0.672000E+00  -.741980E+01
0.668000E+00  -.760176E+01
0.664000E+00  -.778784E+01
0.660000E+00  -.797817E+01
0.656000E+00  -.817286E+01
0.652000E+00  -.837205E+01
0.648000E+00  -.857588E+01
0.644000E+00  -.878449E+01
0.640000E+00  -.899802E+01
0.636000E+00  -.921662E+01
0.632000E+00  -.944046E+01
0.628000E+00  -.966970E+01
0.624000E+00  -.990450E+01
0.620000E+00  -.101451E+02
0.616000E+00  -.103915E+02
0.612000E+00  -.106441E+02
0.608000E+00  -.109030E+02
0.604000E+00  -.111684E+02
0.600000E+00  -.114406E+02
