0.996000E+00  -.608461E-01
0.992000E+00  -.122434E+00
0.988000E+00  -.184777E+00
0.984000E+00  -.247890E+00
0.980000E+00  -.311787E+00
0.976000E+00  -.376485E+00
0.972000E+00  -.441997E+00
0.968000E+00  -.508341E+00
0.964000E+00  -.575532E+00
0.960000E+00  -.643586E+00
0.956000E+00  -.712521E+00
0.952000E+00  -.782354E+00
0.948000E+00  -.853104E+00
0.944000E+00  -.924787E+00
0.940000E+00  -.997423E+00
0.936000E+00  -.107103E+01
0.932000E+00  -.114563E+01
0.928000E+00  -.122124E+01
0.924000E+00  -.129789E+01
0.920000E+00  -.137558E+01
0.916000E+00  -.145435E+01
0.912000E+00  -.153422E+01
0.908000E+00  -.161521E+01
0.904000E+00  -.169734E+01
0.900000E+00  -.178064E+01
0.896000E+00  -.186513E+01
0.892000E+00  -.195084E+01
0.888000E+00  -.203779E+01
0.884000E+00  -.212601E+01
0.880000E+00  -.221553E+01
0.876000E+00  -.230637E+01
0.872000E+00  -.239856E+01
0.868000E+00  -.249214E+01
0.864000E+00  -.258713E+01
0.860000E+00  -.268356E+01
0.856000E+00  -.278147E+01
0.852000E+00  -.288089E+01
0.848000E+00  -.298184E+01
0.844000E+00  -.308438E+01
0.840000E+00  -.318853E+01
0.836000E+00  -.329432E+01
0.832000E+00  -.340180E+01
0.828000E+00  -.351100E+01
0.824000E+00  -.362197E+01
0.820000E+00  -.373475E+01
0.816000E+00  -.384936E+01
0.812000E+00  -.396587E+01
0.808000E+00  -.408432E+01
0.804000E+00  -.420474E+01
0.800000E+00  -.432718E+01
0.796000E+00  -.445171E+01
0.792000E+00  -.457835E+01
0.788000E+00  -.470717E+01
0.784000E+00  -.483822E+01
0.780000E+00  -.497155E+01
0.776000E+00  -.510722E+01
0.772000E+00  -.524528E+01
0.768000E+00  -.538580E+01
0.764000E+00  -.552883E+01
0.760000E+00  -.567444E+01
0.756000E+00  -.582270E+01
0.752000E+00  -.597366E+01
0.748000E+00  -.612740E+01
0.744000E+00  -.628399E+01
0.740000E+00  -.644351E+01
0.736000E+00  -.660602E+01
0.732000E+00  -.677161E+01
0.728000E+00  -.694036E+01
0.724000E+00  -.711234E+01
0.720000E+00  -.728765E+01
0.716000E+00  -.746638E+01
0.712000E+00  -.764861E+01
0.708000E+00  -.783443E+01
0.704000E+00  -.802396E+01
0.700000E+00  -.821728E+01
0.696000E+00  -.841451E+01
0.692000E+00  -.861574E+01
0.688000E+00  -.882109E+01
0.684000E+00  -.903068E+01
0.680000E+00  -.924463E+01
0.676000E+00  -.946304E+01
0.672000E+00  -.968607E+01
0.668000E+00  -.991383E+01
0.664000E+00  -.101465E+02
0.660000E+00  -.103841E+02
0.656000E+00  -.106269E+02
0.652000E+00  -.108750E+02
0.648000E+00  -.111286E+02
0.644000E+00  -.113878E+02
0.640000E+00  -.116528E+02
0.636000E+00  -.119238E+02
0.632000E+00  -.122010E+02
0.628000E+00  -.124844E+02
0.624000E+00  -.127745E+02
0.620000E+00  -.130712E+02
0.616000E+00  -.133749E+02
0.612000E+00  -.136858E+02
0.608000E+00  -.140040E+02
0.604000E+00  -.143299E+02
0.600000E+00  -.146637E+02
