0.996000E+00  -.160796E+00
0.992000E+00  -.323529E+00
0.988000E+00  -.488235E+00
0.984000E+00  -.654952E+00
0.980000E+00  -.823718E+00
0.976000E+00  -.994573E+00
0.972000E+00  -.116756E+01
0.968000E+00  -.134271E+01
0.964000E+00  -.152007E+01
0.960000E+00  -.169969E+01
0.956000E+00  -.188161E+01
0.952000E+00  -.206587E+01
0.948000E+00  -.225253E+01
0.944000E+00  -.244162E+01
0.940000E+00  -.263320E+01
0.936000E+00  -.282731E+01
0.932000E+00  -.302401E+01
0.928000E+00  -.322335E+01
0.924000E+00  -.342539E+01
0.920000E+00  -.363017E+01
0.916000E+00  -.383776E+01
0.912000E+00  -.404821E+01
0.908000E+00  -.426158E+01
0.904000E+00  -.447793E+01
0.900000E+00  -.469733E+01
0.896000E+00  -.491983E+01
0.892000E+00  -.514551E+01
0.888000E+00  -.537443E+01
0.884000E+00  -.560666E+01
0.880000E+00  -.584227E+01
0.876000E+00  -.608133E+01
0.872000E+00  -.632392E+01
0.868000E+00  -.657011E+01
0.864000E+00  -.681998E+01
0.860000E+00  -.707362E+01
0.856000E+00  -.733110E+01
0.852000E+00  -.759251E+01
0.848000E+00  -.785794E+01
0.844000E+00  -.812748E+01
0.840000E+00  -.840122E+01
0.836000E+00  -.867925E+01
0.832000E+00  -.896167E+01
0.828000E+00  -.924858E+01
0.824000E+00  -.954009E+01
0.820000E+00  -.983629E+01
0.816000E+00  -.101373E+02
0.812000E+00  -.104432E+02
0.808000E+00  -.107542E+02
0.804000E+00  -.110703E+02
0.800000E+00  -.113917E+02
0.796000E+00  -.117185E+02
0.792000E+00  -.120509E+02
0.788000E+00  -.123889E+02
0.784000E+00  -.127326E+02
0.780000E+00  -.130824E+02
0.776000E+00  -.134382E+02
0.772000E+00  -.138002E+02
0.768000E+00  -.141687E+02
0.764000E+00  -.145436E+02
0.760000E+00  -.149253E+02
0.756000E+00  -.153139E+02
0.752000E+00  -.157095E+02
0.748000E+00  -.161123E+02
0.744000E+00  -.165226E+02
0.740000E+00  -.169404E+02
0.736000E+00  -.173661E+02
0.732000E+00  -.177997E+02
0.728000E+00  -.182415E+02
0.724000E+00  -.186918E+02
0.720000E+00  -.191507E+02
0.716000E+00  -.196185E+02
0.712000E+00  -.200954E+02
0.708000E+00  -.205817E+02
0.704000E+00  -.210776E+02
0.700000E+00  -.215833E+02
0.696000E+00  -.220992E+02
0.692000E+00  -.226255E+02
0.688000E+00  -.231625E+02
0.684000E+00  -.237104E+02
0.680000E+00  -.242698E+02
0.676000E+00  -.248407E+02
0.672000E+00  -.254236E+02
0.668000E+00  -.260188E+02
0.664000E+00  -.266266E+02
0.660000E+00  -.272475E+02
0.656000E+00  -.278818E+02
0.652000E+00  -.285298E+02
0.648000E+00  -.291921E+02
0.644000E+00  -.298689E+02
0.640000E+00  -.305608E+02
0.636000E+00  -.312682E+02
0.632000E+00  -.319916E+02
0.628000E+00  -.327315E+02
0.624000E+00  -.334883E+02
0.620000E+00  -.342626E+02
0.616000E+00  -.350549E+02
0.612000E+00  -.358658E+02
0.608000E+00  -.366958E+02
0.604000E+00  -.375457E+02
0.600000E+00  -.384160E+02
