0.996000E+00  -.103736E+00
0.992000E+00  -.209044E+00
0.988000E+00  -.315957E+00
0.984000E+00  -.424506E+00
0.980000E+00  -.534725E+00
0.976000E+00  -.646646E+00
0.972000E+00  -.760306E+00
0.968000E+00  -.875740E+00
0.964000E+00  -.992984E+00
0.960000E+00  -.111207E+01
0.956000E+00  -.123305E+01
0.952000E+00  -.135595E+01
0.948000E+00  -.148082E+01
0.944000E+00  -.160769E+01
0.940000E+00  -.173662E+01
0.936000E+00  -.186763E+01
0.932000E+00  -.200078E+01
0.928000E+00  -.213612E+01
0.924000E+00  -.227368E+01
0.920000E+00  -.241352E+01
0.916000E+00  -.255569E+01
0.912000E+00  -.270023E+01
0.908000E+00  -.284721E+01
0.904000E+00  -.299666E+01
0.900000E+00  -.314865E+01
0.896000E+00  -.330324E+01
0.892000E+00  -.346048E+01
0.888000E+00  -.362042E+01
0.884000E+00  -.378314E+01
0.880000E+00  -.394869E+01
0.876000E+00  -.411714E+01
0.872000E+00  -.428855E+01
0.868000E+00  -.446300E+01
0.864000E+00  -.464054E+01
0.860000E+00  -.482126E+01
0.856000E+00  -.500522E+01
0.852000E+00  -.519251E+01
0.848000E+00  -.538319E+01
0.844000E+00  -.557735E+01
0.840000E+00  -.577508E+01
0.836000E+00  -.597645E+01
0.832000E+00  -.618156E+01
0.828000E+00  -.639049E+01
0.824000E+00  -.660333E+01
0.820000E+00  -.682018E+01
0.816000E+00  -.704114E+01
0.812000E+00  -.726631E+01
0.808000E+00  -.749579E+01
0.804000E+00  -.772969E+01
0.800000E+00  -.796812E+01
0.796000E+00  -.821119E+01
0.792000E+00  -.845901E+01
0.788000E+00  -.871171E+01
0.784000E+00  -.896942E+01
0.780000E+00  -.923225E+01
0.776000E+00  -.950034E+01
0.772000E+00  -.977383E+01
0.768000E+00  -.100528E+02
0.764000E+00  -.103376E+02
0.760000E+00  -.106281E+02
0.756000E+00  -.109246E+02
0.752000E+00  -.112272E+02
0.748000E+00  -.115362E+02
0.744000E+00  -.118516E+02
0.740000E+00  -.121737E+02
0.736000E+00  -.125026E+02
0.732000E+00  -.128385E+02
0.728000E+00  -.131816E+02
0.724000E+00  -.135321E+02
0.720000E+00  -.138902E+02
0.716000E+00  -.142561E+02
0.712000E+00  -.146301E+02
0.708000E+00  -.150123E+02
0.704000E+00  -.154030E+02
0.700000E+00  -.158025E+02
0.696000E+00  -.162109E+02
0.692000E+00  -.166286E+02
0.688000E+00  -.170558E+02
0.684000E+00  -.174927E+02
0.680000E+00  -.179398E+02
0.676000E+00  -.183972E+02
0.672000E+00  -.188653E+02
0.668000E+00  -.193444E+02
0.664000E+00  -.198349E+02
0.660000E+00  -.203370E+02
0.656000E+00  -.208511E+02
0.652000E+00  -.213776E+02
0.648000E+00  -.219169E+02
0.644000E+00  -.224694E+02
0.640000E+00  -.230355E+02
0.636000E+00  -.236155E+02
0.632000E+00  -.242100E+02
0.628000E+00  -.248194E+02
0.624000E+00  -.254442E+02
0.620000E+00  -.260849E+02
0.616000E+00  -.267420E+02
0.612000E+00  -.274160E+02
0.608000E+00  -.281074E+02
0.604000E+00  -.288170E+02
0.600000E+00  -.295452E+02
