0.996000E+00  -.391050E-01
0.992000E+00  -.786658E-01
0.988000E+00  -.118691E+00
0.984000E+00  -.159189E+00
0.980000E+00  -.200169E+00
0.976000E+00  -.241640E+00
0.972000E+00  -.283611E+00
0.968000E+00  -.326092E+00
0.964000E+00  -.369094E+00
0.960000E+00  -.412625E+00
0.956000E+00  -.456696E+00
0.952000E+00  -.501317E+00
0.948000E+00  -.546501E+00
0.944000E+00  -.592256E+00
0.940000E+00  -.638595E+00
0.936000E+00  -.685530E+00
0.932000E+00  -.733072E+00
0.928000E+00  -.781233E+00
0.924000E+00  -.830026E+00
0.920000E+00  -.879463E+00
0.916000E+00  -.929558E+00
0.912000E+00  -.980324E+00
0.908000E+00  -.103177E+01
0.904000E+00  -.108392E+01
0.900000E+00  -.113679E+01
0.896000E+00  -.119038E+01
0.892000E+00  -.124471E+01
0.888000E+00  -.129980E+01
0.884000E+00  -.135567E+01
0.880000E+00  -.141233E+01
0.876000E+00  -.146980E+01
0.872000E+00  -.152809E+01
0.868000E+00  -.158722E+01
0.864000E+00  -.164722E+01
0.860000E+00  -.170810E+01
0.856000E+00  -.176987E+01
0.852000E+00  -.183256E+01
0.848000E+00  -.189620E+01
0.844000E+00  -.196079E+01
0.840000E+00  -.202636E+01
0.836000E+00  -.209294E+01
0.832000E+00  -.216054E+01
0.828000E+00  -.222919E+01
0.824000E+00  -.229891E+01
0.820000E+00  -.236973E+01
0.816000E+00  -.244167E+01
0.812000E+00  -.251476E+01
0.808000E+00  -.258903E+01
0.804000E+00  -.266449E+01
0.800000E+00  -.274119E+01
0.796000E+00  -.281914E+01
0.792000E+00  -.289838E+01
0.788000E+00  -.297894E+01
0.784000E+00  -.306085E+01
0.780000E+00  -.314415E+01
0.776000E+00  -.322886E+01
0.772000E+00  -.331502E+01
0.768000E+00  -.340267E+01
0.764000E+00  -.349184E+01
0.760000E+00  -.358257E+01
0.756000E+00  -.367490E+01
0.752000E+00  -.376887E+01
0.748000E+00  -.386452E+01
0.744000E+00  -.396189E+01
0.740000E+00  -.406103E+01
0.736000E+00  -.416197E+01
0.732000E+00  -.426478E+01
0.728000E+00  -.436950E+01
0.724000E+00  -.447616E+01
0.720000E+00  -.458484E+01
0.716000E+00  -.469557E+01
0.712000E+00  -.480842E+01
0.708000E+00  -.492344E+01
0.704000E+00  -.504069E+01
0.700000E+00  -.516022E+01
0.696000E+00  -.528211E+01
0.692000E+00  -.540641E+01
0.688000E+00  -.553319E+01
0.684000E+00  -.566251E+01
0.680000E+00  -.579446E+01
0.676000E+00  -.592910E+01
0.672000E+00  -.606651E+01
0.668000E+00  -.620676E+01
0.664000E+00  -.634995E+01
0.660000E+00  -.649614E+01
0.656000E+00  -.664543E+01
0.652000E+00  -.679791E+01
0.648000E+00  -.695367E+01
0.644000E+00  -.711281E+01
0.640000E+00  -.727542E+01
0.636000E+00  -.744162E+01
0.632000E+00  -.761150E+01
0.628000E+00  -.778519E+01
0.624000E+00  -.796279E+01
0.620000E+00  -.814442E+01
0.616000E+00  -.833021E+01
0.612000E+00  -.852029E+01
0.608000E+00  -.871479E+01
0.604000E+00  -.891386E+01
0.600000E+00  -.911762E+01
