0.996000E+00  -.376805E-01
0.992000E+00  -.758483E-01
0.988000E+00  -.114513E+00
0.984000E+00  -.153684E+00
0.980000E+00  -.193371E+00
0.976000E+00  -.233584E+00
0.972000E+00  -.274334E+00
0.968000E+00  -.315630E+00
0.964000E+00  -.357485E+00
0.960000E+00  -.399909E+00
0.956000E+00  -.442914E+00
0.952000E+00  -.486510E+00
0.948000E+00  -.530710E+00
0.944000E+00  -.575527E+00
0.940000E+00  -.620972E+00
0.936000E+00  -.667059E+00
0.932000E+00  -.713801E+00
0.928000E+00  -.761211E+00
0.924000E+00  -.809302E+00
0.920000E+00  -.858090E+00
0.916000E+00  -.907589E+00
0.912000E+00  -.957813E+00
0.908000E+00  -.100878E+01
0.904000E+00  -.106050E+01
0.900000E+00  -.111299E+01
0.896000E+00  -.116628E+01
0.892000E+00  -.122037E+01
0.888000E+00  -.127528E+01
0.884000E+00  -.133104E+01
0.880000E+00  -.138765E+01
0.876000E+00  -.144514E+01
0.872000E+00  -.150353E+01
0.868000E+00  -.156284E+01
0.864000E+00  -.162309E+01
0.860000E+00  -.168429E+01
0.856000E+00  -.174648E+01
0.852000E+00  -.180967E+01
0.848000E+00  -.187388E+01
0.844000E+00  -.193914E+01
0.840000E+00  -.200547E+01
0.836000E+00  -.207290E+01
0.832000E+00  -.214146E+01
0.828000E+00  -.221116E+01
0.824000E+00  -.228203E+01
0.820000E+00  -.235411E+01
0.816000E+00  -.242742E+01
0.812000E+00  -.250199E+01
0.808000E+00  -.257785E+01
0.804000E+00  -.265503E+01
0.800000E+00  -.273356E+01
0.796000E+00  -.281348E+01
0.792000E+00  -.289481E+01
0.788000E+00  -.297760E+01
0.784000E+00  -.306188E+01
0.780000E+00  -.314769E+01
0.776000E+00  -.323506E+01
0.772000E+00  -.332403E+01
0.768000E+00  -.341465E+01
0.764000E+00  -.350694E+01
0.760000E+00  -.360097E+01
0.756000E+00  -.369677E+01
0.752000E+00  -.379438E+01
0.748000E+00  -.389386E+01
0.744000E+00  -.399525E+01
0.740000E+00  -.409860E+01
0.736000E+00  -.420396E+01
0.732000E+00  -.431139E+01
0.728000E+00  -.442094E+01
0.724000E+00  -.453267E+01
0.720000E+00  -.464663E+01
0.716000E+00  -.476289E+01
0.712000E+00  -.488151E+01
0.708000E+00  -.500255E+01
0.704000E+00  -.512608E+01
0.700000E+00  -.525216E+01
0.696000E+00  -.538088E+01
0.692000E+00  -.551230E+01
0.688000E+00  -.564649E+01
0.684000E+00  -.578355E+01
0.680000E+00  -.592354E+01
0.676000E+00  -.606655E+01
0.672000E+00  -.621267E+01
0.668000E+00  -.636199E+01
0.664000E+00  -.651461E+01
0.660000E+00  -.667061E+01
0.656000E+00  -.683010E+01
0.652000E+00  -.699319E+01
0.648000E+00  -.715998E+01
0.644000E+00  -.733058E+01
0.640000E+00  -.750510E+01
0.636000E+00  -.768368E+01
0.632000E+00  -.786642E+01
0.628000E+00  -.805347E+01
0.624000E+00  -.824495E+01
0.620000E+00  -.844100E+01
0.616000E+00  -.864177E+01
0.612000E+00  -.884741E+01
0.608000E+00  -.905806E+01
0.604000E+00  -.927391E+01
0.600000E+00  -.949510E+01
