0.106534E+01  0.146850E+00
0.113301E+01  0.280849E+00
0.120268E+01  0.404101E+00
0.127403E+01  0.518358E+00
0.134675E+01  0.625063E+00
0.142054E+01  0.725404E+00
0.149517E+01  0.820359E+00
0.157041E+01  0.910734E+00
0.164607E+01  0.997191E+00
0.172201E+01  0.108028E+01
0.179808E+01  0.116045E+01
0.187418E+01  0.123810E+01
0.195023E+01  0.131351E+01
0.202617E+01  0.138698E+01
0.210193E+01  0.145870E+01
0.217748E+01  0.152889E+01
0.225278E+01  0.159769E+01
0.232781E+01  0.166524E+01
0.240256E+01  0.173167E+01
0.247700E+01  0.179707E+01
0.255114E+01  0.186154E+01
0.262496E+01  0.192514E+01
0.269846E+01  0.198796E+01
0.277165E+01  0.205005E+01
0.284453E+01  0.211146E+01
0.291709E+01  0.217224E+01
0.298933E+01  0.223244E+01
0.306128E+01  0.229209E+01
0.313293E+01  0.235123E+01
0.320428E+01  0.240988E+01
0.327534E+01  0.246809E+01
0.334613E+01  0.252587E+01
0.341664E+01  0.258324E+01
0.348689E+01  0.264024E+01
0.355688E+01  0.269688E+01
0.362662E+01  0.275318E+01
0.369612E+01  0.280915E+01
0.376538E+01  0.286483E+01
0.383441E+01  0.292021E+01
0.390323E+01  0.297532E+01
0.397183E+01  0.303017E+01
0.404023E+01  0.308477E+01
0.410844E+01  0.313913E+01
0.417645E+01  0.319327E+01
0.424428E+01  0.324720E+01
0.431194E+01  0.330092E+01
0.437942E+01  0.335445E+01
0.444674E+01  0.340780E+01
0.451391E+01  0.346097E+01
0.458093E+01  0.351397E+01
0.464780E+01  0.356681E+01
0.471454E+01  0.361951E+01
0.478114E+01  0.367205E+01
0.484761E+01  0.372446E+01
0.491396E+01  0.377673E+01
0.498020E+01  0.382888E+01
0.504632E+01  0.388091E+01
0.511233E+01  0.393282E+01
0.517823E+01  0.398462E+01
0.524404E+01  0.403631E+01
0.530975E+01  0.408790E+01
0.537536E+01  0.413940E+01
0.544089E+01  0.419080E+01
0.550633E+01  0.424211E+01
0.557169E+01  0.429334E+01
0.563697E+01  0.434448E+01
0.570217E+01  0.439555E+01
0.576730E+01  0.444654E+01
0.583236E+01  0.449746E+01
0.589735E+01  0.454831E+01
0.596227E+01  0.459909E+01
0.602713E+01  0.464980E+01
0.609193E+01  0.470046E+01
0.615668E+01  0.475105E+01
0.622136E+01  0.480159E+01
0.628599E+01  0.485207E+01
0.635057E+01  0.490250E+01
0.641509E+01  0.495288E+01
0.647957E+01  0.500321E+01
0.654400E+01  0.505349E+01
0.660838E+01  0.510372E+01
0.667272E+01  0.515391E+01
0.673701E+01  0.520406E+01
0.680127E+01  0.525416E+01
0.686548E+01  0.530423E+01
0.692966E+01  0.535426E+01
0.699380E+01  0.540425E+01
0.705790E+01  0.545420E+01
0.712197E+01  0.550412E+01
0.718600E+01  0.555401E+01
0.725000E+01  0.560386E+01
0.731397E+01  0.565368E+01
0.737791E+01  0.570348E+01
0.744182E+01  0.575324E+01
0.750571E+01  0.580297E+01
0.756956E+01  0.585268E+01
0.763339E+01  0.590236E+01
0.769719E+01  0.595202E+01
0.776096E+01  0.600165E+01
0.782471E+01  0.605126E+01
