0.106534E+01  0.112297E+00
0.113301E+01  0.214767E+00
0.120268E+01  0.309019E+00
0.127403E+01  0.396392E+00
0.134675E+01  0.477990E+00
0.142054E+01  0.554721E+00
0.149517E+01  0.627333E+00
0.157041E+01  0.696443E+00
0.164607E+01  0.762558E+00
0.172201E+01  0.826097E+00
0.179808E+01  0.887406E+00
0.187418E+01  0.946779E+00
0.195023E+01  0.100445E+01
0.202617E+01  0.106063E+01
0.210193E+01  0.111548E+01
0.217748E+01  0.116915E+01
0.225278E+01  0.122176E+01
0.232781E+01  0.127342E+01
0.240256E+01  0.132422E+01
0.247700E+01  0.137423E+01
0.255114E+01  0.142353E+01
0.262496E+01  0.147217E+01
0.269846E+01  0.152020E+01
0.277165E+01  0.156768E+01
0.284453E+01  0.161465E+01
0.291709E+01  0.166113E+01
0.298933E+01  0.170716E+01
0.306128E+01  0.175277E+01
0.313293E+01  0.179800E+01
0.320428E+01  0.184285E+01
0.327534E+01  0.188736E+01
0.334613E+01  0.193154E+01
0.341664E+01  0.197542E+01
0.348689E+01  0.201901E+01
0.355688E+01  0.206232E+01
0.362662E+01  0.210537E+01
0.369612E+01  0.214818E+01
0.376538E+01  0.219075E+01
0.383441E+01  0.223310E+01
0.390323E+01  0.227524E+01
0.397183E+01  0.231719E+01
0.404023E+01  0.235894E+01
0.410844E+01  0.240051E+01
0.417645E+01  0.244191E+01
0.424428E+01  0.248315E+01
0.431194E+01  0.252423E+01
0.437942E+01  0.256517E+01
0.444674E+01  0.260596E+01
0.451391E+01  0.264662E+01
0.458093E+01  0.268715E+01
0.464780E+01  0.272756E+01
0.471454E+01  0.276786E+01
0.478114E+01  0.280804E+01
0.484761E+01  0.284811E+01
0.491396E+01  0.288809E+01
0.498020E+01  0.292797E+01
0.504632E+01  0.296775E+01
0.511233E+01  0.300745E+01
0.517823E+01  0.304706E+01
0.524404E+01  0.308659E+01
0.530975E+01  0.312604E+01
0.537536E+01  0.316542E+01
0.544089E+01  0.320473E+01
0.550633E+01  0.324397E+01
0.557169E+01  0.328314E+01
0.563697E+01  0.332225E+01
0.570217E+01  0.336130E+01
0.576730E+01  0.340030E+01
0.583236E+01  0.343923E+01
0.589735E+01  0.347812E+01
0.596227E+01  0.351695E+01
0.602713E+01  0.355573E+01
0.609193E+01  0.359447E+01
0.615668E+01  0.363316E+01
0.622136E+01  0.367180E+01
0.628599E+01  0.371041E+01
0.635057E+01  0.374897E+01
0.641509E+01  0.378750E+01
0.647957E+01  0.382598E+01
0.654400E+01  0.386443E+01
0.660838E+01  0.390285E+01
0.667272E+01  0.394123E+01
0.673701E+01  0.397957E+01
0.680127E+01  0.401789E+01
0.686548E+01  0.405618E+01
0.692966E+01  0.409443E+01
0.699380E+01  0.413266E+01
0.705790E+01  0.417086E+01
0.712197E+01  0.420903E+01
0.718600E+01  0.424718E+01
0.725000E+01  0.428531E+01
0.731397E+01  0.432341E+01
0.737791E+01  0.436148E+01
0.744182E+01  0.439954E+01
0.750571E+01  0.443757E+01
0.756956E+01  0.447558E+01
0.763339E+01  0.451357E+01
0.769719E+01  0.455154E+01
0.776096E+01  0.458950E+01
0.782471E+01  0.462743E+01
