0.106534E+01  0.662263E+00
0.113301E+01  0.126658E+01
0.120268E+01  0.182242E+01
0.127403E+01  0.233770E+01
0.134675E+01  0.281891E+01
0.142054E+01  0.327143E+01
0.149517E+01  0.369966E+01
0.157041E+01  0.410723E+01
0.164607E+01  0.449714E+01
0.172201E+01  0.487185E+01
0.179808E+01  0.523342E+01
0.187418E+01  0.558357E+01
0.195023E+01  0.592369E+01
0.202617E+01  0.625499E+01
0.210193E+01  0.657847E+01
0.217748E+01  0.689498E+01
0.225278E+01  0.720526E+01
0.232781E+01  0.750992E+01
0.240256E+01  0.780949E+01
0.247700E+01  0.810444E+01
0.255114E+01  0.839516E+01
0.262496E+01  0.868202E+01
0.269846E+01  0.896531E+01
0.277165E+01  0.924531E+01
0.284453E+01  0.952227E+01
0.291709E+01  0.979639E+01
0.298933E+01  0.100679E+02
0.306128E+01  0.103369E+02
0.313293E+01  0.106036E+02
0.320428E+01  0.108681E+02
0.327534E+01  0.111306E+02
0.334613E+01  0.113912E+02
0.341664E+01  0.116499E+02
0.348689E+01  0.119070E+02
0.355688E+01  0.121624E+02
0.362662E+01  0.124163E+02
0.369612E+01  0.126687E+02
0.376538E+01  0.129198E+02
0.383441E+01  0.131696E+02
0.390323E+01  0.134181E+02
0.397183E+01  0.136655E+02
0.404023E+01  0.139117E+02
0.410844E+01  0.141569E+02
0.417645E+01  0.144010E+02
0.424428E+01  0.146442E+02
0.431194E+01  0.148865E+02
0.437942E+01  0.151279E+02
0.444674E+01  0.153685E+02
0.451391E+01  0.156083E+02
0.458093E+01  0.158473E+02
0.464780E+01  0.160856E+02
0.471454E+01  0.163233E+02
0.478114E+01  0.165602E+02
0.484761E+01  0.167966E+02
0.491396E+01  0.170323E+02
0.498020E+01  0.172675E+02
0.504632E+01  0.175021E+02
0.511233E+01  0.177362E+02
0.517823E+01  0.179698E+02
0.524404E+01  0.182030E+02
0.530975E+01  0.184356E+02
0.537536E+01  0.186679E+02
0.544089E+01  0.188997E+02
0.550633E+01  0.191311E+02
0.557169E+01  0.193621E+02
0.563697E+01  0.195928E+02
0.570217E+01  0.198231E+02
0.576730E+01  0.200530E+02
0.583236E+01  0.202827E+02
0.589735E+01  0.205120E+02
0.596227E+01  0.207410E+02
0.602713E+01  0.209697E+02
0.609193E+01  0.211981E+02
0.615668E+01  0.214263E+02
0.622136E+01  0.216542E+02
0.628599E+01  0.218819E+02
0.635057E+01  0.221093E+02
0.641509E+01  0.223365E+02
0.647957E+01  0.225635E+02
0.654400E+01  0.227902E+02
0.660838E+01  0.230168E+02
0.667272E+01  0.232431E+02
0.673701E+01  0.234693E+02
0.680127E+01  0.236952E+02
0.686548E+01  0.239210E+02
0.692966E+01  0.241466E+02
0.699380E+01  0.243721E+02
0.705790E+01  0.245974E+02
0.712197E+01  0.248225E+02
0.718600E+01  0.250475E+02
0.725000E+01  0.252723E+02
0.731397E+01  0.254970E+02
0.737791E+01  0.257216E+02
0.744182E+01  0.259460E+02
0.750571E+01  0.261703E+02
0.756956E+01  0.263944E+02
0.763339E+01  0.266185E+02
0.769719E+01  0.268424E+02
0.776096E+01  0.270663E+02
0.782471E+01  0.272900E+02
