0.106534E+01  0.133892E+00
0.113301E+01  0.256069E+00
0.120268E+01  0.368445E+00
0.127403E+01  0.472621E+00
0.134675E+01  0.569911E+00
0.142054E+01  0.661398E+00
0.149517E+01  0.747974E+00
0.157041E+01  0.830375E+00
0.164607E+01  0.909204E+00
0.172201E+01  0.984962E+00
0.179808E+01  0.105806E+01
0.187418E+01  0.112885E+01
0.195023E+01  0.119762E+01
0.202617E+01  0.126459E+01
0.210193E+01  0.132999E+01
0.217748E+01  0.139399E+01
0.225278E+01  0.145672E+01
0.232781E+01  0.151831E+01
0.240256E+01  0.157887E+01
0.247700E+01  0.163851E+01
0.255114E+01  0.169728E+01
0.262496E+01  0.175528E+01
0.269846E+01  0.181255E+01
0.277165E+01  0.186916E+01
0.284453E+01  0.192515E+01
0.291709E+01  0.198057E+01
0.298933E+01  0.203546E+01
0.306128E+01  0.208985E+01
0.313293E+01  0.214377E+01
0.320428E+01  0.219725E+01
0.327534E+01  0.225031E+01
0.334613E+01  0.230300E+01
0.341664E+01  0.235531E+01
0.348689E+01  0.240728E+01
0.355688E+01  0.245892E+01
0.362662E+01  0.251025E+01
0.369612E+01  0.256129E+01
0.376538E+01  0.261205E+01
0.383441E+01  0.266254E+01
0.390323E+01  0.271279E+01
0.397183E+01  0.276280E+01
0.404023E+01  0.281258E+01
0.410844E+01  0.286215E+01
0.417645E+01  0.291151E+01
0.424428E+01  0.296068E+01
0.431194E+01  0.300966E+01
0.437942E+01  0.305847E+01
0.444674E+01  0.310711E+01
0.451391E+01  0.315559E+01
0.458093E+01  0.320391E+01
0.464780E+01  0.325210E+01
0.471454E+01  0.330014E+01
0.478114E+01  0.334805E+01
0.484761E+01  0.339583E+01
0.491396E+01  0.344349E+01
0.498020E+01  0.349104E+01
0.504632E+01  0.353847E+01
0.511233E+01  0.358580E+01
0.517823E+01  0.363303E+01
0.524404E+01  0.368017E+01
0.530975E+01  0.372721E+01
0.537536E+01  0.377416E+01
0.544089E+01  0.382102E+01
0.550633E+01  0.386781E+01
0.557169E+01  0.391452E+01
0.563697E+01  0.396115E+01
0.570217E+01  0.400771E+01
0.576730E+01  0.405420E+01
0.583236E+01  0.410062E+01
0.589735E+01  0.414699E+01
0.596227E+01  0.419329E+01
0.602713E+01  0.423953E+01
0.609193E+01  0.428571E+01
0.615668E+01  0.433184E+01
0.622136E+01  0.437792E+01
0.628599E+01  0.442395E+01
0.635057E+01  0.446993E+01
0.641509E+01  0.451586E+01
0.647957E+01  0.456175E+01
0.654400E+01  0.460759E+01
0.660838E+01  0.465339E+01
0.667272E+01  0.469915E+01
0.673701E+01  0.474488E+01
0.680127E+01  0.479056E+01
0.686548E+01  0.483621E+01
0.692966E+01  0.488182E+01
0.699380E+01  0.492740E+01
0.705790E+01  0.497295E+01
0.712197E+01  0.501846E+01
0.718600E+01  0.506395E+01
0.725000E+01  0.510940E+01
0.731397E+01  0.515483E+01
0.737791E+01  0.520023E+01
0.744182E+01  0.524560E+01
0.750571E+01  0.529095E+01
0.756956E+01  0.533627E+01
0.763339E+01  0.538157E+01
0.769719E+01  0.542684E+01
0.776096E+01  0.547209E+01
0.782471E+01  0.551732E+01
