0.106534E+01  0.207317E+00
0.113301E+01  0.396493E+00
0.120268E+01  0.570496E+00
0.127403E+01  0.731800E+00
0.134675E+01  0.882442E+00
0.142054E+01  0.102410E+01
0.149517E+01  0.115815E+01
0.157041E+01  0.128574E+01
0.164607E+01  0.140780E+01
0.172201E+01  0.152510E+01
0.179808E+01  0.163829E+01
0.187418E+01  0.174790E+01
0.195023E+01  0.185437E+01
0.202617E+01  0.195808E+01
0.210193E+01  0.205935E+01
0.217748E+01  0.215843E+01
0.225278E+01  0.225556E+01
0.232781E+01  0.235093E+01
0.240256E+01  0.244471E+01
0.247700E+01  0.253704E+01
0.255114E+01  0.262805E+01
0.262496E+01  0.271785E+01
0.269846E+01  0.280653E+01
0.277165E+01  0.289419E+01
0.284453E+01  0.298088E+01
0.291709E+01  0.306670E+01
0.298933E+01  0.315168E+01
0.306128E+01  0.323589E+01
0.313293E+01  0.331938E+01
0.320428E+01  0.340219E+01
0.327534E+01  0.348436E+01
0.334613E+01  0.356593E+01
0.341664E+01  0.364693E+01
0.348689E+01  0.372740E+01
0.355688E+01  0.380736E+01
0.362662E+01  0.388684E+01
0.369612E+01  0.396586E+01
0.376538E+01  0.404446E+01
0.383441E+01  0.412265E+01
0.390323E+01  0.420045E+01
0.397183E+01  0.427788E+01
0.404023E+01  0.435496E+01
0.410844E+01  0.443171E+01
0.417645E+01  0.450815E+01
0.424428E+01  0.458428E+01
0.431194E+01  0.466012E+01
0.437942E+01  0.473570E+01
0.444674E+01  0.481101E+01
0.451391E+01  0.488607E+01
0.458093E+01  0.496090E+01
0.464780E+01  0.503550E+01
0.471454E+01  0.510989E+01
0.478114E+01  0.518407E+01
0.484761E+01  0.525806E+01
0.491396E+01  0.533186E+01
0.498020E+01  0.540548E+01
0.504632E+01  0.547893E+01
0.511233E+01  0.555221E+01
0.517823E+01  0.562534E+01
0.524404E+01  0.569832E+01
0.530975E+01  0.577116E+01
0.537536E+01  0.584386E+01
0.544089E+01  0.591642E+01
0.550633E+01  0.598886E+01
0.557169E+01  0.606119E+01
0.563697E+01  0.613339E+01
0.570217E+01  0.620548E+01
0.576730E+01  0.627747E+01
0.583236E+01  0.634935E+01
0.589735E+01  0.642114E+01
0.596227E+01  0.649283E+01
0.602713E+01  0.656443E+01
0.609193E+01  0.663594E+01
0.615668E+01  0.670737E+01
0.622136E+01  0.677872E+01
0.628599E+01  0.684999E+01
0.635057E+01  0.692118E+01
0.641509E+01  0.699230E+01
0.647957E+01  0.706335E+01
0.654400E+01  0.713433E+01
0.660838E+01  0.720525E+01
0.667272E+01  0.727611E+01
0.673701E+01  0.734690E+01
0.680127E+01  0.741764E+01
0.686548E+01  0.748832E+01
0.692966E+01  0.755895E+01
0.699380E+01  0.762953E+01
0.705790E+01  0.770005E+01
0.712197E+01  0.777052E+01
0.718600E+01  0.784095E+01
0.725000E+01  0.791133E+01
0.731397E+01  0.798167E+01
0.737791E+01  0.805197E+01
0.744182E+01  0.812222E+01
0.750571E+01  0.819243E+01
0.756956E+01  0.826261E+01
0.763339E+01  0.833275E+01
0.769719E+01  0.840285E+01
0.776096E+01  0.847292E+01
0.782471E+01  0.854295E+01
