0.106534E+01  0.828885E+00
0.113301E+01  0.158524E+01
0.120268E+01  0.228093E+01
0.127403E+01  0.292585E+01
0.134675E+01  0.352813E+01
0.142054E+01  0.409450E+01
0.149517E+01  0.463047E+01
0.157041E+01  0.514058E+01
0.164607E+01  0.562859E+01
0.172201E+01  0.609758E+01
0.179808E+01  0.655012E+01
0.187418E+01  0.698836E+01
0.195023E+01  0.741405E+01
0.202617E+01  0.782870E+01
0.210193E+01  0.823357E+01
0.217748E+01  0.862972E+01
0.225278E+01  0.901806E+01
0.232781E+01  0.939937E+01
0.240256E+01  0.977431E+01
0.247700E+01  0.101435E+02
0.255114E+01  0.105073E+02
0.262496E+01  0.108664E+02
0.269846E+01  0.112209E+02
0.277165E+01  0.115714E+02
0.284453E+01  0.119180E+02
0.291709E+01  0.122611E+02
0.298933E+01  0.126009E+02
0.306128E+01  0.129376E+02
0.313293E+01  0.132714E+02
0.320428E+01  0.136025E+02
0.327534E+01  0.139310E+02
0.334613E+01  0.142571E+02
0.341664E+01  0.145810E+02
0.348689E+01  0.149027E+02
0.355688E+01  0.152224E+02
0.362662E+01  0.155402E+02
0.369612E+01  0.158561E+02
0.376538E+01  0.161704E+02
0.383441E+01  0.164830E+02
0.390323E+01  0.167940E+02
0.397183E+01  0.171036E+02
0.404023E+01  0.174118E+02
0.410844E+01  0.177186E+02
0.417645E+01  0.180242E+02
0.424428E+01  0.183286E+02
0.431194E+01  0.186319E+02
0.437942E+01  0.189340E+02
0.444674E+01  0.192351E+02
0.451391E+01  0.195352E+02
0.458093E+01  0.198344E+02
0.464780E+01  0.201327E+02
0.471454E+01  0.204301E+02
0.478114E+01  0.207267E+02
0.484761E+01  0.210225E+02
0.491396E+01  0.213176E+02
0.498020E+01  0.216119E+02
0.504632E+01  0.219056E+02
0.511233E+01  0.221986E+02
0.517823E+01  0.224909E+02
0.524404E+01  0.227827E+02
0.530975E+01  0.230739E+02
0.537536E+01  0.233646E+02
0.544089E+01  0.236547E+02
0.550633E+01  0.239444E+02
0.557169E+01  0.242335E+02
0.563697E+01  0.245222E+02
0.570217E+01  0.248104E+02
0.576730E+01  0.250983E+02
0.583236E+01  0.253857E+02
0.589735E+01  0.256727E+02
0.596227E+01  0.259593E+02
0.602713E+01  0.262456E+02
0.609193E+01  0.265315E+02
0.615668E+01  0.268171E+02
0.622136E+01  0.271023E+02
0.628599E+01  0.273873E+02
0.635057E+01  0.276719E+02
0.641509E+01  0.279562E+02
0.647957E+01  0.282403E+02
0.654400E+01  0.285241E+02
0.660838E+01  0.288077E+02
0.667272E+01  0.290910E+02
0.673701E+01  0.293740E+02
0.680127E+01  0.296568E+02
0.686548E+01  0.299394E+02
0.692966E+01  0.302218E+02
0.699380E+01  0.305040E+02
0.705790E+01  0.307859E+02
0.712197E+01  0.310677E+02
0.718600E+01  0.313493E+02
0.725000E+01  0.316307E+02
0.731397E+01  0.319119E+02
0.737791E+01  0.321930E+02
0.744182E+01  0.324738E+02
0.750571E+01  0.327546E+02
0.756956E+01  0.330351E+02
0.763339E+01  0.333156E+02
0.769719E+01  0.335958E+02
0.776096E+01  0.338760E+02
0.782471E+01  0.341560E+02
