0.106534E+01  0.864590E+00
0.113301E+01  0.165352E+01
0.120268E+01  0.237918E+01
0.127403E+01  0.305188E+01
0.134675E+01  0.368011E+01
0.142054E+01  0.427088E+01
0.149517E+01  0.482993E+01
0.157041E+01  0.536202E+01
0.164607E+01  0.587105E+01
0.172201E+01  0.636024E+01
0.179808E+01  0.683227E+01
0.187418E+01  0.728939E+01
0.195023E+01  0.773342E+01
0.202617E+01  0.816593E+01
0.210193E+01  0.858824E+01
0.217748E+01  0.900145E+01
0.225278E+01  0.940652E+01
0.232781E+01  0.980425E+01
0.240256E+01  0.101953E+02
0.247700E+01  0.105804E+02
0.255114E+01  0.109599E+02
0.262496E+01  0.113344E+02
0.269846E+01  0.117043E+02
0.277165E+01  0.120698E+02
0.284453E+01  0.124314E+02
0.291709E+01  0.127893E+02
0.298933E+01  0.131437E+02
0.306128E+01  0.134949E+02
0.313293E+01  0.138430E+02
0.320428E+01  0.141884E+02
0.327534E+01  0.145311E+02
0.334613E+01  0.148712E+02
0.341664E+01  0.152090E+02
0.348689E+01  0.155446E+02
0.355688E+01  0.158781E+02
0.362662E+01  0.162096E+02
0.369612E+01  0.165391E+02
0.376538E+01  0.168669E+02
0.383441E+01  0.171930E+02
0.390323E+01  0.175174E+02
0.397183E+01  0.178404E+02
0.404023E+01  0.181618E+02
0.410844E+01  0.184819E+02
0.417645E+01  0.188006E+02
0.424428E+01  0.191181E+02
0.431194E+01  0.194344E+02
0.437942E+01  0.197496E+02
0.444674E+01  0.200637E+02
0.451391E+01  0.203767E+02
0.458093E+01  0.206888E+02
0.464780E+01  0.209999E+02
0.471454E+01  0.213101E+02
0.478114E+01  0.216195E+02
0.484761E+01  0.219280E+02
0.491396E+01  0.222358E+02
0.498020E+01  0.225428E+02
0.504632E+01  0.228492E+02
0.511233E+01  0.231548E+02
0.517823E+01  0.234598E+02
0.524404E+01  0.237641E+02
0.530975E+01  0.240679E+02
0.537536E+01  0.243710E+02
0.544089E+01  0.246737E+02
0.550633E+01  0.249758E+02
0.557169E+01  0.252774E+02
0.563697E+01  0.255785E+02
0.570217E+01  0.258792E+02
0.576730E+01  0.261794E+02
0.583236E+01  0.264792E+02
0.589735E+01  0.267785E+02
0.596227E+01  0.270775E+02
0.602713E+01  0.273761E+02
0.609193E+01  0.276743E+02
0.615668E+01  0.279722E+02
0.622136E+01  0.282698E+02
0.628599E+01  0.285670E+02
0.635057E+01  0.288639E+02
0.641509E+01  0.291605E+02
0.647957E+01  0.294568E+02
0.654400E+01  0.297528E+02
0.660838E+01  0.300486E+02
0.667272E+01  0.303441E+02
0.673701E+01  0.306393E+02
0.680127E+01  0.309343E+02
0.686548E+01  0.312291E+02
0.692966E+01  0.315236E+02
0.699380E+01  0.318179E+02
0.705790E+01  0.321121E+02
0.712197E+01  0.324060E+02
0.718600E+01  0.326997E+02
0.725000E+01  0.329932E+02
0.731397E+01  0.332865E+02
0.737791E+01  0.335797E+02
0.744182E+01  0.338727E+02
0.750571E+01  0.341655E+02
0.756956E+01  0.344581E+02
0.763339E+01  0.347506E+02
0.769719E+01  0.350430E+02
0.776096E+01  0.353352E+02
0.782471E+01  0.356273E+02
