0.106534E+01  0.352823E+00
0.113301E+01  0.674773E+00
0.120268E+01  0.970900E+00
0.127403E+01  0.124542E+01
0.134675E+01  0.150179E+01
0.142054E+01  0.174287E+01
0.149517E+01  0.197101E+01
0.157041E+01  0.218814E+01
0.164607E+01  0.239587E+01
0.172201E+01  0.259550E+01
0.179808E+01  0.278812E+01
0.187418E+01  0.297467E+01
0.195023E+01  0.315587E+01
0.202617E+01  0.333237E+01
0.210193E+01  0.350470E+01
0.217748E+01  0.367333E+01
0.225278E+01  0.383863E+01
0.232781E+01  0.400093E+01
0.240256E+01  0.416053E+01
0.247700E+01  0.431767E+01
0.255114E+01  0.447255E+01
0.262496E+01  0.462538E+01
0.269846E+01  0.477630E+01
0.277165E+01  0.492547E+01
0.284453E+01  0.507302E+01
0.291709E+01  0.521906E+01
0.298933E+01  0.536369E+01
0.306128E+01  0.550701E+01
0.313293E+01  0.564909E+01
0.320428E+01  0.579002E+01
0.327534E+01  0.592986E+01
0.334613E+01  0.606868E+01
0.341664E+01  0.620653E+01
0.348689E+01  0.634348E+01
0.355688E+01  0.647956E+01
0.362662E+01  0.661482E+01
0.369612E+01  0.674931E+01
0.376538E+01  0.688307E+01
0.383441E+01  0.701614E+01
0.390323E+01  0.714854E+01
0.397183E+01  0.728032E+01
0.404023E+01  0.741150E+01
0.410844E+01  0.754212E+01
0.417645E+01  0.767220E+01
0.424428E+01  0.780176E+01
0.431194E+01  0.793084E+01
0.437942E+01  0.805945E+01
0.444674E+01  0.818762E+01
0.451391E+01  0.831537E+01
0.458093E+01  0.844272E+01
0.464780E+01  0.856968E+01
0.471454E+01  0.869628E+01
0.478114E+01  0.882252E+01
0.484761E+01  0.894844E+01
0.491396E+01  0.907403E+01
0.498020E+01  0.919932E+01
0.504632E+01  0.932432E+01
0.511233E+01  0.944904E+01
0.517823E+01  0.957350E+01
0.524404E+01  0.969770E+01
0.530975E+01  0.982165E+01
0.537536E+01  0.994538E+01
0.544089E+01  0.100689E+02
0.550633E+01  0.101922E+02
0.557169E+01  0.103152E+02
0.563697E+01  0.104381E+02
0.570217E+01  0.105608E+02
0.576730E+01  0.106833E+02
0.583236E+01  0.108057E+02
0.589735E+01  0.109278E+02
0.596227E+01  0.110498E+02
0.602713E+01  0.111717E+02
0.609193E+01  0.112934E+02
0.615668E+01  0.114149E+02
0.622136E+01  0.115364E+02
0.628599E+01  0.116577E+02
0.635057E+01  0.117788E+02
0.641509E+01  0.118999E+02
0.647957E+01  0.120208E+02
0.654400E+01  0.121416E+02
0.660838E+01  0.122623E+02
0.667272E+01  0.123829E+02
0.673701E+01  0.125033E+02
0.680127E+01  0.126237E+02
0.686548E+01  0.127440E+02
0.692966E+01  0.128642E+02
0.699380E+01  0.129843E+02
0.705790E+01  0.131043E+02
0.712197E+01  0.132243E+02
0.718600E+01  0.133441E+02
0.725000E+01  0.134639E+02
0.731397E+01  0.135836E+02
0.737791E+01  0.137033E+02
0.744182E+01  0.138228E+02
0.750571E+01  0.139423E+02
0.756956E+01  0.140617E+02
0.763339E+01  0.141811E+02
0.769719E+01  0.143004E+02
0.776096E+01  0.144196E+02
0.782471E+01  0.145388E+02
