0.106534E+01  0.155488E+00
0.113301E+01  0.297370E+00
0.120268E+01  0.427872E+00
0.127403E+01  0.548850E+00
0.134675E+01  0.661832E+00
0.142054E+01  0.768075E+00
0.149517E+01  0.868615E+00
0.157041E+01  0.964306E+00
0.164607E+01  0.105585E+01
0.172201E+01  0.114383E+01
0.179808E+01  0.122872E+01
0.187418E+01  0.131092E+01
0.195023E+01  0.139078E+01
0.202617E+01  0.146856E+01
0.210193E+01  0.154451E+01
0.217748E+01  0.161882E+01
0.225278E+01  0.169167E+01
0.232781E+01  0.176320E+01
0.240256E+01  0.183353E+01
0.247700E+01  0.190278E+01
0.255114E+01  0.197104E+01
0.262496E+01  0.203839E+01
0.269846E+01  0.210490E+01
0.277165E+01  0.217064E+01
0.284453E+01  0.223566E+01
0.291709E+01  0.230002E+01
0.298933E+01  0.236376E+01
0.306128E+01  0.242692E+01
0.313293E+01  0.248953E+01
0.320428E+01  0.255164E+01
0.327534E+01  0.261327E+01
0.334613E+01  0.267445E+01
0.341664E+01  0.273520E+01
0.348689E+01  0.279555E+01
0.355688E+01  0.285552E+01
0.362662E+01  0.291513E+01
0.369612E+01  0.297440E+01
0.376538E+01  0.303335E+01
0.383441E+01  0.309199E+01
0.390323E+01  0.315034E+01
0.397183E+01  0.320841E+01
0.404023E+01  0.326622E+01
0.410844E+01  0.332379E+01
0.417645E+01  0.338111E+01
0.424428E+01  0.343821E+01
0.431194E+01  0.349509E+01
0.437942E+01  0.355177E+01
0.444674E+01  0.360826E+01
0.451391E+01  0.366455E+01
0.458093E+01  0.372068E+01
0.464780E+01  0.377663E+01
0.471454E+01  0.383242E+01
0.478114E+01  0.388805E+01
0.484761E+01  0.394354E+01
0.491396E+01  0.399889E+01
0.498020E+01  0.405411E+01
0.504632E+01  0.410919E+01
0.511233E+01  0.416416E+01
0.517823E+01  0.421901E+01
0.524404E+01  0.427374E+01
0.530975E+01  0.432837E+01
0.537536E+01  0.438289E+01
0.544089E+01  0.443732E+01
0.550633E+01  0.449165E+01
0.557169E+01  0.454589E+01
0.563697E+01  0.460004E+01
0.570217E+01  0.465411E+01
0.576730E+01  0.470810E+01
0.583236E+01  0.476202E+01
0.589735E+01  0.481585E+01
0.596227E+01  0.486962E+01
0.602713E+01  0.492332E+01
0.609193E+01  0.497696E+01
0.615668E+01  0.503053E+01
0.622136E+01  0.508404E+01
0.628599E+01  0.513749E+01
0.635057E+01  0.519088E+01
0.641509E+01  0.524422E+01
0.647957E+01  0.529751E+01
0.654400E+01  0.535075E+01
0.660838E+01  0.540394E+01
0.667272E+01  0.545708E+01
0.673701E+01  0.551018E+01
0.680127E+01  0.556323E+01
0.686548E+01  0.561624E+01
0.692966E+01  0.566921E+01
0.699380E+01  0.572214E+01
0.705790E+01  0.577504E+01
0.712197E+01  0.582789E+01
0.718600E+01  0.588071E+01
0.725000E+01  0.593350E+01
0.731397E+01  0.598625E+01
0.737791E+01  0.603898E+01
0.744182E+01  0.609167E+01
0.750571E+01  0.614433E+01
0.756956E+01  0.619696E+01
0.763339E+01  0.624956E+01
0.769719E+01  0.630214E+01
0.776096E+01  0.635469E+01
0.782471E+01  0.640721E+01
