0.106534E+01  0.120935E+00
0.113301E+01  0.231288E+00
0.120268E+01  0.332789E+00
0.127403E+01  0.426883E+00
0.134675E+01  0.514758E+00
0.142054E+01  0.597392E+00
0.149517E+01  0.675590E+00
0.157041E+01  0.750016E+00
0.164607E+01  0.821216E+00
0.172201E+01  0.889643E+00
0.179808E+01  0.955668E+00
0.187418E+01  0.101961E+01
0.195023E+01  0.108172E+01
0.202617E+01  0.114221E+01
0.210193E+01  0.120129E+01
0.217748E+01  0.125908E+01
0.225278E+01  0.131574E+01
0.232781E+01  0.137138E+01
0.240256E+01  0.142608E+01
0.247700E+01  0.147994E+01
0.255114E+01  0.153303E+01
0.262496E+01  0.158541E+01
0.269846E+01  0.163714E+01
0.277165E+01  0.168827E+01
0.284453E+01  0.173885E+01
0.291709E+01  0.178891E+01
0.298933E+01  0.183848E+01
0.306128E+01  0.188760E+01
0.313293E+01  0.193630E+01
0.320428E+01  0.198461E+01
0.327534E+01  0.203254E+01
0.334613E+01  0.208012E+01
0.341664E+01  0.212738E+01
0.348689E+01  0.217431E+01
0.355688E+01  0.222096E+01
0.362662E+01  0.226732E+01
0.369612E+01  0.231342E+01
0.376538E+01  0.235927E+01
0.383441E+01  0.240488E+01
0.390323E+01  0.245026E+01
0.397183E+01  0.249543E+01
0.404023E+01  0.254040E+01
0.410844E+01  0.258517E+01
0.417645E+01  0.262975E+01
0.424428E+01  0.267416E+01
0.431194E+01  0.271841E+01
0.437942E+01  0.276249E+01
0.444674E+01  0.280642E+01
0.451391E+01  0.285021E+01
0.458093E+01  0.289386E+01
0.464780E+01  0.293738E+01
0.471454E+01  0.298077E+01
0.478114E+01  0.302404E+01
0.484761E+01  0.306720E+01
0.491396E+01  0.311025E+01
0.498020E+01  0.315319E+01
0.504632E+01  0.319604E+01
0.511233E+01  0.323879E+01
0.517823E+01  0.328145E+01
0.524404E+01  0.332402E+01
0.530975E+01  0.336651E+01
0.537536E+01  0.340892E+01
0.544089E+01  0.345125E+01
0.550633E+01  0.349350E+01
0.557169E+01  0.353569E+01
0.563697E+01  0.357781E+01
0.570217E+01  0.361987E+01
0.576730E+01  0.366186E+01
0.583236E+01  0.370379E+01
0.589735E+01  0.374566E+01
0.596227E+01  0.378748E+01
0.602713E+01  0.382925E+01
0.609193E+01  0.387097E+01
0.615668E+01  0.391263E+01
0.622136E+01  0.395425E+01
0.628599E+01  0.399582E+01
0.635057E+01  0.403735E+01
0.641509E+01  0.407884E+01
0.647957E+01  0.412029E+01
0.654400E+01  0.416169E+01
0.660838E+01  0.420306E+01
0.667272E+01  0.424440E+01
0.673701E+01  0.428569E+01
0.680127E+01  0.432696E+01
0.686548E+01  0.436819E+01
0.692966E+01  0.440939E+01
0.699380E+01  0.445056E+01
0.705790E+01  0.449170E+01
0.712197E+01  0.453281E+01
0.718600E+01  0.457389E+01
0.725000E+01  0.461494E+01
0.731397E+01  0.465598E+01
0.737791E+01  0.469698E+01
0.744182E+01  0.473796E+01
0.750571E+01  0.477892E+01
0.756956E+01  0.481986E+01
0.763339E+01  0.486077E+01
0.769719E+01  0.490166E+01
0.776096E+01  0.494253E+01
0.782471E+01  0.498339E+01
