0.106534E+01  0.388528E+00
0.113301E+01  0.743058E+00
0.120268E+01  0.106915E+01
0.127403E+01  0.137145E+01
0.134675E+01  0.165376E+01
0.142054E+01  0.191924E+01
0.149517E+01  0.217047E+01
0.157041E+01  0.240957E+01
0.164607E+01  0.263832E+01
0.172201E+01  0.285815E+01
0.179808E+01  0.307027E+01
0.187418E+01  0.327569E+01
0.195023E+01  0.347523E+01
0.202617E+01  0.366959E+01
0.210193E+01  0.385937E+01
0.217748E+01  0.404506E+01
0.225278E+01  0.422709E+01
0.232781E+01  0.440582E+01
0.240256E+01  0.458157E+01
0.247700E+01  0.475460E+01
0.255114E+01  0.492516E+01
0.262496E+01  0.509345E+01
0.269846E+01  0.525965E+01
0.277165E+01  0.542392E+01
0.284453E+01  0.558640E+01
0.291709E+01  0.574721E+01
0.298933E+01  0.590648E+01
0.306128E+01  0.606430E+01
0.313293E+01  0.622076E+01
0.320428E+01  0.637595E+01
0.327534E+01  0.652995E+01
0.334613E+01  0.668281E+01
0.341664E+01  0.683462E+01
0.348689E+01  0.698542E+01
0.355688E+01  0.713527E+01
0.362662E+01  0.728422E+01
0.369612E+01  0.743232E+01
0.376538E+01  0.757962E+01
0.383441E+01  0.772615E+01
0.390323E+01  0.787195E+01
0.397183E+01  0.801707E+01
0.404023E+01  0.816153E+01
0.410844E+01  0.830536E+01
0.417645E+01  0.844860E+01
0.424428E+01  0.859128E+01
0.431194E+01  0.873342E+01
0.437942E+01  0.887505E+01
0.444674E+01  0.901619E+01
0.451391E+01  0.915686E+01
0.458093E+01  0.929709E+01
0.464780E+01  0.943690E+01
0.471454E+01  0.957631E+01
0.478114E+01  0.971533E+01
0.484761E+01  0.985399E+01
0.491396E+01  0.999229E+01
0.498020E+01  0.101303E+02
0.504632E+01  0.102679E+02
0.511233E+01  0.104053E+02
0.517823E+01  0.105423E+02
0.524404E+01  0.106791E+02
0.530975E+01  0.108156E+02
0.537536E+01  0.109518E+02
0.544089E+01  0.110878E+02
0.550633E+01  0.112236E+02
0.557169E+01  0.113591E+02
0.563697E+01  0.114944E+02
0.570217E+01  0.116295E+02
0.576730E+01  0.117644E+02
0.583236E+01  0.118992E+02
0.589735E+01  0.120337E+02
0.596227E+01  0.121680E+02
0.602713E+01  0.123022E+02
0.609193E+01  0.124362E+02
0.615668E+01  0.125701E+02
0.622136E+01  0.127038E+02
0.628599E+01  0.128374E+02
0.635057E+01  0.129708E+02
0.641509E+01  0.131041E+02
0.647957E+01  0.132372E+02
0.654400E+01  0.133703E+02
0.660838E+01  0.135032E+02
0.667272E+01  0.136360E+02
0.673701E+01  0.137686E+02
0.680127E+01  0.139012E+02
0.686548E+01  0.140337E+02
0.692966E+01  0.141660E+02
0.699380E+01  0.142983E+02
0.705790E+01  0.144305E+02
0.712197E+01  0.145625E+02
0.718600E+01  0.146945E+02
0.725000E+01  0.148264E+02
0.731397E+01  0.149582E+02
0.737791E+01  0.150900E+02
0.744182E+01  0.152216E+02
0.750571E+01  0.153532E+02
0.756956E+01  0.154847E+02
0.763339E+01  0.156162E+02
0.769719E+01  0.157476E+02
0.776096E+01  0.158789E+02
0.782471E+01  0.160101E+02
