0.106534E+01  0.805082E+00
0.113301E+01  0.153972E+01
0.120268E+01  0.221543E+01
0.127403E+01  0.284182E+01
0.134675E+01  0.342682E+01
0.142054E+01  0.397692E+01
0.149517E+01  0.449750E+01
0.157041E+01  0.499296E+01
0.164607E+01  0.546695E+01
0.172201E+01  0.592248E+01
0.179808E+01  0.636202E+01
0.187418E+01  0.678767E+01
0.195023E+01  0.720114E+01
0.202617E+01  0.760389E+01
0.210193E+01  0.799713E+01
0.217748E+01  0.838190E+01
0.225278E+01  0.875909E+01
0.232781E+01  0.912944E+01
0.240256E+01  0.949362E+01
0.247700E+01  0.985217E+01
0.255114E+01  0.102056E+02
0.262496E+01  0.105543E+02
0.269846E+01  0.108987E+02
0.277165E+01  0.112391E+02
0.284453E+01  0.115758E+02
0.291709E+01  0.119090E+02
0.298933E+01  0.122390E+02
0.306128E+01  0.125660E+02
0.313293E+01  0.128903E+02
0.320428E+01  0.132118E+02
0.327534E+01  0.135309E+02
0.334613E+01  0.138477E+02
0.341664E+01  0.141622E+02
0.348689E+01  0.144747E+02
0.355688E+01  0.147852E+02
0.362662E+01  0.150939E+02
0.369612E+01  0.154008E+02
0.376538E+01  0.157060E+02
0.383441E+01  0.160096E+02
0.390323E+01  0.163117E+02
0.397183E+01  0.166124E+02
0.404023E+01  0.169118E+02
0.410844E+01  0.172098E+02
0.417645E+01  0.175066E+02
0.424428E+01  0.178023E+02
0.431194E+01  0.180968E+02
0.437942E+01  0.183903E+02
0.444674E+01  0.186827E+02
0.451391E+01  0.189742E+02
0.458093E+01  0.192648E+02
0.464780E+01  0.195545E+02
0.471454E+01  0.198434E+02
0.478114E+01  0.201315E+02
0.484761E+01  0.204188E+02
0.491396E+01  0.207054E+02
0.498020E+01  0.209913E+02
0.504632E+01  0.212765E+02
0.511233E+01  0.215611E+02
0.517823E+01  0.218451E+02
0.524404E+01  0.221285E+02
0.530975E+01  0.224113E+02
0.537536E+01  0.226936E+02
0.544089E+01  0.229754E+02
0.550633E+01  0.232568E+02
0.557169E+01  0.235376E+02
0.563697E+01  0.238180E+02
0.570217E+01  0.240980E+02
0.576730E+01  0.243775E+02
0.583236E+01  0.246567E+02
0.589735E+01  0.249354E+02
0.596227E+01  0.252138E+02
0.602713E+01  0.254919E+02
0.609193E+01  0.257696E+02
0.615668E+01  0.260470E+02
0.622136E+01  0.263240E+02
0.628599E+01  0.266008E+02
0.635057E+01  0.268772E+02
0.641509E+01  0.271534E+02
0.647957E+01  0.274293E+02
0.654400E+01  0.277050E+02
0.660838E+01  0.279804E+02
0.667272E+01  0.282556E+02
0.673701E+01  0.285305E+02
0.680127E+01  0.288052E+02
0.686548E+01  0.290797E+02
0.692966E+01  0.293539E+02
0.699380E+01  0.296280E+02
0.705790E+01  0.299019E+02
0.712197E+01  0.301755E+02
0.718600E+01  0.304490E+02
0.725000E+01  0.307223E+02
0.731397E+01  0.309955E+02
0.737791E+01  0.312685E+02
0.744182E+01  0.315413E+02
0.750571E+01  0.318140E+02
0.756956E+01  0.320865E+02
0.763339E+01  0.323588E+02
0.769719E+01  0.326311E+02
0.776096E+01  0.329032E+02
0.782471E+01  0.331751E+02
