0.106534E+01  0.293316E+00
0.113301E+01  0.560964E+00
0.120268E+01  0.807146E+00
0.127403E+01  0.103536E+01
0.134675E+01  0.124849E+01
0.142054E+01  0.144891E+01
0.149517E+01  0.163857E+01
0.157041E+01  0.181909E+01
0.164607E+01  0.199178E+01
0.172201E+01  0.215774E+01
0.179808E+01  0.231787E+01
0.187418E+01  0.247295E+01
0.195023E+01  0.262359E+01
0.202617E+01  0.277032E+01
0.210193E+01  0.291359E+01
0.217748E+01  0.305378E+01
0.225278E+01  0.319120E+01
0.232781E+01  0.332613E+01
0.240256E+01  0.345881E+01
0.247700E+01  0.358944E+01
0.255114E+01  0.371820E+01
0.262496E+01  0.384525E+01
0.269846E+01  0.397072E+01
0.277165E+01  0.409474E+01
0.284453E+01  0.421740E+01
0.291709E+01  0.433881E+01
0.298933E+01  0.445904E+01
0.306128E+01  0.457819E+01
0.313293E+01  0.469631E+01
0.320428E+01  0.481347E+01
0.327534E+01  0.492972E+01
0.334613E+01  0.504513E+01
0.341664E+01  0.515973E+01
0.348689E+01  0.527358E+01
0.355688E+01  0.538670E+01
0.362662E+01  0.549916E+01
0.369612E+01  0.561096E+01
0.376538E+01  0.572216E+01
0.383441E+01  0.583279E+01
0.390323E+01  0.594286E+01
0.397183E+01  0.605241E+01
0.404023E+01  0.616147E+01
0.410844E+01  0.627005E+01
0.417645E+01  0.637819E+01
0.424428E+01  0.648591E+01
0.431194E+01  0.659321E+01
0.437942E+01  0.670013E+01
0.444674E+01  0.680669E+01
0.451391E+01  0.691289E+01
0.458093E+01  0.701876E+01
0.464780E+01  0.712430E+01
0.471454E+01  0.722955E+01
0.478114E+01  0.733450E+01
0.484761E+01  0.743918E+01
0.491396E+01  0.754359E+01
0.498020E+01  0.764775E+01
0.504632E+01  0.775167E+01
0.511233E+01  0.785535E+01
0.517823E+01  0.795882E+01
0.524404E+01  0.806207E+01
0.530975E+01  0.816512E+01
0.537536E+01  0.826797E+01
0.544089E+01  0.837064E+01
0.550633E+01  0.847313E+01
0.557169E+01  0.857546E+01
0.563697E+01  0.867761E+01
0.570217E+01  0.877961E+01
0.576730E+01  0.888146E+01
0.583236E+01  0.898316E+01
0.589735E+01  0.908472E+01
0.596227E+01  0.918615E+01
0.602713E+01  0.928745E+01
0.609193E+01  0.938863E+01
0.615668E+01  0.948969E+01
0.622136E+01  0.959063E+01
0.628599E+01  0.969146E+01
0.635057E+01  0.979219E+01
0.641509E+01  0.989281E+01
0.647957E+01  0.999333E+01
0.654400E+01  0.100938E+02
0.660838E+01  0.101941E+02
0.667272E+01  0.102943E+02
0.673701E+01  0.103945E+02
0.680127E+01  0.104946E+02
0.686548E+01  0.105946E+02
0.692966E+01  0.106945E+02
0.699380E+01  0.107944E+02
0.705790E+01  0.108941E+02
0.712197E+01  0.109939E+02
0.718600E+01  0.110935E+02
0.725000E+01  0.111931E+02
0.731397E+01  0.112926E+02
0.737791E+01  0.113920E+02
0.744182E+01  0.114914E+02
0.750571E+01  0.115908E+02
0.756956E+01  0.116901E+02
0.763339E+01  0.117893E+02
0.769719E+01  0.118885E+02
0.776096E+01  0.119876E+02
0.782471E+01  0.120867E+02
