0.106534E+01  0.224594E+00
0.113301E+01  0.429534E+00
0.120268E+01  0.618038E+00
0.127403E+01  0.792784E+00
0.134675E+01  0.955979E+00
0.142054E+01  0.110944E+01
0.149517E+01  0.125467E+01
0.157041E+01  0.139289E+01
0.164607E+01  0.152512E+01
0.172201E+01  0.165219E+01
0.179808E+01  0.177481E+01
0.187418E+01  0.189356E+01
0.195023E+01  0.200890E+01
0.202617E+01  0.212126E+01
0.210193E+01  0.223096E+01
0.217748E+01  0.233830E+01
0.225278E+01  0.244352E+01
0.232781E+01  0.254684E+01
0.240256E+01  0.264843E+01
0.247700E+01  0.274846E+01
0.255114E+01  0.284705E+01
0.262496E+01  0.294434E+01
0.269846E+01  0.304041E+01
0.277165E+01  0.313537E+01
0.284453E+01  0.322929E+01
0.291709E+01  0.332225E+01
0.298933E+01  0.341432E+01
0.306128E+01  0.350555E+01
0.313293E+01  0.359599E+01
0.320428E+01  0.368570E+01
0.327534E+01  0.377472E+01
0.334613E+01  0.386309E+01
0.341664E+01  0.395084E+01
0.348689E+01  0.403801E+01
0.355688E+01  0.412464E+01
0.362662E+01  0.421074E+01
0.369612E+01  0.429635E+01
0.376538E+01  0.438150E+01
0.383441E+01  0.446620E+01
0.390323E+01  0.455049E+01
0.397183E+01  0.463437E+01
0.404023E+01  0.471788E+01
0.410844E+01  0.480102E+01
0.417645E+01  0.488383E+01
0.424428E+01  0.496630E+01
0.431194E+01  0.504847E+01
0.437942E+01  0.513034E+01
0.444674E+01  0.521193E+01
0.451391E+01  0.529325E+01
0.458093E+01  0.537431E+01
0.464780E+01  0.545513E+01
0.471454E+01  0.553571E+01
0.478114E+01  0.561608E+01
0.484761E+01  0.569623E+01
0.491396E+01  0.577618E+01
0.498020E+01  0.585593E+01
0.504632E+01  0.593550E+01
0.511233E+01  0.601490E+01
0.517823E+01  0.609412E+01
0.524404E+01  0.617318E+01
0.530975E+01  0.625209E+01
0.537536E+01  0.633084E+01
0.544089E+01  0.640946E+01
0.550633E+01  0.648794E+01
0.557169E+01  0.656628E+01
0.563697E+01  0.664451E+01
0.570217E+01  0.672261E+01
0.576730E+01  0.680059E+01
0.583236E+01  0.687847E+01
0.589735E+01  0.695623E+01
0.596227E+01  0.703390E+01
0.602713E+01  0.711147E+01
0.609193E+01  0.718894E+01
0.615668E+01  0.726632E+01
0.622136E+01  0.734361E+01
0.628599E+01  0.742082E+01
0.635057E+01  0.749794E+01
0.641509E+01  0.757499E+01
0.647957E+01  0.765196E+01
0.654400E+01  0.772886E+01
0.660838E+01  0.780569E+01
0.667272E+01  0.788245E+01
0.673701E+01  0.795915E+01
0.680127E+01  0.803578E+01
0.686548E+01  0.811235E+01
0.692966E+01  0.818886E+01
0.699380E+01  0.826532E+01
0.705790E+01  0.834172E+01
0.712197E+01  0.841807E+01
0.718600E+01  0.849436E+01
0.725000E+01  0.857061E+01
0.731397E+01  0.864681E+01
0.737791E+01  0.872296E+01
0.744182E+01  0.879907E+01
0.750571E+01  0.887514E+01
0.756956E+01  0.895116E+01
0.763339E+01  0.902714E+01
0.769719E+01  0.910309E+01
0.776096E+01  0.917899E+01
0.782471E+01  0.925486E+01
