0.106534E+01  0.151169E+00
0.113301E+01  0.289110E+00
0.120268E+01  0.415987E+00
0.127403E+01  0.533604E+00
0.134675E+01  0.643447E+00
0.142054E+01  0.746739E+00
0.149517E+01  0.844487E+00
0.157041E+01  0.937520E+00
0.164607E+01  0.102652E+01
0.172201E+01  0.111205E+01
0.179808E+01  0.119459E+01
0.187418E+01  0.127451E+01
0.195023E+01  0.135215E+01
0.202617E+01  0.142777E+01
0.210193E+01  0.150161E+01
0.217748E+01  0.157385E+01
0.225278E+01  0.164468E+01
0.232781E+01  0.171422E+01
0.240256E+01  0.178260E+01
0.247700E+01  0.184993E+01
0.255114E+01  0.191629E+01
0.262496E+01  0.198176E+01
0.269846E+01  0.204643E+01
0.277165E+01  0.211034E+01
0.284453E+01  0.217356E+01
0.291709E+01  0.223613E+01
0.298933E+01  0.229810E+01
0.306128E+01  0.235950E+01
0.313293E+01  0.242038E+01
0.320428E+01  0.248076E+01
0.327534E+01  0.254068E+01
0.334613E+01  0.260016E+01
0.341664E+01  0.265922E+01
0.348689E+01  0.271789E+01
0.355688E+01  0.277620E+01
0.362662E+01  0.283415E+01
0.369612E+01  0.289178E+01
0.376538E+01  0.294909E+01
0.383441E+01  0.300610E+01
0.390323E+01  0.306283E+01
0.397183E+01  0.311929E+01
0.404023E+01  0.317549E+01
0.410844E+01  0.323146E+01
0.417645E+01  0.328719E+01
0.424428E+01  0.334270E+01
0.431194E+01  0.339801E+01
0.437942E+01  0.345311E+01
0.444674E+01  0.350803E+01
0.451391E+01  0.356276E+01
0.458093E+01  0.361732E+01
0.464780E+01  0.367172E+01
0.471454E+01  0.372596E+01
0.478114E+01  0.378005E+01
0.484761E+01  0.383400E+01
0.491396E+01  0.388781E+01
0.498020E+01  0.394149E+01
0.504632E+01  0.399505E+01
0.511233E+01  0.404849E+01
0.517823E+01  0.410181E+01
0.524404E+01  0.415503E+01
0.530975E+01  0.420813E+01
0.537536E+01  0.426114E+01
0.544089E+01  0.431406E+01
0.550633E+01  0.436688E+01
0.557169E+01  0.441961E+01
0.563697E+01  0.447226E+01
0.570217E+01  0.452483E+01
0.576730E+01  0.457732E+01
0.583236E+01  0.462974E+01
0.589735E+01  0.468208E+01
0.596227E+01  0.473436E+01
0.602713E+01  0.478656E+01
0.609193E+01  0.483871E+01
0.615668E+01  0.489079E+01
0.622136E+01  0.494281E+01
0.628599E+01  0.499478E+01
0.635057E+01  0.504669E+01
0.641509E+01  0.509855E+01
0.647957E+01  0.515036E+01
0.654400E+01  0.520212E+01
0.660838E+01  0.525383E+01
0.667272E+01  0.530550E+01
0.673701E+01  0.535712E+01
0.680127E+01  0.540870E+01
0.686548E+01  0.546024E+01
0.692966E+01  0.551173E+01
0.699380E+01  0.556320E+01
0.705790E+01  0.561462E+01
0.712197E+01  0.566601E+01
0.718600E+01  0.571736E+01
0.725000E+01  0.576868E+01
0.731397E+01  0.581997E+01
0.737791E+01  0.587123E+01
0.744182E+01  0.592245E+01
0.750571E+01  0.597365E+01
0.756956E+01  0.602482E+01
0.763339E+01  0.607596E+01
0.769719E+01  0.612708E+01
0.776096E+01  0.617817E+01
0.782471E+01  0.622923E+01
