0.106534E+01  0.590854E+00
0.113301E+01  0.113001E+01
0.120268E+01  0.162591E+01
0.127403E+01  0.208563E+01
0.134675E+01  0.251496E+01
0.142054E+01  0.291868E+01
0.149517E+01  0.330074E+01
0.157041E+01  0.366436E+01
0.164607E+01  0.401223E+01
0.172201E+01  0.434654E+01
0.179808E+01  0.466912E+01
0.187418E+01  0.498151E+01
0.195023E+01  0.528496E+01
0.202617E+01  0.558053E+01
0.210193E+01  0.586914E+01
0.217748E+01  0.615152E+01
0.225278E+01  0.642834E+01
0.232781E+01  0.670015E+01
0.240256E+01  0.696742E+01
0.247700E+01  0.723057E+01
0.255114E+01  0.748994E+01
0.262496E+01  0.774587E+01
0.269846E+01  0.799862E+01
0.277165E+01  0.824843E+01
0.284453E+01  0.849552E+01
0.291709E+01  0.874008E+01
0.298933E+01  0.898229E+01
0.306128E+01  0.922229E+01
0.313293E+01  0.946023E+01
0.320428E+01  0.969624E+01
0.327534E+01  0.993042E+01
0.334613E+01  0.101629E+02
0.341664E+01  0.103938E+02
0.348689E+01  0.106231E+02
0.355688E+01  0.108510E+02
0.362662E+01  0.110775E+02
0.369612E+01  0.113027E+02
0.376538E+01  0.115267E+02
0.383441E+01  0.117496E+02
0.390323E+01  0.119713E+02
0.397183E+01  0.121920E+02
0.404023E+01  0.124116E+02
0.410844E+01  0.126304E+02
0.417645E+01  0.128482E+02
0.424428E+01  0.130652E+02
0.431194E+01  0.132814E+02
0.437942E+01  0.134967E+02
0.444674E+01  0.137114E+02
0.451391E+01  0.139253E+02
0.458093E+01  0.141386E+02
0.464780E+01  0.143512E+02
0.471454E+01  0.145632E+02
0.478114E+01  0.147746E+02
0.484761E+01  0.149855E+02
0.491396E+01  0.151958E+02
0.498020E+01  0.154056E+02
0.504632E+01  0.156149E+02
0.511233E+01  0.158238E+02
0.517823E+01  0.160322E+02
0.524404E+01  0.162402E+02
0.530975E+01  0.164478E+02
0.537536E+01  0.166550E+02
0.544089E+01  0.168618E+02
0.550633E+01  0.170683E+02
0.557169E+01  0.172744E+02
0.563697E+01  0.174802E+02
0.570217E+01  0.176856E+02
0.576730E+01  0.178908E+02
0.583236E+01  0.180957E+02
0.589735E+01  0.183002E+02
0.596227E+01  0.185046E+02
0.602713E+01  0.187086E+02
0.609193E+01  0.189124E+02
0.615668E+01  0.191160E+02
0.622136E+01  0.193193E+02
0.628599E+01  0.195225E+02
0.635057E+01  0.197254E+02
0.641509E+01  0.199281E+02
0.647957E+01  0.201305E+02
0.654400E+01  0.203329E+02
0.660838E+01  0.205350E+02
0.667272E+01  0.207369E+02
0.673701E+01  0.209387E+02
0.680127E+01  0.211403E+02
0.686548E+01  0.213417E+02
0.692966E+01  0.215430E+02
0.699380E+01  0.217441E+02
0.705790E+01  0.219451E+02
0.712197E+01  0.221460E+02
0.718600E+01  0.223467E+02
0.725000E+01  0.225473E+02
0.731397E+01  0.227478E+02
0.737791E+01  0.229481E+02
0.744182E+01  0.231483E+02
0.750571E+01  0.233484E+02
0.756956E+01  0.235484E+02
0.763339E+01  0.237483E+02
0.769719E+01  0.239481E+02
0.776096E+01  0.241478E+02
0.782471E+01  0.243474E+02
