0.106534E+01  0.602756E+00
0.113301E+01  0.115277E+01
0.120268E+01  0.165866E+01
0.127403E+01  0.212764E+01
0.134675E+01  0.256562E+01
0.142054E+01  0.297748E+01
0.149517E+01  0.336723E+01
0.157041E+01  0.373817E+01
0.164607E+01  0.409305E+01
0.172201E+01  0.443409E+01
0.179808E+01  0.476317E+01
0.187418E+01  0.508185E+01
0.195023E+01  0.539141E+01
0.202617E+01  0.569294E+01
0.210193E+01  0.598736E+01
0.217748E+01  0.627543E+01
0.225278E+01  0.655783E+01
0.232781E+01  0.683511E+01
0.240256E+01  0.710776E+01
0.247700E+01  0.737621E+01
0.255114E+01  0.764081E+01
0.262496E+01  0.790189E+01
0.269846E+01  0.815973E+01
0.277165E+01  0.841458E+01
0.284453E+01  0.866664E+01
0.291709E+01  0.891613E+01
0.298933E+01  0.916322E+01
0.306128E+01  0.940805E+01
0.313293E+01  0.965079E+01
0.320428E+01  0.989155E+01
0.327534E+01  0.101304E+02
0.334613E+01  0.103676E+02
0.341664E+01  0.106031E+02
0.348689E+01  0.108371E+02
0.355688E+01  0.110695E+02
0.362662E+01  0.113006E+02
0.369612E+01  0.115304E+02
0.376538E+01  0.117589E+02
0.383441E+01  0.119862E+02
0.390323E+01  0.122124E+02
0.397183E+01  0.124375E+02
0.404023E+01  0.126617E+02
0.410844E+01  0.128848E+02
0.417645E+01  0.131070E+02
0.424428E+01  0.133284E+02
0.431194E+01  0.135489E+02
0.437942E+01  0.137686E+02
0.444674E+01  0.139876E+02
0.451391E+01  0.142058E+02
0.458093E+01  0.144234E+02
0.464780E+01  0.146403E+02
0.471454E+01  0.148565E+02
0.478114E+01  0.150722E+02
0.484761E+01  0.152873E+02
0.491396E+01  0.155019E+02
0.498020E+01  0.157159E+02
0.504632E+01  0.159295E+02
0.511233E+01  0.161425E+02
0.517823E+01  0.163552E+02
0.524404E+01  0.165673E+02
0.530975E+01  0.167791E+02
0.537536E+01  0.169905E+02
0.544089E+01  0.172015E+02
0.550633E+01  0.174121E+02
0.557169E+01  0.176223E+02
0.563697E+01  0.178323E+02
0.570217E+01  0.180419E+02
0.576730E+01  0.182512E+02
0.583236E+01  0.184602E+02
0.589735E+01  0.186689E+02
0.596227E+01  0.188773E+02
0.602713E+01  0.190855E+02
0.609193E+01  0.192934E+02
0.615668E+01  0.195011E+02
0.622136E+01  0.197085E+02
0.628599E+01  0.199157E+02
0.635057E+01  0.201227E+02
0.641509E+01  0.203295E+02
0.647957E+01  0.205360E+02
0.654400E+01  0.207424E+02
0.660838E+01  0.209486E+02
0.667272E+01  0.211546E+02
0.673701E+01  0.213604E+02
0.680127E+01  0.215661E+02
0.686548E+01  0.217716E+02
0.692966E+01  0.219769E+02
0.699380E+01  0.221821E+02
0.705790E+01  0.223872E+02
0.712197E+01  0.225921E+02
0.718600E+01  0.227968E+02
0.725000E+01  0.230015E+02
0.731397E+01  0.232060E+02
0.737791E+01  0.234103E+02
0.744182E+01  0.236146E+02
0.750571E+01  0.238187E+02
0.756956E+01  0.240228E+02
0.763339E+01  0.242267E+02
0.769719E+01  0.244305E+02
0.776096E+01  0.246342E+02
0.782471E+01  0.248378E+02
