0.106534E+01  0.674165E+00
0.113301E+01  0.128934E+01
0.120268E+01  0.185517E+01
0.127403E+01  0.237971E+01
0.134675E+01  0.286957E+01
0.142054E+01  0.333022E+01
0.149517E+01  0.376614E+01
0.157041E+01  0.418104E+01
0.164607E+01  0.457796E+01
0.172201E+01  0.495941E+01
0.179808E+01  0.532747E+01
0.187418E+01  0.568391E+01
0.195023E+01  0.603014E+01
0.202617E+01  0.636739E+01
0.210193E+01  0.669669E+01
0.217748E+01  0.701889E+01
0.225278E+01  0.733474E+01
0.232781E+01  0.764488E+01
0.240256E+01  0.794983E+01
0.247700E+01  0.825008E+01
0.255114E+01  0.854603E+01
0.262496E+01  0.883804E+01
0.269846E+01  0.912643E+01
0.277165E+01  0.941146E+01
0.284453E+01  0.969339E+01
0.291709E+01  0.997244E+01
0.298933E+01  0.102488E+02
0.306128E+01  0.105226E+02
0.313293E+01  0.107941E+02
0.320428E+01  0.110634E+02
0.327534E+01  0.113306E+02
0.334613E+01  0.115959E+02
0.341664E+01  0.118593E+02
0.348689E+01  0.121209E+02
0.355688E+01  0.123810E+02
0.362662E+01  0.126394E+02
0.369612E+01  0.128964E+02
0.376538E+01  0.131520E+02
0.383441E+01  0.134062E+02
0.390323E+01  0.136592E+02
0.397183E+01  0.139110E+02
0.404023E+01  0.141617E+02
0.410844E+01  0.144113E+02
0.417645E+01  0.146598E+02
0.424428E+01  0.149074E+02
0.431194E+01  0.151540E+02
0.437942E+01  0.153998E+02
0.444674E+01  0.156447E+02
0.451391E+01  0.158888E+02
0.458093E+01  0.161321E+02
0.464780E+01  0.163747E+02
0.471454E+01  0.166166E+02
0.478114E+01  0.168578E+02
0.484761E+01  0.170984E+02
0.491396E+01  0.173384E+02
0.498020E+01  0.175778E+02
0.504632E+01  0.178167E+02
0.511233E+01  0.180550E+02
0.517823E+01  0.182928E+02
0.524404E+01  0.185301E+02
0.530975E+01  0.187669E+02
0.537536E+01  0.190034E+02
0.544089E+01  0.192393E+02
0.550633E+01  0.194749E+02
0.557169E+01  0.197101E+02
0.563697E+01  0.199449E+02
0.570217E+01  0.201793E+02
0.576730E+01  0.204134E+02
0.583236E+01  0.206472E+02
0.589735E+01  0.208806E+02
0.596227E+01  0.211137E+02
0.602713E+01  0.213466E+02
0.609193E+01  0.215791E+02
0.615668E+01  0.218114E+02
0.622136E+01  0.220434E+02
0.628599E+01  0.222751E+02
0.635057E+01  0.225066E+02
0.641509E+01  0.227379E+02
0.647957E+01  0.229690E+02
0.654400E+01  0.231998E+02
0.660838E+01  0.234304E+02
0.667272E+01  0.236608E+02
0.673701E+01  0.238910E+02
0.680127E+01  0.241211E+02
0.686548E+01  0.243509E+02
0.692966E+01  0.245806E+02
0.699380E+01  0.248101E+02
0.705790E+01  0.250394E+02
0.712197E+01  0.252686E+02
0.718600E+01  0.254976E+02
0.725000E+01  0.257265E+02
0.731397E+01  0.259552E+02
0.737791E+01  0.261838E+02
0.744182E+01  0.264123E+02
0.750571E+01  0.266406E+02
0.756956E+01  0.268688E+02
0.763339E+01  0.270969E+02
0.769719E+01  0.273248E+02
0.776096E+01  0.275527E+02
0.782471E+01  0.277804E+02
