0.106534E+01  0.650362E+00
0.113301E+01  0.124381E+01
0.120268E+01  0.178967E+01
0.127403E+01  0.229568E+01
0.134675E+01  0.276825E+01
0.142054E+01  0.321264E+01
0.149517E+01  0.363317E+01
0.157041E+01  0.403342E+01
0.164607E+01  0.441632E+01
0.172201E+01  0.478430E+01
0.179808E+01  0.513937E+01
0.187418E+01  0.548322E+01
0.195023E+01  0.581723E+01
0.202617E+01  0.614258E+01
0.210193E+01  0.646025E+01
0.217748E+01  0.677107E+01
0.225278E+01  0.707577E+01
0.232781E+01  0.737495E+01
0.240256E+01  0.766914E+01
0.247700E+01  0.795879E+01
0.255114E+01  0.824429E+01
0.262496E+01  0.852599E+01
0.269846E+01  0.880420E+01
0.277165E+01  0.907917E+01
0.284453E+01  0.935114E+01
0.291709E+01  0.962034E+01
0.298933E+01  0.988694E+01
0.306128E+01  0.101511E+02
0.313293E+01  0.104130E+02
0.320428E+01  0.106728E+02
0.327534E+01  0.109306E+02
0.334613E+01  0.111864E+02
0.341664E+01  0.114406E+02
0.348689E+01  0.116930E+02
0.355688E+01  0.119438E+02
0.362662E+01  0.121932E+02
0.369612E+01  0.124411E+02
0.376538E+01  0.126876E+02
0.383441E+01  0.129329E+02
0.390323E+01  0.131770E+02
0.397183E+01  0.134199E+02
0.404023E+01  0.136617E+02
0.410844E+01  0.139025E+02
0.417645E+01  0.141422E+02
0.424428E+01  0.143811E+02
0.431194E+01  0.146190E+02
0.437942E+01  0.148561E+02
0.444674E+01  0.150923E+02
0.451391E+01  0.153278E+02
0.458093E+01  0.155625E+02
0.464780E+01  0.157966E+02
0.471454E+01  0.160299E+02
0.478114E+01  0.162626E+02
0.484761E+01  0.164947E+02
0.491396E+01  0.167262E+02
0.498020E+01  0.169572E+02
0.504632E+01  0.171876E+02
0.511233E+01  0.174175E+02
0.517823E+01  0.176469E+02
0.524404E+01  0.178758E+02
0.530975E+01  0.181043E+02
0.537536E+01  0.183324E+02
0.544089E+01  0.185600E+02
0.550633E+01  0.187873E+02
0.557169E+01  0.190142E+02
0.563697E+01  0.192407E+02
0.570217E+01  0.194668E+02
0.576730E+01  0.196927E+02
0.583236E+01  0.199182E+02
0.589735E+01  0.201434E+02
0.596227E+01  0.203682E+02
0.602713E+01  0.205929E+02
0.609193E+01  0.208172E+02
0.615668E+01  0.210413E+02
0.622136E+01  0.212651E+02
0.628599E+01  0.214887E+02
0.635057E+01  0.217120E+02
0.641509E+01  0.219351E+02
0.647957E+01  0.221580E+02
0.654400E+01  0.223807E+02
0.660838E+01  0.226031E+02
0.667272E+01  0.228254E+02
0.673701E+01  0.230475E+02
0.680127E+01  0.232694E+02
0.686548E+01  0.234911E+02
0.692966E+01  0.237127E+02
0.699380E+01  0.239341E+02
0.705790E+01  0.241553E+02
0.712197E+01  0.243764E+02
0.718600E+01  0.245974E+02
0.725000E+01  0.248181E+02
0.731397E+01  0.250388E+02
0.737791E+01  0.252593E+02
0.744182E+01  0.254797E+02
0.750571E+01  0.257000E+02
0.756956E+01  0.259201E+02
0.763339E+01  0.261401E+02
0.769719E+01  0.263601E+02
0.776096E+01  0.265799E+02
0.782471E+01  0.267995E+02
