0.106534E+01  0.400429E+00
0.113301E+01  0.765819E+00
0.120268E+01  0.110190E+01
0.127403E+01  0.141346E+01
0.134675E+01  0.170442E+01
0.142054E+01  0.197803E+01
0.149517E+01  0.223695E+01
0.157041E+01  0.248339E+01
0.164607E+01  0.271914E+01
0.172201E+01  0.294571E+01
0.179808E+01  0.316432E+01
0.187418E+01  0.337603E+01
0.195023E+01  0.358168E+01
0.202617E+01  0.378200E+01
0.210193E+01  0.397759E+01
0.217748E+01  0.416897E+01
0.225278E+01  0.435657E+01
0.232781E+01  0.454078E+01
0.240256E+01  0.472191E+01
0.247700E+01  0.490025E+01
0.255114E+01  0.507603E+01
0.262496E+01  0.524948E+01
0.269846E+01  0.542077E+01
0.277165E+01  0.559007E+01
0.284453E+01  0.575752E+01
0.291709E+01  0.592326E+01
0.298933E+01  0.608741E+01
0.306128E+01  0.625006E+01
0.313293E+01  0.641132E+01
0.320428E+01  0.657126E+01
0.327534E+01  0.672997E+01
0.334613E+01  0.688752E+01
0.341664E+01  0.704398E+01
0.348689E+01  0.719940E+01
0.355688E+01  0.735384E+01
0.362662E+01  0.750736E+01
0.369612E+01  0.765999E+01
0.376538E+01  0.781180E+01
0.383441E+01  0.796282E+01
0.390323E+01  0.811309E+01
0.397183E+01  0.826265E+01
0.404023E+01  0.841153E+01
0.410844E+01  0.855977E+01
0.417645E+01  0.870740E+01
0.424428E+01  0.885445E+01
0.431194E+01  0.900094E+01
0.437942E+01  0.914691E+01
0.444674E+01  0.929237E+01
0.451391E+01  0.943736E+01
0.458093E+01  0.958189E+01
0.464780E+01  0.972598E+01
0.471454E+01  0.986966E+01
0.478114E+01  0.100129E+02
0.484761E+01  0.101558E+02
0.491396E+01  0.102984E+02
0.498020E+01  0.104406E+02
0.504632E+01  0.105824E+02
0.511233E+01  0.107240E+02
0.517823E+01  0.108652E+02
0.524404E+01  0.110062E+02
0.530975E+01  0.111469E+02
0.537536E+01  0.112873E+02
0.544089E+01  0.114275E+02
0.550633E+01  0.115674E+02
0.557169E+01  0.117071E+02
0.563697E+01  0.118465E+02
0.570217E+01  0.119858E+02
0.576730E+01  0.121248E+02
0.583236E+01  0.122637E+02
0.589735E+01  0.124023E+02
0.596227E+01  0.125408E+02
0.602713E+01  0.126791E+02
0.609193E+01  0.128172E+02
0.615668E+01  0.129552E+02
0.622136E+01  0.130930E+02
0.628599E+01  0.132306E+02
0.635057E+01  0.133681E+02
0.641509E+01  0.135055E+02
0.647957E+01  0.136427E+02
0.654400E+01  0.137798E+02
0.660838E+01  0.139168E+02
0.667272E+01  0.140537E+02
0.673701E+01  0.141904E+02
0.680127E+01  0.143270E+02
0.686548E+01  0.144636E+02
0.692966E+01  0.146000E+02
0.699380E+01  0.147363E+02
0.705790E+01  0.148725E+02
0.712197E+01  0.150086E+02
0.718600E+01  0.151447E+02
0.725000E+01  0.152806E+02
0.731397E+01  0.154165E+02
0.737791E+01  0.155522E+02
0.744182E+01  0.156879E+02
0.750571E+01  0.158235E+02
0.756956E+01  0.159591E+02
0.763339E+01  0.160945E+02
0.769719E+01  0.162299E+02
0.776096E+01  0.163653E+02
0.782471E+01  0.165005E+02
