0.106534E+01  0.697968E+00
0.113301E+01  0.133486E+01
0.120268E+01  0.192067E+01
0.127403E+01  0.246373E+01
0.134675E+01  0.297089E+01
0.142054E+01  0.344780E+01
0.149517E+01  0.389912E+01
0.157041E+01  0.432866E+01
0.164607E+01  0.473959E+01
0.172201E+01  0.513451E+01
0.179808E+01  0.551557E+01
0.187418E+01  0.588459E+01
0.195023E+01  0.624305E+01
0.202617E+01  0.659221E+01
0.210193E+01  0.693313E+01
0.217748E+01  0.726671E+01
0.225278E+01  0.759372E+01
0.232781E+01  0.791480E+01
0.240256E+01  0.823052E+01
0.247700E+01  0.854137E+01
0.255114E+01  0.884777E+01
0.262496E+01  0.915009E+01
0.269846E+01  0.944866E+01
0.277165E+01  0.974376E+01
0.284453E+01  0.100356E+02
0.291709E+01  0.103245E+02
0.298933E+01  0.106107E+02
0.306128E+01  0.108942E+02
0.313293E+01  0.111752E+02
0.320428E+01  0.114540E+02
0.327534E+01  0.117307E+02
0.334613E+01  0.120053E+02
0.341664E+01  0.122780E+02
0.348689E+01  0.125489E+02
0.355688E+01  0.128181E+02
0.362662E+01  0.130857E+02
0.369612E+01  0.133517E+02
0.376538E+01  0.136164E+02
0.383441E+01  0.138796E+02
0.390323E+01  0.141415E+02
0.397183E+01  0.144022E+02
0.404023E+01  0.146617E+02
0.410844E+01  0.149201E+02
0.417645E+01  0.151774E+02
0.424428E+01  0.154337E+02
0.431194E+01  0.156891E+02
0.437942E+01  0.159435E+02
0.444674E+01  0.161971E+02
0.451391E+01  0.164498E+02
0.458093E+01  0.167017E+02
0.464780E+01  0.169529E+02
0.471454E+01  0.172033E+02
0.478114E+01  0.174530E+02
0.484761E+01  0.177021E+02
0.491396E+01  0.179506E+02
0.498020E+01  0.181984E+02
0.504632E+01  0.184457E+02
0.511233E+01  0.186924E+02
0.517823E+01  0.189386E+02
0.524404E+01  0.191843E+02
0.530975E+01  0.194296E+02
0.537536E+01  0.196743E+02
0.544089E+01  0.199186E+02
0.550633E+01  0.201625E+02
0.557169E+01  0.204060E+02
0.563697E+01  0.206491E+02
0.570217E+01  0.208918E+02
0.576730E+01  0.211342E+02
0.583236E+01  0.213762E+02
0.589735E+01  0.216178E+02
0.596227E+01  0.218592E+02
0.602713E+01  0.221002E+02
0.609193E+01  0.223410E+02
0.615668E+01  0.225815E+02
0.622136E+01  0.228217E+02
0.628599E+01  0.230616E+02
0.635057E+01  0.233013E+02
0.641509E+01  0.235407E+02
0.647957E+01  0.237799E+02
0.654400E+01  0.240189E+02
0.660838E+01  0.242577E+02
0.667272E+01  0.244962E+02
0.673701E+01  0.247346E+02
0.680127E+01  0.249727E+02
0.686548E+01  0.252107E+02
0.692966E+01  0.254485E+02
0.699380E+01  0.256861E+02
0.705790E+01  0.259235E+02
0.712197E+01  0.261608E+02
0.718600E+01  0.263979E+02
0.725000E+01  0.266348E+02
0.731397E+01  0.268716E+02
0.737791E+01  0.271083E+02
0.744182E+01  0.273448E+02
0.750571E+01  0.275812E+02
0.756956E+01  0.278175E+02
0.763339E+01  0.280536E+02
0.769719E+01  0.282896E+02
0.776096E+01  0.285255E+02
0.782471E+01  0.287613E+02
