0.106534E+01  0.578953E+00
0.113301E+01  0.110724E+01
0.120268E+01  0.159316E+01
0.127403E+01  0.204362E+01
0.134675E+01  0.246430E+01
0.142054E+01  0.285989E+01
0.149517E+01  0.323425E+01
0.157041E+01  0.359055E+01
0.164607E+01  0.393141E+01
0.172201E+01  0.425899E+01
0.179808E+01  0.457507E+01
0.187418E+01  0.488117E+01
0.195023E+01  0.517850E+01
0.202617E+01  0.546813E+01
0.210193E+01  0.575091E+01
0.217748E+01  0.602761E+01
0.225278E+01  0.629886E+01
0.232781E+01  0.656519E+01
0.240256E+01  0.682708E+01
0.247700E+01  0.708492E+01
0.255114E+01  0.733907E+01
0.262496E+01  0.758985E+01
0.269846E+01  0.783750E+01
0.277165E+01  0.808228E+01
0.284453E+01  0.832439E+01
0.291709E+01  0.856403E+01
0.298933E+01  0.880136E+01
0.306128E+01  0.903653E+01
0.313293E+01  0.926967E+01
0.320428E+01  0.950093E+01
0.327534E+01  0.973039E+01
0.334613E+01  0.995818E+01
0.341664E+01  0.101844E+02
0.348689E+01  0.104091E+02
0.355688E+01  0.106324E+02
0.362662E+01  0.108544E+02
0.369612E+01  0.110750E+02
0.376538E+01  0.112945E+02
0.383441E+01  0.115129E+02
0.390323E+01  0.117301E+02
0.397183E+01  0.119464E+02
0.404023E+01  0.121616E+02
0.410844E+01  0.123760E+02
0.417645E+01  0.125894E+02
0.424428E+01  0.128020E+02
0.431194E+01  0.130138E+02
0.437942E+01  0.132249E+02
0.444674E+01  0.134352E+02
0.451391E+01  0.136448E+02
0.458093E+01  0.138538E+02
0.464780E+01  0.140621E+02
0.471454E+01  0.142698E+02
0.478114E+01  0.144770E+02
0.484761E+01  0.146836E+02
0.491396E+01  0.148897E+02
0.498020E+01  0.150953E+02
0.504632E+01  0.153004E+02
0.511233E+01  0.155051E+02
0.517823E+01  0.157093E+02
0.524404E+01  0.159131E+02
0.530975E+01  0.161165E+02
0.537536E+01  0.163195E+02
0.544089E+01  0.165222E+02
0.550633E+01  0.167245E+02
0.557169E+01  0.169264E+02
0.563697E+01  0.171281E+02
0.570217E+01  0.173294E+02
0.576730E+01  0.175304E+02
0.583236E+01  0.177312E+02
0.589735E+01  0.179316E+02
0.596227E+01  0.181318E+02
0.602713E+01  0.183318E+02
0.609193E+01  0.185315E+02
0.615668E+01  0.187310E+02
0.622136E+01  0.189302E+02
0.628599E+01  0.191292E+02
0.635057E+01  0.193280E+02
0.641509E+01  0.195266E+02
0.647957E+01  0.197251E+02
0.654400E+01  0.199233E+02
0.660838E+01  0.201213E+02
0.667272E+01  0.203192E+02
0.673701E+01  0.205169E+02
0.680127E+01  0.207145E+02
0.686548E+01  0.209118E+02
0.692966E+01  0.211091E+02
0.699380E+01  0.213062E+02
0.705790E+01  0.215031E+02
0.712197E+01  0.216999E+02
0.718600E+01  0.218966E+02
0.725000E+01  0.220931E+02
0.731397E+01  0.222896E+02
0.737791E+01  0.224859E+02
0.744182E+01  0.226821E+02
0.750571E+01  0.228781E+02
0.756956E+01  0.230741E+02
0.763339E+01  0.232700E+02
0.769719E+01  0.234657E+02
0.776096E+01  0.236614E+02
0.782471E+01  0.238570E+02
