0.106534E+01  0.241870E+00
0.113301E+01  0.462575E+00
0.120268E+01  0.665579E+00
0.127403E+01  0.853767E+00
0.134675E+01  0.102952E+01
0.142054E+01  0.119478E+01
0.149517E+01  0.135118E+01
0.157041E+01  0.150003E+01
0.164607E+01  0.164243E+01
0.172201E+01  0.177929E+01
0.179808E+01  0.191134E+01
0.187418E+01  0.203922E+01
0.195023E+01  0.216343E+01
0.202617E+01  0.228443E+01
0.210193E+01  0.240257E+01
0.217748E+01  0.251817E+01
0.225278E+01  0.263149E+01
0.232781E+01  0.274275E+01
0.240256E+01  0.285216E+01
0.247700E+01  0.295988E+01
0.255114E+01  0.306606E+01
0.262496E+01  0.317082E+01
0.269846E+01  0.327429E+01
0.277165E+01  0.337655E+01
0.284453E+01  0.347770E+01
0.291709E+01  0.357781E+01
0.298933E+01  0.367696E+01
0.306128E+01  0.377521E+01
0.313293E+01  0.387261E+01
0.320428E+01  0.396922E+01
0.327534E+01  0.406508E+01
0.334613E+01  0.416025E+01
0.341664E+01  0.425475E+01
0.348689E+01  0.434863E+01
0.355688E+01  0.444192E+01
0.362662E+01  0.453464E+01
0.369612E+01  0.462684E+01
0.376538E+01  0.471854E+01
0.383441E+01  0.480976E+01
0.390323E+01  0.490052E+01
0.397183E+01  0.499086E+01
0.404023E+01  0.508079E+01
0.410844E+01  0.517033E+01
0.417645E+01  0.525950E+01
0.424428E+01  0.534833E+01
0.431194E+01  0.543681E+01
0.437942E+01  0.552498E+01
0.444674E+01  0.561284E+01
0.451391E+01  0.570042E+01
0.458093E+01  0.578772E+01
0.464780E+01  0.587475E+01
0.471454E+01  0.596154E+01
0.478114E+01  0.604808E+01
0.484761E+01  0.613440E+01
0.491396E+01  0.622050E+01
0.498020E+01  0.630639E+01
0.504632E+01  0.639208E+01
0.511233E+01  0.647758E+01
0.517823E+01  0.656290E+01
0.524404E+01  0.664804E+01
0.530975E+01  0.673302E+01
0.537536E+01  0.681783E+01
0.544089E+01  0.690249E+01
0.550633E+01  0.698701E+01
0.557169E+01  0.707138E+01
0.563697E+01  0.715562E+01
0.570217E+01  0.723973E+01
0.576730E+01  0.732372E+01
0.583236E+01  0.740758E+01
0.589735E+01  0.749133E+01
0.596227E+01  0.757497E+01
0.602713E+01  0.765850E+01
0.609193E+01  0.774193E+01
0.615668E+01  0.782526E+01
0.622136E+01  0.790850E+01
0.628599E+01  0.799165E+01
0.635057E+01  0.807471E+01
0.641509E+01  0.815768E+01
0.647957E+01  0.824058E+01
0.654400E+01  0.832339E+01
0.660838E+01  0.840613E+01
0.667272E+01  0.848879E+01
0.673701E+01  0.857139E+01
0.680127E+01  0.865392E+01
0.686548E+01  0.873638E+01
0.692966E+01  0.881878E+01
0.699380E+01  0.890111E+01
0.705790E+01  0.898339E+01
0.712197E+01  0.906561E+01
0.718600E+01  0.914778E+01
0.725000E+01  0.922989E+01
0.731397E+01  0.931195E+01
0.737791E+01  0.939396E+01
0.744182E+01  0.947592E+01
0.750571E+01  0.955784E+01
0.756956E+01  0.963971E+01
0.763339E+01  0.972154E+01
0.769719E+01  0.980332E+01
0.776096E+01  0.988507E+01
0.782471E+01  0.996677E+01
