0.106534E+01  0.626559E+00
0.113301E+01  0.119829E+01
0.120268E+01  0.172417E+01
0.127403E+01  0.221166E+01
0.134675E+01  0.266694E+01
0.142054E+01  0.309506E+01
0.149517E+01  0.350020E+01
0.157041E+01  0.388580E+01
0.164607E+01  0.425468E+01
0.172201E+01  0.460920E+01
0.179808E+01  0.495127E+01
0.187418E+01  0.528254E+01
0.195023E+01  0.560432E+01
0.202617E+01  0.591776E+01
0.210193E+01  0.622380E+01
0.217748E+01  0.652325E+01
0.225278E+01  0.681680E+01
0.232781E+01  0.710503E+01
0.240256E+01  0.738845E+01
0.247700E+01  0.766750E+01
0.255114E+01  0.794255E+01
0.262496E+01  0.821394E+01
0.269846E+01  0.848196E+01
0.277165E+01  0.874687E+01
0.284453E+01  0.900889E+01
0.291709E+01  0.926823E+01
0.298933E+01  0.952508E+01
0.306128E+01  0.977958E+01
0.313293E+01  0.100319E+02
0.320428E+01  0.102822E+02
0.327534E+01  0.105305E+02
0.334613E+01  0.107770E+02
0.341664E+01  0.110218E+02
0.348689E+01  0.112650E+02
0.355688E+01  0.115067E+02
0.362662E+01  0.117469E+02
0.369612E+01  0.119857E+02
0.376538E+01  0.122233E+02
0.383441E+01  0.124596E+02
0.390323E+01  0.126947E+02
0.397183E+01  0.129287E+02
0.404023E+01  0.131617E+02
0.410844E+01  0.133936E+02
0.417645E+01  0.136246E+02
0.424428E+01  0.138547E+02
0.431194E+01  0.140839E+02
0.437942E+01  0.143123E+02
0.444674E+01  0.145399E+02
0.451391E+01  0.147668E+02
0.458093E+01  0.149929E+02
0.464780E+01  0.152184E+02
0.471454E+01  0.154432E+02
0.478114E+01  0.156674E+02
0.484761E+01  0.158910E+02
0.491396E+01  0.161141E+02
0.498020E+01  0.163366E+02
0.504632E+01  0.165585E+02
0.511233E+01  0.167800E+02
0.517823E+01  0.170010E+02
0.524404E+01  0.172216E+02
0.530975E+01  0.174417E+02
0.537536E+01  0.176614E+02
0.544089E+01  0.178807E+02
0.550633E+01  0.180997E+02
0.557169E+01  0.183182E+02
0.563697E+01  0.185365E+02
0.570217E+01  0.187544E+02
0.576730E+01  0.189719E+02
0.583236E+01  0.191892E+02
0.589735E+01  0.194061E+02
0.596227E+01  0.196228E+02
0.602713E+01  0.198392E+02
0.609193E+01  0.200553E+02
0.615668E+01  0.202712E+02
0.622136E+01  0.204868E+02
0.628599E+01  0.207022E+02
0.635057E+01  0.209173E+02
0.641509E+01  0.211323E+02
0.647957E+01  0.213470E+02
0.654400E+01  0.215615E+02
0.660838E+01  0.217759E+02
0.667272E+01  0.219900E+02
0.673701E+01  0.222040E+02
0.680127E+01  0.224178E+02
0.686548E+01  0.226314E+02
0.692966E+01  0.228448E+02
0.699380E+01  0.230581E+02
0.705790E+01  0.232713E+02
0.712197E+01  0.234843E+02
0.718600E+01  0.236971E+02
0.725000E+01  0.239098E+02
0.731397E+01  0.241224E+02
0.737791E+01  0.243348E+02
0.744182E+01  0.245472E+02
0.750571E+01  0.247594E+02
0.756956E+01  0.249714E+02
0.763339E+01  0.251834E+02
0.769719E+01  0.253953E+02
0.776096E+01  0.256070E+02
0.782471E+01  0.258187E+02
