0.106534E+01  0.495642E+00
0.113301E+01  0.947912E+00
0.120268E+01  0.136391E+01
0.127403E+01  0.174954E+01
0.134675E+01  0.210969E+01
0.142054E+01  0.244836E+01
0.149517E+01  0.276885E+01
0.157041E+01  0.307387E+01
0.164607E+01  0.336568E+01
0.172201E+01  0.364612E+01
0.179808E+01  0.391672E+01
0.187418E+01  0.417877E+01
0.195023E+01  0.443332E+01
0.202617E+01  0.468127E+01
0.210193E+01  0.492336E+01
0.217748E+01  0.516025E+01
0.225278E+01  0.539246E+01
0.232781E+01  0.562046E+01
0.240256E+01  0.584467E+01
0.247700E+01  0.606541E+01
0.255114E+01  0.628299E+01
0.262496E+01  0.649767E+01
0.269846E+01  0.670969E+01
0.277165E+01  0.691925E+01
0.284453E+01  0.712652E+01
0.291709E+01  0.733167E+01
0.298933E+01  0.753485E+01
0.306128E+01  0.773618E+01
0.313293E+01  0.793577E+01
0.320428E+01  0.813375E+01
0.327534E+01  0.833020E+01
0.334613E+01  0.852521E+01
0.341664E+01  0.871886E+01
0.348689E+01  0.891124E+01
0.355688E+01  0.910240E+01
0.362662E+01  0.929242E+01
0.369612E+01  0.948135E+01
0.376538E+01  0.966926E+01
0.383441E+01  0.985619E+01
0.390323E+01  0.100422E+02
0.397183E+01  0.102273E+02
0.404023E+01  0.104116E+02
0.410844E+01  0.105951E+02
0.417645E+01  0.107778E+02
0.424428E+01  0.109598E+02
0.431194E+01  0.111411E+02
0.437942E+01  0.113218E+02
0.444674E+01  0.115019E+02
0.451391E+01  0.116813E+02
0.458093E+01  0.118602E+02
0.464780E+01  0.120386E+02
0.471454E+01  0.122164E+02
0.478114E+01  0.123938E+02
0.484761E+01  0.125707E+02
0.491396E+01  0.127471E+02
0.498020E+01  0.129231E+02
0.504632E+01  0.130987E+02
0.511233E+01  0.132739E+02
0.517823E+01  0.134487E+02
0.524404E+01  0.136232E+02
0.530975E+01  0.137973E+02
0.537536E+01  0.139711E+02
0.544089E+01  0.141446E+02
0.550633E+01  0.143178E+02
0.557169E+01  0.144907E+02
0.563697E+01  0.146633E+02
0.570217E+01  0.148357E+02
0.576730E+01  0.150078E+02
0.583236E+01  0.151797E+02
0.589735E+01  0.153513E+02
0.596227E+01  0.155227E+02
0.602713E+01  0.156939E+02
0.609193E+01  0.158648E+02
0.615668E+01  0.160356E+02
0.622136E+01  0.162062E+02
0.628599E+01  0.163765E+02
0.635057E+01  0.165467E+02
0.641509E+01  0.167168E+02
0.647957E+01  0.168866E+02
0.654400E+01  0.170563E+02
0.660838E+01  0.172259E+02
0.667272E+01  0.173953E+02
0.673701E+01  0.175645E+02
0.680127E+01  0.177337E+02
0.686548E+01  0.179026E+02
0.692966E+01  0.180715E+02
0.699380E+01  0.182402E+02
0.705790E+01  0.184088E+02
0.712197E+01  0.185773E+02
0.718600E+01  0.187457E+02
0.725000E+01  0.189139E+02
0.731397E+01  0.190821E+02
0.737791E+01  0.192502E+02
0.744182E+01  0.194181E+02
0.750571E+01  0.195860E+02
0.756956E+01  0.197538E+02
0.763339E+01  0.199214E+02
0.769719E+01  0.200890E+02
0.776096E+01  0.202565E+02
0.782471E+01  0.204240E+02
