0.106534E+01  0.852688E+00
0.113301E+01  0.163076E+01
0.120268E+01  0.234643E+01
0.127403E+01  0.300987E+01
0.134675E+01  0.362945E+01
0.142054E+01  0.421208E+01
0.149517E+01  0.476344E+01
0.157041E+01  0.528821E+01
0.164607E+01  0.579023E+01
0.172201E+01  0.627269E+01
0.179808E+01  0.673822E+01
0.187418E+01  0.718904E+01
0.195023E+01  0.762696E+01
0.202617E+01  0.805352E+01
0.210193E+01  0.847001E+01
0.217748E+01  0.887754E+01
0.225278E+01  0.927703E+01
0.232781E+01  0.966929E+01
0.240256E+01  0.100550E+02
0.247700E+01  0.104348E+02
0.255114E+01  0.108091E+02
0.262496E+01  0.111784E+02
0.269846E+01  0.115432E+02
0.277165E+01  0.119037E+02
0.284453E+01  0.122603E+02
0.291709E+01  0.126132E+02
0.298933E+01  0.129627E+02
0.306128E+01  0.133091E+02
0.313293E+01  0.136525E+02
0.320428E+01  0.139931E+02
0.327534E+01  0.143310E+02
0.334613E+01  0.146665E+02
0.341664E+01  0.149997E+02
0.348689E+01  0.153306E+02
0.355688E+01  0.156595E+02
0.362662E+01  0.159864E+02
0.369612E+01  0.163115E+02
0.376538E+01  0.166347E+02
0.383441E+01  0.169563E+02
0.390323E+01  0.172763E+02
0.397183E+01  0.175948E+02
0.404023E+01  0.179118E+02
0.410844E+01  0.182275E+02
0.417645E+01  0.185418E+02
0.424428E+01  0.188550E+02
0.431194E+01  0.191669E+02
0.437942E+01  0.194777E+02
0.444674E+01  0.197875E+02
0.451391E+01  0.200962E+02
0.458093E+01  0.204040E+02
0.464780E+01  0.207108E+02
0.471454E+01  0.210168E+02
0.478114E+01  0.213219E+02
0.484761E+01  0.216262E+02
0.491396E+01  0.219297E+02
0.498020E+01  0.222325E+02
0.504632E+01  0.225346E+02
0.511233E+01  0.228360E+02
0.517823E+01  0.231368E+02
0.524404E+01  0.234370E+02
0.530975E+01  0.237366E+02
0.537536E+01  0.240356E+02
0.544089E+01  0.243340E+02
0.550633E+01  0.246320E+02
0.557169E+01  0.249294E+02
0.563697E+01  0.252264E+02
0.570217E+01  0.255229E+02
0.576730E+01  0.258190E+02
0.583236E+01  0.261147E+02
0.589735E+01  0.264099E+02
0.596227E+01  0.267048E+02
0.602713E+01  0.269993E+02
0.609193E+01  0.272934E+02
0.615668E+01  0.275872E+02
0.622136E+01  0.278806E+02
0.628599E+01  0.281737E+02
0.635057E+01  0.284665E+02
0.641509E+01  0.287591E+02
0.647957E+01  0.290513E+02
0.654400E+01  0.293433E+02
0.660838E+01  0.296349E+02
0.667272E+01  0.299264E+02
0.673701E+01  0.302175E+02
0.680127E+01  0.305085E+02
0.686548E+01  0.307992E+02
0.692966E+01  0.310897E+02
0.699380E+01  0.313800E+02
0.705790E+01  0.316700E+02
0.712197E+01  0.319599E+02
0.718600E+01  0.322495E+02
0.725000E+01  0.325390E+02
0.731397E+01  0.328283E+02
0.737791E+01  0.331174E+02
0.744182E+01  0.334064E+02
0.750571E+01  0.336952E+02
0.756956E+01  0.339838E+02
0.763339E+01  0.342723E+02
0.769719E+01  0.345606E+02
0.776096E+01  0.348488E+02
0.782471E+01  0.351368E+02
