0.106534E+01  0.142531E+00
0.113301E+01  0.272589E+00
0.120268E+01  0.392216E+00
0.127403E+01  0.503113E+00
0.134675E+01  0.606679E+00
0.142054E+01  0.704069E+00
0.149517E+01  0.796231E+00
0.157041E+01  0.883947E+00
0.164607E+01  0.967862E+00
0.172201E+01  0.104851E+01
0.179808E+01  0.112632E+01
0.187418E+01  0.120168E+01
0.195023E+01  0.127488E+01
0.202617E+01  0.134618E+01
0.210193E+01  0.141580E+01
0.217748E+01  0.148392E+01
0.225278E+01  0.155070E+01
0.232781E+01  0.161626E+01
0.240256E+01  0.168074E+01
0.247700E+01  0.174422E+01
0.255114E+01  0.180678E+01
0.262496E+01  0.186852E+01
0.269846E+01  0.192949E+01
0.277165E+01  0.198975E+01
0.284453E+01  0.204936E+01
0.291709E+01  0.210835E+01
0.298933E+01  0.216678E+01
0.306128E+01  0.222468E+01
0.313293E+01  0.228207E+01
0.320428E+01  0.233900E+01
0.327534E+01  0.239550E+01
0.334613E+01  0.245158E+01
0.341664E+01  0.250726E+01
0.348689E+01  0.256259E+01
0.355688E+01  0.261756E+01
0.362662E+01  0.267220E+01
0.369612E+01  0.272653E+01
0.376538E+01  0.278057E+01
0.383441E+01  0.283432E+01
0.390323E+01  0.288781E+01
0.397183E+01  0.294104E+01
0.404023E+01  0.299404E+01
0.410844E+01  0.304680E+01
0.417645E+01  0.309935E+01
0.424428E+01  0.315169E+01
0.431194E+01  0.320384E+01
0.437942E+01  0.325579E+01
0.444674E+01  0.330757E+01
0.451391E+01  0.335917E+01
0.458093E+01  0.341062E+01
0.464780E+01  0.346191E+01
0.471454E+01  0.351305E+01
0.478114E+01  0.356405E+01
0.484761E+01  0.361491E+01
0.491396E+01  0.366565E+01
0.498020E+01  0.371627E+01
0.504632E+01  0.376676E+01
0.511233E+01  0.381715E+01
0.517823E+01  0.386742E+01
0.524404E+01  0.391760E+01
0.530975E+01  0.396767E+01
0.537536E+01  0.401765E+01
0.544089E+01  0.406754E+01
0.550633E+01  0.411734E+01
0.557169E+01  0.416707E+01
0.563697E+01  0.421671E+01
0.570217E+01  0.426627E+01
0.576730E+01  0.431576E+01
0.583236E+01  0.436518E+01
0.589735E+01  0.441453E+01
0.596227E+01  0.446382E+01
0.602713E+01  0.451305E+01
0.609193E+01  0.456221E+01
0.615668E+01  0.461132E+01
0.622136E+01  0.466037E+01
0.628599E+01  0.470936E+01
0.635057E+01  0.475831E+01
0.641509E+01  0.480721E+01
0.647957E+01  0.485605E+01
0.654400E+01  0.490485E+01
0.660838E+01  0.495361E+01
0.667272E+01  0.500232E+01
0.673701E+01  0.505100E+01
0.680127E+01  0.509963E+01
0.686548E+01  0.514822E+01
0.692966E+01  0.519678E+01
0.699380E+01  0.524530E+01
0.705790E+01  0.529378E+01
0.712197E+01  0.534224E+01
0.718600E+01  0.539065E+01
0.725000E+01  0.543904E+01
0.731397E+01  0.548740E+01
0.737791E+01  0.553573E+01
0.744182E+01  0.558403E+01
0.750571E+01  0.563230E+01
0.756956E+01  0.568054E+01
0.763339E+01  0.572876E+01
0.769719E+01  0.577696E+01
0.776096E+01  0.582513E+01
0.782471E+01  0.587328E+01
