0.106534E+01  0.555150E+00
0.113301E+01  0.106172E+01
0.120268E+01  0.152766E+01
0.127403E+01  0.195960E+01
0.134675E+01  0.236298E+01
0.142054E+01  0.274231E+01
0.149517E+01  0.310128E+01
0.157041E+01  0.344293E+01
0.164607E+01  0.376977E+01
0.172201E+01  0.408388E+01
0.179808E+01  0.438697E+01
0.187418E+01  0.468049E+01
0.195023E+01  0.496560E+01
0.202617E+01  0.524331E+01
0.210193E+01  0.551447E+01
0.217748E+01  0.577979E+01
0.225278E+01  0.603989E+01
0.232781E+01  0.629527E+01
0.240256E+01  0.654639E+01
0.247700E+01  0.679363E+01
0.255114E+01  0.703733E+01
0.262496E+01  0.727780E+01
0.269846E+01  0.751527E+01
0.277165E+01  0.774998E+01
0.284453E+01  0.798214E+01
0.291709E+01  0.821193E+01
0.298933E+01  0.843950E+01
0.306128E+01  0.866500E+01
0.313293E+01  0.888856E+01
0.320428E+01  0.911030E+01
0.327534E+01  0.933034E+01
0.334613E+01  0.954876E+01
0.341664E+01  0.976567E+01
0.348689E+01  0.998114E+01
0.355688E+01  0.101953E+02
0.362662E+01  0.104081E+02
0.369612E+01  0.106197E+02
0.376538E+01  0.108302E+02
0.383441E+01  0.110395E+02
0.390323E+01  0.112479E+02
0.397183E+01  0.114552E+02
0.404023E+01  0.116616E+02
0.410844E+01  0.118671E+02
0.417645E+01  0.120718E+02
0.424428E+01  0.122757E+02
0.431194E+01  0.124788E+02
0.437942E+01  0.126811E+02
0.444674E+01  0.128828E+02
0.451391E+01  0.130838E+02
0.458093E+01  0.132842E+02
0.464780E+01  0.134840E+02
0.471454E+01  0.136831E+02
0.478114E+01  0.138818E+02
0.484761E+01  0.140799E+02
0.491396E+01  0.142775E+02
0.498020E+01  0.144747E+02
0.504632E+01  0.146713E+02
0.511233E+01  0.148676E+02
0.517823E+01  0.150634E+02
0.524404E+01  0.152588E+02
0.530975E+01  0.154539E+02
0.537536E+01  0.156485E+02
0.544089E+01  0.158429E+02
0.550633E+01  0.160368E+02
0.557169E+01  0.162305E+02
0.563697E+01  0.164239E+02
0.570217E+01  0.166169E+02
0.576730E+01  0.168097E+02
0.583236E+01  0.170022E+02
0.589735E+01  0.171944E+02
0.596227E+01  0.173864E+02
0.602713E+01  0.175781E+02
0.609193E+01  0.177696E+02
0.615668E+01  0.179608E+02
0.622136E+01  0.181519E+02
0.628599E+01  0.183427E+02
0.635057E+01  0.185334E+02
0.641509E+01  0.187238E+02
0.647957E+01  0.189141E+02
0.654400E+01  0.191042E+02
0.660838E+01  0.192941E+02
0.667272E+01  0.194838E+02
0.673701E+01  0.196734E+02
0.680127E+01  0.198628E+02
0.686548E+01  0.200521E+02
0.692966E+01  0.202412E+02
0.699380E+01  0.204302E+02
0.705790E+01  0.206190E+02
0.712197E+01  0.208077E+02
0.718600E+01  0.209963E+02
0.725000E+01  0.211848E+02
0.731397E+01  0.213731E+02
0.737791E+01  0.215614E+02
0.744182E+01  0.217495E+02
0.750571E+01  0.219375E+02
0.756956E+01  0.221254E+02
0.763339E+01  0.223132E+02
0.769719E+01  0.225010E+02
0.776096E+01  0.226886E+02
0.782471E+01  0.228761E+02
