0.106534E+01  0.215955E+00
0.113301E+01  0.413014E+00
0.120268E+01  0.594267E+00
0.127403E+01  0.762292E+00
0.134675E+01  0.919211E+00
0.142054E+01  0.106677E+01
0.149517E+01  0.120641E+01
0.157041E+01  0.133931E+01
0.164607E+01  0.146646E+01
0.172201E+01  0.158865E+01
0.179808E+01  0.170655E+01
0.187418E+01  0.182073E+01
0.195023E+01  0.193164E+01
0.202617E+01  0.203967E+01
0.210193E+01  0.214515E+01
0.217748E+01  0.224836E+01
0.225278E+01  0.234954E+01
0.232781E+01  0.244889E+01
0.240256E+01  0.254657E+01
0.247700E+01  0.264275E+01
0.255114E+01  0.273755E+01
0.262496E+01  0.283109E+01
0.269846E+01  0.292347E+01
0.277165E+01  0.301478E+01
0.284453E+01  0.310509E+01
0.291709E+01  0.319447E+01
0.298933E+01  0.328300E+01
0.306128E+01  0.337072E+01
0.313293E+01  0.345769E+01
0.320428E+01  0.354395E+01
0.327534E+01  0.362954E+01
0.334613E+01  0.371451E+01
0.341664E+01  0.379889E+01
0.348689E+01  0.388270E+01
0.355688E+01  0.396600E+01
0.362662E+01  0.404879E+01
0.369612E+01  0.413111E+01
0.376538E+01  0.421298E+01
0.383441E+01  0.429443E+01
0.390323E+01  0.437547E+01
0.397183E+01  0.445613E+01
0.404023E+01  0.453642E+01
0.410844E+01  0.461637E+01
0.417645E+01  0.469599E+01
0.424428E+01  0.477529E+01
0.431194E+01  0.485430E+01
0.437942E+01  0.493302E+01
0.444674E+01  0.501147E+01
0.451391E+01  0.508966E+01
0.458093E+01  0.516760E+01
0.464780E+01  0.524531E+01
0.471454E+01  0.532280E+01
0.478114E+01  0.540007E+01
0.484761E+01  0.547714E+01
0.491396E+01  0.555402E+01
0.498020E+01  0.563070E+01
0.504632E+01  0.570721E+01
0.511233E+01  0.578355E+01
0.517823E+01  0.585973E+01
0.524404E+01  0.593575E+01
0.530975E+01  0.601162E+01
0.537536E+01  0.608735E+01
0.544089E+01  0.616294E+01
0.550633E+01  0.623840E+01
0.557169E+01  0.631373E+01
0.563697E+01  0.638895E+01
0.570217E+01  0.646405E+01
0.576730E+01  0.653903E+01
0.583236E+01  0.661391E+01
0.589735E+01  0.668869E+01
0.596227E+01  0.676336E+01
0.602713E+01  0.683795E+01
0.609193E+01  0.691244E+01
0.615668E+01  0.698684E+01
0.622136E+01  0.706116E+01
0.628599E+01  0.713540E+01
0.635057E+01  0.720956E+01
0.641509E+01  0.728364E+01
0.647957E+01  0.735766E+01
0.654400E+01  0.743160E+01
0.660838E+01  0.750547E+01
0.667272E+01  0.757928E+01
0.673701E+01  0.765303E+01
0.680127E+01  0.772671E+01
0.686548E+01  0.780034E+01
0.692966E+01  0.787391E+01
0.699380E+01  0.794742E+01
0.705790E+01  0.802088E+01
0.712197E+01  0.809430E+01
0.718600E+01  0.816766E+01
0.725000E+01  0.824097E+01
0.731397E+01  0.831424E+01
0.737791E+01  0.838747E+01
0.744182E+01  0.846065E+01
0.750571E+01  0.853379E+01
0.756956E+01  0.860689E+01
0.763339E+01  0.867995E+01
0.769719E+01  0.875297E+01
0.776096E+01  0.882595E+01
0.782471E+01  0.889891E+01
