0.106534E+01  0.900294E+00
0.113301E+01  0.172181E+01
0.120268E+01  0.247743E+01
0.127403E+01  0.317791E+01
0.134675E+01  0.383209E+01
0.142054E+01  0.444725E+01
0.149517E+01  0.502939E+01
0.157041E+01  0.558345E+01
0.164607E+01  0.611350E+01
0.172201E+01  0.662290E+01
0.179808E+01  0.711442E+01
0.187418E+01  0.759041E+01
0.195023E+01  0.805278E+01
0.202617E+01  0.850315E+01
0.210193E+01  0.894290E+01
0.217748E+01  0.937318E+01
0.225278E+01  0.979497E+01
0.232781E+01  0.102091E+02
0.240256E+01  0.106164E+02
0.247700E+01  0.110173E+02
0.255114E+01  0.114125E+02
0.262496E+01  0.118025E+02
0.269846E+01  0.121876E+02
0.277165E+01  0.125683E+02
0.284453E+01  0.129448E+02
0.291709E+01  0.133174E+02
0.298933E+01  0.136865E+02
0.306128E+01  0.140522E+02
0.313293E+01  0.144147E+02
0.320428E+01  0.147743E+02
0.327534E+01  0.151311E+02
0.334613E+01  0.154854E+02
0.341664E+01  0.158371E+02
0.348689E+01  0.161866E+02
0.355688E+01  0.165338E+02
0.362662E+01  0.168790E+02
0.369612E+01  0.172221E+02
0.376538E+01  0.175634E+02
0.383441E+01  0.179030E+02
0.390323E+01  0.182408E+02
0.397183E+01  0.185771E+02
0.404023E+01  0.189118E+02
0.410844E+01  0.192451E+02
0.417645E+01  0.195770E+02
0.424428E+01  0.199077E+02
0.431194E+01  0.202370E+02
0.437942E+01  0.205652E+02
0.444674E+01  0.208922E+02
0.451391E+01  0.212182E+02
0.458093E+01  0.215432E+02
0.464780E+01  0.218671E+02
0.471454E+01  0.221902E+02
0.478114E+01  0.225123E+02
0.484761E+01  0.228336E+02
0.491396E+01  0.231541E+02
0.498020E+01  0.234738E+02
0.504632E+01  0.237927E+02
0.511233E+01  0.241110E+02
0.517823E+01  0.244286E+02
0.524404E+01  0.247455E+02
0.530975E+01  0.250618E+02
0.537536E+01  0.253775E+02
0.544089E+01  0.256926E+02
0.550633E+01  0.260072E+02
0.557169E+01  0.263213E+02
0.563697E+01  0.266348E+02
0.570217E+01  0.269479E+02
0.576730E+01  0.272605E+02
0.583236E+01  0.275727E+02
0.589735E+01  0.278844E+02
0.596227E+01  0.281957E+02
0.602713E+01  0.285066E+02
0.609193E+01  0.288172E+02
0.615668E+01  0.291274E+02
0.622136E+01  0.294372E+02
0.628599E+01  0.297467E+02
0.635057E+01  0.300559E+02
0.641509E+01  0.303647E+02
0.647957E+01  0.306733E+02
0.654400E+01  0.309815E+02
0.660838E+01  0.312895E+02
0.667272E+01  0.315972E+02
0.673701E+01  0.319046E+02
0.680127E+01  0.322118E+02
0.686548E+01  0.325187E+02
0.692966E+01  0.328254E+02
0.699380E+01  0.331319E+02
0.705790E+01  0.334382E+02
0.712197E+01  0.337442E+02
0.718600E+01  0.340501E+02
0.725000E+01  0.343557E+02
0.731397E+01  0.346611E+02
0.737791E+01  0.349664E+02
0.744182E+01  0.352715E+02
0.750571E+01  0.355764E+02
0.756956E+01  0.358811E+02
0.763339E+01  0.361857E+02
0.769719E+01  0.364902E+02
0.776096E+01  0.367944E+02
0.782471E+01  0.370985E+02
