0.106534E+01  0.129573E+00
0.113301E+01  0.247808E+00
0.120268E+01  0.356560E+00
0.127403E+01  0.457375E+00
0.134675E+01  0.551526E+00
0.142054E+01  0.640062E+00
0.149517E+01  0.723846E+00
0.157041E+01  0.803588E+00
0.164607E+01  0.879875E+00
0.172201E+01  0.953189E+00
0.179808E+01  0.102393E+01
0.187418E+01  0.109244E+01
0.195023E+01  0.115898E+01
0.202617E+01  0.122380E+01
0.210193E+01  0.128709E+01
0.217748E+01  0.134902E+01
0.225278E+01  0.140972E+01
0.232781E+01  0.146933E+01
0.240256E+01  0.152794E+01
0.247700E+01  0.158565E+01
0.255114E+01  0.164253E+01
0.262496E+01  0.169866E+01
0.269846E+01  0.175408E+01
0.277165E+01  0.180887E+01
0.284453E+01  0.186305E+01
0.291709E+01  0.191668E+01
0.298933E+01  0.196980E+01
0.306128E+01  0.202243E+01
0.313293E+01  0.207461E+01
0.320428E+01  0.212637E+01
0.327534E+01  0.217772E+01
0.334613E+01  0.222870E+01
0.341664E+01  0.227933E+01
0.348689E+01  0.232962E+01
0.355688E+01  0.237960E+01
0.362662E+01  0.242927E+01
0.369612E+01  0.247867E+01
0.376538E+01  0.252779E+01
0.383441E+01  0.257666E+01
0.390323E+01  0.262528E+01
0.397183E+01  0.267368E+01
0.404023E+01  0.272185E+01
0.410844E+01  0.276982E+01
0.417645E+01  0.281759E+01
0.424428E+01  0.286517E+01
0.431194E+01  0.291258E+01
0.437942E+01  0.295981E+01
0.444674E+01  0.300688E+01
0.451391E+01  0.305380E+01
0.458093E+01  0.310056E+01
0.464780E+01  0.314719E+01
0.471454E+01  0.319368E+01
0.478114E+01  0.324004E+01
0.484761E+01  0.328629E+01
0.491396E+01  0.333241E+01
0.498020E+01  0.337842E+01
0.504632E+01  0.342433E+01
0.511233E+01  0.347013E+01
0.517823E+01  0.351584E+01
0.524404E+01  0.356145E+01
0.530975E+01  0.360697E+01
0.537536E+01  0.365241E+01
0.544089E+01  0.369776E+01
0.550633E+01  0.374304E+01
0.557169E+01  0.378824E+01
0.563697E+01  0.383337E+01
0.570217E+01  0.387843E+01
0.576730E+01  0.392342E+01
0.583236E+01  0.396835E+01
0.589735E+01  0.401321E+01
0.596227E+01  0.405802E+01
0.602713E+01  0.410277E+01
0.609193E+01  0.414746E+01
0.615668E+01  0.419211E+01
0.622136E+01  0.423670E+01
0.628599E+01  0.428124E+01
0.635057E+01  0.432574E+01
0.641509E+01  0.437019E+01
0.647957E+01  0.441459E+01
0.654400E+01  0.445896E+01
0.660838E+01  0.450328E+01
0.667272E+01  0.454757E+01
0.673701E+01  0.459182E+01
0.680127E+01  0.463603E+01
0.686548E+01  0.468020E+01
0.692966E+01  0.472434E+01
0.699380E+01  0.476845E+01
0.705790E+01  0.481253E+01
0.712197E+01  0.485658E+01
0.718600E+01  0.490059E+01
0.725000E+01  0.494458E+01
0.731397E+01  0.498854E+01
0.737791E+01  0.503248E+01
0.744182E+01  0.507639E+01
0.750571E+01  0.512027E+01
0.756956E+01  0.516413E+01
0.763339E+01  0.520797E+01
0.769719E+01  0.525178E+01
0.776096E+01  0.529557E+01
0.782471E+01  0.533934E+01
