0.106534E+01  0.185722E+00
0.113301E+01  0.355192E+00
0.120268E+01  0.511069E+00
0.127403E+01  0.655571E+00
0.134675E+01  0.790521E+00
0.142054E+01  0.917423E+00
0.149517E+01  0.103751E+01
0.157041E+01  0.115181E+01
0.164607E+01  0.126115E+01
0.172201E+01  0.136624E+01
0.179808E+01  0.146763E+01
0.187418E+01  0.156583E+01
0.195023E+01  0.166121E+01
0.202617E+01  0.175412E+01
0.210193E+01  0.184483E+01
0.217748E+01  0.193359E+01
0.225278E+01  0.202061E+01
0.232781E+01  0.210604E+01
0.240256E+01  0.219005E+01
0.247700E+01  0.227277E+01
0.255114E+01  0.235429E+01
0.262496E+01  0.243474E+01
0.269846E+01  0.251419E+01
0.277165E+01  0.259271E+01
0.284453E+01  0.267038E+01
0.291709E+01  0.274725E+01
0.298933E+01  0.282338E+01
0.306128E+01  0.289882E+01
0.313293E+01  0.297361E+01
0.320428E+01  0.304779E+01
0.327534E+01  0.312140E+01
0.334613E+01  0.319448E+01
0.341664E+01  0.326704E+01
0.348689E+01  0.333913E+01
0.355688E+01  0.341076E+01
0.362662E+01  0.348196E+01
0.369612E+01  0.355275E+01
0.376538E+01  0.362316E+01
0.383441E+01  0.369321E+01
0.390323E+01  0.376290E+01
0.397183E+01  0.383227E+01
0.404023E+01  0.390132E+01
0.410844E+01  0.397008E+01
0.417645E+01  0.403855E+01
0.424428E+01  0.410675E+01
0.431194E+01  0.417469E+01
0.437942E+01  0.424239E+01
0.444674E+01  0.430986E+01
0.451391E+01  0.437711E+01
0.458093E+01  0.444414E+01
0.464780E+01  0.451097E+01
0.471454E+01  0.457761E+01
0.478114E+01  0.464406E+01
0.484761E+01  0.471034E+01
0.491396E+01  0.477646E+01
0.498020E+01  0.484241E+01
0.504632E+01  0.490820E+01
0.511233E+01  0.497386E+01
0.517823E+01  0.503937E+01
0.524404E+01  0.510475E+01
0.530975E+01  0.516999E+01
0.537536E+01  0.523512E+01
0.544089E+01  0.530013E+01
0.550633E+01  0.536502E+01
0.557169E+01  0.542981E+01
0.563697E+01  0.549450E+01
0.570217E+01  0.555908E+01
0.576730E+01  0.562357E+01
0.583236E+01  0.568796E+01
0.589735E+01  0.575227E+01
0.596227E+01  0.581649E+01
0.602713E+01  0.588064E+01
0.609193E+01  0.594470E+01
0.615668E+01  0.600869E+01
0.622136E+01  0.607260E+01
0.628599E+01  0.613644E+01
0.635057E+01  0.620022E+01
0.641509E+01  0.626393E+01
0.647957E+01  0.632758E+01
0.654400E+01  0.639117E+01
0.660838E+01  0.645471E+01
0.667272E+01  0.651818E+01
0.673701E+01  0.658160E+01
0.680127E+01  0.664497E+01
0.686548E+01  0.670829E+01
0.692966E+01  0.677156E+01
0.699380E+01  0.683478E+01
0.705790E+01  0.689796E+01
0.712197E+01  0.696109E+01
0.718600E+01  0.702419E+01
0.725000E+01  0.708724E+01
0.731397E+01  0.715025E+01
0.737791E+01  0.721322E+01
0.744182E+01  0.727616E+01
0.750571E+01  0.733906E+01
0.756956E+01  0.740192E+01
0.763339E+01  0.746475E+01
0.769719E+01  0.752755E+01
0.776096E+01  0.759032E+01
0.782471E+01  0.765306E+01
