0.106534E+01  0.721771E+00
0.113301E+01  0.138038E+01
0.120268E+01  0.198617E+01
0.127403E+01  0.254775E+01
0.134675E+01  0.307221E+01
0.142054E+01  0.356538E+01
0.149517E+01  0.403209E+01
0.157041E+01  0.447629E+01
0.164607E+01  0.490123E+01
0.172201E+01  0.530961E+01
0.179808E+01  0.570367E+01
0.187418E+01  0.608528E+01
0.195023E+01  0.645596E+01
0.202617E+01  0.681703E+01
0.210193E+01  0.716958E+01
0.217748E+01  0.751453E+01
0.225278E+01  0.785269E+01
0.232781E+01  0.818472E+01
0.240256E+01  0.851121E+01
0.247700E+01  0.883266E+01
0.255114E+01  0.914951E+01
0.262496E+01  0.946214E+01
0.269846E+01  0.977089E+01
0.277165E+01  0.100761E+02
0.284453E+01  0.103779E+02
0.291709E+01  0.106766E+02
0.298933E+01  0.109725E+02
0.306128E+01  0.112657E+02
0.313293E+01  0.115564E+02
0.320428E+01  0.118447E+02
0.327534E+01  0.121307E+02
0.334613E+01  0.124147E+02
0.341664E+01  0.126967E+02
0.348689E+01  0.129769E+02
0.355688E+01  0.132552E+02
0.362662E+01  0.135320E+02
0.369612E+01  0.138071E+02
0.376538E+01  0.140807E+02
0.383441E+01  0.143529E+02
0.390323E+01  0.146238E+02
0.397183E+01  0.148934E+02
0.404023E+01  0.151617E+02
0.410844E+01  0.154289E+02
0.417645E+01  0.156950E+02
0.424428E+01  0.159601E+02
0.431194E+01  0.162241E+02
0.437942E+01  0.164872E+02
0.444674E+01  0.167494E+02
0.451391E+01  0.170108E+02
0.458093E+01  0.172713E+02
0.464780E+01  0.175310E+02
0.471454E+01  0.177900E+02
0.478114E+01  0.180482E+02
0.484761E+01  0.183058E+02
0.491396E+01  0.185628E+02
0.498020E+01  0.188191E+02
0.504632E+01  0.190748E+02
0.511233E+01  0.193299E+02
0.517823E+01  0.195845E+02
0.524404E+01  0.198386E+02
0.530975E+01  0.200922E+02
0.537536E+01  0.203453E+02
0.544089E+01  0.205979E+02
0.550633E+01  0.208501E+02
0.557169E+01  0.211019E+02
0.563697E+01  0.213533E+02
0.570217E+01  0.216043E+02
0.576730E+01  0.218549E+02
0.583236E+01  0.221052E+02
0.589735E+01  0.223551E+02
0.596227E+01  0.226047E+02
0.602713E+01  0.228539E+02
0.609193E+01  0.231029E+02
0.615668E+01  0.233516E+02
0.622136E+01  0.236000E+02
0.628599E+01  0.238481E+02
0.635057E+01  0.240960E+02
0.641509E+01  0.243436E+02
0.647957E+01  0.245909E+02
0.654400E+01  0.248381E+02
0.660838E+01  0.250850E+02
0.667272E+01  0.253316E+02
0.673701E+01  0.255781E+02
0.680127E+01  0.258244E+02
0.686548E+01  0.260705E+02
0.692966E+01  0.263163E+02
0.699380E+01  0.265621E+02
0.705790E+01  0.268076E+02
0.712197E+01  0.270529E+02
0.718600E+01  0.272981E+02
0.725000E+01  0.275432E+02
0.731397E+01  0.277880E+02
0.737791E+01  0.280328E+02
0.744182E+01  0.282774E+02
0.750571E+01  0.285218E+02
0.756956E+01  0.287661E+02
0.763339E+01  0.290103E+02
0.769719E+01  0.292544E+02
0.776096E+01  0.294983E+02
0.782471E+01  0.297421E+02
