0.106534E+01  0.907013E-01
0.113301E+01  0.173466E+00
0.120268E+01  0.249592E+00
0.127403E+01  0.320163E+00
0.134675E+01  0.386068E+00
0.142054E+01  0.448044E+00
0.149517E+01  0.506692E+00
0.157041E+01  0.562512E+00
0.164607E+01  0.615912E+00
0.172201E+01  0.667232E+00
0.179808E+01  0.716751E+00
0.187418E+01  0.764706E+00
0.195023E+01  0.811288E+00
0.202617E+01  0.856661E+00
0.210193E+01  0.900964E+00
0.217748E+01  0.944313E+00
0.225278E+01  0.986807E+00
0.232781E+01  0.102853E+01
0.240256E+01  0.106956E+01
0.247700E+01  0.110996E+01
0.255114E+01  0.114977E+01
0.262496E+01  0.118906E+01
0.269846E+01  0.122786E+01
0.277165E+01  0.126621E+01
0.284453E+01  0.130414E+01
0.291709E+01  0.134168E+01
0.298933E+01  0.137886E+01
0.306128E+01  0.141570E+01
0.313293E+01  0.145223E+01
0.320428E+01  0.148846E+01
0.327534E+01  0.152441E+01
0.334613E+01  0.156009E+01
0.341664E+01  0.159553E+01
0.348689E+01  0.163074E+01
0.355688E+01  0.166572E+01
0.362662E+01  0.170049E+01
0.369612E+01  0.173507E+01
0.376538E+01  0.176945E+01
0.383441E+01  0.180366E+01
0.390323E+01  0.183770E+01
0.397183E+01  0.187157E+01
0.404023E+01  0.190530E+01
0.410844E+01  0.193887E+01
0.417645E+01  0.197231E+01
0.424428E+01  0.200562E+01
0.431194E+01  0.203880E+01
0.437942E+01  0.207187E+01
0.444674E+01  0.210482E+01
0.451391E+01  0.213766E+01
0.458093E+01  0.217039E+01
0.464780E+01  0.220303E+01
0.471454E+01  0.223558E+01
0.478114E+01  0.226803E+01
0.484761E+01  0.230040E+01
0.491396E+01  0.233269E+01
0.498020E+01  0.236490E+01
0.504632E+01  0.239703E+01
0.511233E+01  0.242909E+01
0.517823E+01  0.246109E+01
0.524404E+01  0.249302E+01
0.530975E+01  0.252488E+01
0.537536E+01  0.255669E+01
0.544089E+01  0.258844E+01
0.550633E+01  0.262013E+01
0.557169E+01  0.265177E+01
0.563697E+01  0.268336E+01
0.570217E+01  0.271490E+01
0.576730E+01  0.274639E+01
0.583236E+01  0.277784E+01
0.589735E+01  0.280925E+01
0.596227E+01  0.284061E+01
0.602713E+01  0.287194E+01
0.609193E+01  0.290322E+01
0.615668E+01  0.293447E+01
0.622136E+01  0.296569E+01
0.628599E+01  0.299687E+01
0.635057E+01  0.302802E+01
0.641509E+01  0.305913E+01
0.647957E+01  0.309022E+01
0.654400E+01  0.312127E+01
0.660838E+01  0.315230E+01
0.667272E+01  0.318330E+01
0.673701E+01  0.321427E+01
0.680127E+01  0.324522E+01
0.686548E+01  0.327614E+01
0.692966E+01  0.330704E+01
0.699380E+01  0.333792E+01
0.705790E+01  0.336877E+01
0.712197E+01  0.339960E+01
0.718600E+01  0.343042E+01
0.725000E+01  0.346121E+01
0.731397E+01  0.349198E+01
0.737791E+01  0.352274E+01
0.744182E+01  0.355347E+01
0.750571E+01  0.358419E+01
0.756956E+01  0.361489E+01
0.763339E+01  0.364558E+01
0.769719E+01  0.367625E+01
0.776096E+01  0.370690E+01
0.782471E+01  0.373754E+01
