0.106534E+01  0.709870E+00
0.113301E+01  0.135762E+01
0.120268E+01  0.195342E+01
0.127403E+01  0.250574E+01
0.134675E+01  0.302155E+01
0.142054E+01  0.350659E+01
0.149517E+01  0.396560E+01
0.157041E+01  0.440247E+01
0.164607E+01  0.482041E+01
0.172201E+01  0.522206E+01
0.179808E+01  0.560962E+01
0.187418E+01  0.598494E+01
0.195023E+01  0.634951E+01
0.202617E+01  0.670462E+01
0.210193E+01  0.705135E+01
0.217748E+01  0.739062E+01
0.225278E+01  0.772320E+01
0.232781E+01  0.804976E+01
0.240256E+01  0.837086E+01
0.247700E+01  0.868701E+01
0.255114E+01  0.899864E+01
0.262496E+01  0.930612E+01
0.269846E+01  0.960977E+01
0.277165E+01  0.990990E+01
0.284453E+01  0.102068E+02
0.291709E+01  0.105006E+02
0.298933E+01  0.107916E+02
0.306128E+01  0.110799E+02
0.313293E+01  0.113658E+02
0.320428E+01  0.116493E+02
0.327534E+01  0.119307E+02
0.334613E+01  0.122100E+02
0.341664E+01  0.124874E+02
0.348689E+01  0.127629E+02
0.355688E+01  0.130367E+02
0.362662E+01  0.133088E+02
0.369612E+01  0.135794E+02
0.376538E+01  0.138485E+02
0.383441E+01  0.141163E+02
0.390323E+01  0.143827E+02
0.397183E+01  0.146478E+02
0.404023E+01  0.149117E+02
0.410844E+01  0.151745E+02
0.417645E+01  0.154362E+02
0.424428E+01  0.156969E+02
0.431194E+01  0.159566E+02
0.437942E+01  0.162154E+02
0.444674E+01  0.164732E+02
0.451391E+01  0.167303E+02
0.458093E+01  0.169865E+02
0.464780E+01  0.172419E+02
0.471454E+01  0.174966E+02
0.478114E+01  0.177506E+02
0.484761E+01  0.180040E+02
0.491396E+01  0.182567E+02
0.498020E+01  0.185088E+02
0.504632E+01  0.187602E+02
0.511233E+01  0.190112E+02
0.517823E+01  0.192616E+02
0.524404E+01  0.195115E+02
0.530975E+01  0.197609E+02
0.537536E+01  0.200098E+02
0.544089E+01  0.202583E+02
0.550633E+01  0.205063E+02
0.557169E+01  0.207539E+02
0.563697E+01  0.210012E+02
0.570217E+01  0.212480E+02
0.576730E+01  0.214945E+02
0.583236E+01  0.217407E+02
0.589735E+01  0.219865E+02
0.596227E+01  0.222319E+02
0.602713E+01  0.224771E+02
0.609193E+01  0.227220E+02
0.615668E+01  0.229665E+02
0.622136E+01  0.232108E+02
0.628599E+01  0.234549E+02
0.635057E+01  0.236986E+02
0.641509E+01  0.239422E+02
0.647957E+01  0.241854E+02
0.654400E+01  0.244285E+02
0.660838E+01  0.246713E+02
0.667272E+01  0.249139E+02
0.673701E+01  0.251563E+02
0.680127E+01  0.253986E+02
0.686548E+01  0.256406E+02
0.692966E+01  0.258824E+02
0.699380E+01  0.261241E+02
0.705790E+01  0.263655E+02
0.712197E+01  0.266068E+02
0.718600E+01  0.268480E+02
0.725000E+01  0.270890E+02
0.731397E+01  0.273298E+02
0.737791E+01  0.275705E+02
0.744182E+01  0.278111E+02
0.750571E+01  0.280515E+02
0.756956E+01  0.282918E+02
0.763339E+01  0.285319E+02
0.769719E+01  0.287720E+02
0.776096E+01  0.290119E+02
0.782471E+01  0.292517E+02
