0.106534E+01  0.543248E+00
0.113301E+01  0.103896E+01
0.120268E+01  0.149491E+01
0.127403E+01  0.191759E+01
0.134675E+01  0.231233E+01
0.142054E+01  0.268352E+01
0.149517E+01  0.303479E+01
0.157041E+01  0.336912E+01
0.164607E+01  0.368896E+01
0.172201E+01  0.399633E+01
0.179808E+01  0.429292E+01
0.187418E+01  0.458014E+01
0.195023E+01  0.485914E+01
0.202617E+01  0.513090E+01
0.210193E+01  0.539625E+01
0.217748E+01  0.565588E+01
0.225278E+01  0.591040E+01
0.232781E+01  0.616031E+01
0.240256E+01  0.640604E+01
0.247700E+01  0.664799E+01
0.255114E+01  0.688646E+01
0.262496E+01  0.712177E+01
0.269846E+01  0.735415E+01
0.277165E+01  0.758384E+01
0.284453E+01  0.781102E+01
0.291709E+01  0.803588E+01
0.298933E+01  0.825857E+01
0.306128E+01  0.847923E+01
0.313293E+01  0.869800E+01
0.320428E+01  0.891499E+01
0.327534E+01  0.913031E+01
0.334613E+01  0.934405E+01
0.341664E+01  0.955631E+01
0.348689E+01  0.976716E+01
0.355688E+01  0.997668E+01
0.362662E+01  0.101850E+02
0.369612E+01  0.103920E+02
0.376538E+01  0.105980E+02
0.383441E+01  0.108029E+02
0.390323E+01  0.110067E+02
0.397183E+01  0.112096E+02
0.404023E+01  0.114116E+02
0.410844E+01  0.116127E+02
0.417645E+01  0.118130E+02
0.424428E+01  0.120125E+02
0.431194E+01  0.122113E+02
0.437942E+01  0.124093E+02
0.444674E+01  0.126066E+02
0.451391E+01  0.128033E+02
0.458093E+01  0.129994E+02
0.464780E+01  0.131949E+02
0.471454E+01  0.133898E+02
0.478114E+01  0.135842E+02
0.484761E+01  0.137781E+02
0.491396E+01  0.139714E+02
0.498020E+01  0.141644E+02
0.504632E+01  0.143568E+02
0.511233E+01  0.145489E+02
0.517823E+01  0.147405E+02
0.524404E+01  0.149317E+02
0.530975E+01  0.151226E+02
0.537536E+01  0.153131E+02
0.544089E+01  0.155032E+02
0.550633E+01  0.156930E+02
0.557169E+01  0.158826E+02
0.563697E+01  0.160718E+02
0.570217E+01  0.162607E+02
0.576730E+01  0.164493E+02
0.583236E+01  0.166377E+02
0.589735E+01  0.168258E+02
0.596227E+01  0.170136E+02
0.602713E+01  0.172012E+02
0.609193E+01  0.173886E+02
0.615668E+01  0.175758E+02
0.622136E+01  0.177627E+02
0.628599E+01  0.179495E+02
0.635057E+01  0.181361E+02
0.641509E+01  0.183224E+02
0.647957E+01  0.185086E+02
0.654400E+01  0.186946E+02
0.660838E+01  0.188804E+02
0.667272E+01  0.190661E+02
0.673701E+01  0.192516E+02
0.680127E+01  0.194370E+02
0.686548E+01  0.196222E+02
0.692966E+01  0.198072E+02
0.699380E+01  0.199922E+02
0.705790E+01  0.201770E+02
0.712197E+01  0.203617E+02
0.718600E+01  0.205462E+02
0.725000E+01  0.207306E+02
0.731397E+01  0.209149E+02
0.737791E+01  0.210991E+02
0.744182E+01  0.212832E+02
0.750571E+01  0.214672E+02
0.756956E+01  0.216511E+02
0.763339E+01  0.218349E+02
0.769719E+01  0.220186E+02
0.776096E+01  0.222022E+02
0.782471E+01  0.223857E+02
