0.101250E+01  0.672721E+00
0.102500E+01  0.136696E+01
0.103750E+01  0.208689E+01
0.105000E+01  0.285762E+01
0.106250E+01  0.367848E+01
0.107500E+01  0.453607E+01
0.108750E+01  0.541799E+01
0.110000E+01  0.632047E+01
0.111250E+01  0.724910E+01
0.112500E+01  0.819334E+01
0.113750E+01  0.914951E+01
0.115000E+01  0.101194E+02
0.116250E+01  0.110933E+02
0.117500E+01  0.120703E+02
0.118750E+01  0.130541E+02
0.120000E+01  0.140324E+02
0.121250E+01  0.150158E+02
0.122500E+01  0.160026E+02
0.123750E+01  0.169909E+02
0.125000E+01  0.179792E+02
0.126250E+01  0.189676E+02
0.127500E+01  0.199558E+02
0.128750E+01  0.209442E+02
0.130000E+01  0.219319E+02
0.131250E+01  0.229180E+02
0.132500E+01  0.239033E+02
0.133750E+01  0.248876E+02
0.135000E+01  0.258719E+02
0.136250E+01  0.268561E+02
0.137500E+01  0.278394E+02
0.138750E+01  0.288216E+02
0.140000E+01  0.298028E+02
0.141250E+01  0.307839E+02
0.142500E+01  0.317653E+02
0.143750E+01  0.327470E+02
0.145000E+01  0.337277E+02
0.146250E+01  0.347078E+02
0.147500E+01  0.356879E+02
0.148750E+01  0.366678E+02
0.150000E+01  0.376490E+02
0.151250E+01  0.386323E+02
0.152500E+01  0.396146E+02
0.153750E+01  0.405929E+02
0.155000E+01  0.415696E+02
0.156250E+01  0.425466E+02
0.157500E+01  0.435233E+02
0.158750E+01  0.444992E+02
0.160000E+01  0.454742E+02
0.161250E+01  0.464483E+02
0.162500E+01  0.474216E+02
0.163750E+01  0.483943E+02
0.165000E+01  0.493667E+02
0.166250E+01  0.503387E+02
0.167500E+01  0.513099E+02
0.168750E+01  0.522803E+02
0.170000E+01  0.532497E+02
0.171250E+01  0.542187E+02
0.172500E+01  0.551879E+02
0.173750E+01  0.561566E+02
0.175000E+01  0.571245E+02
0.176250E+01  0.580922E+02
0.177500E+01  0.590593E+02
0.178750E+01  0.600257E+02
0.180000E+01  0.609920E+02
0.181250E+01  0.619582E+02
0.182500E+01  0.629232E+02
0.183750E+01  0.638870E+02
0.185000E+01  0.648504E+02
0.186250E+01  0.658148E+02
0.187500E+01  0.667782E+02
0.188750E+01  0.677402E+02
0.190000E+01  0.686993E+02
0.191250E+01  0.696572E+02
0.192500E+01  0.706143E+02
0.193750E+01  0.715712E+02
0.195000E+01  0.725268E+02
0.196250E+01  0.734813E+02
0.197500E+01  0.744349E+02
0.198750E+01  0.753872E+02
0.200000E+01  0.763385E+02
0.201250E+01  0.772888E+02
0.202500E+01  0.782379E+02
0.203750E+01  0.791860E+02
0.205000E+01  0.801328E+02
0.206250E+01  0.810786E+02
0.207500E+01  0.820247E+02
0.208750E+01  0.829698E+02
0.210000E+01  0.839128E+02
0.211250E+01  0.848537E+02
0.212500E+01  0.857932E+02
0.213750E+01  0.867315E+02
0.215000E+01  0.876689E+02
0.216250E+01  0.886049E+02
0.217500E+01  0.895395E+02
0.218750E+01  0.904726E+02
0.220000E+01  0.914046E+02
0.221250E+01  0.923353E+02
0.222500E+01  0.932644E+02
0.223750E+01  0.941927E+02
0.225000E+01  0.951201E+02
