0.101250E+01  0.210260E+00
0.102500E+01  0.473191E+00
0.103750E+01  0.801327E+00
0.105000E+01  0.111874E+01
0.106250E+01  0.142623E+01
0.107500E+01  0.172993E+01
0.108750E+01  0.202928E+01
0.110000E+01  0.232927E+01
0.111250E+01  0.262989E+01
0.112500E+01  0.293116E+01
0.113750E+01  0.323333E+01
0.115000E+01  0.353612E+01
0.116250E+01  0.383960E+01
0.117500E+01  0.414349E+01
0.118750E+01  0.444777E+01
0.120000E+01  0.475235E+01
0.121250E+01  0.505705E+01
0.122500E+01  0.536179E+01
0.123750E+01  0.566656E+01
0.125000E+01  0.597137E+01
0.126250E+01  0.627615E+01
0.127500E+01  0.658089E+01
0.128750E+01  0.688562E+01
0.130000E+01  0.719029E+01
0.131250E+01  0.749493E+01
0.132500E+01  0.779955E+01
0.133750E+01  0.810415E+01
0.135000E+01  0.840868E+01
0.136250E+01  0.871312E+01
0.137500E+01  0.901749E+01
0.138750E+01  0.932180E+01
0.140000E+01  0.962603E+01
0.141250E+01  0.993021E+01
0.142500E+01  0.102343E+02
0.143750E+01  0.105384E+02
0.145000E+01  0.108424E+02
0.146250E+01  0.111464E+02
0.147500E+01  0.114504E+02
0.148750E+01  0.117543E+02
0.150000E+01  0.120581E+02
0.151250E+01  0.123618E+02
0.152500E+01  0.126655E+02
0.153750E+01  0.129690E+02
0.155000E+01  0.132725E+02
0.156250E+01  0.135759E+02
0.157500E+01  0.138792E+02
0.158750E+01  0.141824E+02
0.160000E+01  0.144855E+02
0.161250E+01  0.147886E+02
0.162500E+01  0.150915E+02
0.163750E+01  0.153944E+02
0.165000E+01  0.156972E+02
0.166250E+01  0.159999E+02
0.167500E+01  0.163025E+02
0.168750E+01  0.166050E+02
0.170000E+01  0.169073E+02
0.171250E+01  0.172096E+02
0.172500E+01  0.175117E+02
0.173750E+01  0.178137E+02
0.175000E+01  0.181156E+02
0.176250E+01  0.184173E+02
0.177500E+01  0.187188E+02
0.178750E+01  0.190203E+02
0.180000E+01  0.193215E+02
0.181250E+01  0.196227E+02
0.182500E+01  0.199236E+02
0.183750E+01  0.202244E+02
0.185000E+01  0.205250E+02
0.186250E+01  0.208254E+02
0.187500E+01  0.211255E+02
0.188750E+01  0.214255E+02
0.190000E+01  0.217252E+02
0.191250E+01  0.220246E+02
0.192500E+01  0.223239E+02
0.193750E+01  0.226229E+02
0.195000E+01  0.229216E+02
0.196250E+01  0.232201E+02
0.197500E+01  0.235184E+02
0.198750E+01  0.238164E+02
0.200000E+01  0.241141E+02
0.201250E+01  0.244115E+02
0.202500E+01  0.247086E+02
0.203750E+01  0.250055E+02
0.205000E+01  0.253020E+02
0.206250E+01  0.255983E+02
0.207500E+01  0.258942E+02
0.208750E+01  0.261899E+02
0.210000E+01  0.264852E+02
0.211250E+01  0.267802E+02
0.212500E+01  0.270749E+02
0.213750E+01  0.273693E+02
0.215000E+01  0.276633E+02
0.216250E+01  0.279569E+02
0.217500E+01  0.282502E+02
0.218750E+01  0.285432E+02
0.220000E+01  0.288357E+02
0.221250E+01  0.291279E+02
0.222500E+01  0.294197E+02
0.223750E+01  0.297112E+02
0.225000E+01  0.300023E+02
