0.101250E+01  0.359513E+00
0.102500E+01  0.729845E+00
0.103750E+01  0.111123E+01
0.105000E+01  0.151558E+01
0.106250E+01  0.194102E+01
0.107500E+01  0.238122E+01
0.108750E+01  0.283540E+01
0.110000E+01  0.330436E+01
0.111250E+01  0.378795E+01
0.112500E+01  0.428134E+01
0.113750E+01  0.478337E+01
0.115000E+01  0.529060E+01
0.116250E+01  0.580367E+01
0.117500E+01  0.632014E+01
0.118750E+01  0.684077E+01
0.120000E+01  0.736471E+01
0.121250E+01  0.789484E+01
0.122500E+01  0.842897E+01
0.123750E+01  0.896213E+01
0.125000E+01  0.949465E+01
0.126250E+01  0.100284E+02
0.127500E+01  0.105606E+02
0.128750E+01  0.110894E+02
0.130000E+01  0.116156E+02
0.131250E+01  0.121418E+02
0.132500E+01  0.126676E+02
0.133750E+01  0.131923E+02
0.135000E+01  0.137163E+02
0.136250E+01  0.142399E+02
0.137500E+01  0.147624E+02
0.138750E+01  0.152862E+02
0.140000E+01  0.158101E+02
0.141250E+01  0.163335E+02
0.142500E+01  0.168560E+02
0.143750E+01  0.173772E+02
0.145000E+01  0.178966E+02
0.146250E+01  0.184150E+02
0.147500E+01  0.189321E+02
0.148750E+01  0.194481E+02
0.150000E+01  0.199637E+02
0.151250E+01  0.204796E+02
0.152500E+01  0.209951E+02
0.153750E+01  0.215091E+02
0.155000E+01  0.220217E+02
0.156250E+01  0.225342E+02
0.157500E+01  0.230471E+02
0.158750E+01  0.235600E+02
0.160000E+01  0.240708E+02
0.161250E+01  0.245797E+02
0.162500E+01  0.250883E+02
0.163750E+01  0.255972E+02
0.165000E+01  0.261050E+02
0.166250E+01  0.266109E+02
0.167500E+01  0.271153E+02
0.168750E+01  0.276195E+02
0.170000E+01  0.281232E+02
0.171250E+01  0.286275E+02
0.172500E+01  0.291303E+02
0.173750E+01  0.296302E+02
0.175000E+01  0.301286E+02
0.176250E+01  0.306267E+02
0.177500E+01  0.311241E+02
0.178750E+01  0.316195E+02
0.180000E+01  0.321133E+02
0.181250E+01  0.326057E+02
0.182500E+01  0.330973E+02
0.183750E+01  0.335878E+02
0.185000E+01  0.340775E+02
0.186250E+01  0.345658E+02
0.187500E+01  0.350527E+02
0.188750E+01  0.355383E+02
0.190000E+01  0.360225E+02
0.191250E+01  0.365057E+02
0.192500E+01  0.369877E+02
0.193750E+01  0.374682E+02
0.195000E+01  0.379473E+02
0.196250E+01  0.384250E+02
0.197500E+01  0.389014E+02
0.198750E+01  0.393769E+02
0.200000E+01  0.398513E+02
0.201250E+01  0.403239E+02
0.202500E+01  0.407948E+02
0.203750E+01  0.412639E+02
0.205000E+01  0.417315E+02
0.206250E+01  0.421978E+02
0.207500E+01  0.426634E+02
0.208750E+01  0.431273E+02
0.210000E+01  0.435893E+02
0.211250E+01  0.440491E+02
0.212500E+01  0.445073E+02
0.213750E+01  0.449639E+02
0.215000E+01  0.454189E+02
0.216250E+01  0.458721E+02
0.217500E+01  0.463237E+02
0.218750E+01  0.467735E+02
0.220000E+01  0.472216E+02
0.221250E+01  0.476682E+02
0.222500E+01  0.481130E+02
0.223750E+01  0.485566E+02
0.225000E+01  0.489986E+02
