0.101250E+01  0.140654E+00
0.102500E+01  0.316603E+00
0.103750E+01  0.536166E+00
0.105000E+01  0.748519E+00
0.106250E+01  0.954198E+00
0.107500E+01  0.115720E+01
0.108750E+01  0.135654E+01
0.110000E+01  0.155620E+01
0.111250E+01  0.175645E+01
0.112500E+01  0.195712E+01
0.113750E+01  0.215848E+01
0.115000E+01  0.236032E+01
0.116250E+01  0.256275E+01
0.117500E+01  0.276572E+01
0.118750E+01  0.296897E+01
0.120000E+01  0.317233E+01
0.121250E+01  0.337577E+01
0.122500E+01  0.357922E+01
0.123750E+01  0.378268E+01
0.125000E+01  0.398619E+01
0.126250E+01  0.418959E+01
0.127500E+01  0.439292E+01
0.128750E+01  0.459616E+01
0.130000E+01  0.479933E+01
0.131250E+01  0.500243E+01
0.132500E+01  0.520540E+01
0.133750E+01  0.540826E+01
0.135000E+01  0.561099E+01
0.136250E+01  0.581370E+01
0.137500E+01  0.601635E+01
0.138750E+01  0.621887E+01
0.140000E+01  0.642127E+01
0.141250E+01  0.662349E+01
0.142500E+01  0.682556E+01
0.143750E+01  0.702750E+01
0.145000E+01  0.722930E+01
0.146250E+01  0.743095E+01
0.147500E+01  0.763245E+01
0.148750E+01  0.783384E+01
0.150000E+01  0.803510E+01
0.151250E+01  0.823620E+01
0.152500E+01  0.843717E+01
0.153750E+01  0.863802E+01
0.155000E+01  0.883872E+01
0.156250E+01  0.903927E+01
0.157500E+01  0.923967E+01
0.158750E+01  0.943991E+01
0.160000E+01  0.963998E+01
0.161250E+01  0.983991E+01
0.162500E+01  0.100397E+02
0.163750E+01  0.102393E+02
0.165000E+01  0.104386E+02
0.166250E+01  0.106378E+02
0.167500E+01  0.108369E+02
0.168750E+01  0.110357E+02
0.170000E+01  0.112343E+02
0.171250E+01  0.114327E+02
0.172500E+01  0.116308E+02
0.173750E+01  0.118288E+02
0.175000E+01  0.120265E+02
0.176250E+01  0.122240E+02
0.177500E+01  0.124212E+02
0.178750E+01  0.126182E+02
0.180000E+01  0.128150E+02
0.181250E+01  0.130115E+02
0.182500E+01  0.132077E+02
0.183750E+01  0.134037E+02
0.185000E+01  0.135994E+02
0.186250E+01  0.137948E+02
0.187500E+01  0.139899E+02
0.188750E+01  0.141848E+02
0.190000E+01  0.143793E+02
0.191250E+01  0.145735E+02
0.192500E+01  0.147674E+02
0.193750E+01  0.149610E+02
0.195000E+01  0.151543E+02
0.196250E+01  0.153472E+02
0.197500E+01  0.155398E+02
0.198750E+01  0.157321E+02
0.200000E+01  0.159240E+02
0.201250E+01  0.161155E+02
0.202500E+01  0.163067E+02
0.203750E+01  0.164974E+02
0.205000E+01  0.166878E+02
0.206250E+01  0.168778E+02
0.207500E+01  0.170674E+02
0.208750E+01  0.172566E+02
0.210000E+01  0.174454E+02
0.211250E+01  0.176338E+02
0.212500E+01  0.178218E+02
0.213750E+01  0.180093E+02
0.215000E+01  0.181963E+02
0.216250E+01  0.183830E+02
0.217500E+01  0.185692E+02
0.218750E+01  0.187549E+02
0.220000E+01  0.189402E+02
0.221250E+01  0.191251E+02
0.222500E+01  0.193094E+02
0.223750E+01  0.194933E+02
0.225000E+01  0.196767E+02
