0.101250E+01  0.759240E+00
0.102500E+01  0.154302E+01
0.103750E+01  0.235722E+01
0.105000E+01  0.323064E+01
0.106250E+01  0.416157E+01
0.107500E+01  0.513072E+01
0.108750E+01  0.612607E+01
0.110000E+01  0.714532E+01
0.111250E+01  0.819226E+01
0.112500E+01  0.925454E+01
0.113750E+01  0.103319E+02
0.115000E+01  0.114223E+02
0.116250E+01  0.125163E+02
0.117500E+01  0.136181E+02
0.118750E+01  0.147163E+02
0.120000E+01  0.158227E+02
0.121250E+01  0.169345E+02
0.122500E+01  0.180489E+02
0.123750E+01  0.191620E+02
0.125000E+01  0.202750E+02
0.126250E+01  0.213860E+02
0.127500E+01  0.224983E+02
0.128750E+01  0.236098E+02
0.130000E+01  0.247205E+02
0.131250E+01  0.258288E+02
0.132500E+01  0.269362E+02
0.133750E+01  0.280410E+02
0.135000E+01  0.291459E+02
0.136250E+01  0.302491E+02
0.137500E+01  0.313505E+02
0.138750E+01  0.324506E+02
0.140000E+01  0.335486E+02
0.141250E+01  0.346458E+02
0.142500E+01  0.357439E+02
0.143750E+01  0.368440E+02
0.145000E+01  0.379428E+02
0.146250E+01  0.390380E+02
0.147500E+01  0.401299E+02
0.148750E+01  0.412201E+02
0.150000E+01  0.423088E+02
0.151250E+01  0.433963E+02
0.152500E+01  0.444822E+02
0.153750E+01  0.455665E+02
0.155000E+01  0.466497E+02
0.156250E+01  0.477317E+02
0.157500E+01  0.488119E+02
0.158750E+01  0.498906E+02
0.160000E+01  0.509676E+02
0.161250E+01  0.520434E+02
0.162500E+01  0.531180E+02
0.163750E+01  0.541906E+02
0.165000E+01  0.552615E+02
0.166250E+01  0.563312E+02
0.167500E+01  0.574004E+02
0.168750E+01  0.584690E+02
0.170000E+01  0.595368E+02
0.171250E+01  0.606016E+02
0.172500E+01  0.616624E+02
0.173750E+01  0.627211E+02
0.175000E+01  0.637793E+02
0.176250E+01  0.648351E+02
0.177500E+01  0.658897E+02
0.178750E+01  0.669422E+02
0.180000E+01  0.679928E+02
0.181250E+01  0.690413E+02
0.182500E+01  0.700887E+02
0.183750E+01  0.711357E+02
0.185000E+01  0.721798E+02
0.186250E+01  0.732205E+02
0.187500E+01  0.742581E+02
0.188750E+01  0.752933E+02
0.190000E+01  0.763259E+02
0.191250E+01  0.773583E+02
0.192500E+01  0.783896E+02
0.193750E+01  0.794163E+02
0.195000E+01  0.804395E+02
0.196250E+01  0.814600E+02
0.197500E+01  0.824780E+02
0.198750E+01  0.834934E+02
0.200000E+01  0.845061E+02
0.201250E+01  0.855164E+02
0.202500E+01  0.865238E+02
0.203750E+01  0.875288E+02
0.205000E+01  0.885318E+02
0.206250E+01  0.895327E+02
0.207500E+01  0.905294E+02
0.208750E+01  0.915230E+02
0.210000E+01  0.925138E+02
0.211250E+01  0.935015E+02
0.212500E+01  0.944862E+02
0.213750E+01  0.954678E+02
0.215000E+01  0.964465E+02
0.216250E+01  0.974224E+02
0.217500E+01  0.983955E+02
0.218750E+01  0.993654E+02
0.220000E+01  0.100332E+03
0.221250E+01  0.101295E+03
0.222500E+01  0.102255E+03
0.223750E+01  0.103211E+03
0.225000E+01  0.104165E+03
