0.101250E+01  0.335716E+00
0.102500E+01  0.681508E+00
0.103750E+01  0.103758E+01
0.105000E+01  0.141481E+01
0.106250E+01  0.181202E+01
0.107500E+01  0.222351E+01
0.108750E+01  0.264752E+01
0.110000E+01  0.308573E+01
0.111250E+01  0.353953E+01
0.112500E+01  0.400316E+01
0.113750E+01  0.447594E+01
0.115000E+01  0.495336E+01
0.116250E+01  0.543473E+01
0.117500E+01  0.591933E+01
0.118750E+01  0.640709E+01
0.120000E+01  0.689807E+01
0.121250E+01  0.739219E+01
0.122500E+01  0.788876E+01
0.123750E+01  0.838701E+01
0.125000E+01  0.888477E+01
0.126250E+01  0.938186E+01
0.127500E+01  0.987902E+01
0.128750E+01  0.103758E+02
0.130000E+01  0.108723E+02
0.131250E+01  0.113680E+02
0.132500E+01  0.118641E+02
0.133750E+01  0.123601E+02
0.135000E+01  0.128549E+02
0.136250E+01  0.133481E+02
0.137500E+01  0.138413E+02
0.138750E+01  0.143342E+02
0.140000E+01  0.148269E+02
0.141250E+01  0.153195E+02
0.142500E+01  0.158123E+02
0.143750E+01  0.163053E+02
0.145000E+01  0.167978E+02
0.146250E+01  0.172899E+02
0.147500E+01  0.177818E+02
0.148750E+01  0.182748E+02
0.150000E+01  0.187690E+02
0.151250E+01  0.192636E+02
0.152500E+01  0.197572E+02
0.153750E+01  0.202506E+02
0.155000E+01  0.207437E+02
0.156250E+01  0.212351E+02
0.157500E+01  0.217260E+02
0.158750E+01  0.222170E+02
0.160000E+01  0.227079E+02
0.161250E+01  0.231986E+02
0.162500E+01  0.236890E+02
0.163750E+01  0.241792E+02
0.165000E+01  0.246693E+02
0.166250E+01  0.251591E+02
0.167500E+01  0.256489E+02
0.168750E+01  0.261387E+02
0.170000E+01  0.266290E+02
0.171250E+01  0.271199E+02
0.172500E+01  0.276106E+02
0.173750E+01  0.281008E+02
0.175000E+01  0.285902E+02
0.176250E+01  0.290796E+02
0.177500E+01  0.295696E+02
0.178750E+01  0.300602E+02
0.180000E+01  0.305500E+02
0.181250E+01  0.310389E+02
0.182500E+01  0.315267E+02
0.183750E+01  0.320144E+02
0.185000E+01  0.325019E+02
0.186250E+01  0.329892E+02
0.187500E+01  0.334763E+02
0.188750E+01  0.339632E+02
0.190000E+01  0.344499E+02
0.191250E+01  0.349370E+02
0.192500E+01  0.354236E+02
0.193750E+01  0.359098E+02
0.195000E+01  0.363951E+02
0.196250E+01  0.368811E+02
0.197500E+01  0.373667E+02
0.198750E+01  0.378519E+02
0.200000E+01  0.383366E+02
0.201250E+01  0.388208E+02
0.202500E+01  0.393044E+02
0.203750E+01  0.397876E+02
0.205000E+01  0.402705E+02
0.206250E+01  0.407529E+02
0.207500E+01  0.412348E+02
0.208750E+01  0.417162E+02
0.210000E+01  0.421972E+02
0.211250E+01  0.426778E+02
0.212500E+01  0.431580E+02
0.213750E+01  0.436378E+02
0.215000E+01  0.441171E+02
0.216250E+01  0.445960E+02
0.217500E+01  0.450745E+02
0.218750E+01  0.455526E+02
0.220000E+01  0.460301E+02
0.221250E+01  0.465073E+02
0.222500E+01  0.469840E+02
0.223750E+01  0.474603E+02
0.225000E+01  0.479361E+02
