0.101250E+01  0.170799E+00
0.102500E+01  0.384431E+00
0.103750E+01  0.651060E+00
0.105000E+01  0.908983E+00
0.106250E+01  0.115884E+01
0.107500E+01  0.140559E+01
0.108750E+01  0.164854E+01
0.110000E+01  0.189207E+01
0.111250E+01  0.213621E+01
0.112500E+01  0.238086E+01
0.113750E+01  0.262640E+01
0.115000E+01  0.287247E+01
0.116250E+01  0.311911E+01
0.117500E+01  0.336626E+01
0.118750E+01  0.361371E+01
0.120000E+01  0.386140E+01
0.121250E+01  0.410936E+01
0.122500E+01  0.435739E+01
0.123750E+01  0.460552E+01
0.125000E+01  0.485379E+01
0.126250E+01  0.510205E+01
0.127500E+01  0.535029E+01
0.128750E+01  0.559853E+01
0.130000E+01  0.584683E+01
0.131250E+01  0.609511E+01
0.132500E+01  0.634342E+01
0.133750E+01  0.659180E+01
0.135000E+01  0.684021E+01
0.136250E+01  0.708861E+01
0.137500E+01  0.733703E+01
0.138750E+01  0.758548E+01
0.140000E+01  0.783395E+01
0.141250E+01  0.808241E+01
0.142500E+01  0.833089E+01
0.143750E+01  0.857939E+01
0.145000E+01  0.882789E+01
0.146250E+01  0.907640E+01
0.147500E+01  0.932492E+01
0.148750E+01  0.957348E+01
0.150000E+01  0.982206E+01
0.151250E+01  0.100707E+02
0.152500E+01  0.103193E+02
0.153750E+01  0.105680E+02
0.155000E+01  0.108167E+02
0.156250E+01  0.110654E+02
0.157500E+01  0.113141E+02
0.158750E+01  0.115628E+02
0.160000E+01  0.118116E+02
0.161250E+01  0.120604E+02
0.162500E+01  0.123092E+02
0.163750E+01  0.125579E+02
0.165000E+01  0.128067E+02
0.166250E+01  0.130556E+02
0.167500E+01  0.133044E+02
0.168750E+01  0.135532E+02
0.170000E+01  0.138021E+02
0.171250E+01  0.140509E+02
0.172500E+01  0.142998E+02
0.173750E+01  0.145487E+02
0.175000E+01  0.147976E+02
0.176250E+01  0.150464E+02
0.177500E+01  0.152953E+02
0.178750E+01  0.155441E+02
0.180000E+01  0.157929E+02
0.181250E+01  0.160417E+02
0.182500E+01  0.162905E+02
0.183750E+01  0.165393E+02
0.185000E+01  0.167880E+02
0.186250E+01  0.170367E+02
0.187500E+01  0.172853E+02
0.188750E+01  0.175339E+02
0.190000E+01  0.177825E+02
0.191250E+01  0.180310E+02
0.192500E+01  0.182795E+02
0.193750E+01  0.185279E+02
0.195000E+01  0.187763E+02
0.196250E+01  0.190246E+02
0.197500E+01  0.192728E+02
0.198750E+01  0.195210E+02
0.200000E+01  0.197690E+02
0.201250E+01  0.200170E+02
0.202500E+01  0.202649E+02
0.203750E+01  0.205128E+02
0.205000E+01  0.207606E+02
0.206250E+01  0.210083E+02
0.207500E+01  0.212559E+02
0.208750E+01  0.215034E+02
0.210000E+01  0.217507E+02
0.211250E+01  0.219980E+02
0.212500E+01  0.222451E+02
0.213750E+01  0.224921E+02
0.215000E+01  0.227389E+02
0.216250E+01  0.229857E+02
0.217500E+01  0.232323E+02
0.218750E+01  0.234788E+02
0.220000E+01  0.237251E+02
0.221250E+01  0.239713E+02
0.222500E+01  0.242174E+02
0.223750E+01  0.244633E+02
0.225000E+01  0.247090E+02
