0.101250E+01  0.262134E+00
0.102500E+01  0.589883E+00
0.103750E+01  0.998842E+00
0.105000E+01  0.139447E+01
0.106250E+01  0.177773E+01
0.107500E+01  0.215635E+01
0.108750E+01  0.253014E+01
0.110000E+01  0.290458E+01
0.111250E+01  0.327968E+01
0.112500E+01  0.365565E+01
0.113750E+01  0.403254E+01
0.115000E+01  0.441016E+01
0.116250E+01  0.478848E+01
0.117500E+01  0.516724E+01
0.118750E+01  0.554651E+01
0.120000E+01  0.592594E+01
0.121250E+01  0.630541E+01
0.122500E+01  0.668487E+01
0.123750E+01  0.706432E+01
0.125000E+01  0.744380E+01
0.126250E+01  0.782323E+01
0.127500E+01  0.820259E+01
0.128750E+01  0.858186E+01
0.130000E+01  0.896103E+01
0.131250E+01  0.934013E+01
0.132500E+01  0.971916E+01
0.133750E+01  0.100981E+02
0.135000E+01  0.104769E+02
0.136250E+01  0.108556E+02
0.137500E+01  0.112342E+02
0.138750E+01  0.116126E+02
0.140000E+01  0.119910E+02
0.141250E+01  0.123692E+02
0.142500E+01  0.127473E+02
0.143750E+01  0.131253E+02
0.145000E+01  0.135032E+02
0.146250E+01  0.138809E+02
0.147500E+01  0.142586E+02
0.148750E+01  0.146361E+02
0.150000E+01  0.150135E+02
0.151250E+01  0.153907E+02
0.152500E+01  0.157678E+02
0.153750E+01  0.161447E+02
0.155000E+01  0.165214E+02
0.156250E+01  0.168980E+02
0.157500E+01  0.172743E+02
0.158750E+01  0.176506E+02
0.160000E+01  0.180267E+02
0.161250E+01  0.184026E+02
0.162500E+01  0.187783E+02
0.163750E+01  0.191538E+02
0.165000E+01  0.195292E+02
0.166250E+01  0.199043E+02
0.167500E+01  0.202793E+02
0.168750E+01  0.206540E+02
0.170000E+01  0.210285E+02
0.171250E+01  0.214028E+02
0.172500E+01  0.217768E+02
0.173750E+01  0.221506E+02
0.175000E+01  0.225241E+02
0.176250E+01  0.228974E+02
0.177500E+01  0.232705E+02
0.178750E+01  0.236432E+02
0.180000E+01  0.240157E+02
0.181250E+01  0.243878E+02
0.182500E+01  0.247596E+02
0.183750E+01  0.251312E+02
0.185000E+01  0.255023E+02
0.186250E+01  0.258731E+02
0.187500E+01  0.262435E+02
0.188750E+01  0.266136E+02
0.190000E+01  0.269832E+02
0.191250E+01  0.273525E+02
0.192500E+01  0.277214E+02
0.193750E+01  0.280899E+02
0.195000E+01  0.284580E+02
0.196250E+01  0.288256E+02
0.197500E+01  0.291928E+02
0.198750E+01  0.295596E+02
0.200000E+01  0.299260E+02
0.201250E+01  0.302919E+02
0.202500E+01  0.306573E+02
0.203750E+01  0.310223E+02
0.205000E+01  0.313867E+02
0.206250E+01  0.317507E+02
0.207500E+01  0.321143E+02
0.208750E+01  0.324773E+02
0.210000E+01  0.328399E+02
0.211250E+01  0.332018E+02
0.212500E+01  0.335632E+02
0.213750E+01  0.339241E+02
0.215000E+01  0.342844E+02
0.216250E+01  0.346442E+02
0.217500E+01  0.350034E+02
0.218750E+01  0.353620E+02
0.220000E+01  0.357201E+02
0.221250E+01  0.360776E+02
0.222500E+01  0.364345E+02
0.223750E+01  0.367908E+02
0.225000E+01  0.371465E+02
