0.101250E+01  0.635618E+00
0.102500E+01  0.129149E+01
0.103750E+01  0.197112E+01
0.105000E+01  0.269828E+01
0.106250E+01  0.347248E+01
0.107500E+01  0.428273E+01
0.108750E+01  0.511700E+01
0.110000E+01  0.597137E+01
0.111250E+01  0.685078E+01
0.112500E+01  0.774560E+01
0.113750E+01  0.865237E+01
0.115000E+01  0.957276E+01
0.116250E+01  0.104979E+02
0.117500E+01  0.114261E+02
0.118750E+01  0.123590E+02
0.120000E+01  0.132870E+02
0.121250E+01  0.142180E+02
0.122500E+01  0.151507E+02
0.123750E+01  0.160830E+02
0.125000E+01  0.170155E+02
0.126250E+01  0.179485E+02
0.127500E+01  0.188844E+02
0.128750E+01  0.198197E+02
0.130000E+01  0.207535E+02
0.131250E+01  0.216879E+02
0.132500E+01  0.226226E+02
0.133750E+01  0.235569E+02
0.135000E+01  0.244903E+02
0.136250E+01  0.254234E+02
0.137500E+01  0.263567E+02
0.138750E+01  0.272892E+02
0.140000E+01  0.282213E+02
0.141250E+01  0.291531E+02
0.142500E+01  0.300851E+02
0.143750E+01  0.310174E+02
0.145000E+01  0.319504E+02
0.146250E+01  0.328832E+02
0.147500E+01  0.338156E+02
0.148750E+01  0.347477E+02
0.150000E+01  0.356794E+02
0.151250E+01  0.366115E+02
0.152500E+01  0.375429E+02
0.153750E+01  0.384744E+02
0.155000E+01  0.394069E+02
0.156250E+01  0.403394E+02
0.157500E+01  0.412720E+02
0.158750E+01  0.422049E+02
0.160000E+01  0.431398E+02
0.161250E+01  0.440749E+02
0.162500E+01  0.450097E+02
0.163750E+01  0.459437E+02
0.165000E+01  0.468784E+02
0.166250E+01  0.478132E+02
0.167500E+01  0.487468E+02
0.168750E+01  0.496795E+02
0.170000E+01  0.506120E+02
0.171250E+01  0.515446E+02
0.172500E+01  0.524771E+02
0.173750E+01  0.534099E+02
0.175000E+01  0.543421E+02
0.176250E+01  0.552741E+02
0.177500E+01  0.562060E+02
0.178750E+01  0.571377E+02
0.180000E+01  0.580692E+02
0.181250E+01  0.590009E+02
0.182500E+01  0.599322E+02
0.183750E+01  0.608635E+02
0.185000E+01  0.617949E+02
0.186250E+01  0.627261E+02
0.187500E+01  0.636571E+02
0.188750E+01  0.645878E+02
0.190000E+01  0.655184E+02
0.191250E+01  0.664489E+02
0.192500E+01  0.673793E+02
0.193750E+01  0.683100E+02
0.195000E+01  0.692408E+02
0.196250E+01  0.701721E+02
0.197500E+01  0.711024E+02
0.198750E+01  0.720319E+02
0.200000E+01  0.729610E+02
0.201250E+01  0.738904E+02
0.202500E+01  0.748202E+02
0.203750E+01  0.757499E+02
0.205000E+01  0.766795E+02
0.206250E+01  0.776088E+02
0.207500E+01  0.785371E+02
0.208750E+01  0.794643E+02
0.210000E+01  0.803910E+02
0.211250E+01  0.813175E+02
0.212500E+01  0.822434E+02
0.213750E+01  0.831690E+02
0.215000E+01  0.840939E+02
0.216250E+01  0.850184E+02
0.217500E+01  0.859424E+02
0.218750E+01  0.868659E+02
0.220000E+01  0.877892E+02
0.221250E+01  0.887119E+02
0.222500E+01  0.896339E+02
0.223750E+01  0.905555E+02
0.225000E+01  0.914763E+02
