0.101250E+01  0.197804E+00
0.102500E+01  0.445179E+00
0.103750E+01  0.753923E+00
0.105000E+01  0.105259E+01
0.106250E+01  0.134193E+01
0.107500E+01  0.162772E+01
0.108750E+01  0.190941E+01
0.110000E+01  0.219180E+01
0.111250E+01  0.247485E+01
0.112500E+01  0.275842E+01
0.113750E+01  0.304289E+01
0.115000E+01  0.332799E+01
0.116250E+01  0.361374E+01
0.117500E+01  0.389998E+01
0.118750E+01  0.418654E+01
0.120000E+01  0.447340E+01
0.121250E+01  0.476048E+01
0.122500E+01  0.504762E+01
0.123750E+01  0.533484E+01
0.125000E+01  0.562220E+01
0.126250E+01  0.590957E+01
0.127500E+01  0.619692E+01
0.128750E+01  0.648427E+01
0.130000E+01  0.677167E+01
0.131250E+01  0.705907E+01
0.132500E+01  0.734651E+01
0.133750E+01  0.763400E+01
0.135000E+01  0.792152E+01
0.136250E+01  0.820904E+01
0.137500E+01  0.849656E+01
0.138750E+01  0.878410E+01
0.140000E+01  0.907164E+01
0.141250E+01  0.935918E+01
0.142500E+01  0.964672E+01
0.143750E+01  0.993428E+01
0.145000E+01  0.102219E+02
0.146250E+01  0.105094E+02
0.147500E+01  0.107970E+02
0.148750E+01  0.110846E+02
0.150000E+01  0.113723E+02
0.151250E+01  0.116599E+02
0.152500E+01  0.119476E+02
0.153750E+01  0.122353E+02
0.155000E+01  0.125230E+02
0.156250E+01  0.128108E+02
0.157500E+01  0.130985E+02
0.158750E+01  0.133863E+02
0.160000E+01  0.136741E+02
0.161250E+01  0.139619E+02
0.162500E+01  0.142496E+02
0.163750E+01  0.145374E+02
0.165000E+01  0.148252E+02
0.166250E+01  0.151130E+02
0.167500E+01  0.154008E+02
0.168750E+01  0.156886E+02
0.170000E+01  0.159764E+02
0.171250E+01  0.162642E+02
0.172500E+01  0.165520E+02
0.173750E+01  0.168398E+02
0.175000E+01  0.171275E+02
0.176250E+01  0.174152E+02
0.177500E+01  0.177029E+02
0.178750E+01  0.179906E+02
0.180000E+01  0.182782E+02
0.181250E+01  0.185658E+02
0.182500E+01  0.188534E+02
0.183750E+01  0.191409E+02
0.185000E+01  0.194284E+02
0.186250E+01  0.197158E+02
0.187500E+01  0.200032E+02
0.188750E+01  0.202905E+02
0.190000E+01  0.205777E+02
0.191250E+01  0.208649E+02
0.192500E+01  0.211520E+02
0.193750E+01  0.214390E+02
0.195000E+01  0.217260E+02
0.196250E+01  0.220128E+02
0.197500E+01  0.222996E+02
0.198750E+01  0.225862E+02
0.200000E+01  0.228727E+02
0.201250E+01  0.231592E+02
0.202500E+01  0.234455E+02
0.203750E+01  0.237318E+02
0.205000E+01  0.240179E+02
0.206250E+01  0.243038E+02
0.207500E+01  0.245896E+02
0.208750E+01  0.248753E+02
0.210000E+01  0.251608E+02
0.211250E+01  0.254462E+02
0.212500E+01  0.257314E+02
0.213750E+01  0.260165E+02
0.215000E+01  0.263014E+02
0.216250E+01  0.265861E+02
0.217500E+01  0.268706E+02
0.218750E+01  0.271550E+02
0.220000E+01  0.274392E+02
0.221250E+01  0.277232E+02
0.222500E+01  0.280071E+02
0.223750E+01  0.282907E+02
0.225000E+01  0.285741E+02
