0.101250E+01  0.779867E+00
0.102500E+01  0.158511E+01
0.103750E+01  0.242210E+01
0.105000E+01  0.332081E+01
0.106250E+01  0.428022E+01
0.107500E+01  0.528039E+01
0.108750E+01  0.630475E+01
0.110000E+01  0.735732E+01
0.111250E+01  0.843744E+01
0.112500E+01  0.953504E+01
0.113750E+01  0.106486E+02
0.115000E+01  0.117734E+02
0.116250E+01  0.129038E+02
0.117500E+01  0.140405E+02
0.118750E+01  0.151724E+02
0.120000E+01  0.163093E+02
0.121250E+01  0.174477E+02
0.122500E+01  0.185899E+02
0.123750E+01  0.197349E+02
0.125000E+01  0.208785E+02
0.126250E+01  0.220220E+02
0.127500E+01  0.231668E+02
0.128750E+01  0.243119E+02
0.130000E+01  0.254557E+02
0.131250E+01  0.265993E+02
0.132500E+01  0.277416E+02
0.133750E+01  0.288821E+02
0.135000E+01  0.300222E+02
0.136250E+01  0.311627E+02
0.137500E+01  0.323032E+02
0.138750E+01  0.334431E+02
0.140000E+01  0.345817E+02
0.141250E+01  0.357193E+02
0.142500E+01  0.368560E+02
0.143750E+01  0.379928E+02
0.145000E+01  0.391307E+02
0.146250E+01  0.402678E+02
0.147500E+01  0.414048E+02
0.148750E+01  0.425410E+02
0.150000E+01  0.436776E+02
0.151250E+01  0.448151E+02
0.152500E+01  0.459534E+02
0.153750E+01  0.470921E+02
0.155000E+01  0.482292E+02
0.156250E+01  0.493637E+02
0.157500E+01  0.504965E+02
0.158750E+01  0.516292E+02
0.160000E+01  0.527612E+02
0.161250E+01  0.538928E+02
0.162500E+01  0.550236E+02
0.163750E+01  0.561538E+02
0.165000E+01  0.572833E+02
0.166250E+01  0.584120E+02
0.167500E+01  0.595403E+02
0.168750E+01  0.606678E+02
0.170000E+01  0.617945E+02
0.171250E+01  0.629203E+02
0.172500E+01  0.640455E+02
0.173750E+01  0.651699E+02
0.175000E+01  0.662936E+02
0.176250E+01  0.674168E+02
0.177500E+01  0.685400E+02
0.178750E+01  0.696627E+02
0.180000E+01  0.707850E+02
0.181250E+01  0.719065E+02
0.182500E+01  0.730279E+02
0.183750E+01  0.741489E+02
0.185000E+01  0.752703E+02
0.186250E+01  0.763896E+02
0.187500E+01  0.775075E+02
0.188750E+01  0.786246E+02
0.190000E+01  0.797412E+02
0.191250E+01  0.808591E+02
0.192500E+01  0.819765E+02
0.193750E+01  0.830923E+02
0.195000E+01  0.842045E+02
0.196250E+01  0.853150E+02
0.197500E+01  0.864249E+02
0.198750E+01  0.875340E+02
0.200000E+01  0.886421E+02
0.201250E+01  0.897488E+02
0.202500E+01  0.908543E+02
0.203750E+01  0.919590E+02
0.205000E+01  0.930623E+02
0.206250E+01  0.941643E+02
0.207500E+01  0.952650E+02
0.208750E+01  0.963644E+02
0.210000E+01  0.974624E+02
0.211250E+01  0.985593E+02
0.212500E+01  0.996548E+02
0.213750E+01  0.100750E+03
0.215000E+01  0.101845E+03
0.216250E+01  0.102938E+03
0.217500E+01  0.104029E+03
0.218750E+01  0.105117E+03
0.220000E+01  0.106204E+03
0.221250E+01  0.107290E+03
0.222500E+01  0.108375E+03
0.223750E+01  0.109458E+03
0.225000E+01  0.110540E+03
