0.101250E+01  0.160406E+00
0.102500E+01  0.361043E+00
0.103750E+01  0.611435E+00
0.105000E+01  0.853631E+00
0.106250E+01  0.108824E+01
0.107500E+01  0.131986E+01
0.108750E+01  0.154768E+01
0.110000E+01  0.177593E+01
0.111250E+01  0.200481E+01
0.112500E+01  0.223414E+01
0.113750E+01  0.246433E+01
0.115000E+01  0.269498E+01
0.116250E+01  0.292620E+01
0.117500E+01  0.315797E+01
0.118750E+01  0.339006E+01
0.120000E+01  0.362238E+01
0.121250E+01  0.385489E+01
0.122500E+01  0.408743E+01
0.123750E+01  0.432002E+01
0.125000E+01  0.455267E+01
0.126250E+01  0.478524E+01
0.127500E+01  0.501780E+01
0.128750E+01  0.525030E+01
0.130000E+01  0.548280E+01
0.131250E+01  0.571524E+01
0.132500E+01  0.594762E+01
0.133750E+01  0.617998E+01
0.135000E+01  0.641233E+01
0.136250E+01  0.664463E+01
0.137500E+01  0.687686E+01
0.138750E+01  0.710901E+01
0.140000E+01  0.734110E+01
0.141250E+01  0.757315E+01
0.142500E+01  0.780518E+01
0.143750E+01  0.803716E+01
0.145000E+01  0.826909E+01
0.146250E+01  0.850100E+01
0.147500E+01  0.873283E+01
0.148750E+01  0.896458E+01
0.150000E+01  0.919624E+01
0.151250E+01  0.942781E+01
0.152500E+01  0.965929E+01
0.153750E+01  0.989071E+01
0.155000E+01  0.101221E+02
0.156250E+01  0.103533E+02
0.157500E+01  0.105845E+02
0.158750E+01  0.108157E+02
0.160000E+01  0.110468E+02
0.161250E+01  0.112778E+02
0.162500E+01  0.115088E+02
0.163750E+01  0.117396E+02
0.165000E+01  0.119704E+02
0.166250E+01  0.122012E+02
0.167500E+01  0.124318E+02
0.168750E+01  0.126623E+02
0.170000E+01  0.128928E+02
0.171250E+01  0.131231E+02
0.172500E+01  0.133534E+02
0.173750E+01  0.135835E+02
0.175000E+01  0.138136E+02
0.176250E+01  0.140435E+02
0.177500E+01  0.142733E+02
0.178750E+01  0.145030E+02
0.180000E+01  0.147326E+02
0.181250E+01  0.149620E+02
0.182500E+01  0.151913E+02
0.183750E+01  0.154204E+02
0.185000E+01  0.156494E+02
0.186250E+01  0.158782E+02
0.187500E+01  0.161068E+02
0.188750E+01  0.163353E+02
0.190000E+01  0.165635E+02
0.191250E+01  0.167916E+02
0.192500E+01  0.170195E+02
0.193750E+01  0.172472E+02
0.195000E+01  0.174747E+02
0.196250E+01  0.177020E+02
0.197500E+01  0.179291E+02
0.198750E+01  0.181560E+02
0.200000E+01  0.183826E+02
0.201250E+01  0.186091E+02
0.202500E+01  0.188353E+02
0.203750E+01  0.190613E+02
0.205000E+01  0.192870E+02
0.206250E+01  0.195125E+02
0.207500E+01  0.197378E+02
0.208750E+01  0.199628E+02
0.210000E+01  0.201876E+02
0.211250E+01  0.204121E+02
0.212500E+01  0.206363E+02
0.213750E+01  0.208603E+02
0.215000E+01  0.210840E+02
0.216250E+01  0.213074E+02
0.217500E+01  0.215305E+02
0.218750E+01  0.217534E+02
0.220000E+01  0.219760E+02
0.221250E+01  0.221983E+02
0.222500E+01  0.224202E+02
0.223750E+01  0.226419E+02
0.225000E+01  0.228632E+02
