0.101250E+01  0.659335E+00
0.102500E+01  0.133976E+01
0.103750E+01  0.204523E+01
0.105000E+01  0.280042E+01
0.106250E+01  0.360508E+01
0.107500E+01  0.444654E+01
0.108750E+01  0.531236E+01
0.110000E+01  0.619918E+01
0.111250E+01  0.711173E+01
0.112500E+01  0.803970E+01
0.113750E+01  0.898059E+01
0.115000E+01  0.993419E+01
0.116250E+01  0.108940E+02
0.117500E+01  0.118592E+02
0.118750E+01  0.128184E+02
0.120000E+01  0.137828E+02
0.121250E+01  0.147492E+02
0.122500E+01  0.157169E+02
0.123750E+01  0.166824E+02
0.125000E+01  0.176499E+02
0.126250E+01  0.186189E+02
0.127500E+01  0.195894E+02
0.128750E+01  0.205584E+02
0.130000E+01  0.215271E+02
0.131250E+01  0.224967E+02
0.132500E+01  0.234654E+02
0.133750E+01  0.244335E+02
0.135000E+01  0.254013E+02
0.136250E+01  0.263689E+02
0.137500E+01  0.273357E+02
0.138750E+01  0.283020E+02
0.140000E+01  0.292681E+02
0.141250E+01  0.302343E+02
0.142500E+01  0.312012E+02
0.143750E+01  0.321683E+02
0.145000E+01  0.331352E+02
0.146250E+01  0.341011E+02
0.147500E+01  0.350663E+02
0.148750E+01  0.360321E+02
0.150000E+01  0.369980E+02
0.151250E+01  0.379638E+02
0.152500E+01  0.389289E+02
0.153750E+01  0.398943E+02
0.155000E+01  0.408604E+02
0.156250E+01  0.418266E+02
0.157500E+01  0.427935E+02
0.158750E+01  0.437618E+02
0.160000E+01  0.447305E+02
0.161250E+01  0.456991E+02
0.162500E+01  0.466673E+02
0.163750E+01  0.476347E+02
0.165000E+01  0.486011E+02
0.166250E+01  0.495670E+02
0.167500E+01  0.505326E+02
0.168750E+01  0.514978E+02
0.170000E+01  0.524633E+02
0.171250E+01  0.534286E+02
0.172500E+01  0.543938E+02
0.173750E+01  0.553584E+02
0.175000E+01  0.563227E+02
0.176250E+01  0.572870E+02
0.177500E+01  0.582509E+02
0.178750E+01  0.592144E+02
0.180000E+01  0.601782E+02
0.181250E+01  0.611418E+02
0.182500E+01  0.621051E+02
0.183750E+01  0.630684E+02
0.185000E+01  0.640313E+02
0.186250E+01  0.649939E+02
0.187500E+01  0.659564E+02
0.188750E+01  0.669185E+02
0.190000E+01  0.678808E+02
0.191250E+01  0.688428E+02
0.192500E+01  0.698045E+02
0.193750E+01  0.707670E+02
0.195000E+01  0.717293E+02
0.196250E+01  0.726913E+02
0.197500E+01  0.736523E+02
0.198750E+01  0.746130E+02
0.200000E+01  0.755749E+02
0.201250E+01  0.765366E+02
0.202500E+01  0.774975E+02
0.203750E+01  0.784569E+02
0.205000E+01  0.794156E+02
0.206250E+01  0.803741E+02
0.207500E+01  0.813319E+02
0.208750E+01  0.822887E+02
0.210000E+01  0.832450E+02
0.211250E+01  0.842007E+02
0.212500E+01  0.851562E+02
0.213750E+01  0.861111E+02
0.215000E+01  0.870654E+02
0.216250E+01  0.880190E+02
0.217500E+01  0.889721E+02
0.218750E+01  0.899244E+02
0.220000E+01  0.908762E+02
0.221250E+01  0.918273E+02
0.222500E+01  0.927778E+02
0.223750E+01  0.937276E+02
0.225000E+01  0.946767E+02
