0.101250E+01  0.537534E+00
0.102500E+01  0.109163E+01
0.103750E+01  0.166449E+01
0.105000E+01  0.227585E+01
0.106250E+01  0.292294E+01
0.107500E+01  0.359886E+01
0.108750E+01  0.429669E+01
0.110000E+01  0.501248E+01
0.111250E+01  0.574744E+01
0.112500E+01  0.649663E+01
0.113750E+01  0.725514E+01
0.115000E+01  0.802253E+01
0.116250E+01  0.879773E+01
0.117500E+01  0.957875E+01
0.118750E+01  0.103568E+02
0.120000E+01  0.111416E+02
0.121250E+01  0.119311E+02
0.122500E+01  0.127239E+02
0.123750E+01  0.135153E+02
0.125000E+01  0.143059E+02
0.126250E+01  0.150971E+02
0.127500E+01  0.158859E+02
0.128750E+01  0.166756E+02
0.130000E+01  0.174648E+02
0.131250E+01  0.182535E+02
0.132500E+01  0.190407E+02
0.133750E+01  0.198263E+02
0.135000E+01  0.206109E+02
0.136250E+01  0.213950E+02
0.137500E+01  0.221794E+02
0.138750E+01  0.229626E+02
0.140000E+01  0.237443E+02
0.141250E+01  0.245247E+02
0.142500E+01  0.253054E+02
0.143750E+01  0.260868E+02
0.145000E+01  0.268694E+02
0.146250E+01  0.276521E+02
0.147500E+01  0.284328E+02
0.148750E+01  0.292106E+02
0.150000E+01  0.299867E+02
0.151250E+01  0.307623E+02
0.152500E+01  0.315375E+02
0.153750E+01  0.323118E+02
0.155000E+01  0.330855E+02
0.156250E+01  0.338581E+02
0.157500E+01  0.346304E+02
0.158750E+01  0.354014E+02
0.160000E+01  0.361720E+02
0.161250E+01  0.369419E+02
0.162500E+01  0.377112E+02
0.163750E+01  0.384795E+02
0.165000E+01  0.392469E+02
0.166250E+01  0.400144E+02
0.167500E+01  0.407813E+02
0.168750E+01  0.415479E+02
0.170000E+01  0.423132E+02
0.171250E+01  0.430770E+02
0.172500E+01  0.438398E+02
0.173750E+01  0.446024E+02
0.175000E+01  0.453641E+02
0.176250E+01  0.461254E+02
0.177500E+01  0.468870E+02
0.178750E+01  0.476470E+02
0.180000E+01  0.484045E+02
0.181250E+01  0.491593E+02
0.182500E+01  0.499132E+02
0.183750E+01  0.506664E+02
0.185000E+01  0.514184E+02
0.186250E+01  0.521695E+02
0.187500E+01  0.529193E+02
0.188750E+01  0.536679E+02
0.190000E+01  0.544172E+02
0.191250E+01  0.551656E+02
0.192500E+01  0.559111E+02
0.193750E+01  0.566546E+02
0.195000E+01  0.573964E+02
0.196250E+01  0.581369E+02
0.197500E+01  0.588770E+02
0.198750E+01  0.596160E+02
0.200000E+01  0.603538E+02
0.201250E+01  0.610894E+02
0.202500E+01  0.618230E+02
0.203750E+01  0.625553E+02
0.205000E+01  0.632862E+02
0.206250E+01  0.640157E+02
0.207500E+01  0.647435E+02
0.208750E+01  0.654697E+02
0.210000E+01  0.661944E+02
0.211250E+01  0.669175E+02
0.212500E+01  0.676389E+02
0.213750E+01  0.683588E+02
0.215000E+01  0.690773E+02
0.216250E+01  0.697941E+02
0.217500E+01  0.705093E+02
0.218750E+01  0.712228E+02
0.220000E+01  0.719344E+02
0.221250E+01  0.726442E+02
0.222500E+01  0.733523E+02
0.223750E+01  0.740588E+02
0.225000E+01  0.747635E+02
