0.101250E+01  0.857033E+00
0.102500E+01  0.174222E+01
0.103750E+01  0.266378E+01
0.105000E+01  0.365481E+01
0.106250E+01  0.471313E+01
0.107500E+01  0.581416E+01
0.108750E+01  0.694158E+01
0.110000E+01  0.809987E+01
0.111250E+01  0.928755E+01
0.112500E+01  0.104940E+02
0.113750E+01  0.117185E+02
0.115000E+01  0.129533E+02
0.116250E+01  0.141970E+02
0.117500E+01  0.154358E+02
0.118750E+01  0.166850E+02
0.120000E+01  0.179295E+02
0.121250E+01  0.191828E+02
0.122500E+01  0.204372E+02
0.123750E+01  0.216932E+02
0.125000E+01  0.229485E+02
0.126250E+01  0.242032E+02
0.127500E+01  0.254603E+02
0.128750E+01  0.267172E+02
0.130000E+01  0.279734E+02
0.131250E+01  0.292272E+02
0.132500E+01  0.304792E+02
0.133750E+01  0.317308E+02
0.135000E+01  0.329829E+02
0.136250E+01  0.342347E+02
0.137500E+01  0.354852E+02
0.138750E+01  0.367346E+02
0.140000E+01  0.379821E+02
0.141250E+01  0.392291E+02
0.142500E+01  0.404773E+02
0.143750E+01  0.417257E+02
0.145000E+01  0.429733E+02
0.146250E+01  0.442199E+02
0.147500E+01  0.454657E+02
0.148750E+01  0.467120E+02
0.150000E+01  0.479604E+02
0.151250E+01  0.492081E+02
0.152500E+01  0.504535E+02
0.153750E+01  0.516950E+02
0.155000E+01  0.529359E+02
0.156250E+01  0.541767E+02
0.157500E+01  0.554164E+02
0.158750E+01  0.566552E+02
0.160000E+01  0.578930E+02
0.161250E+01  0.591297E+02
0.162500E+01  0.603652E+02
0.163750E+01  0.616001E+02
0.165000E+01  0.628342E+02
0.166250E+01  0.640673E+02
0.167500E+01  0.652994E+02
0.168750E+01  0.665302E+02
0.170000E+01  0.677597E+02
0.171250E+01  0.689883E+02
0.172500E+01  0.702165E+02
0.173750E+01  0.714440E+02
0.175000E+01  0.726711E+02
0.176250E+01  0.738968E+02
0.177500E+01  0.751218E+02
0.178750E+01  0.763454E+02
0.180000E+01  0.775691E+02
0.181250E+01  0.787923E+02
0.182500E+01  0.800149E+02
0.183750E+01  0.812352E+02
0.185000E+01  0.824535E+02
0.186250E+01  0.836702E+02
0.187500E+01  0.848860E+02
0.188750E+01  0.861013E+02
0.190000E+01  0.873167E+02
0.191250E+01  0.885303E+02
0.192500E+01  0.897420E+02
0.193750E+01  0.909533E+02
0.195000E+01  0.921633E+02
0.196250E+01  0.933708E+02
0.197500E+01  0.945751E+02
0.198750E+01  0.957782E+02
0.200000E+01  0.969799E+02
0.201250E+01  0.981800E+02
0.202500E+01  0.993788E+02
0.203750E+01  0.100576E+03
0.205000E+01  0.101771E+03
0.206250E+01  0.102964E+03
0.207500E+01  0.104156E+03
0.208750E+01  0.105346E+03
0.210000E+01  0.106536E+03
0.211250E+01  0.107725E+03
0.212500E+01  0.108910E+03
0.213750E+01  0.110092E+03
0.215000E+01  0.111273E+03
0.216250E+01  0.112452E+03
0.217500E+01  0.113629E+03
0.218750E+01  0.114804E+03
0.220000E+01  0.115977E+03
0.221250E+01  0.117148E+03
0.222500E+01  0.118317E+03
0.223750E+01  0.119484E+03
0.225000E+01  0.120650E+03
