0.101250E+01  0.804565E+00
0.102500E+01  0.163538E+01
0.103750E+01  0.249938E+01
0.105000E+01  0.342756E+01
0.106250E+01  0.441848E+01
0.107500E+01  0.544961E+01
0.108750E+01  0.650783E+01
0.110000E+01  0.759385E+01
0.111250E+01  0.870764E+01
0.112500E+01  0.983973E+01
0.113750E+01  0.109880E+02
0.115000E+01  0.121470E+02
0.116250E+01  0.133120E+02
0.117500E+01  0.144835E+02
0.118750E+01  0.156537E+02
0.120000E+01  0.168239E+02
0.121250E+01  0.179974E+02
0.122500E+01  0.191767E+02
0.123750E+01  0.203578E+02
0.125000E+01  0.215358E+02
0.126250E+01  0.227147E+02
0.127500E+01  0.238954E+02
0.128750E+01  0.250762E+02
0.130000E+01  0.262553E+02
0.131250E+01  0.274336E+02
0.132500E+01  0.286100E+02
0.133750E+01  0.297853E+02
0.135000E+01  0.309615E+02
0.136250E+01  0.321371E+02
0.137500E+01  0.333121E+02
0.138750E+01  0.344858E+02
0.140000E+01  0.356577E+02
0.141250E+01  0.368294E+02
0.142500E+01  0.380015E+02
0.143750E+01  0.391740E+02
0.145000E+01  0.403459E+02
0.146250E+01  0.415171E+02
0.147500E+01  0.426876E+02
0.148750E+01  0.438581E+02
0.150000E+01  0.450298E+02
0.151250E+01  0.462025E+02
0.152500E+01  0.473736E+02
0.153750E+01  0.485421E+02
0.155000E+01  0.497089E+02
0.156250E+01  0.508749E+02
0.157500E+01  0.520404E+02
0.158750E+01  0.532048E+02
0.160000E+01  0.543685E+02
0.161250E+01  0.555311E+02
0.162500E+01  0.566928E+02
0.163750E+01  0.578539E+02
0.165000E+01  0.590141E+02
0.166250E+01  0.601737E+02
0.167500E+01  0.613324E+02
0.168750E+01  0.624899E+02
0.170000E+01  0.636462E+02
0.171250E+01  0.648018E+02
0.172500E+01  0.659567E+02
0.173750E+01  0.671114E+02
0.175000E+01  0.682654E+02
0.176250E+01  0.694189E+02
0.177500E+01  0.705710E+02
0.178750E+01  0.717225E+02
0.180000E+01  0.728742E+02
0.181250E+01  0.740252E+02
0.182500E+01  0.751756E+02
0.183750E+01  0.763243E+02
0.185000E+01  0.774712E+02
0.186250E+01  0.786162E+02
0.187500E+01  0.797607E+02
0.188750E+01  0.809059E+02
0.190000E+01  0.820521E+02
0.191250E+01  0.831975E+02
0.192500E+01  0.843385E+02
0.193750E+01  0.854766E+02
0.195000E+01  0.866137E+02
0.196250E+01  0.877498E+02
0.197500E+01  0.888850E+02
0.198750E+01  0.900187E+02
0.200000E+01  0.911508E+02
0.201250E+01  0.922816E+02
0.202500E+01  0.934108E+02
0.203750E+01  0.945386E+02
0.205000E+01  0.956649E+02
0.206250E+01  0.967895E+02
0.207500E+01  0.979127E+02
0.208750E+01  0.990347E+02
0.210000E+01  0.100157E+03
0.211250E+01  0.101277E+03
0.212500E+01  0.102395E+03
0.213750E+01  0.103510E+03
0.215000E+01  0.104623E+03
0.216250E+01  0.105735E+03
0.217500E+01  0.106845E+03
0.218750E+01  0.107954E+03
0.220000E+01  0.109061E+03
0.221250E+01  0.110166E+03
0.222500E+01  0.111269E+03
0.223750E+01  0.112370E+03
0.225000E+01  0.113470E+03
