0.101250E+01  0.226865E+00
0.102500E+01  0.510544E+00
0.103750E+01  0.864554E+00
0.105000E+01  0.120700E+01
0.106250E+01  0.153874E+01
0.107500E+01  0.186641E+01
0.108750E+01  0.218954E+01
0.110000E+01  0.251336E+01
0.111250E+01  0.283778E+01
0.112500E+01  0.316293E+01
0.113750E+01  0.348898E+01
0.115000E+01  0.381569E+01
0.116250E+01  0.414309E+01
0.117500E+01  0.447091E+01
0.118750E+01  0.479918E+01
0.120000E+01  0.512771E+01
0.121250E+01  0.545629E+01
0.122500E+01  0.578488E+01
0.123750E+01  0.611351E+01
0.125000E+01  0.644217E+01
0.126250E+01  0.677078E+01
0.127500E+01  0.709935E+01
0.128750E+01  0.742786E+01
0.130000E+01  0.775630E+01
0.131250E+01  0.808468E+01
0.132500E+01  0.841304E+01
0.133750E+01  0.874133E+01
0.135000E+01  0.906952E+01
0.136250E+01  0.939760E+01
0.137500E+01  0.972560E+01
0.138750E+01  0.100535E+02
0.140000E+01  0.103813E+02
0.141250E+01  0.107090E+02
0.142500E+01  0.110367E+02
0.143750E+01  0.113643E+02
0.145000E+01  0.116918E+02
0.146250E+01  0.120192E+02
0.147500E+01  0.123466E+02
0.148750E+01  0.126739E+02
0.150000E+01  0.130010E+02
0.151250E+01  0.133280E+02
0.152500E+01  0.136550E+02
0.153750E+01  0.139818E+02
0.155000E+01  0.143085E+02
0.156250E+01  0.146350E+02
0.157500E+01  0.149614E+02
0.158750E+01  0.152877E+02
0.160000E+01  0.156139E+02
0.161250E+01  0.159400E+02
0.162500E+01  0.162660E+02
0.163750E+01  0.165918E+02
0.165000E+01  0.169175E+02
0.166250E+01  0.172430E+02
0.167500E+01  0.175685E+02
0.168750E+01  0.178937E+02
0.170000E+01  0.182188E+02
0.171250E+01  0.185437E+02
0.172500E+01  0.188685E+02
0.173750E+01  0.191930E+02
0.175000E+01  0.195174E+02
0.176250E+01  0.198416E+02
0.177500E+01  0.201656E+02
0.178750E+01  0.204894E+02
0.180000E+01  0.208130E+02
0.181250E+01  0.211364E+02
0.182500E+01  0.214596E+02
0.183750E+01  0.217825E+02
0.185000E+01  0.221051E+02
0.186250E+01  0.224274E+02
0.187500E+01  0.227495E+02
0.188750E+01  0.230713E+02
0.190000E+01  0.233928E+02
0.191250E+01  0.237140E+02
0.192500E+01  0.240349E+02
0.193750E+01  0.243555E+02
0.195000E+01  0.246758E+02
0.196250E+01  0.249957E+02
0.197500E+01  0.253154E+02
0.198750E+01  0.256346E+02
0.200000E+01  0.259536E+02
0.201250E+01  0.262722E+02
0.202500E+01  0.265905E+02
0.203750E+01  0.269083E+02
0.205000E+01  0.272258E+02
0.206250E+01  0.275430E+02
0.207500E+01  0.278597E+02
0.208750E+01  0.281761E+02
0.210000E+01  0.284921E+02
0.211250E+01  0.288077E+02
0.212500E+01  0.291228E+02
0.213750E+01  0.294376E+02
0.215000E+01  0.297518E+02
0.216250E+01  0.300657E+02
0.217500E+01  0.303791E+02
0.218750E+01  0.306921E+02
0.220000E+01  0.310046E+02
0.221250E+01  0.313167E+02
0.222500E+01  0.316283E+02
0.223750E+01  0.319395E+02
0.225000E+01  0.322501E+02
