0.101250E+01  0.375056E+00
0.102500E+01  0.761510E+00
0.103750E+01  0.115964E+01
0.105000E+01  0.158225E+01
0.106250E+01  0.202781E+01
0.107500E+01  0.248969E+01
0.108750E+01  0.296663E+01
0.110000E+01  0.346083E+01
0.111250E+01  0.397075E+01
0.112500E+01  0.448963E+01
0.113750E+01  0.501845E+01
0.115000E+01  0.555144E+01
0.116250E+01  0.609011E+01
0.117500E+01  0.663306E+01
0.118750E+01  0.717872E+01
0.120000E+01  0.772883E+01
0.121250E+01  0.828093E+01
0.122500E+01  0.883415E+01
0.123750E+01  0.938929E+01
0.125000E+01  0.994497E+01
0.126250E+01  0.105001E+02
0.127500E+01  0.110539E+02
0.128750E+01  0.116084E+02
0.130000E+01  0.121616E+02
0.131250E+01  0.127149E+02
0.132500E+01  0.132686E+02
0.133750E+01  0.138213E+02
0.135000E+01  0.143727E+02
0.136250E+01  0.149233E+02
0.137500E+01  0.154733E+02
0.138750E+01  0.160231E+02
0.140000E+01  0.165728E+02
0.141250E+01  0.171225E+02
0.142500E+01  0.176725E+02
0.143750E+01  0.182224E+02
0.145000E+01  0.187718E+02
0.146250E+01  0.193207E+02
0.147500E+01  0.198702E+02
0.148750E+01  0.204202E+02
0.150000E+01  0.209711E+02
0.151250E+01  0.215226E+02
0.152500E+01  0.220736E+02
0.153750E+01  0.226229E+02
0.155000E+01  0.231714E+02
0.156250E+01  0.237190E+02
0.157500E+01  0.242665E+02
0.158750E+01  0.248135E+02
0.160000E+01  0.253604E+02
0.161250E+01  0.259072E+02
0.162500E+01  0.264538E+02
0.163750E+01  0.270002E+02
0.165000E+01  0.275459E+02
0.166250E+01  0.280915E+02
0.167500E+01  0.286372E+02
0.168750E+01  0.291832E+02
0.170000E+01  0.297291E+02
0.171250E+01  0.302751E+02
0.172500E+01  0.308212E+02
0.173750E+01  0.313675E+02
0.175000E+01  0.319129E+02
0.176250E+01  0.324577E+02
0.177500E+01  0.330030E+02
0.178750E+01  0.335488E+02
0.180000E+01  0.340941E+02
0.181250E+01  0.346382E+02
0.182500E+01  0.351813E+02
0.183750E+01  0.357236E+02
0.185000E+01  0.362660E+02
0.186250E+01  0.368080E+02
0.187500E+01  0.373497E+02
0.188750E+01  0.378910E+02
0.190000E+01  0.384320E+02
0.191250E+01  0.389726E+02
0.192500E+01  0.395129E+02
0.193750E+01  0.400529E+02
0.195000E+01  0.405930E+02
0.196250E+01  0.411336E+02
0.197500E+01  0.416736E+02
0.198750E+01  0.422124E+02
0.200000E+01  0.427505E+02
0.201250E+01  0.432883E+02
0.202500E+01  0.438254E+02
0.203750E+01  0.443618E+02
0.205000E+01  0.448977E+02
0.206250E+01  0.454332E+02
0.207500E+01  0.459682E+02
0.208750E+01  0.465026E+02
0.210000E+01  0.470364E+02
0.211250E+01  0.475697E+02
0.212500E+01  0.481025E+02
0.213750E+01  0.486349E+02
0.215000E+01  0.491667E+02
0.216250E+01  0.496980E+02
0.217500E+01  0.502285E+02
0.218750E+01  0.507584E+02
0.220000E+01  0.512877E+02
0.221250E+01  0.518164E+02
0.222500E+01  0.523445E+02
0.223750E+01  0.528720E+02
0.225000E+01  0.533989E+02
