0.101250E+01  0.174949E+00
0.102500E+01  0.393744E+00
0.103750E+01  0.666785E+00
0.105000E+01  0.930869E+00
0.106250E+01  0.118665E+01
0.107500E+01  0.143918E+01
0.108750E+01  0.168758E+01
0.110000E+01  0.193637E+01
0.111250E+01  0.218576E+01
0.112500E+01  0.243570E+01
0.113750E+01  0.268645E+01
0.115000E+01  0.293770E+01
0.116250E+01  0.318962E+01
0.117500E+01  0.344214E+01
0.118750E+01  0.369487E+01
0.120000E+01  0.394777E+01
0.121250E+01  0.420070E+01
0.122500E+01  0.445360E+01
0.123750E+01  0.470643E+01
0.125000E+01  0.495926E+01
0.126250E+01  0.521194E+01
0.127500E+01  0.546452E+01
0.128750E+01  0.571693E+01
0.130000E+01  0.596922E+01
0.131250E+01  0.622143E+01
0.132500E+01  0.647352E+01
0.133750E+01  0.672545E+01
0.135000E+01  0.697720E+01
0.136250E+01  0.722880E+01
0.137500E+01  0.748031E+01
0.138750E+01  0.773169E+01
0.140000E+01  0.798292E+01
0.141250E+01  0.823399E+01
0.142500E+01  0.848484E+01
0.143750E+01  0.873547E+01
0.145000E+01  0.898590E+01
0.146250E+01  0.923612E+01
0.147500E+01  0.948613E+01
0.148750E+01  0.973596E+01
0.150000E+01  0.998559E+01
0.151250E+01  0.102350E+02
0.152500E+01  0.104843E+02
0.153750E+01  0.107333E+02
0.155000E+01  0.109821E+02
0.156250E+01  0.112308E+02
0.157500E+01  0.114792E+02
0.158750E+01  0.117274E+02
0.160000E+01  0.119754E+02
0.161250E+01  0.122231E+02
0.162500E+01  0.124706E+02
0.163750E+01  0.127179E+02
0.165000E+01  0.129649E+02
0.166250E+01  0.132116E+02
0.167500E+01  0.134580E+02
0.168750E+01  0.137041E+02
0.170000E+01  0.139499E+02
0.171250E+01  0.141955E+02
0.172500E+01  0.144407E+02
0.173750E+01  0.146856E+02
0.175000E+01  0.149301E+02
0.176250E+01  0.151743E+02
0.177500E+01  0.154182E+02
0.178750E+01  0.156618E+02
0.180000E+01  0.159049E+02
0.181250E+01  0.161478E+02
0.182500E+01  0.163902E+02
0.183750E+01  0.166323E+02
0.185000E+01  0.168740E+02
0.186250E+01  0.171153E+02
0.187500E+01  0.173561E+02
0.188750E+01  0.175966E+02
0.190000E+01  0.178367E+02
0.191250E+01  0.180763E+02
0.192500E+01  0.183154E+02
0.193750E+01  0.185541E+02
0.195000E+01  0.187924E+02
0.196250E+01  0.190302E+02
0.197500E+01  0.192674E+02
0.198750E+01  0.195043E+02
0.200000E+01  0.197406E+02
0.201250E+01  0.199764E+02
0.202500E+01  0.202117E+02
0.203750E+01  0.204465E+02
0.205000E+01  0.206807E+02
0.206250E+01  0.209144E+02
0.207500E+01  0.211475E+02
0.208750E+01  0.213800E+02
0.210000E+01  0.216120E+02
0.211250E+01  0.218435E+02
0.212500E+01  0.220743E+02
0.213750E+01  0.223046E+02
0.215000E+01  0.225342E+02
0.216250E+01  0.227632E+02
0.217500E+01  0.229916E+02
0.218750E+01  0.232194E+02
0.220000E+01  0.234466E+02
0.221250E+01  0.236731E+02
0.222500E+01  0.238990E+02
0.223750E+01  0.241242E+02
0.225000E+01  0.243487E+02
