0.101250E+01  0.560292E+00
0.102500E+01  0.113820E+01
0.103750E+01  0.173593E+01
0.105000E+01  0.237465E+01
0.106250E+01  0.305233E+01
0.107500E+01  0.376327E+01
0.108750E+01  0.449648E+01
0.110000E+01  0.524959E+01
0.111250E+01  0.602357E+01
0.112500E+01  0.681382E+01
0.113750E+01  0.761268E+01
0.115000E+01  0.842438E+01
0.116250E+01  0.924309E+01
0.117500E+01  0.100657E+02
0.118750E+01  0.108909E+02
0.120000E+01  0.117105E+02
0.121250E+01  0.125356E+02
0.122500E+01  0.133606E+02
0.123750E+01  0.141839E+02
0.125000E+01  0.150079E+02
0.126250E+01  0.158313E+02
0.127500E+01  0.166553E+02
0.128750E+01  0.174789E+02
0.130000E+01  0.183035E+02
0.131250E+01  0.191281E+02
0.132500E+01  0.199524E+02
0.133750E+01  0.207763E+02
0.135000E+01  0.216001E+02
0.136250E+01  0.224246E+02
0.137500E+01  0.232493E+02
0.138750E+01  0.240738E+02
0.140000E+01  0.248981E+02
0.141250E+01  0.257226E+02
0.142500E+01  0.265471E+02
0.143750E+01  0.273712E+02
0.145000E+01  0.281947E+02
0.146250E+01  0.290183E+02
0.147500E+01  0.298421E+02
0.148750E+01  0.306664E+02
0.150000E+01  0.314912E+02
0.151250E+01  0.323166E+02
0.152500E+01  0.331418E+02
0.153750E+01  0.339668E+02
0.155000E+01  0.347921E+02
0.156250E+01  0.356181E+02
0.157500E+01  0.364448E+02
0.158750E+01  0.372710E+02
0.160000E+01  0.380970E+02
0.161250E+01  0.389232E+02
0.162500E+01  0.397501E+02
0.163750E+01  0.405782E+02
0.165000E+01  0.414064E+02
0.166250E+01  0.422339E+02
0.167500E+01  0.430611E+02
0.168750E+01  0.438884E+02
0.170000E+01  0.447159E+02
0.171250E+01  0.455448E+02
0.172500E+01  0.463744E+02
0.173750E+01  0.472045E+02
0.175000E+01  0.480344E+02
0.176250E+01  0.488641E+02
0.177500E+01  0.496939E+02
0.178750E+01  0.505235E+02
0.180000E+01  0.513535E+02
0.181250E+01  0.521835E+02
0.182500E+01  0.530141E+02
0.183750E+01  0.538454E+02
0.185000E+01  0.546773E+02
0.186250E+01  0.555087E+02
0.187500E+01  0.563390E+02
0.188750E+01  0.571693E+02
0.190000E+01  0.579997E+02
0.191250E+01  0.588304E+02
0.192500E+01  0.596612E+02
0.193750E+01  0.604921E+02
0.195000E+01  0.613229E+02
0.196250E+01  0.621538E+02
0.197500E+01  0.629847E+02
0.198750E+01  0.638160E+02
0.200000E+01  0.646473E+02
0.201250E+01  0.654793E+02
0.202500E+01  0.663109E+02
0.203750E+01  0.671422E+02
0.205000E+01  0.679732E+02
0.206250E+01  0.688043E+02
0.207500E+01  0.696356E+02
0.208750E+01  0.704670E+02
0.210000E+01  0.712987E+02
0.211250E+01  0.721300E+02
0.212500E+01  0.729614E+02
0.213750E+01  0.737923E+02
0.215000E+01  0.746231E+02
0.216250E+01  0.754539E+02
0.217500E+01  0.762845E+02
0.218750E+01  0.771150E+02
0.220000E+01  0.779456E+02
0.221250E+01  0.787760E+02
0.222500E+01  0.796063E+02
0.223750E+01  0.804364E+02
0.225000E+01  0.812666E+02
