0.101250E+01  0.186380E+00
0.102500E+01  0.419479E+00
0.103750E+01  0.710406E+00
0.105000E+01  0.991833E+00
0.106250E+01  0.126447E+01
0.107500E+01  0.153373E+01
0.108750E+01  0.179901E+01
0.110000E+01  0.206486E+01
0.111250E+01  0.233141E+01
0.112500E+01  0.259847E+01
0.113750E+01  0.286643E+01
0.115000E+01  0.313497E+01
0.116250E+01  0.340412E+01
0.117500E+01  0.367378E+01
0.118750E+01  0.394375E+01
0.120000E+01  0.421398E+01
0.121250E+01  0.448446E+01
0.122500E+01  0.475500E+01
0.123750E+01  0.502563E+01
0.125000E+01  0.529639E+01
0.126250E+01  0.556712E+01
0.127500E+01  0.583783E+01
0.128750E+01  0.610855E+01
0.130000E+01  0.637931E+01
0.131250E+01  0.665005E+01
0.132500E+01  0.692084E+01
0.133750E+01  0.719165E+01
0.135000E+01  0.746248E+01
0.136250E+01  0.773330E+01
0.137500E+01  0.800413E+01
0.138750E+01  0.827497E+01
0.140000E+01  0.854579E+01
0.141250E+01  0.881662E+01
0.142500E+01  0.908745E+01
0.143750E+01  0.935827E+01
0.145000E+01  0.962909E+01
0.146250E+01  0.989992E+01
0.147500E+01  0.101707E+02
0.148750E+01  0.104416E+02
0.150000E+01  0.107125E+02
0.151250E+01  0.109833E+02
0.152500E+01  0.112542E+02
0.153750E+01  0.115252E+02
0.155000E+01  0.117961E+02
0.156250E+01  0.120670E+02
0.157500E+01  0.123379E+02
0.158750E+01  0.126088E+02
0.160000E+01  0.128797E+02
0.161250E+01  0.131506E+02
0.162500E+01  0.134215E+02
0.163750E+01  0.136924E+02
0.165000E+01  0.139633E+02
0.166250E+01  0.142342E+02
0.167500E+01  0.145051E+02
0.168750E+01  0.147760E+02
0.170000E+01  0.150468E+02
0.171250E+01  0.153177E+02
0.172500E+01  0.155885E+02
0.173750E+01  0.158594E+02
0.175000E+01  0.161301E+02
0.176250E+01  0.164009E+02
0.177500E+01  0.166716E+02
0.178750E+01  0.169423E+02
0.180000E+01  0.172129E+02
0.181250E+01  0.174835E+02
0.182500E+01  0.177541E+02
0.183750E+01  0.180246E+02
0.185000E+01  0.182950E+02
0.186250E+01  0.185654E+02
0.187500E+01  0.188357E+02
0.188750E+01  0.191060E+02
0.190000E+01  0.193762E+02
0.191250E+01  0.196463E+02
0.192500E+01  0.199163E+02
0.193750E+01  0.201862E+02
0.195000E+01  0.204561E+02
0.196250E+01  0.207258E+02
0.197500E+01  0.209954E+02
0.198750E+01  0.212650E+02
0.200000E+01  0.215345E+02
0.201250E+01  0.218038E+02
0.202500E+01  0.220730E+02
0.203750E+01  0.223421E+02
0.205000E+01  0.226110E+02
0.206250E+01  0.228798E+02
0.207500E+01  0.231484E+02
0.208750E+01  0.234169E+02
0.210000E+01  0.236852E+02
0.211250E+01  0.239534E+02
0.212500E+01  0.242214E+02
0.213750E+01  0.244893E+02
0.215000E+01  0.247570E+02
0.216250E+01  0.250245E+02
0.217500E+01  0.252918E+02
0.218750E+01  0.255589E+02
0.220000E+01  0.258259E+02
0.221250E+01  0.260927E+02
0.222500E+01  0.263593E+02
0.223750E+01  0.266257E+02
0.225000E+01  0.268919E+02
