0.101250E+01  0.127137E+00
0.102500E+01  0.286199E+00
0.103750E+01  0.484695E+00
0.105000E+01  0.676680E+00
0.106250E+01  0.862645E+00
0.107500E+01  0.104619E+01
0.108750E+01  0.122637E+01
0.110000E+01  0.140683E+01
0.111250E+01  0.158787E+01
0.112500E+01  0.176934E+01
0.113750E+01  0.195142E+01
0.115000E+01  0.213402E+01
0.116250E+01  0.231705E+01
0.117500E+01  0.250063E+01
0.118750E+01  0.268454E+01
0.120000E+01  0.286864E+01
0.121250E+01  0.305287E+01
0.122500E+01  0.323721E+01
0.123750E+01  0.342157E+01
0.125000E+01  0.360602E+01
0.126250E+01  0.379043E+01
0.127500E+01  0.397481E+01
0.128750E+01  0.415917E+01
0.130000E+01  0.434347E+01
0.131250E+01  0.452772E+01
0.132500E+01  0.471199E+01
0.133750E+01  0.489623E+01
0.135000E+01  0.508041E+01
0.136250E+01  0.526455E+01
0.137500E+01  0.544862E+01
0.138750E+01  0.563265E+01
0.140000E+01  0.581667E+01
0.141250E+01  0.600067E+01
0.142500E+01  0.618464E+01
0.143750E+01  0.636852E+01
0.145000E+01  0.655229E+01
0.146250E+01  0.673601E+01
0.147500E+01  0.691965E+01
0.148750E+01  0.710322E+01
0.150000E+01  0.728671E+01
0.151250E+01  0.747015E+01
0.152500E+01  0.765353E+01
0.153750E+01  0.783686E+01
0.155000E+01  0.802015E+01
0.156250E+01  0.820338E+01
0.157500E+01  0.838655E+01
0.158750E+01  0.856966E+01
0.160000E+01  0.875272E+01
0.161250E+01  0.893572E+01
0.162500E+01  0.911866E+01
0.163750E+01  0.930153E+01
0.165000E+01  0.948434E+01
0.166250E+01  0.966707E+01
0.167500E+01  0.984971E+01
0.168750E+01  0.100323E+02
0.170000E+01  0.102148E+02
0.171250E+01  0.103972E+02
0.172500E+01  0.105795E+02
0.173750E+01  0.107617E+02
0.175000E+01  0.109439E+02
0.176250E+01  0.111260E+02
0.177500E+01  0.113079E+02
0.178750E+01  0.114897E+02
0.180000E+01  0.116715E+02
0.181250E+01  0.118531E+02
0.182500E+01  0.120346E+02
0.183750E+01  0.122159E+02
0.185000E+01  0.123972E+02
0.186250E+01  0.125782E+02
0.187500E+01  0.127592E+02
0.188750E+01  0.129400E+02
0.190000E+01  0.131206E+02
0.191250E+01  0.133011E+02
0.192500E+01  0.134814E+02
0.193750E+01  0.136616E+02
0.195000E+01  0.138416E+02
0.196250E+01  0.140215E+02
0.197500E+01  0.142012E+02
0.198750E+01  0.143807E+02
0.200000E+01  0.145600E+02
0.201250E+01  0.147391E+02
0.202500E+01  0.149181E+02
0.203750E+01  0.150968E+02
0.205000E+01  0.152754E+02
0.206250E+01  0.154538E+02
0.207500E+01  0.156319E+02
0.208750E+01  0.158099E+02
0.210000E+01  0.159876E+02
0.211250E+01  0.161652E+02
0.212500E+01  0.163425E+02
0.213750E+01  0.165196E+02
0.215000E+01  0.166965E+02
0.216250E+01  0.168731E+02
0.217500E+01  0.170495E+02
0.218750E+01  0.172256E+02
0.220000E+01  0.174016E+02
0.221250E+01  0.175772E+02
0.222500E+01  0.177527E+02
0.223750E+01  0.179279E+02
0.225000E+01  0.181028E+02
