0.101250E+01  0.243464E+00
0.102500E+01  0.547878E+00
0.103750E+01  0.927735E+00
0.105000E+01  0.129519E+01
0.106250E+01  0.165113E+01
0.107500E+01  0.200273E+01
0.108750E+01  0.234956E+01
0.110000E+01  0.269706E+01
0.111250E+01  0.304516E+01
0.112500E+01  0.339411E+01
0.113750E+01  0.374391E+01
0.115000E+01  0.409439E+01
0.116250E+01  0.444557E+01
0.117500E+01  0.479722E+01
0.118750E+01  0.514931E+01
0.120000E+01  0.550159E+01
0.121250E+01  0.585386E+01
0.122500E+01  0.620610E+01
0.123750E+01  0.655829E+01
0.125000E+01  0.691055E+01
0.126250E+01  0.726273E+01
0.127500E+01  0.761479E+01
0.128750E+01  0.796669E+01
0.130000E+01  0.831850E+01
0.131250E+01  0.867025E+01
0.132500E+01  0.902188E+01
0.133750E+01  0.937335E+01
0.135000E+01  0.972470E+01
0.136250E+01  0.100759E+02
0.137500E+01  0.104270E+02
0.138750E+01  0.107779E+02
0.140000E+01  0.111287E+02
0.141250E+01  0.114794E+02
0.142500E+01  0.118299E+02
0.143750E+01  0.121803E+02
0.145000E+01  0.125305E+02
0.146250E+01  0.128806E+02
0.147500E+01  0.132305E+02
0.148750E+01  0.135803E+02
0.150000E+01  0.139298E+02
0.151250E+01  0.142792E+02
0.152500E+01  0.146284E+02
0.153750E+01  0.149774E+02
0.155000E+01  0.153262E+02
0.156250E+01  0.156747E+02
0.157500E+01  0.160231E+02
0.158750E+01  0.163714E+02
0.160000E+01  0.167194E+02
0.161250E+01  0.170672E+02
0.162500E+01  0.174148E+02
0.163750E+01  0.177621E+02
0.165000E+01  0.181092E+02
0.166250E+01  0.184562E+02
0.167500E+01  0.188028E+02
0.168750E+01  0.191493E+02
0.170000E+01  0.194954E+02
0.171250E+01  0.198413E+02
0.172500E+01  0.201869E+02
0.173750E+01  0.205322E+02
0.175000E+01  0.208772E+02
0.176250E+01  0.212219E+02
0.177500E+01  0.215663E+02
0.178750E+01  0.219103E+02
0.180000E+01  0.222541E+02
0.181250E+01  0.225974E+02
0.182500E+01  0.229404E+02
0.183750E+01  0.232829E+02
0.185000E+01  0.236252E+02
0.186250E+01  0.239670E+02
0.187500E+01  0.243084E+02
0.188750E+01  0.246494E+02
0.190000E+01  0.249899E+02
0.191250E+01  0.253301E+02
0.192500E+01  0.256698E+02
0.193750E+01  0.260091E+02
0.195000E+01  0.263479E+02
0.196250E+01  0.266862E+02
0.197500E+01  0.270241E+02
0.198750E+01  0.273615E+02
0.200000E+01  0.276984E+02
0.201250E+01  0.280348E+02
0.202500E+01  0.283708E+02
0.203750E+01  0.287062E+02
0.205000E+01  0.290410E+02
0.206250E+01  0.293754E+02
0.207500E+01  0.297091E+02
0.208750E+01  0.300423E+02
0.210000E+01  0.303749E+02
0.211250E+01  0.307070E+02
0.212500E+01  0.310384E+02
0.213750E+01  0.313693E+02
0.215000E+01  0.316996E+02
0.216250E+01  0.320294E+02
0.217500E+01  0.323584E+02
0.218750E+01  0.326869E+02
0.220000E+01  0.330147E+02
0.221250E+01  0.333418E+02
0.222500E+01  0.336683E+02
0.223750E+01  0.339942E+02
0.225000E+01  0.343194E+02
