0.101250E+01  0.162482E+00
0.102500E+01  0.365706E+00
0.103750E+01  0.619316E+00
0.105000E+01  0.864609E+00
0.106250E+01  0.110220E+01
0.107500E+01  0.133675E+01
0.108750E+01  0.156736E+01
0.110000E+01  0.179837E+01
0.111250E+01  0.202996E+01
0.112500E+01  0.226207E+01
0.113750E+01  0.249496E+01
0.115000E+01  0.272834E+01
0.116250E+01  0.296233E+01
0.117500E+01  0.319693E+01
0.118750E+01  0.343175E+01
0.120000E+01  0.366677E+01
0.121250E+01  0.390189E+01
0.122500E+01  0.413701E+01
0.123750E+01  0.437207E+01
0.125000E+01  0.460718E+01
0.126250E+01  0.484220E+01
0.127500E+01  0.507711E+01
0.128750E+01  0.531192E+01
0.130000E+01  0.554662E+01
0.131250E+01  0.578126E+01
0.132500E+01  0.601584E+01
0.133750E+01  0.625030E+01
0.135000E+01  0.648464E+01
0.136250E+01  0.671884E+01
0.137500E+01  0.695294E+01
0.138750E+01  0.718699E+01
0.140000E+01  0.742094E+01
0.141250E+01  0.765478E+01
0.142500E+01  0.788847E+01
0.143750E+01  0.812200E+01
0.145000E+01  0.835536E+01
0.146250E+01  0.858855E+01
0.147500E+01  0.882158E+01
0.148750E+01  0.905448E+01
0.150000E+01  0.928722E+01
0.151250E+01  0.951982E+01
0.152500E+01  0.975228E+01
0.153750E+01  0.998460E+01
0.155000E+01  0.102168E+02
0.156250E+01  0.104488E+02
0.157500E+01  0.106806E+02
0.158750E+01  0.109123E+02
0.160000E+01  0.111439E+02
0.161250E+01  0.113753E+02
0.162500E+01  0.116065E+02
0.163750E+01  0.118375E+02
0.165000E+01  0.120684E+02
0.166250E+01  0.122991E+02
0.167500E+01  0.125295E+02
0.168750E+01  0.127598E+02
0.170000E+01  0.129898E+02
0.171250E+01  0.132196E+02
0.172500E+01  0.134492E+02
0.173750E+01  0.136785E+02
0.175000E+01  0.139076E+02
0.176250E+01  0.141365E+02
0.177500E+01  0.143650E+02
0.178750E+01  0.145934E+02
0.180000E+01  0.148214E+02
0.181250E+01  0.150492E+02
0.182500E+01  0.152767E+02
0.183750E+01  0.155039E+02
0.185000E+01  0.157308E+02
0.186250E+01  0.159574E+02
0.187500E+01  0.161837E+02
0.188750E+01  0.164097E+02
0.190000E+01  0.166354E+02
0.191250E+01  0.168608E+02
0.192500E+01  0.170858E+02
0.193750E+01  0.173104E+02
0.195000E+01  0.175347E+02
0.196250E+01  0.177587E+02
0.197500E+01  0.179823E+02
0.198750E+01  0.182055E+02
0.200000E+01  0.184284E+02
0.201250E+01  0.186508E+02
0.202500E+01  0.188729E+02
0.203750E+01  0.190945E+02
0.205000E+01  0.193158E+02
0.206250E+01  0.195367E+02
0.207500E+01  0.197571E+02
0.208750E+01  0.199771E+02
0.210000E+01  0.201967E+02
0.211250E+01  0.204158E+02
0.212500E+01  0.206344E+02
0.213750E+01  0.208526E+02
0.215000E+01  0.210704E+02
0.216250E+01  0.212876E+02
0.217500E+01  0.215044E+02
0.218750E+01  0.217207E+02
0.220000E+01  0.219366E+02
0.221250E+01  0.221519E+02
0.222500E+01  0.223667E+02
0.223750E+01  0.225810E+02
0.225000E+01  0.227948E+02
