0.101250E+01  0.806598E+00
0.102500E+01  0.163945E+01
0.103750E+01  0.250550E+01
0.105000E+01  0.343569E+01
0.106250E+01  0.442792E+01
0.107500E+01  0.545958E+01
0.108750E+01  0.651852E+01
0.110000E+01  0.760387E+01
0.111250E+01  0.871812E+01
0.112500E+01  0.984856E+01
0.113750E+01  0.109955E+02
0.115000E+01  0.121539E+02
0.116250E+01  0.133214E+02
0.117500E+01  0.144843E+02
0.118750E+01  0.156583E+02
0.120000E+01  0.168301E+02
0.121250E+01  0.180098E+02
0.122500E+01  0.191920E+02
0.123750E+01  0.203749E+02
0.125000E+01  0.215563E+02
0.126250E+01  0.227377E+02
0.127500E+01  0.239184E+02
0.128750E+01  0.250983E+02
0.130000E+01  0.262772E+02
0.131250E+01  0.274559E+02
0.132500E+01  0.286322E+02
0.133750E+01  0.298079E+02
0.135000E+01  0.309817E+02
0.136250E+01  0.321551E+02
0.137500E+01  0.333261E+02
0.138750E+01  0.344960E+02
0.140000E+01  0.356646E+02
0.141250E+01  0.368318E+02
0.142500E+01  0.379988E+02
0.143750E+01  0.391656E+02
0.145000E+01  0.403339E+02
0.146250E+01  0.415015E+02
0.147500E+01  0.426660E+02
0.148750E+01  0.438273E+02
0.150000E+01  0.449860E+02
0.151250E+01  0.461432E+02
0.152500E+01  0.472996E+02
0.153750E+01  0.484542E+02
0.155000E+01  0.496077E+02
0.156250E+01  0.507594E+02
0.157500E+01  0.519097E+02
0.158750E+01  0.530593E+02
0.160000E+01  0.542069E+02
0.161250E+01  0.553529E+02
0.162500E+01  0.564979E+02
0.163750E+01  0.576413E+02
0.165000E+01  0.587832E+02
0.166250E+01  0.599231E+02
0.167500E+01  0.610614E+02
0.168750E+01  0.621988E+02
0.170000E+01  0.633348E+02
0.171250E+01  0.644713E+02
0.172500E+01  0.656063E+02
0.173750E+01  0.667382E+02
0.175000E+01  0.678672E+02
0.176250E+01  0.689940E+02
0.177500E+01  0.701191E+02
0.178750E+01  0.712428E+02
0.180000E+01  0.723647E+02
0.181250E+01  0.734853E+02
0.182500E+01  0.746035E+02
0.183750E+01  0.757198E+02
0.185000E+01  0.768348E+02
0.186250E+01  0.779497E+02
0.187500E+01  0.790620E+02
0.188750E+01  0.801689E+02
0.190000E+01  0.812732E+02
0.191250E+01  0.823751E+02
0.192500E+01  0.834749E+02
0.193750E+01  0.845727E+02
0.195000E+01  0.856709E+02
0.196250E+01  0.867670E+02
0.197500E+01  0.878589E+02
0.198750E+01  0.889470E+02
0.200000E+01  0.900323E+02
0.201250E+01  0.911150E+02
0.202500E+01  0.921952E+02
0.203750E+01  0.932729E+02
0.205000E+01  0.943478E+02
0.206250E+01  0.954198E+02
0.207500E+01  0.964891E+02
0.208750E+01  0.975559E+02
0.210000E+01  0.986208E+02
0.211250E+01  0.996837E+02
0.212500E+01  0.100743E+03
0.213750E+01  0.101798E+03
0.215000E+01  0.102850E+03
0.216250E+01  0.103899E+03
0.217500E+01  0.104945E+03
0.218750E+01  0.105988E+03
0.220000E+01  0.107028E+03
0.221250E+01  0.108064E+03
0.222500E+01  0.109099E+03
0.223750E+01  0.110130E+03
0.225000E+01  0.111158E+03
