0.101250E+01  0.445533E+00
0.102500E+01  0.904424E+00
0.103750E+01  0.137774E+01
0.105000E+01  0.188131E+01
0.106250E+01  0.241216E+01
0.107500E+01  0.296243E+01
0.108750E+01  0.353294E+01
0.110000E+01  0.411967E+01
0.111250E+01  0.472159E+01
0.112500E+01  0.533499E+01
0.113750E+01  0.595828E+01
0.115000E+01  0.658848E+01
0.116250E+01  0.722405E+01
0.117500E+01  0.786456E+01
0.118750E+01  0.851256E+01
0.120000E+01  0.916667E+01
0.121250E+01  0.982456E+01
0.122500E+01  0.104826E+02
0.123750E+01  0.111416E+02
0.125000E+01  0.118008E+02
0.126250E+01  0.124567E+02
0.127500E+01  0.131069E+02
0.128750E+01  0.137563E+02
0.130000E+01  0.144047E+02
0.131250E+01  0.150530E+02
0.132500E+01  0.156989E+02
0.133750E+01  0.163432E+02
0.135000E+01  0.169877E+02
0.136250E+01  0.176338E+02
0.137500E+01  0.182781E+02
0.138750E+01  0.189213E+02
0.140000E+01  0.195634E+02
0.141250E+01  0.202034E+02
0.142500E+01  0.208408E+02
0.143750E+01  0.214762E+02
0.145000E+01  0.221100E+02
0.146250E+01  0.227422E+02
0.147500E+01  0.233733E+02
0.148750E+01  0.240056E+02
0.150000E+01  0.246378E+02
0.151250E+01  0.252668E+02
0.152500E+01  0.258926E+02
0.153750E+01  0.265170E+02
0.155000E+01  0.271399E+02
0.156250E+01  0.277620E+02
0.157500E+01  0.283829E+02
0.158750E+01  0.290020E+02
0.160000E+01  0.296184E+02
0.161250E+01  0.302337E+02
0.162500E+01  0.308490E+02
0.163750E+01  0.314631E+02
0.165000E+01  0.320734E+02
0.166250E+01  0.326812E+02
0.167500E+01  0.332894E+02
0.168750E+01  0.338978E+02
0.170000E+01  0.345035E+02
0.171250E+01  0.351059E+02
0.172500E+01  0.357045E+02
0.173750E+01  0.363003E+02
0.175000E+01  0.368944E+02
0.176250E+01  0.374867E+02
0.177500E+01  0.380771E+02
0.178750E+01  0.386656E+02
0.180000E+01  0.392519E+02
0.181250E+01  0.398360E+02
0.182500E+01  0.404180E+02
0.183750E+01  0.409977E+02
0.185000E+01  0.415743E+02
0.186250E+01  0.421487E+02
0.187500E+01  0.427205E+02
0.188750E+01  0.432899E+02
0.190000E+01  0.438569E+02
0.191250E+01  0.444212E+02
0.192500E+01  0.449829E+02
0.193750E+01  0.455422E+02
0.195000E+01  0.460991E+02
0.196250E+01  0.466534E+02
0.197500E+01  0.472051E+02
0.198750E+01  0.477540E+02
0.200000E+01  0.482996E+02
0.201250E+01  0.488426E+02
0.202500E+01  0.493827E+02
0.203750E+01  0.499196E+02
0.205000E+01  0.504533E+02
0.206250E+01  0.509835E+02
0.207500E+01  0.515107E+02
0.208750E+01  0.520351E+02
0.210000E+01  0.525565E+02
0.211250E+01  0.530745E+02
0.212500E+01  0.535890E+02
0.213750E+01  0.541000E+02
0.215000E+01  0.546078E+02
0.216250E+01  0.551123E+02
0.217500E+01  0.556133E+02
0.218750E+01  0.561112E+02
0.220000E+01  0.566058E+02
0.221250E+01  0.570970E+02
0.222500E+01  0.575841E+02
0.223750E+01  0.580679E+02
0.225000E+01  0.585484E+02
