0.101250E+01  0.664437E+00
0.102500E+01  0.134999E+01
0.103750E+01  0.206061E+01
0.105000E+01  0.282090E+01
0.106250E+01  0.362912E+01
0.107500E+01  0.447257E+01
0.108750E+01  0.533988E+01
0.110000E+01  0.622676E+01
0.111250E+01  0.713866E+01
0.112500E+01  0.806571E+01
0.113750E+01  0.900393E+01
0.115000E+01  0.995527E+01
0.116250E+01  0.109114E+02
0.117500E+01  0.118731E+02
0.118750E+01  0.128339E+02
0.120000E+01  0.138050E+02
0.121250E+01  0.147814E+02
0.122500E+01  0.157563E+02
0.123750E+01  0.167309E+02
0.125000E+01  0.177071E+02
0.126250E+01  0.186819E+02
0.127500E+01  0.196561E+02
0.128750E+01  0.206294E+02
0.130000E+01  0.216003E+02
0.131250E+01  0.225677E+02
0.132500E+01  0.235334E+02
0.133750E+01  0.244989E+02
0.135000E+01  0.254629E+02
0.136250E+01  0.264247E+02
0.137500E+01  0.273843E+02
0.138750E+01  0.283425E+02
0.140000E+01  0.293019E+02
0.141250E+01  0.302623E+02
0.142500E+01  0.312230E+02
0.143750E+01  0.321792E+02
0.145000E+01  0.331326E+02
0.146250E+01  0.340843E+02
0.147500E+01  0.350344E+02
0.148750E+01  0.359830E+02
0.150000E+01  0.369303E+02
0.151250E+01  0.378759E+02
0.152500E+01  0.388194E+02
0.153750E+01  0.397611E+02
0.155000E+01  0.407012E+02
0.156250E+01  0.416400E+02
0.157500E+01  0.425774E+02
0.158750E+01  0.435138E+02
0.160000E+01  0.444481E+02
0.161250E+01  0.453818E+02
0.162500E+01  0.463151E+02
0.163750E+01  0.472467E+02
0.165000E+01  0.481754E+02
0.166250E+01  0.491013E+02
0.167500E+01  0.500251E+02
0.168750E+01  0.509477E+02
0.170000E+01  0.518681E+02
0.171250E+01  0.527861E+02
0.172500E+01  0.537021E+02
0.173750E+01  0.546164E+02
0.175000E+01  0.555285E+02
0.176250E+01  0.564391E+02
0.177500E+01  0.573493E+02
0.178750E+01  0.582570E+02
0.180000E+01  0.591599E+02
0.181250E+01  0.600603E+02
0.182500E+01  0.609597E+02
0.183750E+01  0.618601E+02
0.185000E+01  0.627575E+02
0.186250E+01  0.636498E+02
0.187500E+01  0.645374E+02
0.188750E+01  0.654226E+02
0.190000E+01  0.663060E+02
0.191250E+01  0.671868E+02
0.192500E+01  0.680659E+02
0.193750E+01  0.689425E+02
0.195000E+01  0.698152E+02
0.196250E+01  0.706844E+02
0.197500E+01  0.715507E+02
0.198750E+01  0.724143E+02
0.200000E+01  0.732752E+02
0.201250E+01  0.741331E+02
0.202500E+01  0.749881E+02
0.203750E+01  0.758400E+02
0.205000E+01  0.766891E+02
0.206250E+01  0.775351E+02
0.207500E+01  0.783777E+02
0.208750E+01  0.792172E+02
0.210000E+01  0.800532E+02
0.211250E+01  0.808859E+02
0.212500E+01  0.817153E+02
0.213750E+01  0.825414E+02
0.215000E+01  0.833641E+02
0.216250E+01  0.841835E+02
0.217500E+01  0.849995E+02
0.218750E+01  0.858124E+02
0.220000E+01  0.866218E+02
0.221250E+01  0.874272E+02
0.222500E+01  0.882289E+02
0.223750E+01  0.890271E+02
0.225000E+01  0.898219E+02
