0.101250E+01  0.414548E+00
0.102500E+01  0.841567E+00
0.103750E+01  0.128197E+01
0.105000E+01  0.175038E+01
0.106250E+01  0.224551E+01
0.107500E+01  0.275991E+01
0.108750E+01  0.329424E+01
0.110000E+01  0.384685E+01
0.111250E+01  0.441353E+01
0.112500E+01  0.499283E+01
0.113750E+01  0.558221E+01
0.115000E+01  0.617584E+01
0.116250E+01  0.677767E+01
0.117500E+01  0.738690E+01
0.118750E+01  0.799943E+01
0.120000E+01  0.861022E+01
0.121250E+01  0.922258E+01
0.122500E+01  0.983575E+01
0.123750E+01  0.104469E+02
0.125000E+01  0.110579E+02
0.126250E+01  0.116692E+02
0.127500E+01  0.122805E+02
0.128750E+01  0.128917E+02
0.130000E+01  0.135034E+02
0.131250E+01  0.141150E+02
0.132500E+01  0.147263E+02
0.133750E+01  0.153371E+02
0.135000E+01  0.159477E+02
0.136250E+01  0.165586E+02
0.137500E+01  0.171699E+02
0.138750E+01  0.177810E+02
0.140000E+01  0.183917E+02
0.141250E+01  0.190021E+02
0.142500E+01  0.196126E+02
0.143750E+01  0.202234E+02
0.145000E+01  0.208338E+02
0.146250E+01  0.214438E+02
0.147500E+01  0.220542E+02
0.148750E+01  0.226649E+02
0.150000E+01  0.232755E+02
0.151250E+01  0.238863E+02
0.152500E+01  0.244974E+02
0.153750E+01  0.251093E+02
0.155000E+01  0.257216E+02
0.156250E+01  0.263338E+02
0.157500E+01  0.269458E+02
0.158750E+01  0.275579E+02
0.160000E+01  0.281702E+02
0.161250E+01  0.287823E+02
0.162500E+01  0.293945E+02
0.163750E+01  0.300072E+02
0.165000E+01  0.306201E+02
0.166250E+01  0.312331E+02
0.167500E+01  0.318460E+02
0.168750E+01  0.324590E+02
0.170000E+01  0.330723E+02
0.171250E+01  0.336859E+02
0.172500E+01  0.343006E+02
0.173750E+01  0.349154E+02
0.175000E+01  0.355304E+02
0.176250E+01  0.361451E+02
0.177500E+01  0.367595E+02
0.178750E+01  0.373739E+02
0.180000E+01  0.379887E+02
0.181250E+01  0.386035E+02
0.182500E+01  0.392183E+02
0.183750E+01  0.398340E+02
0.185000E+01  0.404502E+02
0.186250E+01  0.410664E+02
0.187500E+01  0.416819E+02
0.188750E+01  0.422970E+02
0.190000E+01  0.429125E+02
0.191250E+01  0.435283E+02
0.192500E+01  0.441441E+02
0.193750E+01  0.447599E+02
0.195000E+01  0.453757E+02
0.196250E+01  0.459916E+02
0.197500E+01  0.466075E+02
0.198750E+01  0.472237E+02
0.200000E+01  0.478397E+02
0.201250E+01  0.484558E+02
0.202500E+01  0.490720E+02
0.203750E+01  0.496884E+02
0.205000E+01  0.503047E+02
0.206250E+01  0.509208E+02
0.207500E+01  0.515369E+02
0.208750E+01  0.521529E+02
0.210000E+01  0.527689E+02
0.211250E+01  0.533853E+02
0.212500E+01  0.540017E+02
0.213750E+01  0.546181E+02
0.215000E+01  0.552341E+02
0.216250E+01  0.558500E+02
0.217500E+01  0.564658E+02
0.218750E+01  0.570817E+02
0.220000E+01  0.576974E+02
0.221250E+01  0.583131E+02
0.222500E+01  0.589286E+02
0.223750E+01  0.595444E+02
0.225000E+01  0.601600E+02
