0.101250E+01  0.690240E+00
0.102500E+01  0.140261E+01
0.103750E+01  0.214161E+01
0.105000E+01  0.293303E+01
0.106250E+01  0.377628E+01
0.107500E+01  0.465661E+01
0.108750E+01  0.556162E+01
0.110000E+01  0.648773E+01
0.111250E+01  0.744052E+01
0.112500E+01  0.840867E+01
0.113750E+01  0.938953E+01
0.115000E+01  0.103832E+02
0.116250E+01  0.113823E+02
0.117500E+01  0.123838E+02
0.118750E+01  0.133927E+02
0.120000E+01  0.143961E+02
0.121250E+01  0.154049E+02
0.122500E+01  0.164182E+02
0.123750E+01  0.174327E+02
0.125000E+01  0.184451E+02
0.126250E+01  0.194580E+02
0.127500E+01  0.204722E+02
0.128750E+01  0.214860E+02
0.130000E+01  0.224981E+02
0.131250E+01  0.235087E+02
0.132500E+01  0.245185E+02
0.133750E+01  0.255278E+02
0.135000E+01  0.265374E+02
0.136250E+01  0.275456E+02
0.137500E+01  0.285527E+02
0.138750E+01  0.295590E+02
0.140000E+01  0.305649E+02
0.141250E+01  0.315723E+02
0.142500E+01  0.325785E+02
0.143750E+01  0.335831E+02
0.145000E+01  0.345874E+02
0.146250E+01  0.355917E+02
0.147500E+01  0.365961E+02
0.148750E+01  0.376018E+02
0.150000E+01  0.386084E+02
0.151250E+01  0.396127E+02
0.152500E+01  0.406145E+02
0.153750E+01  0.416149E+02
0.155000E+01  0.426151E+02
0.156250E+01  0.436146E+02
0.157500E+01  0.446136E+02
0.158750E+01  0.456114E+02
0.160000E+01  0.466081E+02
0.161250E+01  0.476036E+02
0.162500E+01  0.485986E+02
0.163750E+01  0.495934E+02
0.165000E+01  0.505871E+02
0.166250E+01  0.515802E+02
0.167500E+01  0.525723E+02
0.168750E+01  0.535637E+02
0.170000E+01  0.545550E+02
0.171250E+01  0.555454E+02
0.172500E+01  0.565352E+02
0.173750E+01  0.575247E+02
0.175000E+01  0.585135E+02
0.176250E+01  0.595012E+02
0.177500E+01  0.604886E+02
0.178750E+01  0.614756E+02
0.180000E+01  0.624617E+02
0.181250E+01  0.634462E+02
0.182500E+01  0.644294E+02
0.183750E+01  0.654126E+02
0.185000E+01  0.663975E+02
0.186250E+01  0.673812E+02
0.187500E+01  0.683614E+02
0.188750E+01  0.693397E+02
0.190000E+01  0.703168E+02
0.191250E+01  0.712927E+02
0.192500E+01  0.722678E+02
0.193750E+01  0.732415E+02
0.195000E+01  0.742139E+02
0.196250E+01  0.751852E+02
0.197500E+01  0.761550E+02
0.198750E+01  0.771240E+02
0.200000E+01  0.780915E+02
0.201250E+01  0.790576E+02
0.202500E+01  0.800228E+02
0.203750E+01  0.809873E+02
0.205000E+01  0.819516E+02
0.206250E+01  0.829137E+02
0.207500E+01  0.838732E+02
0.208750E+01  0.848305E+02
0.210000E+01  0.857868E+02
0.211250E+01  0.867421E+02
0.212500E+01  0.876957E+02
0.213750E+01  0.886479E+02
0.215000E+01  0.895984E+02
0.216250E+01  0.905473E+02
0.217500E+01  0.914948E+02
0.218750E+01  0.924406E+02
0.220000E+01  0.933854E+02
0.221250E+01  0.943296E+02
0.222500E+01  0.952718E+02
0.223750E+01  0.962114E+02
0.225000E+01  0.971490E+02
