0.101250E+01  0.172877E+00
0.102500E+01  0.389109E+00
0.103750E+01  0.658985E+00
0.105000E+01  0.920054E+00
0.106250E+01  0.117297E+01
0.107500E+01  0.142274E+01
0.108750E+01  0.166874E+01
0.110000E+01  0.191532E+01
0.111250E+01  0.216255E+01
0.112500E+01  0.241027E+01
0.113750E+01  0.265888E+01
0.115000E+01  0.290802E+01
0.116250E+01  0.315775E+01
0.117500E+01  0.340800E+01
0.118750E+01  0.365855E+01
0.120000E+01  0.390936E+01
0.121250E+01  0.416038E+01
0.122500E+01  0.441153E+01
0.123750E+01  0.466276E+01
0.125000E+01  0.491411E+01
0.126250E+01  0.516552E+01
0.127500E+01  0.541692E+01
0.128750E+01  0.566833E+01
0.130000E+01  0.591975E+01
0.131250E+01  0.617123E+01
0.132500E+01  0.642275E+01
0.133750E+01  0.667430E+01
0.135000E+01  0.692591E+01
0.136250E+01  0.717757E+01
0.137500E+01  0.742923E+01
0.138750E+01  0.768091E+01
0.140000E+01  0.793264E+01
0.141250E+01  0.818440E+01
0.142500E+01  0.843618E+01
0.143750E+01  0.868799E+01
0.145000E+01  0.893983E+01
0.146250E+01  0.919170E+01
0.147500E+01  0.944359E+01
0.148750E+01  0.969552E+01
0.150000E+01  0.994748E+01
0.151250E+01  0.101995E+02
0.152500E+01  0.104515E+02
0.153750E+01  0.107036E+02
0.155000E+01  0.109557E+02
0.156250E+01  0.112079E+02
0.157500E+01  0.114601E+02
0.158750E+01  0.117124E+02
0.160000E+01  0.119647E+02
0.161250E+01  0.122170E+02
0.162500E+01  0.124694E+02
0.163750E+01  0.127218E+02
0.165000E+01  0.129742E+02
0.166250E+01  0.132266E+02
0.167500E+01  0.134791E+02
0.168750E+01  0.137316E+02
0.170000E+01  0.139841E+02
0.171250E+01  0.142367E+02
0.172500E+01  0.144893E+02
0.173750E+01  0.147419E+02
0.175000E+01  0.149945E+02
0.176250E+01  0.152472E+02
0.177500E+01  0.154998E+02
0.178750E+01  0.157525E+02
0.180000E+01  0.160051E+02
0.181250E+01  0.162578E+02
0.182500E+01  0.165105E+02
0.183750E+01  0.167632E+02
0.185000E+01  0.170158E+02
0.186250E+01  0.172685E+02
0.187500E+01  0.175211E+02
0.188750E+01  0.177738E+02
0.190000E+01  0.180264E+02
0.191250E+01  0.182790E+02
0.192500E+01  0.185315E+02
0.193750E+01  0.187840E+02
0.195000E+01  0.190365E+02
0.196250E+01  0.192890E+02
0.197500E+01  0.195414E+02
0.198750E+01  0.197937E+02
0.200000E+01  0.200460E+02
0.201250E+01  0.202982E+02
0.202500E+01  0.205504E+02
0.203750E+01  0.208026E+02
0.205000E+01  0.210546E+02
0.206250E+01  0.213066E+02
0.207500E+01  0.215585E+02
0.208750E+01  0.218104E+02
0.210000E+01  0.220622E+02
0.211250E+01  0.223139E+02
0.212500E+01  0.225656E+02
0.213750E+01  0.228172E+02
0.215000E+01  0.230687E+02
0.216250E+01  0.233200E+02
0.217500E+01  0.235713E+02
0.218750E+01  0.238225E+02
0.220000E+01  0.240735E+02
0.221250E+01  0.243245E+02
0.222500E+01  0.245753E+02
0.223750E+01  0.248260E+02
0.225000E+01  0.250766E+02
