0.101250E+01  0.524091E+00
0.102500E+01  0.106424E+01
0.103750E+01  0.162239E+01
0.105000E+01  0.221776E+01
0.106250E+01  0.284708E+01
0.107500E+01  0.350332E+01
0.108750E+01  0.418147E+01
0.110000E+01  0.487674E+01
0.111250E+01  0.559047E+01
0.112500E+01  0.631801E+01
0.113750E+01  0.705540E+01
0.115000E+01  0.779844E+01
0.116250E+01  0.854942E+01
0.117500E+01  0.930587E+01
0.118750E+01  0.100694E+02
0.120000E+01  0.108363E+02
0.121250E+01  0.116079E+02
0.122500E+01  0.123795E+02
0.123750E+01  0.131513E+02
0.125000E+01  0.139230E+02
0.126250E+01  0.146945E+02
0.127500E+01  0.154659E+02
0.128750E+01  0.162348E+02
0.130000E+01  0.169995E+02
0.131250E+01  0.177625E+02
0.132500E+01  0.185255E+02
0.133750E+01  0.192874E+02
0.135000E+01  0.200482E+02
0.136250E+01  0.208070E+02
0.137500E+01  0.215639E+02
0.138750E+01  0.223223E+02
0.140000E+01  0.230821E+02
0.141250E+01  0.238408E+02
0.142500E+01  0.245966E+02
0.143750E+01  0.253503E+02
0.145000E+01  0.261031E+02
0.146250E+01  0.268548E+02
0.147500E+01  0.276049E+02
0.148750E+01  0.283533E+02
0.150000E+01  0.290998E+02
0.151250E+01  0.298451E+02
0.152500E+01  0.305893E+02
0.153750E+01  0.313323E+02
0.155000E+01  0.320746E+02
0.156250E+01  0.328160E+02
0.157500E+01  0.335569E+02
0.158750E+01  0.342966E+02
0.160000E+01  0.350338E+02
0.161250E+01  0.357699E+02
0.162500E+01  0.365070E+02
0.163750E+01  0.372409E+02
0.165000E+01  0.379724E+02
0.166250E+01  0.387022E+02
0.167500E+01  0.394310E+02
0.168750E+01  0.401586E+02
0.170000E+01  0.408846E+02
0.171250E+01  0.416103E+02
0.172500E+01  0.423348E+02
0.173750E+01  0.430558E+02
0.175000E+01  0.437743E+02
0.176250E+01  0.444909E+02
0.177500E+01  0.452081E+02
0.178750E+01  0.459237E+02
0.180000E+01  0.466365E+02
0.181250E+01  0.473471E+02
0.182500E+01  0.480556E+02
0.183750E+01  0.487614E+02
0.185000E+01  0.494646E+02
0.186250E+01  0.501659E+02
0.187500E+01  0.508652E+02
0.188750E+01  0.515623E+02
0.190000E+01  0.522576E+02
0.191250E+01  0.529507E+02
0.192500E+01  0.536416E+02
0.193750E+01  0.543303E+02
0.195000E+01  0.550166E+02
0.196250E+01  0.557011E+02
0.197500E+01  0.563831E+02
0.198750E+01  0.570629E+02
0.200000E+01  0.577399E+02
0.201250E+01  0.584144E+02
0.202500E+01  0.590864E+02
0.203750E+01  0.597561E+02
0.205000E+01  0.604232E+02
0.206250E+01  0.610877E+02
0.207500E+01  0.617496E+02
0.208750E+01  0.624090E+02
0.210000E+01  0.630661E+02
0.211250E+01  0.637206E+02
0.212500E+01  0.643723E+02
0.213750E+01  0.650210E+02
0.215000E+01  0.656669E+02
0.216250E+01  0.663099E+02
0.217500E+01  0.669504E+02
0.218750E+01  0.675884E+02
0.220000E+01  0.682239E+02
0.221250E+01  0.688567E+02
0.222500E+01  0.694867E+02
0.223750E+01  0.701135E+02
0.225000E+01  0.707372E+02
