0.101250E+01  0.112573E+00
0.102500E+01  0.253428E+00
0.103750E+01  0.429195E+00
0.105000E+01  0.599190E+00
0.106250E+01  0.763847E+00
0.107500E+01  0.926319E+00
0.108750E+01  0.108564E+01
0.110000E+01  0.124524E+01
0.111250E+01  0.140531E+01
0.112500E+01  0.156577E+01
0.113750E+01  0.172678E+01
0.115000E+01  0.188831E+01
0.116250E+01  0.205023E+01
0.117500E+01  0.221265E+01
0.118750E+01  0.237538E+01
0.120000E+01  0.253828E+01
0.121250E+01  0.270128E+01
0.122500E+01  0.286436E+01
0.123750E+01  0.302752E+01
0.125000E+01  0.319073E+01
0.126250E+01  0.335392E+01
0.127500E+01  0.351707E+01
0.128750E+01  0.368022E+01
0.130000E+01  0.384330E+01
0.131250E+01  0.400633E+01
0.132500E+01  0.416930E+01
0.133750E+01  0.433221E+01
0.135000E+01  0.449508E+01
0.136250E+01  0.465790E+01
0.137500E+01  0.482070E+01
0.138750E+01  0.498345E+01
0.140000E+01  0.514614E+01
0.141250E+01  0.530872E+01
0.142500E+01  0.547121E+01
0.143750E+01  0.563363E+01
0.145000E+01  0.579599E+01
0.146250E+01  0.595825E+01
0.147500E+01  0.612045E+01
0.148750E+01  0.628259E+01
0.150000E+01  0.644464E+01
0.151250E+01  0.660665E+01
0.152500E+01  0.676858E+01
0.153750E+01  0.693044E+01
0.155000E+01  0.709221E+01
0.156250E+01  0.725390E+01
0.157500E+01  0.741551E+01
0.158750E+01  0.757705E+01
0.160000E+01  0.773850E+01
0.161250E+01  0.789986E+01
0.162500E+01  0.806116E+01
0.163750E+01  0.822237E+01
0.165000E+01  0.838350E+01
0.166250E+01  0.854455E+01
0.167500E+01  0.870552E+01
0.168750E+01  0.886640E+01
0.170000E+01  0.902717E+01
0.171250E+01  0.918784E+01
0.172500E+01  0.934839E+01
0.173750E+01  0.950885E+01
0.175000E+01  0.966918E+01
0.176250E+01  0.982939E+01
0.177500E+01  0.998946E+01
0.178750E+01  0.101494E+02
0.180000E+01  0.103092E+02
0.181250E+01  0.104689E+02
0.182500E+01  0.106284E+02
0.183750E+01  0.107878E+02
0.185000E+01  0.109470E+02
0.186250E+01  0.111061E+02
0.187500E+01  0.112650E+02
0.188750E+01  0.114238E+02
0.190000E+01  0.115824E+02
0.191250E+01  0.117408E+02
0.192500E+01  0.118990E+02
0.193750E+01  0.120571E+02
0.195000E+01  0.122150E+02
0.196250E+01  0.123727E+02
0.197500E+01  0.125302E+02
0.198750E+01  0.126875E+02
0.200000E+01  0.128446E+02
0.201250E+01  0.130015E+02
0.202500E+01  0.131583E+02
0.203750E+01  0.133148E+02
0.205000E+01  0.134711E+02
0.206250E+01  0.136272E+02
0.207500E+01  0.137830E+02
0.208750E+01  0.139387E+02
0.210000E+01  0.140941E+02
0.211250E+01  0.142492E+02
0.212500E+01  0.144042E+02
0.213750E+01  0.145588E+02
0.215000E+01  0.147133E+02
0.216250E+01  0.148674E+02
0.217500E+01  0.150213E+02
0.218750E+01  0.151749E+02
0.220000E+01  0.153283E+02
0.221250E+01  0.154814E+02
0.222500E+01  0.156343E+02
0.223750E+01  0.157868E+02
0.225000E+01  0.159391E+02
