0.101250E+01  0.182223E+00
0.102500E+01  0.410117E+00
0.103750E+01  0.694533E+00
0.105000E+01  0.969643E+00
0.106250E+01  0.123613E+01
0.107500E+01  0.149929E+01
0.108750E+01  0.175836E+01
0.110000E+01  0.201793E+01
0.111250E+01  0.227808E+01
0.112500E+01  0.253883E+01
0.113750E+01  0.280048E+01
0.115000E+01  0.306264E+01
0.116250E+01  0.332541E+01
0.117500E+01  0.358871E+01
0.118750E+01  0.385234E+01
0.120000E+01  0.411622E+01
0.121250E+01  0.438026E+01
0.122500E+01  0.464428E+01
0.123750E+01  0.490834E+01
0.125000E+01  0.517247E+01
0.126250E+01  0.543652E+01
0.127500E+01  0.570055E+01
0.128750E+01  0.596452E+01
0.130000E+01  0.622844E+01
0.131250E+01  0.649229E+01
0.132500E+01  0.675609E+01
0.133750E+01  0.701983E+01
0.135000E+01  0.728353E+01
0.136250E+01  0.754717E+01
0.137500E+01  0.781072E+01
0.138750E+01  0.807420E+01
0.140000E+01  0.833759E+01
0.141250E+01  0.860090E+01
0.142500E+01  0.886418E+01
0.143750E+01  0.912742E+01
0.145000E+01  0.939060E+01
0.146250E+01  0.965369E+01
0.147500E+01  0.991673E+01
0.148750E+01  0.101797E+02
0.150000E+01  0.104425E+02
0.151250E+01  0.107052E+02
0.152500E+01  0.109678E+02
0.153750E+01  0.112303E+02
0.155000E+01  0.114928E+02
0.156250E+01  0.117551E+02
0.157500E+01  0.120173E+02
0.158750E+01  0.122795E+02
0.160000E+01  0.125415E+02
0.161250E+01  0.128035E+02
0.162500E+01  0.130654E+02
0.163750E+01  0.133272E+02
0.165000E+01  0.135888E+02
0.166250E+01  0.138504E+02
0.167500E+01  0.141118E+02
0.168750E+01  0.143731E+02
0.170000E+01  0.146343E+02
0.171250E+01  0.148954E+02
0.172500E+01  0.151563E+02
0.173750E+01  0.154171E+02
0.175000E+01  0.156777E+02
0.176250E+01  0.159382E+02
0.177500E+01  0.161986E+02
0.178750E+01  0.164587E+02
0.180000E+01  0.167188E+02
0.181250E+01  0.169786E+02
0.182500E+01  0.172382E+02
0.183750E+01  0.174976E+02
0.185000E+01  0.177569E+02
0.186250E+01  0.180159E+02
0.187500E+01  0.182747E+02
0.188750E+01  0.185332E+02
0.190000E+01  0.187915E+02
0.191250E+01  0.190496E+02
0.192500E+01  0.193075E+02
0.193750E+01  0.195651E+02
0.195000E+01  0.198225E+02
0.196250E+01  0.200796E+02
0.197500E+01  0.203364E+02
0.198750E+01  0.205930E+02
0.200000E+01  0.208493E+02
0.201250E+01  0.211053E+02
0.202500E+01  0.213611E+02
0.203750E+01  0.216166E+02
0.205000E+01  0.218717E+02
0.206250E+01  0.221266E+02
0.207500E+01  0.223812E+02
0.208750E+01  0.226354E+02
0.210000E+01  0.228893E+02
0.211250E+01  0.231429E+02
0.212500E+01  0.233961E+02
0.213750E+01  0.236491E+02
0.215000E+01  0.239017E+02
0.216250E+01  0.241539E+02
0.217500E+01  0.244059E+02
0.218750E+01  0.246574E+02
0.220000E+01  0.249086E+02
0.221250E+01  0.251594E+02
0.222500E+01  0.254098E+02
0.223750E+01  0.256599E+02
0.225000E+01  0.259095E+02
