0.996400E+00  -.318521E-01
0.992800E+00  -.640526E-01
0.989200E+00  -.966078E-01
0.985600E+00  -.129524E+00
0.982000E+00  -.162809E+00
0.978400E+00  -.196468E+00
0.974800E+00  -.230508E+00
0.971200E+00  -.264938E+00
0.967600E+00  -.299763E+00
0.964000E+00  -.334992E+00
0.960400E+00  -.370632E+00
0.956800E+00  -.406690E+00
0.953200E+00  -.443176E+00
0.949600E+00  -.480096E+00
0.946000E+00  -.517459E+00
0.942400E+00  -.555274E+00
0.938800E+00  -.593549E+00
0.935200E+00  -.632293E+00
0.931600E+00  -.671516E+00
0.928000E+00  -.711226E+00
0.924400E+00  -.751433E+00
0.920800E+00  -.792148E+00
0.917200E+00  -.833379E+00
0.913600E+00  -.875137E+00
0.910000E+00  -.917433E+00
0.906400E+00  -.960277E+00
0.902800E+00  -.100368E+01
0.899200E+00  -.104765E+01
0.895600E+00  -.109221E+01
0.892000E+00  -.113736E+01
0.888400E+00  -.118312E+01
0.884800E+00  -.122949E+01
0.881200E+00  -.127650E+01
0.877600E+00  -.132414E+01
0.874000E+00  -.137245E+01
0.870400E+00  -.142143E+01
0.866800E+00  -.147109E+01
0.863200E+00  -.152145E+01
0.859600E+00  -.157253E+01
0.856000E+00  -.162433E+01
0.852400E+00  -.167688E+01
0.848800E+00  -.173019E+01
0.845200E+00  -.178427E+01
0.841600E+00  -.183915E+01
0.838000E+00  -.189484E+01
0.834400E+00  -.195136E+01
0.830800E+00  -.200872E+01
0.827200E+00  -.206695E+01
0.823600E+00  -.212606E+01
0.820000E+00  -.218608E+01
0.816400E+00  -.224701E+01
0.812800E+00  -.230889E+01
0.809200E+00  -.237174E+01
0.805600E+00  -.243557E+01
0.802000E+00  -.250041E+01
0.798400E+00  -.256628E+01
0.794800E+00  -.263321E+01
0.791200E+00  -.270121E+01
0.787600E+00  -.277032E+01
0.784000E+00  -.284055E+01
0.780400E+00  -.291195E+01
0.776800E+00  -.298452E+01
0.773200E+00  -.305830E+01
0.769600E+00  -.313333E+01
0.766000E+00  -.320962E+01
0.762400E+00  -.328720E+01
0.758800E+00  -.336612E+01
0.755200E+00  -.344639E+01
0.751600E+00  -.352806E+01
0.748000E+00  -.361116E+01
0.744400E+00  -.369571E+01
0.740800E+00  -.378177E+01
0.737200E+00  -.386935E+01
0.733600E+00  -.395851E+01
0.730000E+00  -.404928E+01
0.726400E+00  -.414170E+01
0.722800E+00  -.423581E+01
0.719200E+00  -.433166E+01
0.715600E+00  -.442928E+01
0.712000E+00  -.452873E+01
0.708400E+00  -.463004E+01
0.704800E+00  -.473328E+01
0.701200E+00  -.483848E+01
0.697600E+00  -.494570E+01
0.694000E+00  -.505499E+01
0.690400E+00  -.516641E+01
0.686800E+00  -.528001E+01
0.683200E+00  -.539585E+01
0.679600E+00  -.551399E+01
0.676000E+00  -.563448E+01
0.672400E+00  -.575740E+01
0.668800E+00  -.588281E+01
0.665200E+00  -.601078E+01
0.661600E+00  -.614138E+01
0.658000E+00  -.627467E+01
0.654400E+00  -.641074E+01
0.650800E+00  -.654966E+01
0.647200E+00  -.669151E+01
0.643600E+00  -.683637E+01
0.640000E+00  -.698433E+01
