0.996400E+00  -.207907E+00
0.992800E+00  -.418089E+00
0.989200E+00  -.630586E+00
0.985600E+00  -.845440E+00
0.982000E+00  -.106270E+01
0.978400E+00  -.128240E+01
0.974800E+00  -.150459E+01
0.971200E+00  -.172932E+01
0.967600E+00  -.195664E+01
0.964000E+00  -.218658E+01
0.960400E+00  -.241921E+01
0.956800E+00  -.265458E+01
0.953200E+00  -.289273E+01
0.949600E+00  -.313372E+01
0.946000E+00  -.337760E+01
0.942400E+00  -.362442E+01
0.938800E+00  -.387425E+01
0.935200E+00  -.412715E+01
0.931600E+00  -.438317E+01
0.928000E+00  -.464237E+01
0.924400E+00  -.490481E+01
0.920800E+00  -.517056E+01
0.917200E+00  -.543969E+01
0.913600E+00  -.571226E+01
0.910000E+00  -.598833E+01
0.906400E+00  -.626799E+01
0.902800E+00  -.655130E+01
0.899200E+00  -.683833E+01
0.895600E+00  -.712916E+01
0.892000E+00  -.742386E+01
0.888400E+00  -.772252E+01
0.884800E+00  -.802522E+01
0.881200E+00  -.833203E+01
0.877600E+00  -.864305E+01
0.874000E+00  -.895836E+01
0.870400E+00  -.927804E+01
0.866800E+00  -.960220E+01
0.863200E+00  -.993092E+01
0.859600E+00  -.102643E+02
0.856000E+00  -.106024E+02
0.852400E+00  -.109454E+02
0.848800E+00  -.112934E+02
0.845200E+00  -.116464E+02
0.841600E+00  -.120047E+02
0.838000E+00  -.123681E+02
0.834400E+00  -.127371E+02
0.830800E+00  -.131115E+02
0.827200E+00  -.134915E+02
0.823600E+00  -.138774E+02
0.820000E+00  -.142691E+02
0.816400E+00  -.146669E+02
0.812800E+00  -.150708E+02
0.809200E+00  -.154810E+02
0.805600E+00  -.158976E+02
0.802000E+00  -.163209E+02
0.798400E+00  -.167508E+02
0.794800E+00  -.171876E+02
0.791200E+00  -.176315E+02
0.787600E+00  -.180826E+02
0.784000E+00  -.185411E+02
0.780400E+00  -.190071E+02
0.776800E+00  -.194808E+02
0.773200E+00  -.199624E+02
0.769600E+00  -.204521E+02
0.766000E+00  -.209500E+02
0.762400E+00  -.214565E+02
0.758800E+00  -.219716E+02
0.755200E+00  -.224956E+02
0.751600E+00  -.230286E+02
0.748000E+00  -.235710E+02
0.744400E+00  -.241229E+02
0.740800E+00  -.246846E+02
0.737200E+00  -.252563E+02
0.733600E+00  -.258383E+02
0.730000E+00  -.264308E+02
0.726400E+00  -.270340E+02
0.722800E+00  -.276483E+02
0.719200E+00  -.282739E+02
0.715600E+00  -.289111E+02
0.712000E+00  -.295602E+02
0.708400E+00  -.302216E+02
0.704800E+00  -.308954E+02
0.701200E+00  -.315821E+02
0.697600E+00  -.322819E+02
0.694000E+00  -.329953E+02
0.690400E+00  -.337226E+02
0.686800E+00  -.344641E+02
0.683200E+00  -.352202E+02
0.679600E+00  -.359913E+02
0.676000E+00  -.367778E+02
0.672400E+00  -.375801E+02
0.668800E+00  -.383987E+02
0.665200E+00  -.392340E+02
0.661600E+00  -.400864E+02
0.658000E+00  -.409565E+02
0.654400E+00  -.418446E+02
0.650800E+00  -.427514E+02
0.647200E+00  -.436773E+02
0.643600E+00  -.446229E+02
0.640000E+00  -.455887E+02
