0.996400E+00  -.353269E-01
0.992800E+00  -.710401E-01
0.989200E+00  -.107147E+00
0.985600E+00  -.143654E+00
0.982000E+00  -.180570E+00
0.978400E+00  -.217901E+00
0.974800E+00  -.255655E+00
0.971200E+00  -.293840E+00
0.967600E+00  -.332465E+00
0.964000E+00  -.371537E+00
0.960400E+00  -.411064E+00
0.956800E+00  -.451057E+00
0.953200E+00  -.491522E+00
0.949600E+00  -.532470E+00
0.946000E+00  -.573909E+00
0.942400E+00  -.615849E+00
0.938800E+00  -.658300E+00
0.935200E+00  -.701271E+00
0.931600E+00  -.744772E+00
0.928000E+00  -.788814E+00
0.924400E+00  -.833408E+00
0.920800E+00  -.878564E+00
0.917200E+00  -.924293E+00
0.913600E+00  -.970607E+00
0.910000E+00  -.101752E+01
0.906400E+00  -.106503E+01
0.902800E+00  -.111317E+01
0.899200E+00  -.116194E+01
0.895600E+00  -.121136E+01
0.892000E+00  -.126144E+01
0.888400E+00  -.131218E+01
0.884800E+00  -.136362E+01
0.881200E+00  -.141575E+01
0.877600E+00  -.146860E+01
0.874000E+00  -.152217E+01
0.870400E+00  -.157649E+01
0.866800E+00  -.163157E+01
0.863200E+00  -.168743E+01
0.859600E+00  -.174407E+01
0.856000E+00  -.180153E+01
0.852400E+00  -.185981E+01
0.848800E+00  -.191894E+01
0.845200E+00  -.197892E+01
0.841600E+00  -.203979E+01
0.838000E+00  -.210155E+01
0.834400E+00  -.216423E+01
0.830800E+00  -.222786E+01
0.827200E+00  -.229244E+01
0.823600E+00  -.235800E+01
0.820000E+00  -.242456E+01
0.816400E+00  -.249214E+01
0.812800E+00  -.256077E+01
0.809200E+00  -.263047E+01
0.805600E+00  -.270127E+01
0.802000E+00  -.277318E+01
0.798400E+00  -.284624E+01
0.794800E+00  -.292046E+01
0.791200E+00  -.299589E+01
0.787600E+00  -.307253E+01
0.784000E+00  -.315043E+01
0.780400E+00  -.322961E+01
0.776800E+00  -.331010E+01
0.773200E+00  -.339194E+01
0.769600E+00  -.347514E+01
0.766000E+00  -.355976E+01
0.762400E+00  -.364581E+01
0.758800E+00  -.373333E+01
0.755200E+00  -.382236E+01
0.751600E+00  -.391294E+01
0.748000E+00  -.400510E+01
0.744400E+00  -.409888E+01
0.740800E+00  -.419432E+01
0.737200E+00  -.429146E+01
0.733600E+00  -.439035E+01
0.730000E+00  -.449102E+01
0.726400E+00  -.459352E+01
0.722800E+00  -.469790E+01
0.719200E+00  -.480420E+01
0.715600E+00  -.491247E+01
0.712000E+00  -.502277E+01
0.708400E+00  -.513514E+01
0.704800E+00  -.524964E+01
0.701200E+00  -.536632E+01
0.697600E+00  -.548523E+01
0.694000E+00  -.560645E+01
0.690400E+00  -.573002E+01
0.686800E+00  -.585601E+01
0.683200E+00  -.598449E+01
0.679600E+00  -.611551E+01
0.676000E+00  -.624915E+01
0.672400E+00  -.638548E+01
0.668800E+00  -.652458E+01
0.665200E+00  -.666650E+01
0.661600E+00  -.681134E+01
0.658000E+00  -.695918E+01
0.654400E+00  -.711009E+01
0.650800E+00  -.726417E+01
0.647200E+00  -.742149E+01
0.643600E+00  -.758216E+01
0.640000E+00  -.774626E+01
