0.996400E+00  -.156365E+00
0.992800E+00  -.314440E+00
0.989200E+00  -.474257E+00
0.985600E+00  -.635847E+00
0.982000E+00  -.799243E+00
0.978400E+00  -.964478E+00
0.974800E+00  -.113159E+01
0.971200E+00  -.130060E+01
0.967600E+00  -.147156E+01
0.964000E+00  -.164451E+01
0.960400E+00  -.181947E+01
0.956800E+00  -.199648E+01
0.953200E+00  -.217559E+01
0.949600E+00  -.235683E+01
0.946000E+00  -.254025E+01
0.942400E+00  -.272589E+01
0.938800E+00  -.291379E+01
0.935200E+00  -.310398E+01
0.931600E+00  -.329653E+01
0.928000E+00  -.349147E+01
0.924400E+00  -.368885E+01
0.920800E+00  -.388872E+01
0.917200E+00  -.409113E+01
0.913600E+00  -.429613E+01
0.910000E+00  -.450376E+01
0.906400E+00  -.471409E+01
0.902800E+00  -.492716E+01
0.899200E+00  -.514303E+01
0.895600E+00  -.536176E+01
0.892000E+00  -.558341E+01
0.888400E+00  -.580802E+01
0.884800E+00  -.603568E+01
0.881200E+00  -.626643E+01
0.877600E+00  -.650034E+01
0.874000E+00  -.673748E+01
0.870400E+00  -.697792E+01
0.866800E+00  -.722171E+01
0.863200E+00  -.746894E+01
0.859600E+00  -.771967E+01
0.856000E+00  -.797398E+01
0.852400E+00  -.823195E+01
0.848800E+00  -.849365E+01
0.845200E+00  -.875916E+01
0.841600E+00  -.902857E+01
0.838000E+00  -.930195E+01
0.834400E+00  -.957940E+01
0.830800E+00  -.986100E+01
0.827200E+00  -.101468E+02
0.823600E+00  -.104370E+02
0.820000E+00  -.107316E+02
0.816400E+00  -.110308E+02
0.812800E+00  -.113346E+02
0.809200E+00  -.116431E+02
0.805600E+00  -.119564E+02
0.802000E+00  -.122747E+02
0.798400E+00  -.125981E+02
0.794800E+00  -.129266E+02
0.791200E+00  -.132605E+02
0.787600E+00  -.135997E+02
0.784000E+00  -.139445E+02
0.780400E+00  -.142950E+02
0.776800E+00  -.146513E+02
0.773200E+00  -.150135E+02
0.769600E+00  -.153818E+02
0.766000E+00  -.157563E+02
0.762400E+00  -.161372E+02
0.758800E+00  -.165246E+02
0.755200E+00  -.169187E+02
0.751600E+00  -.173196E+02
0.748000E+00  -.177275E+02
0.744400E+00  -.181426E+02
0.740800E+00  -.185650E+02
0.737200E+00  -.189950E+02
0.733600E+00  -.194327E+02
0.730000E+00  -.198783E+02
0.726400E+00  -.203320E+02
0.722800E+00  -.207940E+02
0.719200E+00  -.212645E+02
0.715600E+00  -.217437E+02
0.712000E+00  -.222319E+02
0.708400E+00  -.227293E+02
0.704800E+00  -.232361E+02
0.701200E+00  -.237525E+02
0.697600E+00  -.242789E+02
0.694000E+00  -.248154E+02
0.690400E+00  -.253624E+02
0.686800E+00  -.259200E+02
0.683200E+00  -.264887E+02
0.679600E+00  -.270687E+02
0.676000E+00  -.276602E+02
0.672400E+00  -.282636E+02
0.668800E+00  -.288793E+02
0.665200E+00  -.295075E+02
0.661600E+00  -.301486E+02
0.658000E+00  -.308029E+02
0.654400E+00  -.314709E+02
0.650800E+00  -.321529E+02
0.647200E+00  -.328492E+02
0.643600E+00  -.335604E+02
0.640000E+00  -.342867E+02
