0.996400E+00  -.217463E+00
0.992800E+00  -.437304E+00
0.989200E+00  -.659568E+00
0.985600E+00  -.884298E+00
0.982000E+00  -.111154E+01
0.978400E+00  -.134134E+01
0.974800E+00  -.157374E+01
0.971200E+00  -.180880E+01
0.967600E+00  -.204657E+01
0.964000E+00  -.228708E+01
0.960400E+00  -.253040E+01
0.956800E+00  -.277659E+01
0.953200E+00  -.302568E+01
0.949600E+00  -.327774E+01
0.946000E+00  -.353283E+01
0.942400E+00  -.379100E+01
0.938800E+00  -.405232E+01
0.935200E+00  -.431684E+01
0.931600E+00  -.458462E+01
0.928000E+00  -.485573E+01
0.924400E+00  -.513024E+01
0.920800E+00  -.540821E+01
0.917200E+00  -.568970E+01
0.913600E+00  -.597480E+01
0.910000E+00  -.626357E+01
0.906400E+00  -.655607E+01
0.902800E+00  -.685240E+01
0.899200E+00  -.715262E+01
0.895600E+00  -.745682E+01
0.892000E+00  -.776507E+01
0.888400E+00  -.807746E+01
0.884800E+00  -.839406E+01
0.881200E+00  -.871498E+01
0.877600E+00  -.904029E+01
0.874000E+00  -.937009E+01
0.870400E+00  -.970447E+01
0.866800E+00  -.100435E+02
0.863200E+00  -.103874E+02
0.859600E+00  -.107361E+02
0.856000E+00  -.110897E+02
0.852400E+00  -.114485E+02
0.848800E+00  -.118125E+02
0.845200E+00  -.121817E+02
0.841600E+00  -.125564E+02
0.838000E+00  -.129366E+02
0.834400E+00  -.133225E+02
0.830800E+00  -.137141E+02
0.827200E+00  -.141116E+02
0.823600E+00  -.145152E+02
0.820000E+00  -.149249E+02
0.816400E+00  -.153410E+02
0.812800E+00  -.157634E+02
0.809200E+00  -.161925E+02
0.805600E+00  -.166283E+02
0.802000E+00  -.170710E+02
0.798400E+00  -.175207E+02
0.794800E+00  -.179776E+02
0.791200E+00  -.184419E+02
0.787600E+00  -.189137E+02
0.784000E+00  -.193932E+02
0.780400E+00  -.198807E+02
0.776800E+00  -.203761E+02
0.773200E+00  -.208799E+02
0.769600E+00  -.213921E+02
0.766000E+00  -.219129E+02
0.762400E+00  -.224426E+02
0.758800E+00  -.229814E+02
0.755200E+00  -.235295E+02
0.751600E+00  -.240870E+02
0.748000E+00  -.246544E+02
0.744400E+00  -.252316E+02
0.740800E+00  -.258191E+02
0.737200E+00  -.264171E+02
0.733600E+00  -.270258E+02
0.730000E+00  -.276455E+02
0.726400E+00  -.282765E+02
0.722800E+00  -.289190E+02
0.719200E+00  -.295734E+02
0.715600E+00  -.302399E+02
0.712000E+00  -.309188E+02
0.708400E+00  -.316106E+02
0.704800E+00  -.323154E+02
0.701200E+00  -.330336E+02
0.697600E+00  -.337657E+02
0.694000E+00  -.345118E+02
0.690400E+00  -.352725E+02
0.686800E+00  -.360481E+02
0.683200E+00  -.368389E+02
0.679600E+00  -.376455E+02
0.676000E+00  -.384681E+02
0.672400E+00  -.393074E+02
0.668800E+00  -.401636E+02
0.665200E+00  -.410372E+02
0.661600E+00  -.419289E+02
0.658000E+00  -.428389E+02
0.654400E+00  -.437679E+02
0.650800E+00  -.447163E+02
0.647200E+00  -.456848E+02
0.643600E+00  -.466738E+02
0.640000E+00  -.476840E+02
