0.996400E+00  -.466199E-01
0.992800E+00  -.937497E-01
0.989200E+00  -.141399E+00
0.985600E+00  -.189576E+00
0.982000E+00  -.238293E+00
0.978400E+00  -.287557E+00
0.974800E+00  -.337380E+00
0.971200E+00  -.387773E+00
0.967600E+00  -.438744E+00
0.964000E+00  -.490306E+00
0.960400E+00  -.542470E+00
0.956800E+00  -.595247E+00
0.953200E+00  -.648648E+00
0.949600E+00  -.702685E+00
0.946000E+00  -.757372E+00
0.942400E+00  -.812719E+00
0.938800E+00  -.868740E+00
0.935200E+00  -.925447E+00
0.931600E+00  -.982855E+00
0.928000E+00  -.104098E+01
0.924400E+00  -.109983E+01
0.920800E+00  -.115942E+01
0.917200E+00  -.121976E+01
0.913600E+00  -.128088E+01
0.910000E+00  -.134279E+01
0.906400E+00  -.140550E+01
0.902800E+00  -.146902E+01
0.899200E+00  -.153339E+01
0.895600E+00  -.159860E+01
0.892000E+00  -.166468E+01
0.888400E+00  -.173165E+01
0.884800E+00  -.179953E+01
0.881200E+00  -.186832E+01
0.877600E+00  -.193807E+01
0.874000E+00  -.200877E+01
0.870400E+00  -.208045E+01
0.866800E+00  -.215314E+01
0.863200E+00  -.222685E+01
0.859600E+00  -.230161E+01
0.856000E+00  -.237743E+01
0.852400E+00  -.245434E+01
0.848800E+00  -.253237E+01
0.845200E+00  -.261153E+01
0.841600E+00  -.269185E+01
0.838000E+00  -.277336E+01
0.834400E+00  -.285608E+01
0.830800E+00  -.294004E+01
0.827200E+00  -.302526E+01
0.823600E+00  -.311178E+01
0.820000E+00  -.319962E+01
0.816400E+00  -.328881E+01
0.812800E+00  -.337938E+01
0.809200E+00  -.347136E+01
0.805600E+00  -.356479E+01
0.802000E+00  -.365969E+01
0.798400E+00  -.375610E+01
0.794800E+00  -.385405E+01
0.791200E+00  -.395359E+01
0.787600E+00  -.405474E+01
0.784000E+00  -.415754E+01
0.780400E+00  -.426203E+01
0.776800E+00  -.436825E+01
0.773200E+00  -.447625E+01
0.769600E+00  -.458605E+01
0.766000E+00  -.469771E+01
0.762400E+00  -.481127E+01
0.758800E+00  -.492677E+01
0.755200E+00  -.504427E+01
0.751600E+00  -.516380E+01
0.748000E+00  -.528542E+01
0.744400E+00  -.540918E+01
0.740800E+00  -.553513E+01
0.737200E+00  -.566333E+01
0.733600E+00  -.579382E+01
0.730000E+00  -.592667E+01
0.726400E+00  -.606194E+01
0.722800E+00  -.619969E+01
0.719200E+00  -.633997E+01
0.715600E+00  -.648285E+01
0.712000E+00  -.662841E+01
0.708400E+00  -.677670E+01
0.704800E+00  -.692780E+01
0.701200E+00  -.708178E+01
0.697600E+00  -.723871E+01
0.694000E+00  -.739867E+01
0.690400E+00  -.756175E+01
0.686800E+00  -.772801E+01
0.683200E+00  -.789756E+01
0.679600E+00  -.807047E+01
0.676000E+00  -.824683E+01
0.672400E+00  -.842674E+01
0.668800E+00  -.861030E+01
0.665200E+00  -.879760E+01
0.661600E+00  -.898874E+01
0.658000E+00  -.918384E+01
0.654400E+00  -.938299E+01
0.650800E+00  -.958632E+01
0.647200E+00  -.979393E+01
0.643600E+00  -.100060E+02
0.640000E+00  -.102225E+02
