0.996400E+00  -.224992E+00
0.992800E+00  -.452444E+00
0.989200E+00  -.682402E+00
0.985600E+00  -.914913E+00
0.982000E+00  -.115002E+01
0.978400E+00  -.138778E+01
0.974800E+00  -.162823E+01
0.971200E+00  -.187142E+01
0.967600E+00  -.211742E+01
0.964000E+00  -.236626E+01
0.960400E+00  -.261801E+01
0.956800E+00  -.287271E+01
0.953200E+00  -.313043E+01
0.949600E+00  -.339122E+01
0.946000E+00  -.365514E+01
0.942400E+00  -.392225E+01
0.938800E+00  -.419261E+01
0.935200E+00  -.446629E+01
0.931600E+00  -.474334E+01
0.928000E+00  -.502384E+01
0.924400E+00  -.530785E+01
0.920800E+00  -.559544E+01
0.917200E+00  -.588668E+01
0.913600E+00  -.618165E+01
0.910000E+00  -.648041E+01
0.906400E+00  -.678305E+01
0.902800E+00  -.708963E+01
0.899200E+00  -.740025E+01
0.895600E+00  -.771498E+01
0.892000E+00  -.803390E+01
0.888400E+00  -.835710E+01
0.884800E+00  -.868467E+01
0.881200E+00  -.901670E+01
0.877600E+00  -.935327E+01
0.874000E+00  -.969449E+01
0.870400E+00  -.100404E+02
0.866800E+00  -.103912E+02
0.863200E+00  -.107470E+02
0.859600E+00  -.111077E+02
0.856000E+00  -.114737E+02
0.852400E+00  -.118449E+02
0.848800E+00  -.122214E+02
0.845200E+00  -.126035E+02
0.841600E+00  -.129911E+02
0.838000E+00  -.133845E+02
0.834400E+00  -.137837E+02
0.830800E+00  -.141889E+02
0.827200E+00  -.146002E+02
0.823600E+00  -.150177E+02
0.820000E+00  -.154416E+02
0.816400E+00  -.158721E+02
0.812800E+00  -.163092E+02
0.809200E+00  -.167531E+02
0.805600E+00  -.172040E+02
0.802000E+00  -.176620E+02
0.798400E+00  -.181273E+02
0.794800E+00  -.186000E+02
0.791200E+00  -.190804E+02
0.787600E+00  -.195685E+02
0.784000E+00  -.200646E+02
0.780400E+00  -.205689E+02
0.776800E+00  -.210816E+02
0.773200E+00  -.216028E+02
0.769600E+00  -.221327E+02
0.766000E+00  -.226716E+02
0.762400E+00  -.232196E+02
0.758800E+00  -.237770E+02
0.755200E+00  -.243441E+02
0.751600E+00  -.249209E+02
0.748000E+00  -.255079E+02
0.744400E+00  -.261052E+02
0.740800E+00  -.267130E+02
0.737200E+00  -.273317E+02
0.733600E+00  -.279615E+02
0.730000E+00  -.286026E+02
0.726400E+00  -.292555E+02
0.722800E+00  -.299202E+02
0.719200E+00  -.305972E+02
0.715600E+00  -.312868E+02
0.712000E+00  -.319893E+02
0.708400E+00  -.327049E+02
0.704800E+00  -.334342E+02
0.701200E+00  -.341773E+02
0.697600E+00  -.349346E+02
0.694000E+00  -.357066E+02
0.690400E+00  -.364937E+02
0.686800E+00  -.372961E+02
0.683200E+00  -.381143E+02
0.679600E+00  -.389488E+02
0.676000E+00  -.397999E+02
0.672400E+00  -.406682E+02
0.668800E+00  -.415541E+02
0.665200E+00  -.424580E+02
0.661600E+00  -.433804E+02
0.658000E+00  -.443220E+02
0.654400E+00  -.452831E+02
0.650800E+00  -.462644E+02
0.647200E+00  -.472664E+02
0.643600E+00  -.482896E+02
0.640000E+00  -.493348E+02
