0.996400E+00  -.184163E+00
0.992800E+00  -.370340E+00
0.989200E+00  -.558569E+00
0.985600E+00  -.748886E+00
0.982000E+00  -.941330E+00
0.978400E+00  -.113594E+01
0.974800E+00  -.133276E+01
0.971200E+00  -.153182E+01
0.967600E+00  -.173318E+01
0.964000E+00  -.193686E+01
0.960400E+00  -.214293E+01
0.956800E+00  -.235141E+01
0.953200E+00  -.256236E+01
0.949600E+00  -.277583E+01
0.946000E+00  -.299185E+01
0.942400E+00  -.321049E+01
0.938800E+00  -.343179E+01
0.935200E+00  -.365580E+01
0.931600E+00  -.388258E+01
0.928000E+00  -.411218E+01
0.924400E+00  -.434465E+01
0.920800E+00  -.458005E+01
0.917200E+00  -.481844E+01
0.913600E+00  -.505988E+01
0.910000E+00  -.530443E+01
0.906400E+00  -.555215E+01
0.902800E+00  -.580310E+01
0.899200E+00  -.605735E+01
0.895600E+00  -.631496E+01
0.892000E+00  -.657601E+01
0.888400E+00  -.684056E+01
0.884800E+00  -.710869E+01
0.881200E+00  -.738046E+01
0.877600E+00  -.765596E+01
0.874000E+00  -.793526E+01
0.870400E+00  -.821843E+01
0.866800E+00  -.850557E+01
0.863200E+00  -.879675E+01
0.859600E+00  -.909206E+01
0.856000E+00  -.939158E+01
0.852400E+00  -.969541E+01
0.848800E+00  -.100036E+02
0.845200E+00  -.103163E+02
0.841600E+00  -.106336E+02
0.838000E+00  -.109556E+02
0.834400E+00  -.112824E+02
0.830800E+00  -.116141E+02
0.827200E+00  -.119507E+02
0.823600E+00  -.122925E+02
0.820000E+00  -.126395E+02
0.816400E+00  -.129918E+02
0.812800E+00  -.133496E+02
0.809200E+00  -.137130E+02
0.805600E+00  -.140820E+02
0.802000E+00  -.144569E+02
0.798400E+00  -.148378E+02
0.794800E+00  -.152247E+02
0.791200E+00  -.156179E+02
0.787600E+00  -.160175E+02
0.784000E+00  -.164236E+02
0.780400E+00  -.168363E+02
0.776800E+00  -.172560E+02
0.773200E+00  -.176826E+02
0.769600E+00  -.181163E+02
0.766000E+00  -.185574E+02
0.762400E+00  -.190060E+02
0.758800E+00  -.194623E+02
0.755200E+00  -.199264E+02
0.751600E+00  -.203986E+02
0.748000E+00  -.208791E+02
0.744400E+00  -.213679E+02
0.740800E+00  -.218655E+02
0.737200E+00  -.223719E+02
0.733600E+00  -.228874E+02
0.730000E+00  -.234122E+02
0.726400E+00  -.239466E+02
0.722800E+00  -.244907E+02
0.719200E+00  -.250448E+02
0.715600E+00  -.256093E+02
0.712000E+00  -.261843E+02
0.708400E+00  -.267701E+02
0.704800E+00  -.273670E+02
0.701200E+00  -.279752E+02
0.697600E+00  -.285951E+02
0.694000E+00  -.292271E+02
0.690400E+00  -.298712E+02
0.686800E+00  -.305281E+02
0.683200E+00  -.311978E+02
0.679600E+00  -.318809E+02
0.676000E+00  -.325776E+02
0.672400E+00  -.332883E+02
0.668800E+00  -.340134E+02
0.665200E+00  -.347532E+02
0.661600E+00  -.355083E+02
0.658000E+00  -.362790E+02
0.654400E+00  -.370657E+02
0.650800E+00  -.378689E+02
0.647200E+00  -.386891E+02
0.643600E+00  -.395267E+02
0.640000E+00  -.403822E+02
