0.996400E+00  -.474886E-01
0.992800E+00  -.954966E-01
0.989200E+00  -.144033E+00
0.985600E+00  -.193109E+00
0.982000E+00  -.242733E+00
0.978400E+00  -.292915E+00
0.974800E+00  -.343667E+00
0.971200E+00  -.394998E+00
0.967600E+00  -.446920E+00
0.964000E+00  -.499443E+00
0.960400E+00  -.552578E+00
0.956800E+00  -.606338E+00
0.953200E+00  -.660735E+00
0.949600E+00  -.715779E+00
0.946000E+00  -.771484E+00
0.942400E+00  -.827863E+00
0.938800E+00  -.884927E+00
0.935200E+00  -.942692E+00
0.931600E+00  -.100117E+01
0.928000E+00  -.106037E+01
0.924400E+00  -.112032E+01
0.920800E+00  -.118102E+01
0.917200E+00  -.124249E+01
0.913600E+00  -.130475E+01
0.910000E+00  -.136781E+01
0.906400E+00  -.143169E+01
0.902800E+00  -.149640E+01
0.899200E+00  -.156196E+01
0.895600E+00  -.162839E+01
0.892000E+00  -.169570E+01
0.888400E+00  -.176392E+01
0.884800E+00  -.183306E+01
0.881200E+00  -.190314E+01
0.877600E+00  -.197418E+01
0.874000E+00  -.204620E+01
0.870400E+00  -.211922E+01
0.866800E+00  -.219326E+01
0.863200E+00  -.226834E+01
0.859600E+00  -.234449E+01
0.856000E+00  -.242173E+01
0.852400E+00  -.250007E+01
0.848800E+00  -.257955E+01
0.845200E+00  -.266019E+01
0.841600E+00  -.274201E+01
0.838000E+00  -.282504E+01
0.834400E+00  -.290930E+01
0.830800E+00  -.299482E+01
0.827200E+00  -.308163E+01
0.823600E+00  -.316976E+01
0.820000E+00  -.325924E+01
0.816400E+00  -.335009E+01
0.812800E+00  -.344235E+01
0.809200E+00  -.353605E+01
0.805600E+00  -.363121E+01
0.802000E+00  -.372788E+01
0.798400E+00  -.382609E+01
0.794800E+00  -.392587E+01
0.791200E+00  -.402726E+01
0.787600E+00  -.413029E+01
0.784000E+00  -.423501E+01
0.780400E+00  -.434145E+01
0.776800E+00  -.444965E+01
0.773200E+00  -.455965E+01
0.769600E+00  -.467151E+01
0.766000E+00  -.478525E+01
0.762400E+00  -.490092E+01
0.758800E+00  -.501858E+01
0.755200E+00  -.513826E+01
0.751600E+00  -.526002E+01
0.748000E+00  -.538391E+01
0.744400E+00  -.550997E+01
0.740800E+00  -.563827E+01
0.737200E+00  -.576885E+01
0.733600E+00  -.590178E+01
0.730000E+00  -.603711E+01
0.726400E+00  -.617490E+01
0.722800E+00  -.631521E+01
0.719200E+00  -.645810E+01
0.715600E+00  -.660365E+01
0.712000E+00  -.675192E+01
0.708400E+00  -.690297E+01
0.704800E+00  -.705689E+01
0.701200E+00  -.721373E+01
0.697600E+00  -.737359E+01
0.694000E+00  -.753654E+01
0.690400E+00  -.770265E+01
0.686800E+00  -.787202E+01
0.683200E+00  -.804472E+01
0.679600E+00  -.822085E+01
0.676000E+00  -.840050E+01
0.672400E+00  -.858377E+01
0.668800E+00  -.877074E+01
0.665200E+00  -.896153E+01
0.661600E+00  -.915623E+01
0.658000E+00  -.935496E+01
0.654400E+00  -.955783E+01
0.650800E+00  -.976494E+01
0.647200E+00  -.997643E+01
0.643600E+00  -.101924E+02
0.640000E+00  -.104130E+02
