0.996400E+00  -.582025E-01
0.992800E+00  -.117042E+00
0.989200E+00  -.176529E+00
0.985600E+00  -.236676E+00
0.982000E+00  -.297496E+00
0.978400E+00  -.359000E+00
0.974800E+00  -.421202E+00
0.971200E+00  -.484114E+00
0.967600E+00  -.547749E+00
0.964000E+00  -.612122E+00
0.960400E+00  -.677245E+00
0.956800E+00  -.743134E+00
0.953200E+00  -.809803E+00
0.949600E+00  -.877266E+00
0.946000E+00  -.945538E+00
0.942400E+00  -.101464E+01
0.938800E+00  -.108458E+01
0.935200E+00  -.115537E+01
0.931600E+00  -.122704E+01
0.928000E+00  -.129960E+01
0.924400E+00  -.137307E+01
0.920800E+00  -.144747E+01
0.917200E+00  -.152281E+01
0.913600E+00  -.159911E+01
0.910000E+00  -.167640E+01
0.906400E+00  -.175469E+01
0.902800E+00  -.183400E+01
0.899200E+00  -.191435E+01
0.895600E+00  -.199577E+01
0.892000E+00  -.207827E+01
0.888400E+00  -.216188E+01
0.884800E+00  -.224661E+01
0.881200E+00  -.233250E+01
0.877600E+00  -.241957E+01
0.874000E+00  -.250784E+01
0.870400E+00  -.259734E+01
0.866800E+00  -.268808E+01
0.863200E+00  -.278011E+01
0.859600E+00  -.287343E+01
0.856000E+00  -.296809E+01
0.852400E+00  -.306411E+01
0.848800E+00  -.316152E+01
0.845200E+00  -.326035E+01
0.841600E+00  -.336063E+01
0.838000E+00  -.346239E+01
0.834400E+00  -.356567E+01
0.830800E+00  -.367048E+01
0.827200E+00  -.377688E+01
0.823600E+00  -.388489E+01
0.820000E+00  -.399456E+01
0.816400E+00  -.410590E+01
0.812800E+00  -.421898E+01
0.809200E+00  -.433381E+01
0.805600E+00  -.445045E+01
0.802000E+00  -.456893E+01
0.798400E+00  -.468929E+01
0.794800E+00  -.481158E+01
0.791200E+00  -.493585E+01
0.787600E+00  -.506213E+01
0.784000E+00  -.519047E+01
0.780400E+00  -.532092E+01
0.776800E+00  -.545353E+01
0.773200E+00  -.558836E+01
0.769600E+00  -.572544E+01
0.766000E+00  -.586484E+01
0.762400E+00  -.600662E+01
0.758800E+00  -.615082E+01
0.755200E+00  -.629750E+01
0.751600E+00  -.644673E+01
0.748000E+00  -.659857E+01
0.744400E+00  -.675308E+01
0.740800E+00  -.691032E+01
0.737200E+00  -.707036E+01
0.733600E+00  -.723328E+01
0.730000E+00  -.739914E+01
0.726400E+00  -.756801E+01
0.722800E+00  -.773998E+01
0.719200E+00  -.791512E+01
0.715600E+00  -.809350E+01
0.712000E+00  -.827522E+01
0.708400E+00  -.846035E+01
0.704800E+00  -.864899E+01
0.701200E+00  -.884122E+01
0.697600E+00  -.903715E+01
0.694000E+00  -.923685E+01
0.690400E+00  -.944044E+01
0.686800E+00  -.964802E+01
0.683200E+00  -.985969E+01
0.679600E+00  -.100756E+02
0.676000E+00  -.102957E+02
0.672400E+00  -.105203E+02
0.668800E+00  -.107495E+02
0.665200E+00  -.109833E+02
0.661600E+00  -.112220E+02
0.658000E+00  -.114655E+02
0.654400E+00  -.117142E+02
0.650800E+00  -.119680E+02
0.647200E+00  -.122272E+02
0.643600E+00  -.124919E+02
0.640000E+00  -.127623E+02
