0.996400E+00  -.877381E-01
0.992800E+00  -.176436E+00
0.989200E+00  -.266111E+00
0.985600E+00  -.356781E+00
0.982000E+00  -.448464E+00
0.978400E+00  -.541179E+00
0.974800E+00  -.634946E+00
0.971200E+00  -.729783E+00
0.967600E+00  -.825711E+00
0.964000E+00  -.922751E+00
0.960400E+00  -.102092E+01
0.956800E+00  -.112025E+01
0.953200E+00  -.122075E+01
0.949600E+00  -.132245E+01
0.946000E+00  -.142536E+01
0.942400E+00  -.152953E+01
0.938800E+00  -.163496E+01
0.935200E+00  -.174168E+01
0.931600E+00  -.184972E+01
0.928000E+00  -.195910E+01
0.924400E+00  -.206986E+01
0.920800E+00  -.218201E+01
0.917200E+00  -.229558E+01
0.913600E+00  -.241060E+01
0.910000E+00  -.252711E+01
0.906400E+00  -.264513E+01
0.902800E+00  -.276468E+01
0.899200E+00  -.288581E+01
0.895600E+00  -.300854E+01
0.892000E+00  -.313291E+01
0.888400E+00  -.325895E+01
0.884800E+00  -.338669E+01
0.881200E+00  -.351616E+01
0.877600E+00  -.364741E+01
0.874000E+00  -.378048E+01
0.870400E+00  -.391539E+01
0.866800E+00  -.405218E+01
0.863200E+00  -.419090E+01
0.859600E+00  -.433159E+01
0.856000E+00  -.447429E+01
0.852400E+00  -.461904E+01
0.848800E+00  -.476588E+01
0.845200E+00  -.491486E+01
0.841600E+00  -.506603E+01
0.838000E+00  -.521943E+01
0.834400E+00  -.537511E+01
0.830800E+00  -.553312E+01
0.827200E+00  -.569351E+01
0.823600E+00  -.585633E+01
0.820000E+00  -.602164E+01
0.816400E+00  -.618950E+01
0.812800E+00  -.635995E+01
0.809200E+00  -.653306E+01
0.805600E+00  -.670889E+01
0.802000E+00  -.688749E+01
0.798400E+00  -.706893E+01
0.794800E+00  -.725328E+01
0.791200E+00  -.744060E+01
0.787600E+00  -.763097E+01
0.784000E+00  -.782444E+01
0.780400E+00  -.802109E+01
0.776800E+00  -.822100E+01
0.773200E+00  -.842424E+01
0.769600E+00  -.863089E+01
0.766000E+00  -.884103E+01
0.762400E+00  -.905475E+01
0.758800E+00  -.927213E+01
0.755200E+00  -.949325E+01
0.751600E+00  -.971821E+01
0.748000E+00  -.994710E+01
0.744400E+00  -.101800E+02
0.740800E+00  -.104170E+02
0.737200E+00  -.106583E+02
0.733600E+00  -.109039E+02
0.730000E+00  -.111539E+02
0.726400E+00  -.114085E+02
0.722800E+00  -.116677E+02
0.719200E+00  -.119317E+02
0.715600E+00  -.122007E+02
0.712000E+00  -.124746E+02
0.708400E+00  -.127537E+02
0.704800E+00  -.130380E+02
0.701200E+00  -.133278E+02
0.697600E+00  -.136232E+02
0.694000E+00  -.139242E+02
0.690400E+00  -.142311E+02
0.686800E+00  -.145440E+02
0.683200E+00  -.148631E+02
0.679600E+00  -.151885E+02
0.676000E+00  -.155204E+02
0.672400E+00  -.158590E+02
0.668800E+00  -.162045E+02
0.665200E+00  -.165570E+02
0.661600E+00  -.169167E+02
0.658000E+00  -.172839E+02
0.654400E+00  -.176587E+02
0.650800E+00  -.180413E+02
0.647200E+00  -.184321E+02
0.643600E+00  -.188311E+02
0.640000E+00  -.192387E+02
