0.996400E+00  -.159261E+00
0.992800E+00  -.320263E+00
0.989200E+00  -.483039E+00
0.985600E+00  -.647621E+00
0.982000E+00  -.814043E+00
0.978400E+00  -.982339E+00
0.974800E+00  -.115254E+01
0.971200E+00  -.132469E+01
0.967600E+00  -.149882E+01
0.964000E+00  -.167496E+01
0.960400E+00  -.185316E+01
0.956800E+00  -.203345E+01
0.953200E+00  -.221588E+01
0.949600E+00  -.240048E+01
0.946000E+00  -.258729E+01
0.942400E+00  -.277637E+01
0.938800E+00  -.296774E+01
0.935200E+00  -.316147E+01
0.931600E+00  -.335758E+01
0.928000E+00  -.355613E+01
0.924400E+00  -.375717E+01
0.920800E+00  -.396074E+01
0.917200E+00  -.416689E+01
0.913600E+00  -.437569E+01
0.910000E+00  -.458716E+01
0.906400E+00  -.480139E+01
0.902800E+00  -.501840E+01
0.899200E+00  -.523827E+01
0.895600E+00  -.546105E+01
0.892000E+00  -.568680E+01
0.888400E+00  -.591558E+01
0.884800E+00  -.614745E+01
0.881200E+00  -.638248E+01
0.877600E+00  -.662072E+01
0.874000E+00  -.686225E+01
0.870400E+00  -.710714E+01
0.866800E+00  -.735545E+01
0.863200E+00  -.760725E+01
0.859600E+00  -.786263E+01
0.856000E+00  -.812165E+01
0.852400E+00  -.838439E+01
0.848800E+00  -.865094E+01
0.845200E+00  -.892137E+01
0.841600E+00  -.919576E+01
0.838000E+00  -.947421E+01
0.834400E+00  -.975680E+01
0.830800E+00  -.100436E+02
0.827200E+00  -.103348E+02
0.823600E+00  -.106303E+02
0.820000E+00  -.109304E+02
0.816400E+00  -.112351E+02
0.812800E+00  -.115445E+02
0.809200E+00  -.118587E+02
0.805600E+00  -.121778E+02
0.802000E+00  -.125020E+02
0.798400E+00  -.128314E+02
0.794800E+00  -.131660E+02
0.791200E+00  -.135060E+02
0.787600E+00  -.138516E+02
0.784000E+00  -.142028E+02
0.780400E+00  -.145597E+02
0.776800E+00  -.149226E+02
0.773200E+00  -.152915E+02
0.769600E+00  -.156666E+02
0.766000E+00  -.160481E+02
0.762400E+00  -.164360E+02
0.758800E+00  -.168306E+02
0.755200E+00  -.172320E+02
0.751600E+00  -.176403E+02
0.748000E+00  -.180558E+02
0.744400E+00  -.184786E+02
0.740800E+00  -.189088E+02
0.737200E+00  -.193468E+02
0.733600E+00  -.197926E+02
0.730000E+00  -.202464E+02
0.726400E+00  -.207085E+02
0.722800E+00  -.211791E+02
0.719200E+00  -.216583E+02
0.715600E+00  -.221464E+02
0.712000E+00  -.226436E+02
0.708400E+00  -.231502E+02
0.704800E+00  -.236664E+02
0.701200E+00  -.241924E+02
0.697600E+00  -.247285E+02
0.694000E+00  -.252750E+02
0.690400E+00  -.258321E+02
0.686800E+00  -.264000E+02
0.683200E+00  -.269792E+02
0.679600E+00  -.275699E+02
0.676000E+00  -.281724E+02
0.672400E+00  -.287870E+02
0.668800E+00  -.294141E+02
0.665200E+00  -.300539E+02
0.661600E+00  -.307069E+02
0.658000E+00  -.313734E+02
0.654400E+00  -.320537E+02
0.650800E+00  -.327483E+02
0.647200E+00  -.334575E+02
0.643600E+00  -.341819E+02
0.640000E+00  -.349217E+02
