0.996400E+00  -.460408E-01
0.992800E+00  -.925851E-01
0.989200E+00  -.139642E+00
0.985600E+00  -.187221E+00
0.982000E+00  -.235333E+00
0.978400E+00  -.283985E+00
0.974800E+00  -.333189E+00
0.971200E+00  -.382956E+00
0.967600E+00  -.433294E+00
0.964000E+00  -.484216E+00
0.960400E+00  -.535731E+00
0.956800E+00  -.587852E+00
0.953200E+00  -.640590E+00
0.949600E+00  -.693956E+00
0.946000E+00  -.747963E+00
0.942400E+00  -.802623E+00
0.938800E+00  -.857948E+00
0.935200E+00  -.913951E+00
0.931600E+00  -.970645E+00
0.928000E+00  -.102804E+01
0.924400E+00  -.108616E+01
0.920800E+00  -.114501E+01
0.917200E+00  -.120461E+01
0.913600E+00  -.126497E+01
0.910000E+00  -.132611E+01
0.906400E+00  -.138804E+01
0.902800E+00  -.145077E+01
0.899200E+00  -.151434E+01
0.895600E+00  -.157874E+01
0.892000E+00  -.164400E+01
0.888400E+00  -.171014E+01
0.884800E+00  -.177717E+01
0.881200E+00  -.184512E+01
0.877600E+00  -.191399E+01
0.874000E+00  -.198381E+01
0.870400E+00  -.205461E+01
0.866800E+00  -.212639E+01
0.863200E+00  -.219919E+01
0.859600E+00  -.227301E+01
0.856000E+00  -.234790E+01
0.852400E+00  -.242385E+01
0.848800E+00  -.250091E+01
0.845200E+00  -.257909E+01
0.841600E+00  -.265841E+01
0.838000E+00  -.273891E+01
0.834400E+00  -.282060E+01
0.830800E+00  -.290352E+01
0.827200E+00  -.298768E+01
0.823600E+00  -.307313E+01
0.820000E+00  -.315987E+01
0.816400E+00  -.324795E+01
0.812800E+00  -.333740E+01
0.809200E+00  -.342824E+01
0.805600E+00  -.352050E+01
0.802000E+00  -.361423E+01
0.798400E+00  -.370944E+01
0.794800E+00  -.380618E+01
0.791200E+00  -.390448E+01
0.787600E+00  -.400437E+01
0.784000E+00  -.410589E+01
0.780400E+00  -.420909E+01
0.776800E+00  -.431399E+01
0.773200E+00  -.442064E+01
0.769600E+00  -.452908E+01
0.766000E+00  -.463935E+01
0.762400E+00  -.475150E+01
0.758800E+00  -.486557E+01
0.755200E+00  -.498161E+01
0.751600E+00  -.509965E+01
0.748000E+00  -.521976E+01
0.744400E+00  -.534199E+01
0.740800E+00  -.546637E+01
0.737200E+00  -.559297E+01
0.733600E+00  -.572185E+01
0.730000E+00  -.585305E+01
0.726400E+00  -.598664E+01
0.722800E+00  -.612267E+01
0.719200E+00  -.626121E+01
0.715600E+00  -.640232E+01
0.712000E+00  -.654607E+01
0.708400E+00  -.669252E+01
0.704800E+00  -.684174E+01
0.701200E+00  -.699380E+01
0.697600E+00  -.714879E+01
0.694000E+00  -.730676E+01
0.690400E+00  -.746781E+01
0.686800E+00  -.763201E+01
0.683200E+00  -.779945E+01
0.679600E+00  -.797021E+01
0.676000E+00  -.814439E+01
0.672400E+00  -.832206E+01
0.668800E+00  -.850334E+01
0.665200E+00  -.868831E+01
0.661600E+00  -.887708E+01
0.658000E+00  -.906975E+01
0.654400E+00  -.926643E+01
0.650800E+00  -.946723E+01
0.647200E+00  -.967227E+01
0.643600E+00  -.988166E+01
0.640000E+00  -.100955E+02
