0.996400E+00  -.187059E+00
0.992800E+00  -.376163E+00
0.989200E+00  -.567351E+00
0.985600E+00  -.760661E+00
0.982000E+00  -.956131E+00
0.978400E+00  -.115380E+01
0.974800E+00  -.135371E+01
0.971200E+00  -.155591E+01
0.967600E+00  -.176043E+01
0.964000E+00  -.196732E+01
0.960400E+00  -.217662E+01
0.956800E+00  -.238838E+01
0.953200E+00  -.260265E+01
0.949600E+00  -.281947E+01
0.946000E+00  -.303889E+01
0.942400E+00  -.326097E+01
0.938800E+00  -.348575E+01
0.935200E+00  -.371328E+01
0.931600E+00  -.394363E+01
0.928000E+00  -.417684E+01
0.924400E+00  -.441296E+01
0.920800E+00  -.465207E+01
0.917200E+00  -.489421E+01
0.913600E+00  -.513944E+01
0.910000E+00  -.538783E+01
0.906400E+00  -.563945E+01
0.902800E+00  -.589434E+01
0.899200E+00  -.615259E+01
0.895600E+00  -.641425E+01
0.892000E+00  -.667941E+01
0.888400E+00  -.694812E+01
0.884800E+00  -.722046E+01
0.881200E+00  -.749651E+01
0.877600E+00  -.777634E+01
0.874000E+00  -.806003E+01
0.870400E+00  -.834765E+01
0.866800E+00  -.863931E+01
0.863200E+00  -.893506E+01
0.859600E+00  -.923501E+01
0.856000E+00  -.953925E+01
0.852400E+00  -.984785E+01
0.848800E+00  -.101609E+02
0.845200E+00  -.104786E+02
0.841600E+00  -.108008E+02
0.838000E+00  -.111279E+02
0.834400E+00  -.114598E+02
0.830800E+00  -.117967E+02
0.827200E+00  -.121386E+02
0.823600E+00  -.124858E+02
0.820000E+00  -.128382E+02
0.816400E+00  -.131961E+02
0.812800E+00  -.135595E+02
0.809200E+00  -.139286E+02
0.805600E+00  -.143034E+02
0.802000E+00  -.146842E+02
0.798400E+00  -.150711E+02
0.794800E+00  -.154641E+02
0.791200E+00  -.158635E+02
0.787600E+00  -.162693E+02
0.784000E+00  -.166818E+02
0.780400E+00  -.171011E+02
0.776800E+00  -.175273E+02
0.773200E+00  -.179606E+02
0.769600E+00  -.184012E+02
0.766000E+00  -.188492E+02
0.762400E+00  -.193048E+02
0.758800E+00  -.197683E+02
0.755200E+00  -.202397E+02
0.751600E+00  -.207193E+02
0.748000E+00  -.212073E+02
0.744400E+00  -.217039E+02
0.740800E+00  -.222093E+02
0.737200E+00  -.227237E+02
0.733600E+00  -.232473E+02
0.730000E+00  -.237803E+02
0.726400E+00  -.243231E+02
0.722800E+00  -.248758E+02
0.719200E+00  -.254386E+02
0.715600E+00  -.260119E+02
0.712000E+00  -.265960E+02
0.708400E+00  -.271910E+02
0.704800E+00  -.277973E+02
0.701200E+00  -.284151E+02
0.697600E+00  -.290448E+02
0.694000E+00  -.296866E+02
0.690400E+00  -.303409E+02
0.686800E+00  -.310081E+02
0.683200E+00  -.316883E+02
0.679600E+00  -.323821E+02
0.676000E+00  -.330898E+02
0.672400E+00  -.338117E+02
0.668800E+00  -.345482E+02
0.665200E+00  -.352997E+02
0.661600E+00  -.360666E+02
0.658000E+00  -.368494E+02
0.654400E+00  -.376485E+02
0.650800E+00  -.384644E+02
0.647200E+00  -.392974E+02
0.643600E+00  -.401481E+02
0.640000E+00  -.410171E+02
