0.996400E+00  -.239759E+00
0.992800E+00  -.482141E+00
0.989200E+00  -.727193E+00
0.985600E+00  -.974965E+00
0.982000E+00  -.122551E+01
0.978400E+00  -.147887E+01
0.974800E+00  -.173510E+01
0.971200E+00  -.199426E+01
0.967600E+00  -.225640E+01
0.964000E+00  -.252158E+01
0.960400E+00  -.278985E+01
0.956800E+00  -.306127E+01
0.953200E+00  -.333590E+01
0.949600E+00  -.361381E+01
0.946000E+00  -.389505E+01
0.942400E+00  -.417970E+01
0.938800E+00  -.446780E+01
0.935200E+00  -.475944E+01
0.931600E+00  -.505468E+01
0.928000E+00  -.535359E+01
0.924400E+00  -.565624E+01
0.920800E+00  -.596271E+01
0.917200E+00  -.627307E+01
0.913600E+00  -.658740E+01
0.910000E+00  -.690577E+01
0.906400E+00  -.722827E+01
0.902800E+00  -.755498E+01
0.899200E+00  -.788598E+01
0.895600E+00  -.822137E+01
0.892000E+00  -.856122E+01
0.888400E+00  -.890564E+01
0.884800E+00  -.925471E+01
0.881200E+00  -.960853E+01
0.877600E+00  -.996719E+01
0.874000E+00  -.103308E+02
0.870400E+00  -.106995E+02
0.866800E+00  -.110733E+02
0.863200E+00  -.114524E+02
0.859600E+00  -.118368E+02
0.856000E+00  -.122268E+02
0.852400E+00  -.126223E+02
0.848800E+00  -.130236E+02
0.845200E+00  -.134307E+02
0.841600E+00  -.138438E+02
0.838000E+00  -.142630E+02
0.834400E+00  -.146884E+02
0.830800E+00  -.151202E+02
0.827200E+00  -.155585E+02
0.823600E+00  -.160034E+02
0.820000E+00  -.164552E+02
0.816400E+00  -.169139E+02
0.812800E+00  -.173797E+02
0.809200E+00  -.178527E+02
0.805600E+00  -.183332E+02
0.802000E+00  -.188213E+02
0.798400E+00  -.193171E+02
0.794800E+00  -.198209E+02
0.791200E+00  -.203327E+02
0.787600E+00  -.208529E+02
0.784000E+00  -.213816E+02
0.780400E+00  -.219190E+02
0.776800E+00  -.224653E+02
0.773200E+00  -.230207E+02
0.769600E+00  -.235854E+02
0.766000E+00  -.241597E+02
0.762400E+00  -.247437E+02
0.758800E+00  -.253377E+02
0.755200E+00  -.259419E+02
0.751600E+00  -.265567E+02
0.748000E+00  -.271822E+02
0.744400E+00  -.278186E+02
0.740800E+00  -.284664E+02
0.737200E+00  -.291257E+02
0.733600E+00  -.297968E+02
0.730000E+00  -.304800E+02
0.726400E+00  -.311757E+02
0.722800E+00  -.318841E+02
0.719200E+00  -.326056E+02
0.715600E+00  -.333404E+02
0.712000E+00  -.340890E+02
0.708400E+00  -.348516E+02
0.704800E+00  -.356287E+02
0.701200E+00  -.364206E+02
0.697600E+00  -.372276E+02
0.694000E+00  -.380503E+02
0.690400E+00  -.388890E+02
0.686800E+00  -.397441E+02
0.683200E+00  -.406160E+02
0.679600E+00  -.415053E+02
0.676000E+00  -.424123E+02
0.672400E+00  -.433375E+02
0.668800E+00  -.442815E+02
0.665200E+00  -.452448E+02
0.661600E+00  -.462278E+02
0.658000E+00  -.472312E+02
0.654400E+00  -.482554E+02
0.650800E+00  -.493011E+02
0.647200E+00  -.503688E+02
0.643600E+00  -.514592E+02
0.640000E+00  -.525730E+02
