0.996400E+00  -.524112E-01
0.992800E+00  -.105396E+00
0.989200E+00  -.158964E+00
0.985600E+00  -.213126E+00
0.982000E+00  -.267894E+00
0.978400E+00  -.323279E+00
0.974800E+00  -.379291E+00
0.971200E+00  -.435943E+00
0.967600E+00  -.493247E+00
0.964000E+00  -.551214E+00
0.960400E+00  -.609858E+00
0.956800E+00  -.669190E+00
0.953200E+00  -.729225E+00
0.949600E+00  -.789976E+00
0.946000E+00  -.851455E+00
0.942400E+00  -.913678E+00
0.938800E+00  -.976658E+00
0.935200E+00  -.104041E+01
0.931600E+00  -.110495E+01
0.928000E+00  -.117029E+01
0.924400E+00  -.123645E+01
0.920800E+00  -.130344E+01
0.917200E+00  -.137129E+01
0.913600E+00  -.144000E+01
0.910000E+00  -.150959E+01
0.906400E+00  -.158009E+01
0.902800E+00  -.165151E+01
0.899200E+00  -.172387E+01
0.895600E+00  -.179718E+01
0.892000E+00  -.187147E+01
0.888400E+00  -.194676E+01
0.884800E+00  -.202307E+01
0.881200E+00  -.210041E+01
0.877600E+00  -.217882E+01
0.874000E+00  -.225830E+01
0.870400E+00  -.233889E+01
0.866800E+00  -.242061E+01
0.863200E+00  -.250348E+01
0.859600E+00  -.258752E+01
0.856000E+00  -.267276E+01
0.852400E+00  -.275923E+01
0.848800E+00  -.284695E+01
0.845200E+00  -.293594E+01
0.841600E+00  -.302624E+01
0.838000E+00  -.311788E+01
0.834400E+00  -.321087E+01
0.830800E+00  -.330526E+01
0.827200E+00  -.340107E+01
0.823600E+00  -.349834E+01
0.820000E+00  -.359709E+01
0.816400E+00  -.369736E+01
0.812800E+00  -.379918E+01
0.809200E+00  -.390259E+01
0.805600E+00  -.400762E+01
0.802000E+00  -.411431E+01
0.798400E+00  -.422270E+01
0.794800E+00  -.433282E+01
0.791200E+00  -.444472E+01
0.787600E+00  -.455843E+01
0.784000E+00  -.467400E+01
0.780400E+00  -.479148E+01
0.776800E+00  -.491089E+01
0.773200E+00  -.503230E+01
0.769600E+00  -.515575E+01
0.766000E+00  -.528128E+01
0.762400E+00  -.540894E+01
0.758800E+00  -.553879E+01
0.755200E+00  -.567088E+01
0.751600E+00  -.580527E+01
0.748000E+00  -.594199E+01
0.744400E+00  -.608113E+01
0.740800E+00  -.622272E+01
0.737200E+00  -.636684E+01
0.733600E+00  -.651355E+01
0.730000E+00  -.666291E+01
0.726400E+00  -.681498E+01
0.722800E+00  -.696983E+01
0.719200E+00  -.712754E+01
0.715600E+00  -.728818E+01
0.712000E+00  -.745181E+01
0.708400E+00  -.761853E+01
0.704800E+00  -.778839E+01
0.701200E+00  -.796150E+01
0.697600E+00  -.813793E+01
0.694000E+00  -.831776E+01
0.690400E+00  -.850109E+01
0.686800E+00  -.868802E+01
0.683200E+00  -.887862E+01
0.679600E+00  -.907301E+01
0.676000E+00  -.927128E+01
0.672400E+00  -.947355E+01
0.668800E+00  -.967990E+01
0.665200E+00  -.989047E+01
0.661600E+00  -.101054E+02
0.658000E+00  -.103247E+02
0.654400E+00  -.105486E+02
0.650800E+00  -.107772E+02
0.647200E+00  -.110106E+02
0.643600E+00  -.112489E+02
0.640000E+00  -.114924E+02
