0.996400E+00  -.781824E-01
0.992800E+00  -.157220E+00
0.989200E+00  -.237128E+00
0.985600E+00  -.317923E+00
0.982000E+00  -.399621E+00
0.978400E+00  -.482239E+00
0.974800E+00  -.565793E+00
0.971200E+00  -.650302E+00
0.967600E+00  -.735782E+00
0.964000E+00  -.822253E+00
0.960400E+00  -.909733E+00
0.956800E+00  -.998240E+00
0.953200E+00  -.108779E+01
0.949600E+00  -.117842E+01
0.946000E+00  -.127013E+01
0.942400E+00  -.136294E+01
0.938800E+00  -.145689E+01
0.935200E+00  -.155199E+01
0.931600E+00  -.164827E+01
0.928000E+00  -.174574E+01
0.924400E+00  -.184443E+01
0.920800E+00  -.194436E+01
0.917200E+00  -.204557E+01
0.913600E+00  -.214806E+01
0.910000E+00  -.225188E+01
0.906400E+00  -.235704E+01
0.902800E+00  -.246358E+01
0.899200E+00  -.257152E+01
0.895600E+00  -.268088E+01
0.892000E+00  -.279170E+01
0.888400E+00  -.290401E+01
0.884800E+00  -.301784E+01
0.881200E+00  -.313321E+01
0.877600E+00  -.325017E+01
0.874000E+00  -.336874E+01
0.870400E+00  -.348896E+01
0.866800E+00  -.361086E+01
0.863200E+00  -.373447E+01
0.859600E+00  -.385984E+01
0.856000E+00  -.398699E+01
0.852400E+00  -.411597E+01
0.848800E+00  -.424682E+01
0.845200E+00  -.437958E+01
0.841600E+00  -.451428E+01
0.838000E+00  -.465098E+01
0.834400E+00  -.478970E+01
0.830800E+00  -.493050E+01
0.827200E+00  -.507342E+01
0.823600E+00  -.521851E+01
0.820000E+00  -.536582E+01
0.816400E+00  -.551539E+01
0.812800E+00  -.566728E+01
0.809200E+00  -.582154E+01
0.805600E+00  -.597822E+01
0.802000E+00  -.613737E+01
0.798400E+00  -.629905E+01
0.794800E+00  -.646332E+01
0.791200E+00  -.663024E+01
0.787600E+00  -.679987E+01
0.784000E+00  -.697227E+01
0.780400E+00  -.714751E+01
0.776800E+00  -.732564E+01
0.773200E+00  -.750675E+01
0.769600E+00  -.769089E+01
0.766000E+00  -.787815E+01
0.762400E+00  -.806859E+01
0.758800E+00  -.826229E+01
0.755200E+00  -.845933E+01
0.751600E+00  -.865979E+01
0.748000E+00  -.886375E+01
0.744400E+00  -.907130E+01
0.740800E+00  -.928252E+01
0.737200E+00  -.949750E+01
0.733600E+00  -.971635E+01
0.730000E+00  -.993914E+01
0.726400E+00  -.101660E+02
0.722800E+00  -.103970E+02
0.719200E+00  -.106322E+02
0.715600E+00  -.108719E+02
0.712000E+00  -.111160E+02
0.708400E+00  -.113647E+02
0.704800E+00  -.116180E+02
0.701200E+00  -.118763E+02
0.697600E+00  -.121394E+02
0.694000E+00  -.124077E+02
0.690400E+00  -.126812E+02
0.686800E+00  -.129600E+02
0.683200E+00  -.132444E+02
0.679600E+00  -.135343E+02
0.676000E+00  -.138301E+02
0.672400E+00  -.141318E+02
0.668800E+00  -.144396E+02
0.665200E+00  -.147537E+02
0.661600E+00  -.150743E+02
0.658000E+00  -.154015E+02
0.654400E+00  -.157354E+02
0.650800E+00  -.160764E+02
0.647200E+00  -.164246E+02
0.643600E+00  -.167802E+02
0.640000E+00  -.171434E+02
