0.996400E+00  -.550173E-01
0.992800E+00  -.110636E+00
0.989200E+00  -.166868E+00
0.985600E+00  -.223724E+00
0.982000E+00  -.281215E+00
0.978400E+00  -.339353E+00
0.974800E+00  -.398151E+00
0.971200E+00  -.457620E+00
0.967600E+00  -.517773E+00
0.964000E+00  -.578623E+00
0.960400E+00  -.640182E+00
0.956800E+00  -.702465E+00
0.953200E+00  -.765485E+00
0.949600E+00  -.829256E+00
0.946000E+00  -.893793E+00
0.942400E+00  -.959109E+00
0.938800E+00  -.102522E+01
0.935200E+00  -.109214E+01
0.931600E+00  -.115989E+01
0.928000E+00  -.122848E+01
0.924400E+00  -.129793E+01
0.920800E+00  -.136826E+01
0.917200E+00  -.143947E+01
0.913600E+00  -.151160E+01
0.910000E+00  -.158466E+01
0.906400E+00  -.165866E+01
0.902800E+00  -.173363E+01
0.899200E+00  -.180959E+01
0.895600E+00  -.188655E+01
0.892000E+00  -.196453E+01
0.888400E+00  -.204356E+01
0.884800E+00  -.212366E+01
0.881200E+00  -.220486E+01
0.877600E+00  -.228716E+01
0.874000E+00  -.237060E+01
0.870400E+00  -.245519E+01
0.866800E+00  -.254097E+01
0.863200E+00  -.262796E+01
0.859600E+00  -.271618E+01
0.856000E+00  -.280566E+01
0.852400E+00  -.289643E+01
0.848800E+00  -.298851E+01
0.845200E+00  -.308193E+01
0.841600E+00  -.317672E+01
0.838000E+00  -.327291E+01
0.834400E+00  -.337053E+01
0.830800E+00  -.346961E+01
0.827200E+00  -.357019E+01
0.823600E+00  -.367229E+01
0.820000E+00  -.377595E+01
0.816400E+00  -.388120E+01
0.812800E+00  -.398809E+01
0.809200E+00  -.409664E+01
0.805600E+00  -.420689E+01
0.802000E+00  -.431889E+01
0.798400E+00  -.443266E+01
0.794800E+00  -.454826E+01
0.791200E+00  -.466573E+01
0.787600E+00  -.478509E+01
0.784000E+00  -.490641E+01
0.780400E+00  -.502973E+01
0.776800E+00  -.515508E+01
0.773200E+00  -.528253E+01
0.769600E+00  -.541211E+01
0.766000E+00  -.554388E+01
0.762400E+00  -.567790E+01
0.758800E+00  -.581420E+01
0.755200E+00  -.595286E+01
0.751600E+00  -.609392E+01
0.748000E+00  -.623745E+01
0.744400E+00  -.638350E+01
0.740800E+00  -.653214E+01
0.737200E+00  -.668343E+01
0.733600E+00  -.683743E+01
0.730000E+00  -.699421E+01
0.726400E+00  -.715384E+01
0.722800E+00  -.731640E+01
0.719200E+00  -.748195E+01
0.715600E+00  -.765057E+01
0.712000E+00  -.782234E+01
0.708400E+00  -.799735E+01
0.704800E+00  -.817566E+01
0.701200E+00  -.835738E+01
0.697600E+00  -.854258E+01
0.694000E+00  -.873135E+01
0.690400E+00  -.892380E+01
0.686800E+00  -.912002E+01
0.683200E+00  -.932010E+01
0.679600E+00  -.952416E+01
0.676000E+00  -.973229E+01
0.672400E+00  -.994461E+01
0.668800E+00  -.101612E+02
0.665200E+00  -.103823E+02
0.661600E+00  -.106078E+02
0.658000E+00  -.108381E+02
0.654400E+00  -.110731E+02
0.650800E+00  -.113130E+02
0.647200E+00  -.115581E+02
0.643600E+00  -.118083E+02
0.640000E+00  -.120638E+02
