0.996400E+00  -.596503E-01
0.992800E+00  -.119953E+00
0.989200E+00  -.180920E+00
0.985600E+00  -.242564E+00
0.982000E+00  -.304896E+00
0.978400E+00  -.367930E+00
0.974800E+00  -.431679E+00
0.971200E+00  -.496156E+00
0.967600E+00  -.561375E+00
0.964000E+00  -.627349E+00
0.960400E+00  -.694092E+00
0.956800E+00  -.761620E+00
0.953200E+00  -.829947E+00
0.949600E+00  -.899088E+00
0.946000E+00  -.969059E+00
0.942400E+00  -.103988E+01
0.938800E+00  -.111156E+01
0.935200E+00  -.118411E+01
0.931600E+00  -.125757E+01
0.928000E+00  -.133193E+01
0.924400E+00  -.140723E+01
0.920800E+00  -.148348E+01
0.917200E+00  -.156069E+01
0.913600E+00  -.163889E+01
0.910000E+00  -.171810E+01
0.906400E+00  -.179834E+01
0.902800E+00  -.187962E+01
0.899200E+00  -.196197E+01
0.895600E+00  -.204541E+01
0.892000E+00  -.212997E+01
0.888400E+00  -.221565E+01
0.884800E+00  -.230250E+01
0.881200E+00  -.239053E+01
0.877600E+00  -.247976E+01
0.874000E+00  -.257022E+01
0.870400E+00  -.266195E+01
0.866800E+00  -.275495E+01
0.863200E+00  -.284926E+01
0.859600E+00  -.294491E+01
0.856000E+00  -.304193E+01
0.852400E+00  -.314034E+01
0.848800E+00  -.324017E+01
0.845200E+00  -.334146E+01
0.841600E+00  -.344423E+01
0.838000E+00  -.354852E+01
0.834400E+00  -.365436E+01
0.830800E+00  -.376179E+01
0.827200E+00  -.387083E+01
0.823600E+00  -.398153E+01
0.820000E+00  -.409392E+01
0.816400E+00  -.420804E+01
0.812800E+00  -.432393E+01
0.809200E+00  -.444162E+01
0.805600E+00  -.456116E+01
0.802000E+00  -.468258E+01
0.798400E+00  -.480594E+01
0.794800E+00  -.493128E+01
0.791200E+00  -.505863E+01
0.787600E+00  -.518805E+01
0.784000E+00  -.531958E+01
0.780400E+00  -.545328E+01
0.776800E+00  -.558919E+01
0.773200E+00  -.572737E+01
0.769600E+00  -.586787E+01
0.766000E+00  -.601074E+01
0.762400E+00  -.615603E+01
0.758800E+00  -.630382E+01
0.755200E+00  -.645416E+01
0.751600E+00  -.660710E+01
0.748000E+00  -.676271E+01
0.744400E+00  -.692106E+01
0.740800E+00  -.708222E+01
0.737200E+00  -.724624E+01
0.733600E+00  -.741321E+01
0.730000E+00  -.758320E+01
0.726400E+00  -.775627E+01
0.722800E+00  -.793252E+01
0.719200E+00  -.811201E+01
0.715600E+00  -.829483E+01
0.712000E+00  -.848107E+01
0.708400E+00  -.867081E+01
0.704800E+00  -.886414E+01
0.701200E+00  -.906115E+01
0.697600E+00  -.926195E+01
0.694000E+00  -.946662E+01
0.690400E+00  -.967528E+01
0.686800E+00  -.988802E+01
0.683200E+00  -.101050E+02
0.679600E+00  -.103262E+02
0.676000E+00  -.105518E+02
0.672400E+00  -.107820E+02
0.668800E+00  -.110169E+02
0.665200E+00  -.112566E+02
0.661600E+00  -.115011E+02
0.658000E+00  -.117507E+02
0.654400E+00  -.120056E+02
0.650800E+00  -.122657E+02
0.647200E+00  -.125314E+02
0.643600E+00  -.128027E+02
0.640000E+00  -.130798E+02
