0.996400E+00  -.241207E+00
0.992800E+00  -.485053E+00
0.989200E+00  -.731585E+00
0.985600E+00  -.980852E+00
0.982000E+00  -.123291E+01
0.978400E+00  -.148780E+01
0.974800E+00  -.174558E+01
0.971200E+00  -.200630E+01
0.967600E+00  -.227002E+01
0.964000E+00  -.253680E+01
0.960400E+00  -.280669E+01
0.956800E+00  -.307976E+01
0.953200E+00  -.335605E+01
0.949600E+00  -.363563E+01
0.946000E+00  -.391857E+01
0.942400E+00  -.420494E+01
0.938800E+00  -.449478E+01
0.935200E+00  -.478818E+01
0.931600E+00  -.508521E+01
0.928000E+00  -.538592E+01
0.924400E+00  -.569040E+01
0.920800E+00  -.599872E+01
0.917200E+00  -.631095E+01
0.913600E+00  -.662717E+01
0.910000E+00  -.694747E+01
0.906400E+00  -.727192E+01
0.902800E+00  -.760060E+01
0.899200E+00  -.793360E+01
0.895600E+00  -.827101E+01
0.892000E+00  -.861292E+01
0.888400E+00  -.895942E+01
0.884800E+00  -.931059E+01
0.881200E+00  -.966655E+01
0.877600E+00  -.100274E+02
0.874000E+00  -.103932E+02
0.870400E+00  -.107641E+02
0.866800E+00  -.111402E+02
0.863200E+00  -.115215E+02
0.859600E+00  -.119083E+02
0.856000E+00  -.123006E+02
0.852400E+00  -.126985E+02
0.848800E+00  -.131022E+02
0.845200E+00  -.135118E+02
0.841600E+00  -.139274E+02
0.838000E+00  -.143491E+02
0.834400E+00  -.147771E+02
0.830800E+00  -.152115E+02
0.827200E+00  -.156525E+02
0.823600E+00  -.161001E+02
0.820000E+00  -.165546E+02
0.816400E+00  -.170160E+02
0.812800E+00  -.174846E+02
0.809200E+00  -.179605E+02
0.805600E+00  -.184439E+02
0.802000E+00  -.189349E+02
0.798400E+00  -.194337E+02
0.794800E+00  -.199405E+02
0.791200E+00  -.204555E+02
0.787600E+00  -.209789E+02
0.784000E+00  -.215107E+02
0.780400E+00  -.220514E+02
0.776800E+00  -.226010E+02
0.773200E+00  -.231597E+02
0.769600E+00  -.237278E+02
0.766000E+00  -.243055E+02
0.762400E+00  -.248931E+02
0.758800E+00  -.254907E+02
0.755200E+00  -.260986E+02
0.751600E+00  -.267170E+02
0.748000E+00  -.273463E+02
0.744400E+00  -.279866E+02
0.740800E+00  -.286383E+02
0.737200E+00  -.293016E+02
0.733600E+00  -.299767E+02
0.730000E+00  -.306641E+02
0.726400E+00  -.313640E+02
0.722800E+00  -.320766E+02
0.719200E+00  -.328024E+02
0.715600E+00  -.335417E+02
0.712000E+00  -.342948E+02
0.708400E+00  -.350621E+02
0.704800E+00  -.358438E+02
0.701200E+00  -.366405E+02
0.697600E+00  -.374525E+02
0.694000E+00  -.382801E+02
0.690400E+00  -.391238E+02
0.686800E+00  -.399841E+02
0.683200E+00  -.408613E+02
0.679600E+00  -.417559E+02
0.676000E+00  -.426684E+02
0.672400E+00  -.435992E+02
0.668800E+00  -.445489E+02
0.665200E+00  -.455180E+02
0.661600E+00  -.465070E+02
0.658000E+00  -.475164E+02
0.654400E+00  -.485468E+02
0.650800E+00  -.495988E+02
0.647200E+00  -.506730E+02
0.643600E+00  -.517700E+02
0.640000E+00  -.528905E+02
