0.996400E+00  -.227598E+00
0.992800E+00  -.457685E+00
0.989200E+00  -.690307E+00
0.985600E+00  -.925510E+00
0.982000E+00  -.116334E+01
0.978400E+00  -.140385E+01
0.974800E+00  -.164709E+01
0.971200E+00  -.189310E+01
0.967600E+00  -.214194E+01
0.964000E+00  -.239367E+01
0.960400E+00  -.264833E+01
0.956800E+00  -.290599E+01
0.953200E+00  -.316669E+01
0.949600E+00  -.343050E+01
0.946000E+00  -.369748E+01
0.942400E+00  -.396768E+01
0.938800E+00  -.424118E+01
0.935200E+00  -.451802E+01
0.931600E+00  -.479828E+01
0.928000E+00  -.508203E+01
0.924400E+00  -.536933E+01
0.920800E+00  -.566025E+01
0.917200E+00  -.595487E+01
0.913600E+00  -.625325E+01
0.910000E+00  -.655548E+01
0.906400E+00  -.686162E+01
0.902800E+00  -.717175E+01
0.899200E+00  -.748597E+01
0.895600E+00  -.780434E+01
0.892000E+00  -.812696E+01
0.888400E+00  -.845390E+01
0.884800E+00  -.878527E+01
0.881200E+00  -.912114E+01
0.877600E+00  -.946161E+01
0.874000E+00  -.980678E+01
0.870400E+00  -.101567E+02
0.866800E+00  -.105116E+02
0.863200E+00  -.108715E+02
0.859600E+00  -.112364E+02
0.856000E+00  -.116066E+02
0.852400E+00  -.119821E+02
0.848800E+00  -.123630E+02
0.845200E+00  -.127494E+02
0.841600E+00  -.131416E+02
0.838000E+00  -.135395E+02
0.834400E+00  -.139433E+02
0.830800E+00  -.143532E+02
0.827200E+00  -.147693E+02
0.823600E+00  -.151917E+02
0.820000E+00  -.156205E+02
0.816400E+00  -.160559E+02
0.812800E+00  -.164981E+02
0.809200E+00  -.169471E+02
0.805600E+00  -.174032E+02
0.802000E+00  -.178666E+02
0.798400E+00  -.183372E+02
0.794800E+00  -.188154E+02
0.791200E+00  -.193014E+02
0.787600E+00  -.197952E+02
0.784000E+00  -.202971E+02
0.780400E+00  -.208072E+02
0.776800E+00  -.213258E+02
0.773200E+00  -.218530E+02
0.769600E+00  -.223890E+02
0.766000E+00  -.229342E+02
0.762400E+00  -.234886E+02
0.758800E+00  -.240524E+02
0.755200E+00  -.246260E+02
0.751600E+00  -.252096E+02
0.748000E+00  -.258034E+02
0.744400E+00  -.264075E+02
0.740800E+00  -.270224E+02
0.737200E+00  -.276483E+02
0.733600E+00  -.282854E+02
0.730000E+00  -.289339E+02
0.726400E+00  -.295943E+02
0.722800E+00  -.302668E+02
0.719200E+00  -.309516E+02
0.715600E+00  -.316492E+02
0.712000E+00  -.323598E+02
0.708400E+00  -.330838E+02
0.704800E+00  -.338214E+02
0.701200E+00  -.345731E+02
0.697600E+00  -.353393E+02
0.694000E+00  -.361202E+02
0.690400E+00  -.369164E+02
0.686800E+00  -.377281E+02
0.683200E+00  -.385558E+02
0.679600E+00  -.393999E+02
0.676000E+00  -.402609E+02
0.672400E+00  -.411393E+02
0.668800E+00  -.420354E+02
0.665200E+00  -.429498E+02
0.661600E+00  -.438829E+02
0.658000E+00  -.448354E+02
0.654400E+00  -.458076E+02
0.650800E+00  -.468003E+02
0.647200E+00  -.478139E+02
0.643600E+00  -.488490E+02
0.640000E+00  -.499062E+02
