0.996400E+00  -.451721E-01
0.992800E+00  -.908382E-01
0.989200E+00  -.137007E+00
0.985600E+00  -.183689E+00
0.982000E+00  -.230892E+00
0.978400E+00  -.278627E+00
0.974800E+00  -.326903E+00
0.971200E+00  -.375730E+00
0.967600E+00  -.425119E+00
0.964000E+00  -.475080E+00
0.960400E+00  -.525623E+00
0.956800E+00  -.576761E+00
0.953200E+00  -.628504E+00
0.949600E+00  -.680863E+00
0.946000E+00  -.733851E+00
0.942400E+00  -.787479E+00
0.938800E+00  -.841760E+00
0.935200E+00  -.896707E+00
0.931600E+00  -.952331E+00
0.928000E+00  -.100865E+01
0.924400E+00  -.106567E+01
0.920800E+00  -.112341E+01
0.917200E+00  -.118188E+01
0.913600E+00  -.124110E+01
0.910000E+00  -.130109E+01
0.906400E+00  -.136185E+01
0.902800E+00  -.142340E+01
0.899200E+00  -.148576E+01
0.895600E+00  -.154895E+01
0.892000E+00  -.161298E+01
0.888400E+00  -.167787E+01
0.884800E+00  -.174364E+01
0.881200E+00  -.181030E+01
0.877600E+00  -.187788E+01
0.874000E+00  -.194638E+01
0.870400E+00  -.201584E+01
0.866800E+00  -.208627E+01
0.863200E+00  -.215769E+01
0.859600E+00  -.223013E+01
0.856000E+00  -.230360E+01
0.852400E+00  -.237812E+01
0.848800E+00  -.245372E+01
0.845200E+00  -.253042E+01
0.841600E+00  -.260825E+01
0.838000E+00  -.268723E+01
0.834400E+00  -.276738E+01
0.830800E+00  -.284873E+01
0.827200E+00  -.293131E+01
0.823600E+00  -.301514E+01
0.820000E+00  -.310025E+01
0.816400E+00  -.318667E+01
0.812800E+00  -.327443E+01
0.809200E+00  -.336356E+01
0.805600E+00  -.345408E+01
0.802000E+00  -.354603E+01
0.798400E+00  -.363945E+01
0.794800E+00  -.373436E+01
0.791200E+00  -.383081E+01
0.787600E+00  -.392881E+01
0.784000E+00  -.402842E+01
0.780400E+00  -.412967E+01
0.776800E+00  -.423259E+01
0.773200E+00  -.433723E+01
0.769600E+00  -.444363E+01
0.766000E+00  -.455182E+01
0.762400E+00  -.466185E+01
0.758800E+00  -.477377E+01
0.755200E+00  -.488761E+01
0.751600E+00  -.500343E+01
0.748000E+00  -.512128E+01
0.744400E+00  -.524119E+01
0.740800E+00  -.536323E+01
0.737200E+00  -.548745E+01
0.733600E+00  -.561389E+01
0.730000E+00  -.574261E+01
0.726400E+00  -.587368E+01
0.722800E+00  -.600715E+01
0.719200E+00  -.614308E+01
0.715600E+00  -.628152E+01
0.712000E+00  -.642256E+01
0.708400E+00  -.656624E+01
0.704800E+00  -.671265E+01
0.701200E+00  -.686185E+01
0.697600E+00  -.701390E+01
0.694000E+00  -.716890E+01
0.690400E+00  -.732691E+01
0.686800E+00  -.748801E+01
0.683200E+00  -.765229E+01
0.679600E+00  -.781983E+01
0.676000E+00  -.799072E+01
0.672400E+00  -.816504E+01
0.668800E+00  -.834290E+01
0.665200E+00  -.852438E+01
0.661600E+00  -.870959E+01
0.658000E+00  -.889862E+01
0.654400E+00  -.909159E+01
0.650800E+00  -.928861E+01
0.647200E+00  -.948978E+01
0.643600E+00  -.969522E+01
0.640000E+00  -.990506E+01
