0.996400E+00  -.521216E-01
0.992800E+00  -.104813E+00
0.989200E+00  -.158086E+00
0.985600E+00  -.211949E+00
0.982000E+00  -.266414E+00
0.978400E+00  -.321493E+00
0.974800E+00  -.377196E+00
0.971200E+00  -.433535E+00
0.967600E+00  -.490522E+00
0.964000E+00  -.548169E+00
0.960400E+00  -.606488E+00
0.956800E+00  -.665493E+00
0.953200E+00  -.725196E+00
0.949600E+00  -.785611E+00
0.946000E+00  -.846751E+00
0.942400E+00  -.908630E+00
0.938800E+00  -.971262E+00
0.935200E+00  -.103466E+01
0.931600E+00  -.109884E+01
0.928000E+00  -.116382E+01
0.924400E+00  -.122962E+01
0.920800E+00  -.129624E+01
0.917200E+00  -.136371E+01
0.913600E+00  -.143204E+01
0.910000E+00  -.150125E+01
0.906400E+00  -.157136E+01
0.902800E+00  -.164239E+01
0.899200E+00  -.171434E+01
0.895600E+00  -.178725E+01
0.892000E+00  -.186114E+01
0.888400E+00  -.193601E+01
0.884800E+00  -.201189E+01
0.881200E+00  -.208881E+01
0.877600E+00  -.216678E+01
0.874000E+00  -.224583E+01
0.870400E+00  -.232597E+01
0.866800E+00  -.240724E+01
0.863200E+00  -.248965E+01
0.859600E+00  -.257322E+01
0.856000E+00  -.265799E+01
0.852400E+00  -.274398E+01
0.848800E+00  -.283122E+01
0.845200E+00  -.291972E+01
0.841600E+00  -.300952E+01
0.838000E+00  -.310065E+01
0.834400E+00  -.319313E+01
0.830800E+00  -.328700E+01
0.827200E+00  -.338228E+01
0.823600E+00  -.347901E+01
0.820000E+00  -.357721E+01
0.816400E+00  -.367693E+01
0.812800E+00  -.377819E+01
0.809200E+00  -.388103E+01
0.805600E+00  -.398548E+01
0.802000E+00  -.409158E+01
0.798400E+00  -.419937E+01
0.794800E+00  -.430888E+01
0.791200E+00  -.442016E+01
0.787600E+00  -.453325E+01
0.784000E+00  -.464818E+01
0.780400E+00  -.476500E+01
0.776800E+00  -.488376E+01
0.773200E+00  -.500450E+01
0.769600E+00  -.512726E+01
0.766000E+00  -.525210E+01
0.762400E+00  -.537906E+01
0.758800E+00  -.550819E+01
0.755200E+00  -.563955E+01
0.751600E+00  -.577319E+01
0.748000E+00  -.590917E+01
0.744400E+00  -.604753E+01
0.740800E+00  -.618834E+01
0.737200E+00  -.633167E+01
0.733600E+00  -.647756E+01
0.730000E+00  -.662609E+01
0.726400E+00  -.677733E+01
0.722800E+00  -.693133E+01
0.719200E+00  -.708816E+01
0.715600E+00  -.724791E+01
0.712000E+00  -.741064E+01
0.708400E+00  -.757643E+01
0.704800E+00  -.774536E+01
0.701200E+00  -.791751E+01
0.697600E+00  -.809297E+01
0.694000E+00  -.827181E+01
0.690400E+00  -.845413E+01
0.686800E+00  -.864002E+01
0.683200E+00  -.882957E+01
0.679600E+00  -.902288E+01
0.676000E+00  -.922006E+01
0.672400E+00  -.942121E+01
0.668800E+00  -.962642E+01
0.665200E+00  -.983582E+01
0.661600E+00  -.100495E+02
0.658000E+00  -.102676E+02
0.654400E+00  -.104903E+02
0.650800E+00  -.107176E+02
0.647200E+00  -.109497E+02
0.643600E+00  -.111868E+02
0.640000E+00  -.114289E+02
