0.996400E+00  -.100189E+00
0.992800E+00  -.201475E+00
0.989200E+00  -.303875E+00
0.985600E+00  -.407413E+00
0.982000E+00  -.512107E+00
0.978400E+00  -.617980E+00
0.974800E+00  -.725054E+00
0.971200E+00  -.833350E+00
0.967600E+00  -.942892E+00
0.964000E+00  -.105370E+01
0.960400E+00  -.116581E+01
0.956800E+00  -.127923E+01
0.953200E+00  -.139399E+01
0.949600E+00  -.151012E+01
0.946000E+00  -.162764E+01
0.942400E+00  -.174659E+01
0.938800E+00  -.186698E+01
0.935200E+00  -.198885E+01
0.931600E+00  -.211222E+01
0.928000E+00  -.223713E+01
0.924400E+00  -.236360E+01
0.920800E+00  -.249166E+01
0.917200E+00  -.262136E+01
0.913600E+00  -.275270E+01
0.910000E+00  -.288574E+01
0.906400E+00  -.302051E+01
0.902800E+00  -.315703E+01
0.899200E+00  -.329535E+01
0.895600E+00  -.343550E+01
0.892000E+00  -.357752E+01
0.888400E+00  -.372144E+01
0.884800E+00  -.386730E+01
0.881200E+00  -.401516E+01
0.877600E+00  -.416503E+01
0.874000E+00  -.431698E+01
0.870400E+00  -.447103E+01
0.866800E+00  -.462724E+01
0.863200E+00  -.478565E+01
0.859600E+00  -.494631E+01
0.856000E+00  -.510926E+01
0.852400E+00  -.527455E+01
0.848800E+00  -.544223E+01
0.845200E+00  -.561235E+01
0.841600E+00  -.578497E+01
0.838000E+00  -.596014E+01
0.834400E+00  -.613791E+01
0.830800E+00  -.631835E+01
0.827200E+00  -.650150E+01
0.823600E+00  -.668743E+01
0.820000E+00  -.687620E+01
0.816400E+00  -.706788E+01
0.812800E+00  -.726252E+01
0.809200E+00  -.746019E+01
0.805600E+00  -.766097E+01
0.802000E+00  -.786492E+01
0.798400E+00  -.807212E+01
0.794800E+00  -.828263E+01
0.791200E+00  -.849653E+01
0.787600E+00  -.871391E+01
0.784000E+00  -.893483E+01
0.780400E+00  -.915940E+01
0.776800E+00  -.938767E+01
0.773200E+00  -.961976E+01
0.769600E+00  -.985574E+01
0.766000E+00  -.100957E+02
0.762400E+00  -.103397E+02
0.758800E+00  -.105880E+02
0.755200E+00  -.108405E+02
0.751600E+00  -.110974E+02
0.748000E+00  -.113587E+02
0.744400E+00  -.116247E+02
0.740800E+00  -.118954E+02
0.737200E+00  -.121709E+02
0.733600E+00  -.124513E+02
0.730000E+00  -.127368E+02
0.726400E+00  -.130275E+02
0.722800E+00  -.133235E+02
0.719200E+00  -.136250E+02
0.715600E+00  -.139321E+02
0.712000E+00  -.142449E+02
0.708400E+00  -.145636E+02
0.704800E+00  -.148883E+02
0.701200E+00  -.152192E+02
0.697600E+00  -.155565E+02
0.694000E+00  -.159003E+02
0.690400E+00  -.162507E+02
0.686800E+00  -.166080E+02
0.683200E+00  -.169724E+02
0.679600E+00  -.173440E+02
0.676000E+00  -.177230E+02
0.672400E+00  -.181097E+02
0.668800E+00  -.185041E+02
0.665200E+00  -.189066E+02
0.661600E+00  -.193174E+02
0.658000E+00  -.197367E+02
0.654400E+00  -.201647E+02
0.650800E+00  -.206017E+02
0.647200E+00  -.210478E+02
0.643600E+00  -.215035E+02
0.640000E+00  -.219689E+02
