0.996400E+00  -.218042E+00
0.992800E+00  -.438469E+00
0.989200E+00  -.661324E+00
0.985600E+00  -.886653E+00
0.982000E+00  -.111450E+01
0.978400E+00  -.134491E+01
0.974800E+00  -.157793E+01
0.971200E+00  -.181362E+01
0.967600E+00  -.205202E+01
0.964000E+00  -.229317E+01
0.960400E+00  -.253714E+01
0.956800E+00  -.278398E+01
0.953200E+00  -.303374E+01
0.949600E+00  -.328647E+01
0.946000E+00  -.354224E+01
0.942400E+00  -.380110E+01
0.938800E+00  -.406311E+01
0.935200E+00  -.432833E+01
0.931600E+00  -.459683E+01
0.928000E+00  -.486866E+01
0.924400E+00  -.514390E+01
0.920800E+00  -.542261E+01
0.917200E+00  -.570486E+01
0.913600E+00  -.599071E+01
0.910000E+00  -.628025E+01
0.906400E+00  -.657353E+01
0.902800E+00  -.687065E+01
0.899200E+00  -.717167E+01
0.895600E+00  -.747668E+01
0.892000E+00  -.778575E+01
0.888400E+00  -.809897E+01
0.884800E+00  -.841642E+01
0.881200E+00  -.873819E+01
0.877600E+00  -.906437E+01
0.874000E+00  -.939504E+01
0.870400E+00  -.973032E+01
0.866800E+00  -.100703E+02
0.863200E+00  -.104150E+02
0.859600E+00  -.107647E+02
0.856000E+00  -.111193E+02
0.852400E+00  -.114790E+02
0.848800E+00  -.118439E+02
0.845200E+00  -.122142E+02
0.841600E+00  -.125898E+02
0.838000E+00  -.129711E+02
0.834400E+00  -.133579E+02
0.830800E+00  -.137506E+02
0.827200E+00  -.141492E+02
0.823600E+00  -.145539E+02
0.820000E+00  -.149647E+02
0.816400E+00  -.153818E+02
0.812800E+00  -.158054E+02
0.809200E+00  -.162356E+02
0.805600E+00  -.166726E+02
0.802000E+00  -.171164E+02
0.798400E+00  -.175674E+02
0.794800E+00  -.180255E+02
0.791200E+00  -.184910E+02
0.787600E+00  -.189641E+02
0.784000E+00  -.194449E+02
0.780400E+00  -.199336E+02
0.776800E+00  -.204304E+02
0.773200E+00  -.209355E+02
0.769600E+00  -.214490E+02
0.766000E+00  -.219713E+02
0.762400E+00  -.225024E+02
0.758800E+00  -.230426E+02
0.755200E+00  -.235921E+02
0.751600E+00  -.241512E+02
0.748000E+00  -.247200E+02
0.744400E+00  -.252988E+02
0.740800E+00  -.258879E+02
0.737200E+00  -.264875E+02
0.733600E+00  -.270978E+02
0.730000E+00  -.277192E+02
0.726400E+00  -.283518E+02
0.722800E+00  -.289960E+02
0.719200E+00  -.296522E+02
0.715600E+00  -.303204E+02
0.712000E+00  -.310012E+02
0.708400E+00  -.316948E+02
0.704800E+00  -.324014E+02
0.701200E+00  -.331216E+02
0.697600E+00  -.338556E+02
0.694000E+00  -.346037E+02
0.690400E+00  -.353664E+02
0.686800E+00  -.361441E+02
0.683200E+00  -.369370E+02
0.679600E+00  -.377457E+02
0.676000E+00  -.385706E+02
0.672400E+00  -.394120E+02
0.668800E+00  -.402705E+02
0.665200E+00  -.411465E+02
0.661600E+00  -.420405E+02
0.658000E+00  -.429530E+02
0.654400E+00  -.438844E+02
0.650800E+00  -.448354E+02
0.647200E+00  -.458064E+02
0.643600E+00  -.467981E+02
0.640000E+00  -.478109E+02
