0.996400E+00  -.261477E+00
0.992800E+00  -.525814E+00
0.989200E+00  -.793062E+00
0.985600E+00  -.106328E+01
0.982000E+00  -.133651E+01
0.978400E+00  -.161282E+01
0.974800E+00  -.189226E+01
0.971200E+00  -.217490E+01
0.967600E+00  -.246078E+01
0.964000E+00  -.274998E+01
0.960400E+00  -.304255E+01
0.956800E+00  -.333856E+01
0.953200E+00  -.363807E+01
0.949600E+00  -.394115E+01
0.946000E+00  -.424787E+01
0.942400E+00  -.455829E+01
0.938800E+00  -.487250E+01
0.935200E+00  -.519055E+01
0.931600E+00  -.551253E+01
0.928000E+00  -.583852E+01
0.924400E+00  -.616858E+01
0.920800E+00  -.650281E+01
0.917200E+00  -.684128E+01
0.913600E+00  -.718408E+01
0.910000E+00  -.753129E+01
0.906400E+00  -.788300E+01
0.902800E+00  -.823931E+01
0.899200E+00  -.860029E+01
0.895600E+00  -.896606E+01
0.892000E+00  -.933669E+01
0.888400E+00  -.971231E+01
0.884800E+00  -.100930E+02
0.881200E+00  -.104789E+02
0.877600E+00  -.108700E+02
0.874000E+00  -.112666E+02
0.870400E+00  -.116686E+02
0.866800E+00  -.120763E+02
0.863200E+00  -.124897E+02
0.859600E+00  -.129090E+02
0.856000E+00  -.133343E+02
0.852400E+00  -.137656E+02
0.848800E+00  -.142033E+02
0.845200E+00  -.146473E+02
0.841600E+00  -.150978E+02
0.838000E+00  -.155549E+02
0.834400E+00  -.160189E+02
0.830800E+00  -.164898E+02
0.827200E+00  -.169678E+02
0.823600E+00  -.174530E+02
0.820000E+00  -.179457E+02
0.816400E+00  -.184459E+02
0.812800E+00  -.189539E+02
0.809200E+00  -.194698E+02
0.805600E+00  -.199938E+02
0.802000E+00  -.205261E+02
0.798400E+00  -.210668E+02
0.794800E+00  -.216162E+02
0.791200E+00  -.221745E+02
0.787600E+00  -.227418E+02
0.784000E+00  -.233184E+02
0.780400E+00  -.239044E+02
0.776800E+00  -.245002E+02
0.773200E+00  -.251059E+02
0.769600E+00  -.257218E+02
0.766000E+00  -.263480E+02
0.762400E+00  -.269849E+02
0.758800E+00  -.276328E+02
0.755200E+00  -.282918E+02
0.751600E+00  -.289622E+02
0.748000E+00  -.296443E+02
0.744400E+00  -.303384E+02
0.740800E+00  -.310449E+02
0.737200E+00  -.317639E+02
0.733600E+00  -.324958E+02
0.730000E+00  -.332409E+02
0.726400E+00  -.339996E+02
0.722800E+00  -.347721E+02
0.719200E+00  -.355590E+02
0.715600E+00  -.363604E+02
0.712000E+00  -.371767E+02
0.708400E+00  -.380084E+02
0.704800E+00  -.388559E+02
0.701200E+00  -.397195E+02
0.697600E+00  -.405997E+02
0.694000E+00  -.414969E+02
0.690400E+00  -.424115E+02
0.686800E+00  -.433441E+02
0.683200E+00  -.442950E+02
0.679600E+00  -.452648E+02
0.676000E+00  -.462540E+02
0.672400E+00  -.472630E+02
0.668800E+00  -.482926E+02
0.665200E+00  -.493431E+02
0.661600E+00  -.504151E+02
0.658000E+00  -.515093E+02
0.654400E+00  -.526263E+02
0.650800E+00  -.537667E+02
0.647200E+00  -.549312E+02
0.643600E+00  -.561204E+02
0.640000E+00  -.573350E+02
