0.996400E+00  -.518321E-01
0.992800E+00  -.104231E+00
0.989200E+00  -.157207E+00
0.985600E+00  -.210771E+00
0.982000E+00  -.264934E+00
0.978400E+00  -.319707E+00
0.974800E+00  -.375100E+00
0.971200E+00  -.431126E+00
0.967600E+00  -.487796E+00
0.964000E+00  -.545123E+00
0.960400E+00  -.603119E+00
0.956800E+00  -.661796E+00
0.953200E+00  -.721168E+00
0.949600E+00  -.781247E+00
0.946000E+00  -.842047E+00
0.942400E+00  -.903582E+00
0.938800E+00  -.965866E+00
0.935200E+00  -.102891E+01
0.931600E+00  -.109274E+01
0.928000E+00  -.115736E+01
0.924400E+00  -.122279E+01
0.920800E+00  -.128904E+01
0.917200E+00  -.135613E+01
0.913600E+00  -.142409E+01
0.910000E+00  -.149291E+01
0.906400E+00  -.156263E+01
0.902800E+00  -.163326E+01
0.899200E+00  -.170482E+01
0.895600E+00  -.177732E+01
0.892000E+00  -.185080E+01
0.888400E+00  -.192525E+01
0.884800E+00  -.200072E+01
0.881200E+00  -.207721E+01
0.877600E+00  -.215474E+01
0.874000E+00  -.223335E+01
0.870400E+00  -.231305E+01
0.866800E+00  -.239386E+01
0.863200E+00  -.247581E+01
0.859600E+00  -.255893E+01
0.856000E+00  -.264323E+01
0.852400E+00  -.272874E+01
0.848800E+00  -.281549E+01
0.845200E+00  -.290350E+01
0.841600E+00  -.299280E+01
0.838000E+00  -.308342E+01
0.834400E+00  -.317539E+01
0.830800E+00  -.326874E+01
0.827200E+00  -.336349E+01
0.823600E+00  -.345968E+01
0.820000E+00  -.355734E+01
0.816400E+00  -.365650E+01
0.812800E+00  -.375720E+01
0.809200E+00  -.385946E+01
0.805600E+00  -.396334E+01
0.802000E+00  -.406885E+01
0.798400E+00  -.417604E+01
0.794800E+00  -.428494E+01
0.791200E+00  -.439560E+01
0.787600E+00  -.450806E+01
0.784000E+00  -.462236E+01
0.780400E+00  -.473853E+01
0.776800E+00  -.485663E+01
0.773200E+00  -.497670E+01
0.769600E+00  -.509878E+01
0.766000E+00  -.522292E+01
0.762400E+00  -.534918E+01
0.758800E+00  -.547759E+01
0.755200E+00  -.560822E+01
0.751600E+00  -.574112E+01
0.748000E+00  -.587634E+01
0.744400E+00  -.601393E+01
0.740800E+00  -.615396E+01
0.737200E+00  -.629649E+01
0.733600E+00  -.644158E+01
0.730000E+00  -.658928E+01
0.726400E+00  -.673967E+01
0.722800E+00  -.689282E+01
0.719200E+00  -.704878E+01
0.715600E+00  -.720765E+01
0.712000E+00  -.736947E+01
0.708400E+00  -.753434E+01
0.704800E+00  -.770233E+01
0.701200E+00  -.787353E+01
0.697600E+00  -.804801E+01
0.694000E+00  -.822585E+01
0.690400E+00  -.840716E+01
0.686800E+00  -.859202E+01
0.683200E+00  -.878052E+01
0.679600E+00  -.897276E+01
0.676000E+00  -.916884E+01
0.672400E+00  -.936887E+01
0.668800E+00  -.957294E+01
0.665200E+00  -.978118E+01
0.661600E+00  -.999369E+01
0.658000E+00  -.102106E+02
0.654400E+00  -.104320E+02
0.650800E+00  -.106581E+02
0.647200E+00  -.108889E+02
0.643600E+00  -.111246E+02
0.640000E+00  -.113654E+02
