0.996400E+00  -.109745E+00
0.992800E+00  -.220690E+00
0.989200E+00  -.332858E+00
0.985600E+00  -.446270E+00
0.982000E+00  -.560950E+00
0.978400E+00  -.676921E+00
0.974800E+00  -.794206E+00
0.971200E+00  -.912831E+00
0.967600E+00  -.103282E+01
0.964000E+00  -.115420E+01
0.960400E+00  -.127700E+01
0.956800E+00  -.140123E+01
0.953200E+00  -.152694E+01
0.949600E+00  -.165415E+01
0.946000E+00  -.178288E+01
0.942400E+00  -.191317E+01
0.938800E+00  -.204505E+01
0.935200E+00  -.217854E+01
0.931600E+00  -.231368E+01
0.928000E+00  -.245050E+01
0.924400E+00  -.258903E+01
0.920800E+00  -.272931E+01
0.917200E+00  -.287137E+01
0.913600E+00  -.301525E+01
0.910000E+00  -.316097E+01
0.906400E+00  -.330859E+01
0.902800E+00  -.345814E+01
0.899200E+00  -.360965E+01
0.895600E+00  -.376316E+01
0.892000E+00  -.391872E+01
0.888400E+00  -.407637E+01
0.884800E+00  -.423615E+01
0.881200E+00  -.439811E+01
0.877600E+00  -.456228E+01
0.874000E+00  -.472871E+01
0.870400E+00  -.489746E+01
0.866800E+00  -.506857E+01
0.863200E+00  -.524209E+01
0.859600E+00  -.541807E+01
0.856000E+00  -.559656E+01
0.852400E+00  -.577761E+01
0.848800E+00  -.596128E+01
0.845200E+00  -.614763E+01
0.841600E+00  -.633672E+01
0.838000E+00  -.652859E+01
0.834400E+00  -.672332E+01
0.830800E+00  -.692096E+01
0.827200E+00  -.712158E+01
0.823600E+00  -.732525E+01
0.820000E+00  -.753202E+01
0.816400E+00  -.774198E+01
0.812800E+00  -.795519E+01
0.809200E+00  -.817172E+01
0.805600E+00  -.839164E+01
0.802000E+00  -.861505E+01
0.798400E+00  -.884200E+01
0.794800E+00  -.907259E+01
0.791200E+00  -.930689E+01
0.787600E+00  -.954500E+01
0.784000E+00  -.978700E+01
0.780400E+00  -.100330E+02
0.776800E+00  -.102830E+02
0.773200E+00  -.105372E+02
0.769600E+00  -.107957E+02
0.766000E+00  -.110586E+02
0.762400E+00  -.113259E+02
0.758800E+00  -.115978E+02
0.755200E+00  -.118744E+02
0.751600E+00  -.121558E+02
0.748000E+00  -.124421E+02
0.744400E+00  -.127334E+02
0.740800E+00  -.130299E+02
0.737200E+00  -.133317E+02
0.733600E+00  -.136389E+02
0.730000E+00  -.139516E+02
0.726400E+00  -.142700E+02
0.722800E+00  -.145943E+02
0.719200E+00  -.149245E+02
0.715600E+00  -.152609E+02
0.712000E+00  -.156035E+02
0.708400E+00  -.159526E+02
0.704800E+00  -.163083E+02
0.701200E+00  -.166708E+02
0.697600E+00  -.170402E+02
0.694000E+00  -.174168E+02
0.690400E+00  -.178006E+02
0.686800E+00  -.181920E+02
0.683200E+00  -.185911E+02
0.679600E+00  -.189982E+02
0.676000E+00  -.194134E+02
0.672400E+00  -.198369E+02
0.668800E+00  -.202690E+02
0.665200E+00  -.207099E+02
0.661600E+00  -.211598E+02
0.658000E+00  -.216191E+02
0.654400E+00  -.220879E+02
0.650800E+00  -.225665E+02
0.647200E+00  -.230553E+02
0.643600E+00  -.235544E+02
0.640000E+00  -.240642E+02
