0.996400E+00  -.390912E-01
0.992800E+00  -.786100E-01
0.989200E+00  -.118564E+00
0.985600E+00  -.158962E+00
0.982000E+00  -.199811E+00
0.978400E+00  -.241119E+00
0.974800E+00  -.282897E+00
0.971200E+00  -.325151E+00
0.967600E+00  -.367891E+00
0.964000E+00  -.411127E+00
0.960400E+00  -.454866E+00
0.956800E+00  -.499120E+00
0.953200E+00  -.543897E+00
0.949600E+00  -.589208E+00
0.946000E+00  -.635063E+00
0.942400E+00  -.681472E+00
0.938800E+00  -.728446E+00
0.935200E+00  -.775996E+00
0.931600E+00  -.824133E+00
0.928000E+00  -.872868E+00
0.924400E+00  -.922214E+00
0.920800E+00  -.972181E+00
0.917200E+00  -.102278E+01
0.913600E+00  -.107403E+01
0.910000E+00  -.112594E+01
0.906400E+00  -.117852E+01
0.902800E+00  -.123179E+01
0.899200E+00  -.128576E+01
0.895600E+00  -.134044E+01
0.892000E+00  -.139585E+01
0.888400E+00  -.145201E+01
0.884800E+00  -.150892E+01
0.881200E+00  -.156661E+01
0.877600E+00  -.162509E+01
0.874000E+00  -.168437E+01
0.870400E+00  -.174448E+01
0.866800E+00  -.180543E+01
0.863200E+00  -.186723E+01
0.859600E+00  -.192992E+01
0.856000E+00  -.199350E+01
0.852400E+00  -.205799E+01
0.848800E+00  -.212341E+01
0.845200E+00  -.218979E+01
0.841600E+00  -.225714E+01
0.838000E+00  -.232549E+01
0.834400E+00  -.239485E+01
0.830800E+00  -.246525E+01
0.827200E+00  -.253671E+01
0.823600E+00  -.260926E+01
0.820000E+00  -.268291E+01
0.816400E+00  -.275770E+01
0.812800E+00  -.283364E+01
0.809200E+00  -.291077E+01
0.805600E+00  -.298911E+01
0.802000E+00  -.306868E+01
0.798400E+00  -.314953E+01
0.794800E+00  -.323166E+01
0.791200E+00  -.331512E+01
0.787600E+00  -.339993E+01
0.784000E+00  -.348613E+01
0.780400E+00  -.357375E+01
0.776800E+00  -.366282E+01
0.773200E+00  -.375337E+01
0.769600E+00  -.384545E+01
0.766000E+00  -.393907E+01
0.762400E+00  -.403429E+01
0.758800E+00  -.413114E+01
0.755200E+00  -.422966E+01
0.751600E+00  -.432989E+01
0.748000E+00  -.443187E+01
0.744400E+00  -.453565E+01
0.740800E+00  -.464126E+01
0.737200E+00  -.474875E+01
0.733600E+00  -.485817E+01
0.730000E+00  -.496957E+01
0.726400E+00  -.508299E+01
0.722800E+00  -.519849E+01
0.719200E+00  -.531612E+01
0.715600E+00  -.543593E+01
0.712000E+00  -.555798E+01
0.708400E+00  -.568233E+01
0.704800E+00  -.580902E+01
0.701200E+00  -.593814E+01
0.697600E+00  -.606972E+01
0.694000E+00  -.620386E+01
0.690400E+00  -.634060E+01
0.686800E+00  -.648001E+01
0.683200E+00  -.662218E+01
0.679600E+00  -.676716E+01
0.676000E+00  -.691505E+01
0.672400E+00  -.706590E+01
0.668800E+00  -.721982E+01
0.665200E+00  -.737687E+01
0.661600E+00  -.753714E+01
0.658000E+00  -.770073E+01
0.654400E+00  -.786772E+01
0.650800E+00  -.803822E+01
0.647200E+00  -.821231E+01
0.643600E+00  -.839009E+01
0.640000E+00  -.857168E+01
