0.996400E+00  -.229046E+00
0.992800E+00  -.460596E+00
0.989200E+00  -.694698E+00
0.985600E+00  -.931397E+00
0.982000E+00  -.117074E+01
0.978400E+00  -.141278E+01
0.974800E+00  -.165756E+01
0.971200E+00  -.190514E+01
0.967600E+00  -.215557E+01
0.964000E+00  -.240890E+01
0.960400E+00  -.266518E+01
0.956800E+00  -.292447E+01
0.953200E+00  -.318684E+01
0.949600E+00  -.345232E+01
0.946000E+00  -.372100E+01
0.942400E+00  -.399292E+01
0.938800E+00  -.426816E+01
0.935200E+00  -.454676E+01
0.931600E+00  -.482881E+01
0.928000E+00  -.511436E+01
0.924400E+00  -.540349E+01
0.920800E+00  -.569626E+01
0.917200E+00  -.599275E+01
0.913600E+00  -.629303E+01
0.910000E+00  -.659718E+01
0.906400E+00  -.690527E+01
0.902800E+00  -.721738E+01
0.899200E+00  -.753359E+01
0.895600E+00  -.785399E+01
0.892000E+00  -.817865E+01
0.888400E+00  -.850768E+01
0.884800E+00  -.884115E+01
0.881200E+00  -.917916E+01
0.877600E+00  -.952180E+01
0.874000E+00  -.986916E+01
0.870400E+00  -.102214E+02
0.866800E+00  -.105785E+02
0.863200E+00  -.109406E+02
0.859600E+00  -.113079E+02
0.856000E+00  -.116804E+02
0.852400E+00  -.120583E+02
0.848800E+00  -.124416E+02
0.845200E+00  -.128305E+02
0.841600E+00  -.132252E+02
0.838000E+00  -.136256E+02
0.834400E+00  -.140320E+02
0.830800E+00  -.144445E+02
0.827200E+00  -.148633E+02
0.823600E+00  -.152883E+02
0.820000E+00  -.157199E+02
0.816400E+00  -.161581E+02
0.812800E+00  -.166030E+02
0.809200E+00  -.170550E+02
0.805600E+00  -.175140E+02
0.802000E+00  -.179802E+02
0.798400E+00  -.184539E+02
0.794800E+00  -.189351E+02
0.791200E+00  -.194242E+02
0.787600E+00  -.199211E+02
0.784000E+00  -.204262E+02
0.780400E+00  -.209395E+02
0.776800E+00  -.214614E+02
0.773200E+00  -.219920E+02
0.769600E+00  -.225315E+02
0.766000E+00  -.230801E+02
0.762400E+00  -.236380E+02
0.758800E+00  -.242055E+02
0.755200E+00  -.247827E+02
0.751600E+00  -.253700E+02
0.748000E+00  -.259675E+02
0.744400E+00  -.265755E+02
0.740800E+00  -.271943E+02
0.737200E+00  -.278242E+02
0.733600E+00  -.284653E+02
0.730000E+00  -.291180E+02
0.726400E+00  -.297826E+02
0.722800E+00  -.304593E+02
0.719200E+00  -.311485E+02
0.715600E+00  -.318505E+02
0.712000E+00  -.325657E+02
0.708400E+00  -.332942E+02
0.704800E+00  -.340366E+02
0.701200E+00  -.347931E+02
0.697600E+00  -.355641E+02
0.694000E+00  -.363500E+02
0.690400E+00  -.371512E+02
0.686800E+00  -.379681E+02
0.683200E+00  -.388011E+02
0.679600E+00  -.396506E+02
0.676000E+00  -.405171E+02
0.672400E+00  -.414010E+02
0.668800E+00  -.423028E+02
0.665200E+00  -.432230E+02
0.661600E+00  -.441621E+02
0.658000E+00  -.451206E+02
0.654400E+00  -.460990E+02
0.650800E+00  -.470980E+02
0.647200E+00  -.481180E+02
0.643600E+00  -.491597E+02
0.640000E+00  -.502237E+02
