0.996400E+00  -.124223E+00
0.992800E+00  -.249805E+00
0.989200E+00  -.376770E+00
0.985600E+00  -.505145E+00
0.982000E+00  -.634954E+00
0.978400E+00  -.766224E+00
0.974800E+00  -.898983E+00
0.971200E+00  -.103326E+01
0.967600E+00  -.116908E+01
0.964000E+00  -.130647E+01
0.960400E+00  -.144546E+01
0.956800E+00  -.158609E+01
0.953200E+00  -.172838E+01
0.949600E+00  -.187237E+01
0.946000E+00  -.201809E+01
0.942400E+00  -.216557E+01
0.938800E+00  -.231484E+01
0.935200E+00  -.246594E+01
0.931600E+00  -.261891E+01
0.928000E+00  -.277378E+01
0.924400E+00  -.293059E+01
0.920800E+00  -.308938E+01
0.917200E+00  -.325018E+01
0.913600E+00  -.341303E+01
0.910000E+00  -.357799E+01
0.906400E+00  -.374508E+01
0.902800E+00  -.391435E+01
0.899200E+00  -.408585E+01
0.895600E+00  -.425962E+01
0.892000E+00  -.443571E+01
0.888400E+00  -.461415E+01
0.884800E+00  -.479501E+01
0.881200E+00  -.497833E+01
0.877600E+00  -.516416E+01
0.874000E+00  -.535256E+01
0.870400E+00  -.554357E+01
0.866800E+00  -.573725E+01
0.863200E+00  -.593366E+01
0.859600E+00  -.613285E+01
0.856000E+00  -.633489E+01
0.852400E+00  -.653983E+01
0.848800E+00  -.674773E+01
0.845200E+00  -.695867E+01
0.841600E+00  -.717269E+01
0.838000E+00  -.738988E+01
0.834400E+00  -.761030E+01
0.830800E+00  -.783402E+01
0.827200E+00  -.806111E+01
0.823600E+00  -.829164E+01
0.820000E+00  -.852569E+01
0.816400E+00  -.876335E+01
0.812800E+00  -.900468E+01
0.809200E+00  -.924978E+01
0.805600E+00  -.949872E+01
0.802000E+00  -.975159E+01
0.798400E+00  -.100085E+02
0.794800E+00  -.102695E+02
0.791200E+00  -.105347E+02
0.787600E+00  -.108042E+02
0.784000E+00  -.110782E+02
0.780400E+00  -.113566E+02
0.776800E+00  -.116396E+02
0.773200E+00  -.119274E+02
0.769600E+00  -.122200E+02
0.766000E+00  -.125175E+02
0.762400E+00  -.128201E+02
0.758800E+00  -.131279E+02
0.755200E+00  -.134409E+02
0.751600E+00  -.137594E+02
0.748000E+00  -.140835E+02
0.744400E+00  -.144133E+02
0.740800E+00  -.147489E+02
0.737200E+00  -.150905E+02
0.733600E+00  -.154382E+02
0.730000E+00  -.157922E+02
0.726400E+00  -.161526E+02
0.722800E+00  -.165197E+02
0.719200E+00  -.168935E+02
0.715600E+00  -.172742E+02
0.712000E+00  -.176620E+02
0.708400E+00  -.180572E+02
0.704800E+00  -.184598E+02
0.701200E+00  -.188701E+02
0.697600E+00  -.192882E+02
0.694000E+00  -.197145E+02
0.690400E+00  -.201490E+02
0.686800E+00  -.205920E+02
0.683200E+00  -.210438E+02
0.679600E+00  -.215045E+02
0.676000E+00  -.219745E+02
0.672400E+00  -.224539E+02
0.668800E+00  -.229430E+02
0.665200E+00  -.234420E+02
0.661600E+00  -.239514E+02
0.658000E+00  -.244712E+02
0.654400E+00  -.250019E+02
0.650800E+00  -.255437E+02
0.647200E+00  -.260969E+02
0.643600E+00  -.266618E+02
0.640000E+00  -.272389E+02
