0.996400E+00  -.998998E-01
0.992800E+00  -.200892E+00
0.989200E+00  -.302997E+00
0.985600E+00  -.406235E+00
0.982000E+00  -.510627E+00
0.978400E+00  -.616194E+00
0.974800E+00  -.722958E+00
0.971200E+00  -.830941E+00
0.967600E+00  -.940166E+00
0.964000E+00  -.105066E+01
0.960400E+00  -.116244E+01
0.956800E+00  -.127553E+01
0.953200E+00  -.138996E+01
0.949600E+00  -.150575E+01
0.946000E+00  -.162294E+01
0.942400E+00  -.174154E+01
0.938800E+00  -.186158E+01
0.935200E+00  -.198310E+01
0.931600E+00  -.210612E+01
0.928000E+00  -.223066E+01
0.924400E+00  -.235677E+01
0.920800E+00  -.248446E+01
0.917200E+00  -.261378E+01
0.913600E+00  -.274475E+01
0.910000E+00  -.287740E+01
0.906400E+00  -.301178E+01
0.902800E+00  -.314791E+01
0.899200E+00  -.328583E+01
0.895600E+00  -.342557E+01
0.892000E+00  -.356718E+01
0.888400E+00  -.371068E+01
0.884800E+00  -.385613E+01
0.881200E+00  -.400355E+01
0.877600E+00  -.415300E+01
0.874000E+00  -.430450E+01
0.870400E+00  -.445811E+01
0.866800E+00  -.461387E+01
0.863200E+00  -.477182E+01
0.859600E+00  -.493201E+01
0.856000E+00  -.509449E+01
0.852400E+00  -.525930E+01
0.848800E+00  -.542650E+01
0.845200E+00  -.559613E+01
0.841600E+00  -.576825E+01
0.838000E+00  -.594291E+01
0.834400E+00  -.612017E+01
0.830800E+00  -.630008E+01
0.827200E+00  -.648271E+01
0.823600E+00  -.666810E+01
0.820000E+00  -.685633E+01
0.816400E+00  -.704745E+01
0.812800E+00  -.724153E+01
0.809200E+00  -.743863E+01
0.805600E+00  -.763883E+01
0.802000E+00  -.784219E+01
0.798400E+00  -.804879E+01
0.794800E+00  -.825869E+01
0.791200E+00  -.847198E+01
0.787600E+00  -.868872E+01
0.784000E+00  -.890901E+01
0.780400E+00  -.913292E+01
0.776800E+00  -.936054E+01
0.773200E+00  -.959196E+01
0.769600E+00  -.982725E+01
0.766000E+00  -.100665E+02
0.762400E+00  -.103099E+02
0.758800E+00  -.105574E+02
0.755200E+00  -.108091E+02
0.751600E+00  -.110653E+02
0.748000E+00  -.113259E+02
0.744400E+00  -.115911E+02
0.740800E+00  -.118610E+02
0.737200E+00  -.121357E+02
0.733600E+00  -.124153E+02
0.730000E+00  -.127000E+02
0.726400E+00  -.129899E+02
0.722800E+00  -.132850E+02
0.719200E+00  -.135856E+02
0.715600E+00  -.138918E+02
0.712000E+00  -.142037E+02
0.708400E+00  -.145215E+02
0.704800E+00  -.148453E+02
0.701200E+00  -.151752E+02
0.697600E+00  -.155115E+02
0.694000E+00  -.158543E+02
0.690400E+00  -.162037E+02
0.686800E+00  -.165600E+02
0.683200E+00  -.169233E+02
0.679600E+00  -.172939E+02
0.676000E+00  -.176718E+02
0.672400E+00  -.180573E+02
0.668800E+00  -.184506E+02
0.665200E+00  -.188520E+02
0.661600E+00  -.192616E+02
0.658000E+00  -.196796E+02
0.654400E+00  -.201064E+02
0.650800E+00  -.205421E+02
0.647200E+00  -.209870E+02
0.643600E+00  -.214413E+02
0.640000E+00  -.219054E+02
