0.996400E+00  -.469095E-01
0.992800E+00  -.943320E-01
0.989200E+00  -.142277E+00
0.985600E+00  -.190754E+00
0.982000E+00  -.239773E+00
0.978400E+00  -.289343E+00
0.974800E+00  -.339476E+00
0.971200E+00  -.390181E+00
0.967600E+00  -.441469E+00
0.964000E+00  -.493352E+00
0.960400E+00  -.545840E+00
0.956800E+00  -.598944E+00
0.953200E+00  -.652677E+00
0.949600E+00  -.707050E+00
0.946000E+00  -.762076E+00
0.942400E+00  -.817767E+00
0.938800E+00  -.874135E+00
0.935200E+00  -.931195E+00
0.931600E+00  -.988960E+00
0.928000E+00  -.104744E+01
0.924400E+00  -.110666E+01
0.920800E+00  -.116662E+01
0.917200E+00  -.122734E+01
0.913600E+00  -.128884E+01
0.910000E+00  -.135113E+01
0.906400E+00  -.141423E+01
0.902800E+00  -.147815E+01
0.899200E+00  -.154291E+01
0.895600E+00  -.160853E+01
0.892000E+00  -.167502E+01
0.888400E+00  -.174241E+01
0.884800E+00  -.181070E+01
0.881200E+00  -.187993E+01
0.877600E+00  -.195010E+01
0.874000E+00  -.202124E+01
0.870400E+00  -.209337E+01
0.866800E+00  -.216651E+01
0.863200E+00  -.224068E+01
0.859600E+00  -.231590E+01
0.856000E+00  -.239219E+01
0.852400E+00  -.246958E+01
0.848800E+00  -.254809E+01
0.845200E+00  -.262775E+01
0.841600E+00  -.270857E+01
0.838000E+00  -.279059E+01
0.834400E+00  -.287382E+01
0.830800E+00  -.295830E+01
0.827200E+00  -.304405E+01
0.823600E+00  -.313111E+01
0.820000E+00  -.321949E+01
0.816400E+00  -.330924E+01
0.812800E+00  -.340037E+01
0.809200E+00  -.349292E+01
0.805600E+00  -.358693E+01
0.802000E+00  -.368242E+01
0.798400E+00  -.377943E+01
0.794800E+00  -.387799E+01
0.791200E+00  -.397814E+01
0.787600E+00  -.407992E+01
0.784000E+00  -.418336E+01
0.780400E+00  -.428850E+01
0.776800E+00  -.439539E+01
0.773200E+00  -.450405E+01
0.769600E+00  -.461454E+01
0.766000E+00  -.472689E+01
0.762400E+00  -.484115E+01
0.758800E+00  -.495737E+01
0.755200E+00  -.507560E+01
0.751600E+00  -.519587E+01
0.748000E+00  -.531825E+01
0.744400E+00  -.544278E+01
0.740800E+00  -.556951E+01
0.737200E+00  -.569850E+01
0.733600E+00  -.582981E+01
0.730000E+00  -.596348E+01
0.726400E+00  -.609959E+01
0.722800E+00  -.623819E+01
0.719200E+00  -.637935E+01
0.715600E+00  -.652312E+01
0.712000E+00  -.666958E+01
0.708400E+00  -.681879E+01
0.704800E+00  -.697083E+01
0.701200E+00  -.712576E+01
0.697600E+00  -.728367E+01
0.694000E+00  -.744463E+01
0.690400E+00  -.760871E+01
0.686800E+00  -.777602E+01
0.683200E+00  -.794661E+01
0.679600E+00  -.812060E+01
0.676000E+00  -.829806E+01
0.672400E+00  -.847909E+01
0.668800E+00  -.866378E+01
0.665200E+00  -.885224E+01
0.661600E+00  -.904457E+01
0.658000E+00  -.924088E+01
0.654400E+00  -.944127E+01
0.650800E+00  -.964586E+01
0.647200E+00  -.985477E+01
0.643600E+00  -.100681E+02
0.640000E+00  -.102860E+02
