0.996400E+00  -.506738E-01
0.992800E+00  -.101902E+00
0.989200E+00  -.153694E+00
0.985600E+00  -.206061E+00
0.982000E+00  -.259014E+00
0.978400E+00  -.312562E+00
0.974800E+00  -.366718E+00
0.971200E+00  -.421492E+00
0.967600E+00  -.476896E+00
0.964000E+00  -.532942E+00
0.960400E+00  -.589642E+00
0.956800E+00  -.647007E+00
0.953200E+00  -.705052E+00
0.949600E+00  -.763789E+00
0.946000E+00  -.823230E+00
0.942400E+00  -.883390E+00
0.938800E+00  -.944282E+00
0.935200E+00  -.100592E+01
0.931600E+00  -.106832E+01
0.928000E+00  -.113150E+01
0.924400E+00  -.119546E+01
0.920800E+00  -.126023E+01
0.917200E+00  -.132583E+01
0.913600E+00  -.139226E+01
0.910000E+00  -.145955E+01
0.906400E+00  -.152771E+01
0.902800E+00  -.159676E+01
0.899200E+00  -.166672E+01
0.895600E+00  -.173761E+01
0.892000E+00  -.180944E+01
0.888400E+00  -.188223E+01
0.884800E+00  -.195601E+01
0.881200E+00  -.203079E+01
0.877600E+00  -.210659E+01
0.874000E+00  -.218344E+01
0.870400E+00  -.226136E+01
0.866800E+00  -.234037E+01
0.863200E+00  -.242049E+01
0.859600E+00  -.250175E+01
0.856000E+00  -.258416E+01
0.852400E+00  -.266776E+01
0.848800E+00  -.275257E+01
0.845200E+00  -.283862E+01
0.841600E+00  -.292592E+01
0.838000E+00  -.301452E+01
0.834400E+00  -.310444E+01
0.830800E+00  -.319569E+01
0.827200E+00  -.328833E+01
0.823600E+00  -.338237E+01
0.820000E+00  -.347785E+01
0.816400E+00  -.357479E+01
0.812800E+00  -.367324E+01
0.809200E+00  -.377322E+01
0.805600E+00  -.387477E+01
0.802000E+00  -.397792E+01
0.798400E+00  -.408272E+01
0.794800E+00  -.418919E+01
0.791200E+00  -.429738E+01
0.787600E+00  -.440732E+01
0.784000E+00  -.451906E+01
0.780400E+00  -.463264E+01
0.776800E+00  -.474810E+01
0.773200E+00  -.486548E+01
0.769600E+00  -.498484E+01
0.766000E+00  -.510621E+01
0.762400E+00  -.522964E+01
0.758800E+00  -.535519E+01
0.755200E+00  -.548290E+01
0.751600E+00  -.561283E+01
0.748000E+00  -.574502E+01
0.744400E+00  -.587954E+01
0.740800E+00  -.601645E+01
0.737200E+00  -.615579E+01
0.733600E+00  -.629763E+01
0.730000E+00  -.644204E+01
0.726400E+00  -.658907E+01
0.722800E+00  -.673879E+01
0.719200E+00  -.689127E+01
0.715600E+00  -.704658E+01
0.712000E+00  -.720479E+01
0.708400E+00  -.736598E+01
0.704800E+00  -.753022E+01
0.701200E+00  -.769758E+01
0.697600E+00  -.786816E+01
0.694000E+00  -.804204E+01
0.690400E+00  -.821929E+01
0.686800E+00  -.840002E+01
0.683200E+00  -.858430E+01
0.679600E+00  -.877225E+01
0.676000E+00  -.896395E+01
0.672400E+00  -.915951E+01
0.668800E+00  -.935902E+01
0.665200E+00  -.956261E+01
0.661600E+00  -.977037E+01
0.658000E+00  -.998243E+01
0.654400E+00  -.101989E+02
0.650800E+00  -.104199E+02
0.647200E+00  -.106456E+02
0.643600E+00  -.108760E+02
0.640000E+00  -.111114E+02
