0.100500E+01  0.517377E-01
0.101000E+01  0.102640E+00
0.101500E+01  0.152726E+00
0.102000E+01  0.202014E+00
0.102500E+01  0.250521E+00
0.103000E+01  0.298265E+00
0.103500E+01  0.345263E+00
0.104000E+01  0.391532E+00
0.104500E+01  0.437086E+00
0.105000E+01  0.481943E+00
0.105500E+01  0.526117E+00
0.106000E+01  0.569623E+00
0.106500E+01  0.612476E+00
0.107000E+01  0.654690E+00
0.107500E+01  0.696278E+00
0.108000E+01  0.737254E+00
0.108500E+01  0.777630E+00
0.109000E+01  0.817421E+00
0.109500E+01  0.856638E+00
0.110000E+01  0.895293E+00
0.110500E+01  0.933399E+00
0.111000E+01  0.970966E+00
0.111500E+01  0.100801E+01
0.112000E+01  0.104453E+01
0.112500E+01  0.108055E+01
0.113000E+01  0.111607E+01
0.113500E+01  0.115111E+01
0.114000E+01  0.118567E+01
0.114500E+01  0.121977E+01
0.115000E+01  0.125342E+01
0.115500E+01  0.128661E+01
0.116000E+01  0.131937E+01
0.116500E+01  0.135170E+01
0.117000E+01  0.138361E+01
0.117500E+01  0.141511E+01
0.118000E+01  0.144621E+01
0.118500E+01  0.147691E+01
0.119000E+01  0.150722E+01
0.119500E+01  0.153716E+01
0.120000E+01  0.156672E+01
0.120500E+01  0.159591E+01
0.121000E+01  0.162475E+01
0.121500E+01  0.165324E+01
0.122000E+01  0.168138E+01
0.122500E+01  0.170918E+01
0.123000E+01  0.173665E+01
0.123500E+01  0.176380E+01
0.124000E+01  0.179063E+01
0.124500E+01  0.181715E+01
0.125000E+01  0.184336E+01
0.125500E+01  0.186927E+01
0.126000E+01  0.189488E+01
0.126500E+01  0.192020E+01
0.127000E+01  0.194524E+01
0.127500E+01  0.197000E+01
0.128000E+01  0.199449E+01
0.128500E+01  0.201870E+01
0.129000E+01  0.204266E+01
0.129500E+01  0.206635E+01
0.130000E+01  0.208979E+01
0.130500E+01  0.211298E+01
0.131000E+01  0.213593E+01
0.131500E+01  0.215863E+01
0.132000E+01  0.218110E+01
0.132500E+01  0.220333E+01
0.133000E+01  0.222534E+01
0.133500E+01  0.224712E+01
0.134000E+01  0.226868E+01
0.134500E+01  0.229003E+01
0.135000E+01  0.231116E+01
0.135500E+01  0.233209E+01
0.136000E+01  0.235281E+01
0.136500E+01  0.237333E+01
0.137000E+01  0.239365E+01
0.137500E+01  0.241378E+01
0.138000E+01  0.243371E+01
0.138500E+01  0.245346E+01
0.139000E+01  0.247302E+01
0.139500E+01  0.249240E+01
0.140000E+01  0.251161E+01
0.140500E+01  0.253063E+01
0.141000E+01  0.254949E+01
0.141500E+01  0.256818E+01
0.142000E+01  0.258669E+01
0.142500E+01  0.260505E+01
0.143000E+01  0.262324E+01
0.143500E+01  0.264128E+01
0.144000E+01  0.265916E+01
0.144500E+01  0.267689E+01
0.145000E+01  0.269446E+01
0.145500E+01  0.271189E+01
0.146000E+01  0.272917E+01
0.146500E+01  0.274631E+01
0.147000E+01  0.276331E+01
0.147500E+01  0.278017E+01
0.148000E+01  0.279689E+01
0.148500E+01  0.281348E+01
0.149000E+01  0.282994E+01
0.149500E+01  0.284626E+01
0.150000E+01  0.286246E+01
