0.100500E+01  0.241563E+00
0.101000E+01  0.479676E+00
0.101500E+01  0.714413E+00
0.102000E+01  0.945847E+00
0.102500E+01  0.117405E+01
0.103000E+01  0.139909E+01
0.103500E+01  0.162103E+01
0.104000E+01  0.183995E+01
0.104500E+01  0.205590E+01
0.105000E+01  0.226894E+01
0.105500E+01  0.247915E+01
0.106000E+01  0.268657E+01
0.106500E+01  0.289127E+01
0.107000E+01  0.309330E+01
0.107500E+01  0.329272E+01
0.108000E+01  0.348958E+01
0.108500E+01  0.368394E+01
0.109000E+01  0.387585E+01
0.109500E+01  0.406535E+01
0.110000E+01  0.425250E+01
0.110500E+01  0.443734E+01
0.111000E+01  0.461992E+01
0.111500E+01  0.480029E+01
0.112000E+01  0.497849E+01
0.112500E+01  0.515456E+01
0.113000E+01  0.532855E+01
0.113500E+01  0.550050E+01
0.114000E+01  0.567045E+01
0.114500E+01  0.583843E+01
0.115000E+01  0.600450E+01
0.115500E+01  0.616867E+01
0.116000E+01  0.633100E+01
0.116500E+01  0.649151E+01
0.117000E+01  0.665025E+01
0.117500E+01  0.680724E+01
0.118000E+01  0.696252E+01
0.118500E+01  0.711613E+01
0.119000E+01  0.726809E+01
0.119500E+01  0.741843E+01
0.120000E+01  0.756720E+01
0.120500E+01  0.771441E+01
0.121000E+01  0.786009E+01
0.121500E+01  0.800428E+01
0.122000E+01  0.814700E+01
0.122500E+01  0.828828E+01
0.123000E+01  0.842815E+01
0.123500E+01  0.856663E+01
0.124000E+01  0.870375E+01
0.124500E+01  0.883953E+01
0.125000E+01  0.897399E+01
0.125500E+01  0.910717E+01
0.126000E+01  0.923909E+01
0.126500E+01  0.936976E+01
0.127000E+01  0.949920E+01
0.127500E+01  0.962746E+01
0.128000E+01  0.975453E+01
0.128500E+01  0.988045E+01
0.129000E+01  0.100052E+02
0.129500E+01  0.101289E+02
0.130000E+01  0.102515E+02
0.130500E+01  0.103730E+02
0.131000E+01  0.104934E+02
0.131500E+01  0.106128E+02
0.132000E+01  0.107312E+02
0.132500E+01  0.108485E+02
0.133000E+01  0.109649E+02
0.133500E+01  0.110803E+02
0.134000E+01  0.111948E+02
0.134500E+01  0.113083E+02
0.135000E+01  0.114209E+02
0.135500E+01  0.115326E+02
0.136000E+01  0.116434E+02
0.136500E+01  0.117533E+02
0.137000E+01  0.118624E+02
0.137500E+01  0.119706E+02
0.138000E+01  0.120780E+02
0.138500E+01  0.121846E+02
0.139000E+01  0.122904E+02
0.139500E+01  0.123953E+02
0.140000E+01  0.124995E+02
0.140500E+01  0.126030E+02
0.141000E+01  0.127056E+02
0.141500E+01  0.128076E+02
0.142000E+01  0.129088E+02
0.142500E+01  0.130093E+02
0.143000E+01  0.131091E+02
0.143500E+01  0.132081E+02
0.144000E+01  0.133065E+02
0.144500E+01  0.134043E+02
0.145000E+01  0.135013E+02
0.145500E+01  0.135978E+02
0.146000E+01  0.136935E+02
0.146500E+01  0.137887E+02
0.147000E+01  0.138832E+02
0.147500E+01  0.139771E+02
0.148000E+01  0.140704E+02
0.148500E+01  0.141631E+02
0.149000E+01  0.142552E+02
0.149500E+01  0.143468E+02
0.150000E+01  0.144378E+02
