0.100500E+01  0.141070E+00
0.101000E+01  0.280490E+00
0.101500E+01  0.418292E+00
0.102000E+01  0.554508E+00
0.102500E+01  0.689169E+00
0.103000E+01  0.822304E+00
0.103500E+01  0.953944E+00
0.104000E+01  0.108412E+01
0.104500E+01  0.121285E+01
0.105000E+01  0.134017E+01
0.105500E+01  0.146611E+01
0.106000E+01  0.159070E+01
0.106500E+01  0.171395E+01
0.107000E+01  0.183589E+01
0.107500E+01  0.195655E+01
0.108000E+01  0.207596E+01
0.108500E+01  0.219413E+01
0.109000E+01  0.231110E+01
0.109500E+01  0.242687E+01
0.110000E+01  0.254148E+01
0.110500E+01  0.265495E+01
0.111000E+01  0.276730E+01
0.111500E+01  0.287854E+01
0.112000E+01  0.298871E+01
0.112500E+01  0.309781E+01
0.113000E+01  0.320587E+01
0.113500E+01  0.331291E+01
0.114000E+01  0.341895E+01
0.114500E+01  0.352400E+01
0.115000E+01  0.362808E+01
0.115500E+01  0.373121E+01
0.116000E+01  0.383342E+01
0.116500E+01  0.393470E+01
0.117000E+01  0.403509E+01
0.117500E+01  0.413459E+01
0.118000E+01  0.423322E+01
0.118500E+01  0.433101E+01
0.119000E+01  0.442795E+01
0.119500E+01  0.452408E+01
0.120000E+01  0.461939E+01
0.120500E+01  0.471391E+01
0.121000E+01  0.480765E+01
0.121500E+01  0.490063E+01
0.122000E+01  0.499285E+01
0.122500E+01  0.508434E+01
0.123000E+01  0.517509E+01
0.123500E+01  0.526513E+01
0.124000E+01  0.535447E+01
0.124500E+01  0.544312E+01
0.125000E+01  0.553109E+01
0.125500E+01  0.561839E+01
0.126000E+01  0.570504E+01
0.126500E+01  0.579104E+01
0.127000E+01  0.587641E+01
0.127500E+01  0.596115E+01
0.128000E+01  0.604528E+01
0.128500E+01  0.612881E+01
0.129000E+01  0.621174E+01
0.129500E+01  0.629410E+01
0.130000E+01  0.637587E+01
0.130500E+01  0.645709E+01
0.131000E+01  0.653775E+01
0.131500E+01  0.661786E+01
0.132000E+01  0.669744E+01
0.132500E+01  0.677649E+01
0.133000E+01  0.685502E+01
0.133500E+01  0.693303E+01
0.134000E+01  0.701055E+01
0.134500E+01  0.708757E+01
0.135000E+01  0.716410E+01
0.135500E+01  0.724015E+01
0.136000E+01  0.731573E+01
0.136500E+01  0.739084E+01
0.137000E+01  0.746550E+01
0.137500E+01  0.753971E+01
0.138000E+01  0.761347E+01
0.138500E+01  0.768680E+01
0.139000E+01  0.775970E+01
0.139500E+01  0.783217E+01
0.140000E+01  0.790423E+01
0.140500E+01  0.797588E+01
0.141000E+01  0.804712E+01
0.141500E+01  0.811797E+01
0.142000E+01  0.818843E+01
0.142500E+01  0.825850E+01
0.143000E+01  0.832819E+01
0.143500E+01  0.839750E+01
0.144000E+01  0.846645E+01
0.144500E+01  0.853504E+01
0.145000E+01  0.860326E+01
0.145500E+01  0.867114E+01
0.146000E+01  0.873866E+01
0.146500E+01  0.880585E+01
0.147000E+01  0.887270E+01
0.147500E+01  0.893921E+01
0.148000E+01  0.900540E+01
0.148500E+01  0.907127E+01
0.149000E+01  0.913682E+01
0.149500E+01  0.920206E+01
0.150000E+01  0.926698E+01
