0.100500E+01  0.504422E-01
0.101000E+01  0.100050E+00
0.101500E+01  0.148843E+00
0.102000E+01  0.196838E+00
0.102500E+01  0.244055E+00
0.103000E+01  0.290509E+00
0.103500E+01  0.336219E+00
0.104000E+01  0.381201E+00
0.104500E+01  0.425470E+00
0.105000E+01  0.469044E+00
0.105500E+01  0.511936E+00
0.106000E+01  0.554162E+00
0.106500E+01  0.595736E+00
0.107000E+01  0.636672E+00
0.107500E+01  0.676986E+00
0.108000E+01  0.716688E+00
0.108500E+01  0.755794E+00
0.109000E+01  0.794315E+00
0.109500E+01  0.832265E+00
0.110000E+01  0.869655E+00
0.110500E+01  0.906497E+00
0.111000E+01  0.942802E+00
0.111500E+01  0.978583E+00
0.112000E+01  0.101385E+01
0.112500E+01  0.104861E+01
0.113000E+01  0.108288E+01
0.113500E+01  0.111667E+01
0.114000E+01  0.114999E+01
0.114500E+01  0.118284E+01
0.115000E+01  0.121524E+01
0.115500E+01  0.124719E+01
0.116000E+01  0.127871E+01
0.116500E+01  0.130980E+01
0.117000E+01  0.134048E+01
0.117500E+01  0.137074E+01
0.118000E+01  0.140061E+01
0.118500E+01  0.143008E+01
0.119000E+01  0.145917E+01
0.119500E+01  0.148787E+01
0.120000E+01  0.151621E+01
0.120500E+01  0.154419E+01
0.121000E+01  0.157181E+01
0.121500E+01  0.159908E+01
0.122000E+01  0.162600E+01
0.122500E+01  0.165260E+01
0.123000E+01  0.167886E+01
0.123500E+01  0.170480E+01
0.124000E+01  0.173042E+01
0.124500E+01  0.175574E+01
0.125000E+01  0.178075E+01
0.125500E+01  0.180546E+01
0.126000E+01  0.182987E+01
0.126500E+01  0.185400E+01
0.127000E+01  0.187785E+01
0.127500E+01  0.190142E+01
0.128000E+01  0.192472E+01
0.128500E+01  0.194775E+01
0.129000E+01  0.197052E+01
0.129500E+01  0.199303E+01
0.130000E+01  0.201529E+01
0.130500E+01  0.203730E+01
0.131000E+01  0.205907E+01
0.131500E+01  0.208061E+01
0.132000E+01  0.210190E+01
0.132500E+01  0.212297E+01
0.133000E+01  0.214381E+01
0.133500E+01  0.216443E+01
0.134000E+01  0.218483E+01
0.134500E+01  0.220501E+01
0.135000E+01  0.222499E+01
0.135500E+01  0.224476E+01
0.136000E+01  0.226432E+01
0.136500E+01  0.228369E+01
0.137000E+01  0.230286E+01
0.137500E+01  0.232184E+01
0.138000E+01  0.234063E+01
0.138500E+01  0.235923E+01
0.139000E+01  0.237766E+01
0.139500E+01  0.239590E+01
0.140000E+01  0.241396E+01
0.140500E+01  0.243185E+01
0.141000E+01  0.244958E+01
0.141500E+01  0.246713E+01
0.142000E+01  0.248452E+01
0.142500E+01  0.250175E+01
0.143000E+01  0.251881E+01
0.143500E+01  0.253572E+01
0.144000E+01  0.255248E+01
0.144500E+01  0.256909E+01
0.145000E+01  0.258555E+01
0.145500E+01  0.260186E+01
0.146000E+01  0.261802E+01
0.146500E+01  0.263405E+01
0.147000E+01  0.264994E+01
0.147500E+01  0.266569E+01
0.148000E+01  0.268130E+01
0.148500E+01  0.269678E+01
0.149000E+01  0.271213E+01
0.149500E+01  0.272736E+01
0.150000E+01  0.274246E+01
