0.100500E+01  0.701057E-01
0.101000E+01  0.139180E+00
0.101500E+01  0.207247E+00
0.102000E+01  0.274326E+00
0.102500E+01  0.340441E+00
0.103000E+01  0.405611E+00
0.103500E+01  0.469857E+00
0.104000E+01  0.533199E+00
0.104500E+01  0.595656E+00
0.105000E+01  0.657248E+00
0.105500E+01  0.717992E+00
0.106000E+01  0.777907E+00
0.106500E+01  0.837010E+00
0.107000E+01  0.895318E+00
0.107500E+01  0.952847E+00
0.108000E+01  0.100962E+01
0.108500E+01  0.106564E+01
0.109000E+01  0.112093E+01
0.109500E+01  0.117550E+01
0.110000E+01  0.122938E+01
0.110500E+01  0.128257E+01
0.111000E+01  0.133508E+01
0.111500E+01  0.138694E+01
0.112000E+01  0.143815E+01
0.112500E+01  0.148874E+01
0.113000E+01  0.153870E+01
0.113500E+01  0.158805E+01
0.114000E+01  0.163681E+01
0.114500E+01  0.168499E+01
0.115000E+01  0.173259E+01
0.115500E+01  0.177963E+01
0.116000E+01  0.182613E+01
0.116500E+01  0.187209E+01
0.117000E+01  0.191752E+01
0.117500E+01  0.196243E+01
0.118000E+01  0.200683E+01
0.118500E+01  0.205074E+01
0.119000E+01  0.209416E+01
0.119500E+01  0.213710E+01
0.120000E+01  0.217956E+01
0.120500E+01  0.222157E+01
0.121000E+01  0.226313E+01
0.121500E+01  0.230425E+01
0.122000E+01  0.234492E+01
0.122500E+01  0.238518E+01
0.123000E+01  0.242501E+01
0.123500E+01  0.246443E+01
0.124000E+01  0.250345E+01
0.124500E+01  0.254207E+01
0.125000E+01  0.258031E+01
0.125500E+01  0.261816E+01
0.126000E+01  0.265564E+01
0.126500E+01  0.269275E+01
0.127000E+01  0.272950E+01
0.127500E+01  0.276589E+01
0.128000E+01  0.280194E+01
0.128500E+01  0.283764E+01
0.129000E+01  0.287301E+01
0.129500E+01  0.290805E+01
0.130000E+01  0.294276E+01
0.130500E+01  0.297716E+01
0.131000E+01  0.301124E+01
0.131500E+01  0.304502E+01
0.132000E+01  0.307849E+01
0.132500E+01  0.311167E+01
0.133000E+01  0.314456E+01
0.133500E+01  0.317716E+01
0.134000E+01  0.320948E+01
0.134500E+01  0.324152E+01
0.135000E+01  0.327329E+01
0.135500E+01  0.330479E+01
0.136000E+01  0.333603E+01
0.136500E+01  0.336702E+01
0.137000E+01  0.339775E+01
0.137500E+01  0.342822E+01
0.138000E+01  0.345846E+01
0.138500E+01  0.348845E+01
0.139000E+01  0.351820E+01
0.139500E+01  0.354773E+01
0.140000E+01  0.357702E+01
0.140500E+01  0.360608E+01
0.141000E+01  0.363493E+01
0.141500E+01  0.366355E+01
0.142000E+01  0.369197E+01
0.142500E+01  0.372017E+01
0.143000E+01  0.374816E+01
0.143500E+01  0.377594E+01
0.144000E+01  0.380353E+01
0.144500E+01  0.383092E+01
0.145000E+01  0.385811E+01
0.145500E+01  0.388511E+01
0.146000E+01  0.391192E+01
0.146500E+01  0.393855E+01
0.147000E+01  0.396499E+01
0.147500E+01  0.399126E+01
0.148000E+01  0.401734E+01
0.148500E+01  0.404326E+01
0.149000E+01  0.406900E+01
0.149500E+01  0.409457E+01
0.150000E+01  0.411997E+01
