0.100500E+01  0.598082E-01
0.101000E+01  0.118723E+00
0.101500E+01  0.176765E+00
0.102000E+01  0.233953E+00
0.102500E+01  0.290304E+00
0.103000E+01  0.345839E+00
0.103500E+01  0.400573E+00
0.104000E+01  0.454525E+00
0.104500E+01  0.507712E+00
0.105000E+01  0.560149E+00
0.105500E+01  0.611853E+00
0.106000E+01  0.662839E+00
0.106500E+01  0.713123E+00
0.107000E+01  0.762719E+00
0.107500E+01  0.811642E+00
0.108000E+01  0.859907E+00
0.108500E+01  0.907526E+00
0.109000E+01  0.954514E+00
0.109500E+01  0.100088E+01
0.110000E+01  0.104665E+01
0.110500E+01  0.109182E+01
0.111000E+01  0.113641E+01
0.111500E+01  0.118042E+01
0.112000E+01  0.122389E+01
0.112500E+01  0.126680E+01
0.113000E+01  0.130918E+01
0.113500E+01  0.135104E+01
0.114000E+01  0.139238E+01
0.114500E+01  0.143322E+01
0.115000E+01  0.147357E+01
0.115500E+01  0.151343E+01
0.116000E+01  0.155282E+01
0.116500E+01  0.159174E+01
0.117000E+01  0.163021E+01
0.117500E+01  0.166823E+01
0.118000E+01  0.170581E+01
0.118500E+01  0.174296E+01
0.119000E+01  0.177969E+01
0.119500E+01  0.181601E+01
0.120000E+01  0.185192E+01
0.120500E+01  0.188744E+01
0.121000E+01  0.192256E+01
0.121500E+01  0.195731E+01
0.122000E+01  0.199167E+01
0.122500E+01  0.202567E+01
0.123000E+01  0.205931E+01
0.123500E+01  0.209260E+01
0.124000E+01  0.212553E+01
0.124500E+01  0.215813E+01
0.125000E+01  0.219039E+01
0.125500E+01  0.222232E+01
0.126000E+01  0.225392E+01
0.126500E+01  0.228521E+01
0.127000E+01  0.231619E+01
0.127500E+01  0.234687E+01
0.128000E+01  0.237724E+01
0.128500E+01  0.240732E+01
0.129000E+01  0.243711E+01
0.129500E+01  0.246662E+01
0.130000E+01  0.249584E+01
0.130500E+01  0.252479E+01
0.131000E+01  0.255348E+01
0.131500E+01  0.258190E+01
0.132000E+01  0.261005E+01
0.132500E+01  0.263796E+01
0.133000E+01  0.266561E+01
0.133500E+01  0.269302E+01
0.134000E+01  0.272018E+01
0.134500E+01  0.274710E+01
0.135000E+01  0.277380E+01
0.135500E+01  0.280026E+01
0.136000E+01  0.282649E+01
0.136500E+01  0.285251E+01
0.137000E+01  0.287830E+01
0.137500E+01  0.290388E+01
0.138000E+01  0.292925E+01
0.138500E+01  0.295441E+01
0.139000E+01  0.297937E+01
0.139500E+01  0.300412E+01
0.140000E+01  0.302868E+01
0.140500E+01  0.305305E+01
0.141000E+01  0.307722E+01
0.141500E+01  0.310121E+01
0.142000E+01  0.312501E+01
0.142500E+01  0.314863E+01
0.143000E+01  0.317207E+01
0.143500E+01  0.319534E+01
0.144000E+01  0.321843E+01
0.144500E+01  0.324135E+01
0.145000E+01  0.326411E+01
0.145500E+01  0.328670E+01
0.146000E+01  0.330912E+01
0.146500E+01  0.333139E+01
0.147000E+01  0.335350E+01
0.147500E+01  0.337546E+01
0.148000E+01  0.339726E+01
0.148500E+01  0.341892E+01
0.149000E+01  0.344042E+01
0.149500E+01  0.346179E+01
0.150000E+01  0.348301E+01
