0.100500E+01  0.207854E+00
0.101000E+01  0.412867E+00
0.101500E+01  0.615100E+00
0.102000E+01  0.814611E+00
0.102500E+01  0.101146E+01
0.103000E+01  0.120570E+01
0.103500E+01  0.139738E+01
0.104000E+01  0.158657E+01
0.104500E+01  0.177330E+01
0.105000E+01  0.195764E+01
0.105500E+01  0.213963E+01
0.106000E+01  0.231933E+01
0.106500E+01  0.249677E+01
0.107000E+01  0.267200E+01
0.107500E+01  0.284508E+01
0.108000E+01  0.301604E+01
0.108500E+01  0.318492E+01
0.109000E+01  0.335178E+01
0.109500E+01  0.351664E+01
0.110000E+01  0.367955E+01
0.110500E+01  0.384055E+01
0.111000E+01  0.399968E+01
0.111500E+01  0.415697E+01
0.112000E+01  0.431246E+01
0.112500E+01  0.446619E+01
0.113000E+01  0.461818E+01
0.113500E+01  0.476848E+01
0.114000E+01  0.491712E+01
0.114500E+01  0.506413E+01
0.115000E+01  0.520954E+01
0.115500E+01  0.535338E+01
0.116000E+01  0.549569E+01
0.116500E+01  0.563648E+01
0.117000E+01  0.577580E+01
0.117500E+01  0.591366E+01
0.118000E+01  0.605010E+01
0.118500E+01  0.618515E+01
0.119000E+01  0.631882E+01
0.119500E+01  0.645115E+01
0.120000E+01  0.658216E+01
0.120500E+01  0.671187E+01
0.121000E+01  0.684031E+01
0.121500E+01  0.696751E+01
0.122000E+01  0.709348E+01
0.122500E+01  0.721825E+01
0.123000E+01  0.734183E+01
0.123500E+01  0.746426E+01
0.124000E+01  0.758555E+01
0.124500E+01  0.770572E+01
0.125000E+01  0.782480E+01
0.125500E+01  0.794280E+01
0.126000E+01  0.805974E+01
0.126500E+01  0.817564E+01
0.127000E+01  0.829052E+01
0.127500E+01  0.840439E+01
0.128000E+01  0.851729E+01
0.128500E+01  0.862921E+01
0.129000E+01  0.874018E+01
0.129500E+01  0.885022E+01
0.130000E+01  0.895934E+01
0.130500E+01  0.906755E+01
0.131000E+01  0.917488E+01
0.131500E+01  0.928134E+01
0.132000E+01  0.938694E+01
0.132500E+01  0.949170E+01
0.133000E+01  0.959563E+01
0.133500E+01  0.969875E+01
0.134000E+01  0.980106E+01
0.134500E+01  0.990259E+01
0.135000E+01  0.100033E+02
0.135500E+01  0.101033E+02
0.136000E+01  0.102026E+02
0.136500E+01  0.103011E+02
0.137000E+01  0.103989E+02
0.137500E+01  0.104960E+02
0.138000E+01  0.105923E+02
0.138500E+01  0.106880E+02
0.139000E+01  0.107830E+02
0.139500E+01  0.108774E+02
0.140000E+01  0.109711E+02
0.140500E+01  0.110641E+02
0.141000E+01  0.111565E+02
0.141500E+01  0.112483E+02
0.142000E+01  0.113395E+02
0.142500E+01  0.114300E+02
0.143000E+01  0.115200E+02
0.143500E+01  0.116094E+02
0.144000E+01  0.116982E+02
0.144500E+01  0.117864E+02
0.145000E+01  0.118741E+02
0.145500E+01  0.119612E+02
0.146000E+01  0.120478E+02
0.146500E+01  0.121339E+02
0.147000E+01  0.122194E+02
0.147500E+01  0.123044E+02
0.148000E+01  0.123889E+02
0.148500E+01  0.124729E+02
0.149000E+01  0.125564E+02
0.149500E+01  0.126394E+02
0.150000E+01  0.127220E+02
