0.100500E+01  0.614383E-01
0.101000E+01  0.122003E+00
0.101500E+01  0.181714E+00
0.102000E+01  0.240589E+00
0.102500E+01  0.298645E+00
0.103000E+01  0.355901E+00
0.103500E+01  0.412374E+00
0.104000E+01  0.468079E+00
0.104500E+01  0.523034E+00
0.105000E+01  0.577254E+00
0.105500E+01  0.630755E+00
0.106000E+01  0.683551E+00
0.106500E+01  0.735658E+00
0.107000E+01  0.787089E+00
0.107500E+01  0.837859E+00
0.108000E+01  0.887981E+00
0.108500E+01  0.937469E+00
0.109000E+01  0.986336E+00
0.109500E+01  0.103459E+01
0.110000E+01  0.108226E+01
0.110500E+01  0.112933E+01
0.111000E+01  0.117584E+01
0.111500E+01  0.122179E+01
0.112000E+01  0.126718E+01
0.112500E+01  0.131204E+01
0.113000E+01  0.135637E+01
0.113500E+01  0.140018E+01
0.114000E+01  0.144348E+01
0.114500E+01  0.148629E+01
0.115000E+01  0.152861E+01
0.115500E+01  0.157046E+01
0.116000E+01  0.161183E+01
0.116500E+01  0.165275E+01
0.117000E+01  0.169321E+01
0.117500E+01  0.173323E+01
0.118000E+01  0.177282E+01
0.118500E+01  0.181199E+01
0.119000E+01  0.185073E+01
0.119500E+01  0.188907E+01
0.120000E+01  0.192701E+01
0.120500E+01  0.196455E+01
0.121000E+01  0.200171E+01
0.121500E+01  0.203849E+01
0.122000E+01  0.207490E+01
0.122500E+01  0.211094E+01
0.123000E+01  0.214662E+01
0.123500E+01  0.218195E+01
0.124000E+01  0.221694E+01
0.124500E+01  0.225159E+01
0.125000E+01  0.228590E+01
0.125500E+01  0.231989E+01
0.126000E+01  0.235355E+01
0.126500E+01  0.238690E+01
0.127000E+01  0.241995E+01
0.127500E+01  0.245268E+01
0.128000E+01  0.248512E+01
0.128500E+01  0.251727E+01
0.129000E+01  0.254913E+01
0.129500E+01  0.258071E+01
0.130000E+01  0.261200E+01
0.130500E+01  0.264303E+01
0.131000E+01  0.267378E+01
0.131500E+01  0.270428E+01
0.132000E+01  0.273451E+01
0.132500E+01  0.276449E+01
0.133000E+01  0.279422E+01
0.133500E+01  0.282370E+01
0.134000E+01  0.285294E+01
0.134500E+01  0.288195E+01
0.135000E+01  0.291072E+01
0.135500E+01  0.293926E+01
0.136000E+01  0.296757E+01
0.136500E+01  0.299566E+01
0.137000E+01  0.302354E+01
0.137500E+01  0.305119E+01
0.138000E+01  0.307864E+01
0.138500E+01  0.310588E+01
0.139000E+01  0.313292E+01
0.139500E+01  0.315975E+01
0.140000E+01  0.318639E+01
0.140500E+01  0.321284E+01
0.141000E+01  0.323909E+01
0.141500E+01  0.326515E+01
0.142000E+01  0.329103E+01
0.142500E+01  0.331673E+01
0.143000E+01  0.334224E+01
0.143500E+01  0.336759E+01
0.144000E+01  0.339275E+01
0.144500E+01  0.341775E+01
0.145000E+01  0.344258E+01
0.145500E+01  0.346724E+01
0.146000E+01  0.349174E+01
0.146500E+01  0.351608E+01
0.147000E+01  0.354026E+01
0.147500E+01  0.356429E+01
0.148000E+01  0.358816E+01
0.148500E+01  0.361189E+01
0.149000E+01  0.363546E+01
0.149500E+01  0.365889E+01
0.150000E+01  0.368218E+01
