0.100500E+01  0.353667E-01
0.101000E+01  0.701981E-01
0.101500E+01  0.104506E+00
0.102000E+01  0.138301E+00
0.102500E+01  0.171596E+00
0.103000E+01  0.204401E+00
0.103500E+01  0.236727E+00
0.104000E+01  0.268584E+00
0.104500E+01  0.299982E+00
0.105000E+01  0.330931E+00
0.105500E+01  0.361441E+00
0.106000E+01  0.391521E+00
0.106500E+01  0.421180E+00
0.107000E+01  0.450428E+00
0.107500E+01  0.479273E+00
0.108000E+01  0.507723E+00
0.108500E+01  0.535787E+00
0.109000E+01  0.563473E+00
0.109500E+01  0.590789E+00
0.110000E+01  0.617742E+00
0.110500E+01  0.644340E+00
0.111000E+01  0.670590E+00
0.111500E+01  0.696500E+00
0.112000E+01  0.722076E+00
0.112500E+01  0.747325E+00
0.113000E+01  0.772254E+00
0.113500E+01  0.796869E+00
0.114000E+01  0.821177E+00
0.114500E+01  0.845184E+00
0.115000E+01  0.868896E+00
0.115500E+01  0.892318E+00
0.116000E+01  0.915457E+00
0.116500E+01  0.938318E+00
0.117000E+01  0.960907E+00
0.117500E+01  0.983228E+00
0.118000E+01  0.100529E+01
0.118500E+01  0.102709E+01
0.119000E+01  0.104864E+01
0.119500E+01  0.106995E+01
0.120000E+01  0.109101E+01
0.120500E+01  0.111183E+01
0.121000E+01  0.113242E+01
0.121500E+01  0.115279E+01
0.122000E+01  0.117293E+01
0.122500E+01  0.119284E+01
0.123000E+01  0.121255E+01
0.123500E+01  0.123204E+01
0.124000E+01  0.125132E+01
0.124500E+01  0.127040E+01
0.125000E+01  0.128928E+01
0.125500E+01  0.130797E+01
0.126000E+01  0.132646E+01
0.126500E+01  0.134476E+01
0.127000E+01  0.136287E+01
0.127500E+01  0.138081E+01
0.128000E+01  0.139856E+01
0.128500E+01  0.141614E+01
0.129000E+01  0.143354E+01
0.129500E+01  0.145078E+01
0.130000E+01  0.146785E+01
0.130500E+01  0.148476E+01
0.131000E+01  0.150150E+01
0.131500E+01  0.151809E+01
0.132000E+01  0.153452E+01
0.132500E+01  0.155080E+01
0.133000E+01  0.156693E+01
0.133500E+01  0.158291E+01
0.134000E+01  0.159875E+01
0.134500E+01  0.161445E+01
0.135000E+01  0.163001E+01
0.135500E+01  0.164543E+01
0.136000E+01  0.166071E+01
0.136500E+01  0.167587E+01
0.137000E+01  0.169089E+01
0.137500E+01  0.170579E+01
0.138000E+01  0.172055E+01
0.138500E+01  0.173520E+01
0.139000E+01  0.174972E+01
0.139500E+01  0.176413E+01
0.140000E+01  0.177841E+01
0.140500E+01  0.179259E+01
0.141000E+01  0.180664E+01
0.141500E+01  0.182059E+01
0.142000E+01  0.183442E+01
0.142500E+01  0.184815E+01
0.143000E+01  0.186177E+01
0.143500E+01  0.187529E+01
0.144000E+01  0.188870E+01
0.144500E+01  0.190201E+01
0.145000E+01  0.191523E+01
0.145500E+01  0.192834E+01
0.146000E+01  0.194136E+01
0.146500E+01  0.195428E+01
0.147000E+01  0.196711E+01
0.147500E+01  0.197985E+01
0.148000E+01  0.199249E+01
0.148500E+01  0.200505E+01
0.149000E+01  0.201752E+01
0.149500E+01  0.202990E+01
0.150000E+01  0.204220E+01
