0.100500E+01  0.511038E-01
0.101000E+01  0.101400E+00
0.101500E+01  0.150907E+00
0.102000E+01  0.199641E+00
0.102500E+01  0.247621E+00
0.103000E+01  0.294863E+00
0.103500E+01  0.341383E+00
0.104000E+01  0.387197E+00
0.104500E+01  0.432320E+00
0.105000E+01  0.476768E+00
0.105500E+01  0.520555E+00
0.106000E+01  0.563695E+00
0.106500E+01  0.606203E+00
0.107000E+01  0.648091E+00
0.107500E+01  0.689374E+00
0.108000E+01  0.730064E+00
0.108500E+01  0.770174E+00
0.109000E+01  0.809716E+00
0.109500E+01  0.848703E+00
0.110000E+01  0.887144E+00
0.110500E+01  0.925053E+00
0.111000E+01  0.962441E+00
0.111500E+01  0.999317E+00
0.112000E+01  0.103569E+01
0.112500E+01  0.107158E+01
0.113000E+01  0.110699E+01
0.113500E+01  0.114192E+01
0.114000E+01  0.117640E+01
0.114500E+01  0.121042E+01
0.115000E+01  0.124400E+01
0.115500E+01  0.127715E+01
0.116000E+01  0.130988E+01
0.116500E+01  0.134219E+01
0.117000E+01  0.137409E+01
0.117500E+01  0.140559E+01
0.118000E+01  0.143670E+01
0.118500E+01  0.146743E+01
0.119000E+01  0.149778E+01
0.119500E+01  0.152776E+01
0.120000E+01  0.155738E+01
0.120500E+01  0.158665E+01
0.121000E+01  0.161556E+01
0.121500E+01  0.164414E+01
0.122000E+01  0.167238E+01
0.122500E+01  0.170029E+01
0.123000E+01  0.172788E+01
0.123500E+01  0.175516E+01
0.124000E+01  0.178213E+01
0.124500E+01  0.180879E+01
0.125000E+01  0.183515E+01
0.125500E+01  0.186122E+01
0.126000E+01  0.188701E+01
0.126500E+01  0.191251E+01
0.127000E+01  0.193773E+01
0.127500E+01  0.196269E+01
0.128000E+01  0.198737E+01
0.128500E+01  0.201180E+01
0.129000E+01  0.203597E+01
0.129500E+01  0.205988E+01
0.130000E+01  0.208355E+01
0.130500E+01  0.210698E+01
0.131000E+01  0.213016E+01
0.131500E+01  0.215312E+01
0.132000E+01  0.217584E+01
0.132500E+01  0.219833E+01
0.133000E+01  0.222061E+01
0.133500E+01  0.224266E+01
0.134000E+01  0.226450E+01
0.134500E+01  0.228613E+01
0.135000E+01  0.230756E+01
0.135500E+01  0.232878E+01
0.136000E+01  0.234980E+01
0.136500E+01  0.237062E+01
0.137000E+01  0.239125E+01
0.137500E+01  0.241169E+01
0.138000E+01  0.243195E+01
0.138500E+01  0.245202E+01
0.139000E+01  0.247191E+01
0.139500E+01  0.249162E+01
0.140000E+01  0.251117E+01
0.140500E+01  0.253053E+01
0.141000E+01  0.254974E+01
0.141500E+01  0.256877E+01
0.142000E+01  0.258764E+01
0.142500E+01  0.260636E+01
0.143000E+01  0.262491E+01
0.143500E+01  0.264331E+01
0.144000E+01  0.266156E+01
0.144500E+01  0.267966E+01
0.145000E+01  0.269761E+01
0.145500E+01  0.271542E+01
0.146000E+01  0.273309E+01
0.146500E+01  0.275061E+01
0.147000E+01  0.276800E+01
0.147500E+01  0.278525E+01
0.148000E+01  0.280237E+01
0.148500E+01  0.281935E+01
0.149000E+01  0.283621E+01
0.149500E+01  0.285294E+01
0.150000E+01  0.286954E+01
