0.100500E+01  0.242217E+00
0.101000E+01  0.480995E+00
0.101500E+01  0.716409E+00
0.102000E+01  0.948530E+00
0.102500E+01  0.117743E+01
0.103000E+01  0.140318E+01
0.103500E+01  0.162584E+01
0.104000E+01  0.184548E+01
0.104500E+01  0.206216E+01
0.105000E+01  0.227595E+01
0.105500E+01  0.248691E+01
0.106000E+01  0.269509E+01
0.106500E+01  0.290056E+01
0.107000E+01  0.310337E+01
0.107500E+01  0.330357E+01
0.108000E+01  0.350122E+01
0.108500E+01  0.369637E+01
0.109000E+01  0.388908E+01
0.109500E+01  0.407939E+01
0.110000E+01  0.426735E+01
0.110500E+01  0.445301E+01
0.111000E+01  0.463642E+01
0.111500E+01  0.481762E+01
0.112000E+01  0.499666E+01
0.112500E+01  0.517357E+01
0.113000E+01  0.534840E+01
0.113500E+01  0.552120E+01
0.114000E+01  0.569200E+01
0.114500E+01  0.586085E+01
0.115000E+01  0.602777E+01
0.115500E+01  0.619281E+01
0.116000E+01  0.635601E+01
0.116500E+01  0.651739E+01
0.117000E+01  0.667701E+01
0.117500E+01  0.683488E+01
0.118000E+01  0.699104E+01
0.118500E+01  0.714554E+01
0.119000E+01  0.729839E+01
0.119500E+01  0.744962E+01
0.120000E+01  0.759928E+01
0.120500E+01  0.774739E+01
0.121000E+01  0.789397E+01
0.121500E+01  0.803907E+01
0.122000E+01  0.818269E+01
0.122500E+01  0.832488E+01
0.123000E+01  0.846566E+01
0.123500E+01  0.860505E+01
0.124000E+01  0.874308E+01
0.124500E+01  0.887977E+01
0.125000E+01  0.901516E+01
0.125500E+01  0.914925E+01
0.126000E+01  0.928209E+01
0.126500E+01  0.941368E+01
0.127000E+01  0.954405E+01
0.127500E+01  0.967323E+01
0.128000E+01  0.980122E+01
0.128500E+01  0.992807E+01
0.129000E+01  0.100538E+02
0.129500E+01  0.101784E+02
0.130000E+01  0.103019E+02
0.130500E+01  0.104243E+02
0.131000E+01  0.105457E+02
0.131500E+01  0.106660E+02
0.132000E+01  0.107853E+02
0.132500E+01  0.109036E+02
0.133000E+01  0.110209E+02
0.133500E+01  0.111373E+02
0.134000E+01  0.112527E+02
0.134500E+01  0.113671E+02
0.135000E+01  0.114807E+02
0.135500E+01  0.115933E+02
0.136000E+01  0.117051E+02
0.136500E+01  0.118159E+02
0.137000E+01  0.119259E+02
0.137500E+01  0.120351E+02
0.138000E+01  0.121434E+02
0.138500E+01  0.122510E+02
0.139000E+01  0.123577E+02
0.139500E+01  0.124636E+02
0.140000E+01  0.125687E+02
0.140500E+01  0.126731E+02
0.141000E+01  0.127767E+02
0.141500E+01  0.128796E+02
0.142000E+01  0.129818E+02
0.142500E+01  0.130832E+02
0.143000E+01  0.131839E+02
0.143500E+01  0.132839E+02
0.144000E+01  0.133833E+02
0.144500E+01  0.134820E+02
0.145000E+01  0.135800E+02
0.145500E+01  0.136773E+02
0.146000E+01  0.137741E+02
0.146500E+01  0.138701E+02
0.147000E+01  0.139656E+02
0.147500E+01  0.140605E+02
0.148000E+01  0.141547E+02
0.148500E+01  0.142484E+02
0.149000E+01  0.143414E+02
0.149500E+01  0.144339E+02
0.150000E+01  0.145259E+02
