0.100500E+01  0.662286E-01
0.101000E+01  0.131447E+00
0.101500E+01  0.195679E+00
0.102000E+01  0.258944E+00
0.102500E+01  0.321265E+00
0.103000E+01  0.382662E+00
0.103500E+01  0.443155E+00
0.104000E+01  0.502765E+00
0.104500E+01  0.561509E+00
0.105000E+01  0.619407E+00
0.105500E+01  0.676477E+00
0.106000E+01  0.732736E+00
0.106500E+01  0.788203E+00
0.107000E+01  0.842894E+00
0.107500E+01  0.896824E+00
0.108000E+01  0.950012E+00
0.108500E+01  0.100247E+01
0.109000E+01  0.105422E+01
0.109500E+01  0.110527E+01
0.110000E+01  0.115563E+01
0.110500E+01  0.120533E+01
0.111000E+01  0.125437E+01
0.111500E+01  0.130277E+01
0.112000E+01  0.135054E+01
0.112500E+01  0.139769E+01
0.113000E+01  0.144425E+01
0.113500E+01  0.149021E+01
0.114000E+01  0.153559E+01
0.114500E+01  0.158040E+01
0.115000E+01  0.162466E+01
0.115500E+01  0.166838E+01
0.116000E+01  0.171155E+01
0.116500E+01  0.175421E+01
0.117000E+01  0.179635E+01
0.117500E+01  0.183799E+01
0.118000E+01  0.187914E+01
0.118500E+01  0.191980E+01
0.119000E+01  0.195999E+01
0.119500E+01  0.199972E+01
0.120000E+01  0.203898E+01
0.120500E+01  0.207781E+01
0.121000E+01  0.211619E+01
0.121500E+01  0.215414E+01
0.122000E+01  0.219167E+01
0.122500E+01  0.222879E+01
0.123000E+01  0.226550E+01
0.123500E+01  0.230181E+01
0.124000E+01  0.233773E+01
0.124500E+01  0.237326E+01
0.125000E+01  0.240842E+01
0.125500E+01  0.244321E+01
0.126000E+01  0.247764E+01
0.126500E+01  0.251171E+01
0.127000E+01  0.254543E+01
0.127500E+01  0.257881E+01
0.128000E+01  0.261185E+01
0.128500E+01  0.264456E+01
0.129000E+01  0.267695E+01
0.129500E+01  0.270902E+01
0.130000E+01  0.274077E+01
0.130500E+01  0.277222E+01
0.131000E+01  0.280336E+01
0.131500E+01  0.283420E+01
0.132000E+01  0.286476E+01
0.132500E+01  0.289503E+01
0.133000E+01  0.292501E+01
0.133500E+01  0.295472E+01
0.134000E+01  0.298416E+01
0.134500E+01  0.301333E+01
0.135000E+01  0.304224E+01
0.135500E+01  0.307089E+01
0.136000E+01  0.309929E+01
0.136500E+01  0.312744E+01
0.137000E+01  0.315534E+01
0.137500E+01  0.318301E+01
0.138000E+01  0.321043E+01
0.138500E+01  0.323763E+01
0.139000E+01  0.326459E+01
0.139500E+01  0.329133E+01
0.140000E+01  0.331785E+01
0.140500E+01  0.334416E+01
0.141000E+01  0.337024E+01
0.141500E+01  0.339612E+01
0.142000E+01  0.342179E+01
0.142500E+01  0.344726E+01
0.143000E+01  0.347253E+01
0.143500E+01  0.349760E+01
0.144000E+01  0.352248E+01
0.144500E+01  0.354717E+01
0.145000E+01  0.357167E+01
0.145500E+01  0.359598E+01
0.146000E+01  0.362011E+01
0.146500E+01  0.364407E+01
0.147000E+01  0.366785E+01
0.147500E+01  0.369146E+01
0.148000E+01  0.371489E+01
0.148500E+01  0.373816E+01
0.149000E+01  0.376127E+01
0.149500E+01  0.378421E+01
0.150000E+01  0.380699E+01
