0.100500E+01  0.595259E-01
0.101000E+01  0.118240E+00
0.101500E+01  0.176161E+00
0.102000E+01  0.233304E+00
0.102500E+01  0.289686E+00
0.103000E+01  0.345323E+00
0.103500E+01  0.400231E+00
0.104000E+01  0.454424E+00
0.104500E+01  0.507918E+00
0.105000E+01  0.560728E+00
0.105500E+01  0.612867E+00
0.106000E+01  0.664349E+00
0.106500E+01  0.715187E+00
0.107000E+01  0.765396E+00
0.107500E+01  0.814988E+00
0.108000E+01  0.863974E+00
0.108500E+01  0.912369E+00
0.109000E+01  0.960182E+00
0.109500E+01  0.100743E+01
0.110000E+01  0.105412E+01
0.110500E+01  0.110026E+01
0.111000E+01  0.114586E+01
0.111500E+01  0.119094E+01
0.112000E+01  0.123551E+01
0.112500E+01  0.127958E+01
0.113000E+01  0.132314E+01
0.113500E+01  0.136623E+01
0.114000E+01  0.140884E+01
0.114500E+01  0.145098E+01
0.115000E+01  0.149267E+01
0.115500E+01  0.153390E+01
0.116000E+01  0.157470E+01
0.116500E+01  0.161507E+01
0.117000E+01  0.165502E+01
0.117500E+01  0.169455E+01
0.118000E+01  0.173367E+01
0.118500E+01  0.177239E+01
0.119000E+01  0.181073E+01
0.119500E+01  0.184867E+01
0.120000E+01  0.188624E+01
0.120500E+01  0.192344E+01
0.121000E+01  0.196028E+01
0.121500E+01  0.199676E+01
0.122000E+01  0.203289E+01
0.122500E+01  0.206868E+01
0.123000E+01  0.210413E+01
0.123500E+01  0.213925E+01
0.124000E+01  0.217404E+01
0.124500E+01  0.220851E+01
0.125000E+01  0.224267E+01
0.125500E+01  0.227652E+01
0.126000E+01  0.231007E+01
0.126500E+01  0.234332E+01
0.127000E+01  0.237628E+01
0.127500E+01  0.240895E+01
0.128000E+01  0.244135E+01
0.128500E+01  0.247346E+01
0.129000E+01  0.250530E+01
0.129500E+01  0.253688E+01
0.130000E+01  0.256819E+01
0.130500E+01  0.259925E+01
0.131000E+01  0.263005E+01
0.131500E+01  0.266060E+01
0.132000E+01  0.269090E+01
0.132500E+01  0.272097E+01
0.133000E+01  0.275080E+01
0.133500E+01  0.278040E+01
0.134000E+01  0.280976E+01
0.134500E+01  0.283891E+01
0.135000E+01  0.286783E+01
0.135500E+01  0.289653E+01
0.136000E+01  0.292502E+01
0.136500E+01  0.295330E+01
0.137000E+01  0.298137E+01
0.137500E+01  0.300924E+01
0.138000E+01  0.303691E+01
0.138500E+01  0.306438E+01
0.139000E+01  0.309166E+01
0.139500E+01  0.311875E+01
0.140000E+01  0.314565E+01
0.140500E+01  0.317236E+01
0.141000E+01  0.319890E+01
0.141500E+01  0.322525E+01
0.142000E+01  0.325143E+01
0.142500E+01  0.327744E+01
0.143000E+01  0.330328E+01
0.143500E+01  0.332894E+01
0.144000E+01  0.335445E+01
0.144500E+01  0.337979E+01
0.145000E+01  0.340497E+01
0.145500E+01  0.342999E+01
0.146000E+01  0.345486E+01
0.146500E+01  0.347958E+01
0.147000E+01  0.350414E+01
0.147500E+01  0.352856E+01
0.148000E+01  0.355283E+01
0.148500E+01  0.357696E+01
0.149000E+01  0.360095E+01
0.149500E+01  0.362480E+01
0.150000E+01  0.364851E+01
