0.100500E+01  0.184343E+00
0.101000E+01  0.366120E+00
0.101500E+01  0.545387E+00
0.102000E+01  0.722196E+00
0.102500E+01  0.896601E+00
0.103000E+01  0.106865E+01
0.103500E+01  0.123840E+01
0.104000E+01  0.140589E+01
0.104500E+01  0.157117E+01
0.105000E+01  0.173430E+01
0.105500E+01  0.189530E+01
0.106000E+01  0.205423E+01
0.106500E+01  0.221113E+01
0.107000E+01  0.236605E+01
0.107500E+01  0.251901E+01
0.108000E+01  0.267007E+01
0.108500E+01  0.281926E+01
0.109000E+01  0.296663E+01
0.109500E+01  0.311219E+01
0.110000E+01  0.325600E+01
0.110500E+01  0.339809E+01
0.111000E+01  0.353850E+01
0.111500E+01  0.367725E+01
0.112000E+01  0.381438E+01
0.112500E+01  0.394992E+01
0.113000E+01  0.408390E+01
0.113500E+01  0.421636E+01
0.114000E+01  0.434733E+01
0.114500E+01  0.447682E+01
0.115000E+01  0.460488E+01
0.115500E+01  0.473153E+01
0.116000E+01  0.485680E+01
0.116500E+01  0.498071E+01
0.117000E+01  0.510329E+01
0.117500E+01  0.522456E+01
0.118000E+01  0.534456E+01
0.118500E+01  0.546330E+01
0.119000E+01  0.558081E+01
0.119500E+01  0.569711E+01
0.120000E+01  0.581223E+01
0.120500E+01  0.592618E+01
0.121000E+01  0.603899E+01
0.121500E+01  0.615068E+01
0.122000E+01  0.626127E+01
0.122500E+01  0.637077E+01
0.123000E+01  0.647922E+01
0.123500E+01  0.658663E+01
0.124000E+01  0.669302E+01
0.124500E+01  0.679841E+01
0.125000E+01  0.690281E+01
0.125500E+01  0.700624E+01
0.126000E+01  0.710873E+01
0.126500E+01  0.721028E+01
0.127000E+01  0.731091E+01
0.127500E+01  0.741065E+01
0.128000E+01  0.750950E+01
0.128500E+01  0.760749E+01
0.129000E+01  0.770462E+01
0.129500E+01  0.780091E+01
0.130000E+01  0.789638E+01
0.130500E+01  0.799105E+01
0.131000E+01  0.808491E+01
0.131500E+01  0.817800E+01
0.132000E+01  0.827031E+01
0.132500E+01  0.836188E+01
0.133000E+01  0.845270E+01
0.133500E+01  0.854279E+01
0.134000E+01  0.863217E+01
0.134500E+01  0.872084E+01
0.135000E+01  0.880881E+01
0.135500E+01  0.889611E+01
0.136000E+01  0.898274E+01
0.136500E+01  0.906870E+01
0.137000E+01  0.915402E+01
0.137500E+01  0.923871E+01
0.138000E+01  0.932276E+01
0.138500E+01  0.940620E+01
0.139000E+01  0.948904E+01
0.139500E+01  0.957127E+01
0.140000E+01  0.965292E+01
0.140500E+01  0.973400E+01
0.141000E+01  0.981450E+01
0.141500E+01  0.989445E+01
0.142000E+01  0.997385E+01
0.142500E+01  0.100527E+02
0.143000E+01  0.101310E+02
0.143500E+01  0.102088E+02
0.144000E+01  0.102861E+02
0.144500E+01  0.103629E+02
0.145000E+01  0.104392E+02
0.145500E+01  0.105149E+02
0.146000E+01  0.105902E+02
0.146500E+01  0.106651E+02
0.147000E+01  0.107394E+02
0.147500E+01  0.108133E+02
0.148000E+01  0.108868E+02
0.148500E+01  0.109597E+02
0.149000E+01  0.110323E+02
0.149500E+01  0.111044E+02
0.150000E+01  0.111761E+02
