0.100500E+01  0.576027E-01
0.101000E+01  0.114435E+00
0.101500E+01  0.170512E+00
0.102000E+01  0.225852E+00
0.102500E+01  0.280468E+00
0.103000E+01  0.334376E+00
0.103500E+01  0.387590E+00
0.104000E+01  0.440126E+00
0.104500E+01  0.491996E+00
0.105000E+01  0.543216E+00
0.105500E+01  0.593797E+00
0.106000E+01  0.643754E+00
0.106500E+01  0.693098E+00
0.107000E+01  0.741843E+00
0.107500E+01  0.790000E+00
0.108000E+01  0.837582E+00
0.108500E+01  0.884600E+00
0.109000E+01  0.931064E+00
0.109500E+01  0.976988E+00
0.110000E+01  0.102238E+01
0.110500E+01  0.106725E+01
0.111000E+01  0.111161E+01
0.111500E+01  0.115548E+01
0.112000E+01  0.119885E+01
0.112500E+01  0.124174E+01
0.113000E+01  0.128416E+01
0.113500E+01  0.132612E+01
0.114000E+01  0.136762E+01
0.114500E+01  0.140868E+01
0.115000E+01  0.144931E+01
0.115500E+01  0.148950E+01
0.116000E+01  0.152928E+01
0.116500E+01  0.156865E+01
0.117000E+01  0.160761E+01
0.117500E+01  0.164618E+01
0.118000E+01  0.168436E+01
0.118500E+01  0.172215E+01
0.119000E+01  0.175958E+01
0.119500E+01  0.179663E+01
0.120000E+01  0.183333E+01
0.120500E+01  0.186967E+01
0.121000E+01  0.190567E+01
0.121500E+01  0.194132E+01
0.122000E+01  0.197664E+01
0.122500E+01  0.201163E+01
0.123000E+01  0.204630E+01
0.123500E+01  0.208065E+01
0.124000E+01  0.211469E+01
0.124500E+01  0.214843E+01
0.125000E+01  0.218187E+01
0.125500E+01  0.221501E+01
0.126000E+01  0.224786E+01
0.126500E+01  0.228043E+01
0.127000E+01  0.231272E+01
0.127500E+01  0.234473E+01
0.128000E+01  0.237647E+01
0.128500E+01  0.240795E+01
0.129000E+01  0.243917E+01
0.129500E+01  0.247014E+01
0.130000E+01  0.250085E+01
0.130500E+01  0.253132E+01
0.131000E+01  0.256154E+01
0.131500E+01  0.259152E+01
0.132000E+01  0.262127E+01
0.132500E+01  0.265079E+01
0.133000E+01  0.268008E+01
0.133500E+01  0.270915E+01
0.134000E+01  0.273800E+01
0.134500E+01  0.276663E+01
0.135000E+01  0.279506E+01
0.135500E+01  0.282327E+01
0.136000E+01  0.285128E+01
0.136500E+01  0.287909E+01
0.137000E+01  0.290669E+01
0.137500E+01  0.293411E+01
0.138000E+01  0.296133E+01
0.138500E+01  0.298836E+01
0.139000E+01  0.301521E+01
0.139500E+01  0.304187E+01
0.140000E+01  0.306836E+01
0.140500E+01  0.309466E+01
0.141000E+01  0.312080E+01
0.141500E+01  0.314676E+01
0.142000E+01  0.317255E+01
0.142500E+01  0.319818E+01
0.143000E+01  0.322364E+01
0.143500E+01  0.324894E+01
0.144000E+01  0.327409E+01
0.144500E+01  0.329908E+01
0.145000E+01  0.332391E+01
0.145500E+01  0.334860E+01
0.146000E+01  0.337313E+01
0.146500E+01  0.339752E+01
0.147000E+01  0.342176E+01
0.147500E+01  0.344586E+01
0.148000E+01  0.346983E+01
0.148500E+01  0.349365E+01
0.149000E+01  0.351734E+01
0.149500E+01  0.354089E+01
0.150000E+01  0.356432E+01
