0.100500E+01  0.501399E-01
0.101000E+01  0.994881E-01
0.101500E+01  0.148062E+00
0.102000E+01  0.195880E+00
0.102500E+01  0.242957E+00
0.103000E+01  0.289311E+00
0.103500E+01  0.334957E+00
0.104000E+01  0.379910E+00
0.104500E+01  0.424187E+00
0.105000E+01  0.467801E+00
0.105500E+01  0.510768E+00
0.106000E+01  0.553101E+00
0.106500E+01  0.594813E+00
0.107000E+01  0.635919E+00
0.107500E+01  0.676430E+00
0.108000E+01  0.716361E+00
0.108500E+01  0.755723E+00
0.109000E+01  0.794527E+00
0.109500E+01  0.832787E+00
0.110000E+01  0.870513E+00
0.110500E+01  0.907717E+00
0.111000E+01  0.944409E+00
0.111500E+01  0.980601E+00
0.112000E+01  0.101630E+01
0.112500E+01  0.105152E+01
0.113000E+01  0.108627E+01
0.113500E+01  0.112056E+01
0.114000E+01  0.115440E+01
0.114500E+01  0.118779E+01
0.115000E+01  0.122075E+01
0.115500E+01  0.125329E+01
0.116000E+01  0.128541E+01
0.116500E+01  0.131713E+01
0.117000E+01  0.134844E+01
0.117500E+01  0.137936E+01
0.118000E+01  0.140990E+01
0.118500E+01  0.144006E+01
0.119000E+01  0.146985E+01
0.119500E+01  0.149929E+01
0.120000E+01  0.152836E+01
0.120500E+01  0.155709E+01
0.121000E+01  0.158548E+01
0.121500E+01  0.161353E+01
0.122000E+01  0.164126E+01
0.122500E+01  0.166866E+01
0.123000E+01  0.169575E+01
0.123500E+01  0.172252E+01
0.124000E+01  0.174900E+01
0.124500E+01  0.177517E+01
0.125000E+01  0.180106E+01
0.125500E+01  0.182665E+01
0.126000E+01  0.185197E+01
0.126500E+01  0.187701E+01
0.127000E+01  0.190177E+01
0.127500E+01  0.192627E+01
0.128000E+01  0.195051E+01
0.128500E+01  0.197450E+01
0.129000E+01  0.199823E+01
0.129500E+01  0.202171E+01
0.130000E+01  0.204495E+01
0.130500E+01  0.206795E+01
0.131000E+01  0.209072E+01
0.131500E+01  0.211326E+01
0.132000E+01  0.213557E+01
0.132500E+01  0.215766E+01
0.133000E+01  0.217954E+01
0.133500E+01  0.220120E+01
0.134000E+01  0.222264E+01
0.134500E+01  0.224389E+01
0.135000E+01  0.226492E+01
0.135500E+01  0.228576E+01
0.136000E+01  0.230641E+01
0.136500E+01  0.232686E+01
0.137000E+01  0.234712E+01
0.137500E+01  0.236720E+01
0.138000E+01  0.238709E+01
0.138500E+01  0.240680E+01
0.139000E+01  0.242634E+01
0.139500E+01  0.244570E+01
0.140000E+01  0.246490E+01
0.140500E+01  0.248392E+01
0.141000E+01  0.250278E+01
0.141500E+01  0.252148E+01
0.142000E+01  0.254002E+01
0.142500E+01  0.255840E+01
0.143000E+01  0.257662E+01
0.143500E+01  0.259470E+01
0.144000E+01  0.261262E+01
0.144500E+01  0.263040E+01
0.145000E+01  0.264804E+01
0.145500E+01  0.266553E+01
0.146000E+01  0.268288E+01
0.146500E+01  0.270010E+01
0.147000E+01  0.271718E+01
0.147500E+01  0.273413E+01
0.148000E+01  0.275094E+01
0.148500E+01  0.276763E+01
0.149000E+01  0.278419E+01
0.149500E+01  0.280063E+01
0.150000E+01  0.281694E+01
