0.100500E+01  0.205887E+00
0.101000E+01  0.408252E+00
0.101500E+01  0.607176E+00
0.102000E+01  0.802736E+00
0.102500E+01  0.995009E+00
0.103000E+01  0.118407E+01
0.103500E+01  0.136999E+01
0.104000E+01  0.155283E+01
0.104500E+01  0.173268E+01
0.105000E+01  0.190959E+01
0.105500E+01  0.208363E+01
0.106000E+01  0.225486E+01
0.106500E+01  0.242334E+01
0.107000E+01  0.258914E+01
0.107500E+01  0.275232E+01
0.108000E+01  0.291292E+01
0.108500E+01  0.307100E+01
0.109000E+01  0.322663E+01
0.109500E+01  0.337985E+01
0.110000E+01  0.353072E+01
0.110500E+01  0.367928E+01
0.111000E+01  0.382558E+01
0.111500E+01  0.396967E+01
0.112000E+01  0.411160E+01
0.112500E+01  0.425142E+01
0.113000E+01  0.438916E+01
0.113500E+01  0.452487E+01
0.114000E+01  0.465860E+01
0.114500E+01  0.479038E+01
0.115000E+01  0.492025E+01
0.115500E+01  0.504826E+01
0.116000E+01  0.517444E+01
0.116500E+01  0.529882E+01
0.117000E+01  0.542146E+01
0.117500E+01  0.554237E+01
0.118000E+01  0.566160E+01
0.118500E+01  0.577918E+01
0.119000E+01  0.589514E+01
0.119500E+01  0.600952E+01
0.120000E+01  0.612234E+01
0.120500E+01  0.623365E+01
0.121000E+01  0.634345E+01
0.121500E+01  0.645180E+01
0.122000E+01  0.655871E+01
0.122500E+01  0.666421E+01
0.123000E+01  0.676833E+01
0.123500E+01  0.687111E+01
0.124000E+01  0.697255E+01
0.124500E+01  0.707269E+01
0.125000E+01  0.717156E+01
0.125500E+01  0.726918E+01
0.126000E+01  0.736557E+01
0.126500E+01  0.746075E+01
0.127000E+01  0.755476E+01
0.127500E+01  0.764760E+01
0.128000E+01  0.773931E+01
0.128500E+01  0.782990E+01
0.129000E+01  0.791940E+01
0.129500E+01  0.800782E+01
0.130000E+01  0.809518E+01
0.130500E+01  0.818152E+01
0.131000E+01  0.826683E+01
0.131500E+01  0.835115E+01
0.132000E+01  0.843448E+01
0.132500E+01  0.851686E+01
0.133000E+01  0.859829E+01
0.133500E+01  0.867880E+01
0.134000E+01  0.875839E+01
0.134500E+01  0.883709E+01
0.135000E+01  0.891492E+01
0.135500E+01  0.899188E+01
0.136000E+01  0.906799E+01
0.136500E+01  0.914327E+01
0.137000E+01  0.921774E+01
0.137500E+01  0.929140E+01
0.138000E+01  0.936428E+01
0.138500E+01  0.943638E+01
0.139000E+01  0.950771E+01
0.139500E+01  0.957831E+01
0.140000E+01  0.964816E+01
0.140500E+01  0.971730E+01
0.141000E+01  0.978572E+01
0.141500E+01  0.985345E+01
0.142000E+01  0.992049E+01
0.142500E+01  0.998685E+01
0.143000E+01  0.100526E+02
0.143500E+01  0.101176E+02
0.144000E+01  0.101820E+02
0.144500E+01  0.102458E+02
0.145000E+01  0.103090E+02
0.145500E+01  0.103715E+02
0.146000E+01  0.104335E+02
0.146500E+01  0.104949E+02
0.147000E+01  0.105557E+02
0.147500E+01  0.106159E+02
0.148000E+01  0.106756E+02
0.148500E+01  0.107347E+02
0.149000E+01  0.107932E+02
0.149500E+01  0.108513E+02
0.150000E+01  0.109088E+02
