0.100500E+01  0.778339E-01
0.101000E+01  0.154543E+00
0.101500E+01  0.230152E+00
0.102000E+01  0.304684E+00
0.102500E+01  0.378163E+00
0.103000E+01  0.450611E+00
0.103500E+01  0.522051E+00
0.104000E+01  0.592503E+00
0.104500E+01  0.661989E+00
0.105000E+01  0.730530E+00
0.105500E+01  0.798146E+00
0.106000E+01  0.864855E+00
0.106500E+01  0.930677E+00
0.107000E+01  0.995631E+00
0.107500E+01  0.105973E+01
0.108000E+01  0.112300E+01
0.108500E+01  0.118546E+01
0.109000E+01  0.124712E+01
0.109500E+01  0.130799E+01
0.110000E+01  0.136810E+01
0.110500E+01  0.142746E+01
0.111000E+01  0.148608E+01
0.111500E+01  0.154398E+01
0.112000E+01  0.160118E+01
0.112500E+01  0.165768E+01
0.113000E+01  0.171351E+01
0.113500E+01  0.176867E+01
0.114000E+01  0.182318E+01
0.114500E+01  0.187706E+01
0.115000E+01  0.193030E+01
0.115500E+01  0.198294E+01
0.116000E+01  0.203497E+01
0.116500E+01  0.208641E+01
0.117000E+01  0.213728E+01
0.117500E+01  0.218758E+01
0.118000E+01  0.223732E+01
0.118500E+01  0.228652E+01
0.119000E+01  0.233518E+01
0.119500E+01  0.238332E+01
0.120000E+01  0.243094E+01
0.120500E+01  0.247806E+01
0.121000E+01  0.252469E+01
0.121500E+01  0.257083E+01
0.122000E+01  0.261649E+01
0.122500E+01  0.266168E+01
0.123000E+01  0.270641E+01
0.123500E+01  0.275070E+01
0.124000E+01  0.279454E+01
0.124500E+01  0.283794E+01
0.125000E+01  0.288092E+01
0.125500E+01  0.292348E+01
0.126000E+01  0.296563E+01
0.126500E+01  0.300738E+01
0.127000E+01  0.304873E+01
0.127500E+01  0.308969E+01
0.128000E+01  0.313027E+01
0.128500E+01  0.317047E+01
0.129000E+01  0.321031E+01
0.129500E+01  0.324978E+01
0.130000E+01  0.328890E+01
0.130500E+01  0.332766E+01
0.131000E+01  0.336609E+01
0.131500E+01  0.340417E+01
0.132000E+01  0.344193E+01
0.132500E+01  0.347936E+01
0.133000E+01  0.351647E+01
0.133500E+01  0.355326E+01
0.134000E+01  0.358975E+01
0.134500E+01  0.362593E+01
0.135000E+01  0.366181E+01
0.135500E+01  0.369740E+01
0.136000E+01  0.373270E+01
0.136500E+01  0.376772E+01
0.137000E+01  0.380246E+01
0.137500E+01  0.383692E+01
0.138000E+01  0.387111E+01
0.138500E+01  0.390504E+01
0.139000E+01  0.393871E+01
0.139500E+01  0.397212E+01
0.140000E+01  0.400527E+01
0.140500E+01  0.403818E+01
0.141000E+01  0.407085E+01
0.141500E+01  0.410327E+01
0.142000E+01  0.413546E+01
0.142500E+01  0.416741E+01
0.143000E+01  0.419914E+01
0.143500E+01  0.423064E+01
0.144000E+01  0.426192E+01
0.144500E+01  0.429298E+01
0.145000E+01  0.432383E+01
0.145500E+01  0.435447E+01
0.146000E+01  0.438489E+01
0.146500E+01  0.441512E+01
0.147000E+01  0.444514E+01
0.147500E+01  0.447496E+01
0.148000E+01  0.450459E+01
0.148500E+01  0.453403E+01
0.149000E+01  0.456327E+01
0.149500E+01  0.459234E+01
0.150000E+01  0.462121E+01
