0.100500E+01  0.250342E+00
0.101000E+01  0.496659E+00
0.101500E+01  0.739042E+00
0.102000E+01  0.977578E+00
0.102500E+01  0.121235E+01
0.103000E+01  0.144345E+01
0.103500E+01  0.167095E+01
0.104000E+01  0.189494E+01
0.104500E+01  0.211549E+01
0.105000E+01  0.233267E+01
0.105500E+01  0.254656E+01
0.106000E+01  0.275723E+01
0.106500E+01  0.296476E+01
0.107000E+01  0.316920E+01
0.107500E+01  0.337063E+01
0.108000E+01  0.356911E+01
0.108500E+01  0.376470E+01
0.109000E+01  0.395746E+01
0.109500E+01  0.414746E+01
0.110000E+01  0.433475E+01
0.110500E+01  0.451939E+01
0.111000E+01  0.470144E+01
0.111500E+01  0.488094E+01
0.112000E+01  0.505796E+01
0.112500E+01  0.523254E+01
0.113000E+01  0.540473E+01
0.113500E+01  0.557459E+01
0.114000E+01  0.574216E+01
0.114500E+01  0.590748E+01
0.115000E+01  0.607061E+01
0.115500E+01  0.623159E+01
0.116000E+01  0.639045E+01
0.116500E+01  0.654725E+01
0.117000E+01  0.670203E+01
0.117500E+01  0.685482E+01
0.118000E+01  0.700566E+01
0.118500E+01  0.715460E+01
0.119000E+01  0.730167E+01
0.119500E+01  0.744691E+01
0.120000E+01  0.759035E+01
0.120500E+01  0.773203E+01
0.121000E+01  0.787198E+01
0.121500E+01  0.801024E+01
0.122000E+01  0.814684E+01
0.122500E+01  0.828181E+01
0.123000E+01  0.841518E+01
0.123500E+01  0.854699E+01
0.124000E+01  0.867725E+01
0.124500E+01  0.880601E+01
0.125000E+01  0.893329E+01
0.125500E+01  0.905912E+01
0.126000E+01  0.918352E+01
0.126500E+01  0.930652E+01
0.127000E+01  0.942816E+01
0.127500E+01  0.954844E+01
0.128000E+01  0.966741E+01
0.128500E+01  0.978507E+01
0.129000E+01  0.990147E+01
0.129500E+01  0.100166E+02
0.130000E+01  0.101305E+02
0.130500E+01  0.102432E+02
0.131000E+01  0.103548E+02
0.131500E+01  0.104651E+02
0.132000E+01  0.105743E+02
0.132500E+01  0.106825E+02
0.133000E+01  0.107895E+02
0.133500E+01  0.108954E+02
0.134000E+01  0.110002E+02
0.134500E+01  0.111040E+02
0.135000E+01  0.112068E+02
0.135500E+01  0.113086E+02
0.136000E+01  0.114094E+02
0.136500E+01  0.115092E+02
0.137000E+01  0.116081E+02
0.137500E+01  0.117060E+02
0.138000E+01  0.118030E+02
0.138500E+01  0.118991E+02
0.139000E+01  0.119943E+02
0.139500E+01  0.120887E+02
0.140000E+01  0.121821E+02
0.140500E+01  0.122748E+02
0.141000E+01  0.123666E+02
0.141500E+01  0.124575E+02
0.142000E+01  0.125477E+02
0.142500E+01  0.126371E+02
0.143000E+01  0.127257E+02
0.143500E+01  0.128135E+02
0.144000E+01  0.129006E+02
0.144500E+01  0.129870E+02
0.145000E+01  0.130726E+02
0.145500E+01  0.131575E+02
0.146000E+01  0.132417E+02
0.146500E+01  0.133252E+02
0.147000E+01  0.134080E+02
0.147500E+01  0.134902E+02
0.148000E+01  0.135717E+02
0.148500E+01  0.136525E+02
0.149000E+01  0.137327E+02
0.149500E+01  0.138123E+02
0.150000E+01  0.138912E+02
