0.100500E+01  0.389123E-01
0.101000E+01  0.772532E-01
0.101500E+01  0.115035E+00
0.102000E+01  0.152270E+00
0.102500E+01  0.188970E+00
0.103000E+01  0.225147E+00
0.103500E+01  0.260812E+00
0.104000E+01  0.295976E+00
0.104500E+01  0.330649E+00
0.105000E+01  0.364842E+00
0.105500E+01  0.398566E+00
0.106000E+01  0.431830E+00
0.106500E+01  0.464644E+00
0.107000E+01  0.497017E+00
0.107500E+01  0.528959E+00
0.108000E+01  0.560478E+00
0.108500E+01  0.591584E+00
0.109000E+01  0.622285E+00
0.109500E+01  0.652590E+00
0.110000E+01  0.682506E+00
0.110500E+01  0.712041E+00
0.111000E+01  0.741204E+00
0.111500E+01  0.770002E+00
0.112000E+01  0.798442E+00
0.112500E+01  0.826532E+00
0.113000E+01  0.854278E+00
0.113500E+01  0.881688E+00
0.114000E+01  0.908768E+00
0.114500E+01  0.935524E+00
0.115000E+01  0.961964E+00
0.115500E+01  0.988094E+00
0.116000E+01  0.101392E+01
0.116500E+01  0.103945E+01
0.117000E+01  0.106468E+01
0.117500E+01  0.108963E+01
0.118000E+01  0.111429E+01
0.118500E+01  0.113868E+01
0.119000E+01  0.116280E+01
0.119500E+01  0.118665E+01
0.120000E+01  0.121025E+01
0.120500E+01  0.123358E+01
0.121000E+01  0.125667E+01
0.121500E+01  0.127951E+01
0.122000E+01  0.130211E+01
0.122500E+01  0.132448E+01
0.123000E+01  0.134661E+01
0.123500E+01  0.136851E+01
0.124000E+01  0.139019E+01
0.124500E+01  0.141165E+01
0.125000E+01  0.143290E+01
0.125500E+01  0.145393E+01
0.126000E+01  0.147475E+01
0.126500E+01  0.149538E+01
0.127000E+01  0.151580E+01
0.127500E+01  0.153602E+01
0.128000E+01  0.155605E+01
0.128500E+01  0.157589E+01
0.129000E+01  0.159555E+01
0.129500E+01  0.161502E+01
0.130000E+01  0.163432E+01
0.130500E+01  0.165343E+01
0.131000E+01  0.167237E+01
0.131500E+01  0.169115E+01
0.132000E+01  0.170975E+01
0.132500E+01  0.172819E+01
0.133000E+01  0.174647E+01
0.133500E+01  0.176459E+01
0.134000E+01  0.178256E+01
0.134500E+01  0.180037E+01
0.135000E+01  0.181803E+01
0.135500E+01  0.183554E+01
0.136000E+01  0.185291E+01
0.136500E+01  0.187013E+01
0.137000E+01  0.188721E+01
0.137500E+01  0.190416E+01
0.138000E+01  0.192097E+01
0.138500E+01  0.193764E+01
0.139000E+01  0.195418E+01
0.139500E+01  0.197060E+01
0.140000E+01  0.198688E+01
0.140500E+01  0.200304E+01
0.141000E+01  0.201908E+01
0.141500E+01  0.203500E+01
0.142000E+01  0.205079E+01
0.142500E+01  0.206647E+01
0.143000E+01  0.208204E+01
0.143500E+01  0.209749E+01
0.144000E+01  0.211283E+01
0.144500E+01  0.212806E+01
0.145000E+01  0.214318E+01
0.145500E+01  0.215819E+01
0.146000E+01  0.217311E+01
0.146500E+01  0.218791E+01
0.147000E+01  0.220262E+01
0.147500E+01  0.221722E+01
0.148000E+01  0.223173E+01
0.148500E+01  0.224614E+01
0.149000E+01  0.226046E+01
0.149500E+01  0.227468E+01
0.150000E+01  0.228881E+01
