0.100500E+01  0.267978E+00
0.101000E+01  0.532208E+00
0.101500E+01  0.792768E+00
0.102000E+01  0.104974E+01
0.102500E+01  0.130319E+01
0.103000E+01  0.155321E+01
0.103500E+01  0.179986E+01
0.104000E+01  0.204322E+01
0.104500E+01  0.228335E+01
0.105000E+01  0.252032E+01
0.105500E+01  0.275419E+01
0.106000E+01  0.298504E+01
0.106500E+01  0.321293E+01
0.107000E+01  0.343791E+01
0.107500E+01  0.366005E+01
0.108000E+01  0.387940E+01
0.108500E+01  0.409602E+01
0.109000E+01  0.430997E+01
0.109500E+01  0.452130E+01
0.110000E+01  0.473007E+01
0.110500E+01  0.493632E+01
0.111000E+01  0.514011E+01
0.111500E+01  0.534149E+01
0.112000E+01  0.554050E+01
0.112500E+01  0.573719E+01
0.113000E+01  0.593161E+01
0.113500E+01  0.612380E+01
0.114000E+01  0.631381E+01
0.114500E+01  0.650167E+01
0.115000E+01  0.668744E+01
0.115500E+01  0.687115E+01
0.116000E+01  0.705284E+01
0.116500E+01  0.723255E+01
0.117000E+01  0.741032E+01
0.117500E+01  0.758619E+01
0.118000E+01  0.776019E+01
0.118500E+01  0.793236E+01
0.119000E+01  0.810273E+01
0.119500E+01  0.827133E+01
0.120000E+01  0.843821E+01
0.120500E+01  0.860339E+01
0.121000E+01  0.876690E+01
0.121500E+01  0.892877E+01
0.122000E+01  0.908905E+01
0.122500E+01  0.924774E+01
0.123000E+01  0.940489E+01
0.123500E+01  0.956053E+01
0.124000E+01  0.971467E+01
0.124500E+01  0.986735E+01
0.125000E+01  0.100186E+02
0.125500E+01  0.101684E+02
0.126000E+01  0.103169E+02
0.126500E+01  0.104640E+02
0.127000E+01  0.106097E+02
0.127500E+01  0.107542E+02
0.128000E+01  0.108973E+02
0.128500E+01  0.110392E+02
0.129000E+01  0.111798E+02
0.129500E+01  0.113193E+02
0.130000E+01  0.114575E+02
0.130500E+01  0.115945E+02
0.131000E+01  0.117304E+02
0.131500E+01  0.118651E+02
0.132000E+01  0.119987E+02
0.132500E+01  0.121313E+02
0.133000E+01  0.122627E+02
0.133500E+01  0.123931E+02
0.134000E+01  0.125224E+02
0.134500E+01  0.126507E+02
0.135000E+01  0.127780E+02
0.135500E+01  0.129043E+02
0.136000E+01  0.130296E+02
0.136500E+01  0.131540E+02
0.137000E+01  0.132774E+02
0.137500E+01  0.133999E+02
0.138000E+01  0.135215E+02
0.138500E+01  0.136422E+02
0.139000E+01  0.137619E+02
0.139500E+01  0.138809E+02
0.140000E+01  0.139989E+02
0.140500E+01  0.141162E+02
0.141000E+01  0.142326E+02
0.141500E+01  0.143482E+02
0.142000E+01  0.144629E+02
0.142500E+01  0.145769E+02
0.143000E+01  0.146902E+02
0.143500E+01  0.148026E+02
0.144000E+01  0.149143E+02
0.144500E+01  0.150253E+02
0.145000E+01  0.151355E+02
0.145500E+01  0.152450E+02
0.146000E+01  0.153539E+02
0.146500E+01  0.154620E+02
0.147000E+01  0.155694E+02
0.147500E+01  0.156762E+02
0.148000E+01  0.157823E+02
0.148500E+01  0.158877E+02
0.149000E+01  0.159925E+02
0.149500E+01  0.160967E+02
0.150000E+01  0.162003E+02
