0.100500E+01  0.752276E-01
0.101000E+01  0.149302E+00
0.101500E+01  0.222250E+00
0.102000E+01  0.294095E+00
0.102500E+01  0.364861E+00
0.103000E+01  0.434573E+00
0.103500E+01  0.503254E+00
0.104000E+01  0.570925E+00
0.104500E+01  0.637609E+00
0.105000E+01  0.703328E+00
0.105500E+01  0.768101E+00
0.106000E+01  0.831950E+00
0.106500E+01  0.894893E+00
0.107000E+01  0.956951E+00
0.107500E+01  0.101814E+01
0.108000E+01  0.107848E+01
0.108500E+01  0.113800E+01
0.109000E+01  0.119669E+01
0.109500E+01  0.125460E+01
0.110000E+01  0.131172E+01
0.110500E+01  0.136808E+01
0.111000E+01  0.142369E+01
0.111500E+01  0.147857E+01
0.112000E+01  0.153273E+01
0.112500E+01  0.158619E+01
0.113000E+01  0.163897E+01
0.113500E+01  0.169106E+01
0.114000E+01  0.174250E+01
0.114500E+01  0.179329E+01
0.115000E+01  0.184345E+01
0.115500E+01  0.189298E+01
0.116000E+01  0.194191E+01
0.116500E+01  0.199023E+01
0.117000E+01  0.203798E+01
0.117500E+01  0.208515E+01
0.118000E+01  0.213175E+01
0.118500E+01  0.217781E+01
0.119000E+01  0.222332E+01
0.119500E+01  0.226831E+01
0.120000E+01  0.231277E+01
0.120500E+01  0.235673E+01
0.121000E+01  0.240018E+01
0.121500E+01  0.244315E+01
0.122000E+01  0.248563E+01
0.122500E+01  0.252764E+01
0.123000E+01  0.256919E+01
0.123500E+01  0.261028E+01
0.124000E+01  0.265093E+01
0.124500E+01  0.269114E+01
0.125000E+01  0.273092E+01
0.125500E+01  0.277028E+01
0.126000E+01  0.280922E+01
0.126500E+01  0.284776E+01
0.127000E+01  0.288590E+01
0.127500E+01  0.292365E+01
0.128000E+01  0.296102E+01
0.128500E+01  0.299801E+01
0.129000E+01  0.303463E+01
0.129500E+01  0.307088E+01
0.130000E+01  0.310678E+01
0.130500E+01  0.314233E+01
0.131000E+01  0.317753E+01
0.131500E+01  0.321239E+01
0.132000E+01  0.324692E+01
0.132500E+01  0.328113E+01
0.133000E+01  0.331501E+01
0.133500E+01  0.334858E+01
0.134000E+01  0.338184E+01
0.134500E+01  0.341480E+01
0.135000E+01  0.344746E+01
0.135500E+01  0.347982E+01
0.136000E+01  0.351189E+01
0.136500E+01  0.354368E+01
0.137000E+01  0.357520E+01
0.137500E+01  0.360643E+01
0.138000E+01  0.363740E+01
0.138500E+01  0.366810E+01
0.139000E+01  0.369855E+01
0.139500E+01  0.372873E+01
0.140000E+01  0.375867E+01
0.140500E+01  0.378835E+01
0.141000E+01  0.381780E+01
0.141500E+01  0.384700E+01
0.142000E+01  0.387597E+01
0.142500E+01  0.390471E+01
0.143000E+01  0.393322E+01
0.143500E+01  0.396150E+01
0.144000E+01  0.398957E+01
0.144500E+01  0.401741E+01
0.145000E+01  0.404505E+01
0.145500E+01  0.407247E+01
0.146000E+01  0.409969E+01
0.146500E+01  0.412670E+01
0.147000E+01  0.415352E+01
0.147500E+01  0.418014E+01
0.148000E+01  0.420656E+01
0.148500E+01  0.423279E+01
0.149000E+01  0.425884E+01
0.149500E+01  0.428470E+01
0.150000E+01  0.431038E+01
