0.100500E+01  0.652831E-01
0.101000E+01  0.129609E+00
0.101500E+01  0.192997E+00
0.102000E+01  0.255469E+00
0.102500E+01  0.317044E+00
0.103000E+01  0.377743E+00
0.103500E+01  0.437582E+00
0.104000E+01  0.496582E+00
0.104500E+01  0.554760E+00
0.105000E+01  0.612134E+00
0.105500E+01  0.668720E+00
0.106000E+01  0.724536E+00
0.106500E+01  0.779597E+00
0.107000E+01  0.833920E+00
0.107500E+01  0.887519E+00
0.108000E+01  0.940411E+00
0.108500E+01  0.992610E+00
0.109000E+01  0.104413E+01
0.109500E+01  0.109498E+01
0.110000E+01  0.114519E+01
0.110500E+01  0.119475E+01
0.111000E+01  0.124370E+01
0.111500E+01  0.129202E+01
0.112000E+01  0.133975E+01
0.112500E+01  0.138690E+01
0.113000E+01  0.143346E+01
0.113500E+01  0.147947E+01
0.114000E+01  0.152491E+01
0.114500E+01  0.156982E+01
0.115000E+01  0.161420E+01
0.115500E+01  0.165806E+01
0.116000E+01  0.170140E+01
0.116500E+01  0.174425E+01
0.117000E+01  0.178660E+01
0.117500E+01  0.182847E+01
0.118000E+01  0.186988E+01
0.118500E+01  0.191082E+01
0.119000E+01  0.195130E+01
0.119500E+01  0.199134E+01
0.120000E+01  0.203095E+01
0.120500E+01  0.207012E+01
0.121000E+01  0.210888E+01
0.121500E+01  0.214722E+01
0.122000E+01  0.218516E+01
0.122500E+01  0.222271E+01
0.123000E+01  0.225986E+01
0.123500E+01  0.229663E+01
0.124000E+01  0.233303E+01
0.124500E+01  0.236905E+01
0.125000E+01  0.240472E+01
0.125500E+01  0.244003E+01
0.126000E+01  0.247500E+01
0.126500E+01  0.250962E+01
0.127000E+01  0.254390E+01
0.127500E+01  0.257786E+01
0.128000E+01  0.261149E+01
0.128500E+01  0.264481E+01
0.129000E+01  0.267781E+01
0.129500E+01  0.271051E+01
0.130000E+01  0.274290E+01
0.130500E+01  0.277500E+01
0.131000E+01  0.280681E+01
0.131500E+01  0.283833E+01
0.132000E+01  0.286957E+01
0.132500E+01  0.290054E+01
0.133000E+01  0.293123E+01
0.133500E+01  0.296166E+01
0.134000E+01  0.299183E+01
0.134500E+01  0.302174E+01
0.135000E+01  0.305140E+01
0.135500E+01  0.308081E+01
0.136000E+01  0.310997E+01
0.136500E+01  0.313890E+01
0.137000E+01  0.316758E+01
0.137500E+01  0.319604E+01
0.138000E+01  0.322427E+01
0.138500E+01  0.325227E+01
0.139000E+01  0.328005E+01
0.139500E+01  0.330762E+01
0.140000E+01  0.333497E+01
0.140500E+01  0.336211E+01
0.141000E+01  0.338905E+01
0.141500E+01  0.341578E+01
0.142000E+01  0.344232E+01
0.142500E+01  0.346865E+01
0.143000E+01  0.349480E+01
0.143500E+01  0.352075E+01
0.144000E+01  0.354651E+01
0.144500E+01  0.357210E+01
0.145000E+01  0.359750E+01
0.145500E+01  0.362272E+01
0.146000E+01  0.364776E+01
0.146500E+01  0.367264E+01
0.147000E+01  0.369734E+01
0.147500E+01  0.372188E+01
0.148000E+01  0.374625E+01
0.148500E+01  0.377046E+01
0.149000E+01  0.379450E+01
0.149500E+01  0.381840E+01
0.150000E+01  0.384213E+01
