0.100500E+01  0.585712E-01
0.101000E+01  0.116365E+00
0.101500E+01  0.173398E+00
0.102000E+01  0.229685E+00
0.102500E+01  0.285243E+00
0.103000E+01  0.340086E+00
0.103500E+01  0.394229E+00
0.104000E+01  0.447688E+00
0.104500E+01  0.500474E+00
0.105000E+01  0.552604E+00
0.105500E+01  0.604089E+00
0.106000E+01  0.654944E+00
0.106500E+01  0.705181E+00
0.107000E+01  0.754812E+00
0.107500E+01  0.803849E+00
0.108000E+01  0.852306E+00
0.108500E+01  0.900193E+00
0.109000E+01  0.947521E+00
0.109500E+01  0.994303E+00
0.110000E+01  0.104055E+01
0.110500E+01  0.108627E+01
0.111000E+01  0.113147E+01
0.111500E+01  0.117617E+01
0.112000E+01  0.122037E+01
0.112500E+01  0.126409E+01
0.113000E+01  0.130733E+01
0.113500E+01  0.135011E+01
0.114000E+01  0.139243E+01
0.114500E+01  0.143429E+01
0.115000E+01  0.147572E+01
0.115500E+01  0.151672E+01
0.116000E+01  0.155729E+01
0.116500E+01  0.159744E+01
0.117000E+01  0.163719E+01
0.117500E+01  0.167654E+01
0.118000E+01  0.171550E+01
0.118500E+01  0.175406E+01
0.119000E+01  0.179226E+01
0.119500E+01  0.183008E+01
0.120000E+01  0.186753E+01
0.120500E+01  0.190463E+01
0.121000E+01  0.194138E+01
0.121500E+01  0.197778E+01
0.122000E+01  0.201384E+01
0.122500E+01  0.204957E+01
0.123000E+01  0.208498E+01
0.123500E+01  0.212006E+01
0.124000E+01  0.215483E+01
0.124500E+01  0.218930E+01
0.125000E+01  0.222345E+01
0.125500E+01  0.225731E+01
0.126000E+01  0.229088E+01
0.126500E+01  0.232416E+01
0.127000E+01  0.235716E+01
0.127500E+01  0.238988E+01
0.128000E+01  0.242232E+01
0.128500E+01  0.245450E+01
0.129000E+01  0.248642E+01
0.129500E+01  0.251807E+01
0.130000E+01  0.254947E+01
0.130500E+01  0.258063E+01
0.131000E+01  0.261153E+01
0.131500E+01  0.264220E+01
0.132000E+01  0.267262E+01
0.132500E+01  0.270282E+01
0.133000E+01  0.273278E+01
0.133500E+01  0.276252E+01
0.134000E+01  0.279203E+01
0.134500E+01  0.282133E+01
0.135000E+01  0.285041E+01
0.135500E+01  0.287928E+01
0.136000E+01  0.290795E+01
0.136500E+01  0.293641E+01
0.137000E+01  0.296467E+01
0.137500E+01  0.299273E+01
0.138000E+01  0.302059E+01
0.138500E+01  0.304827E+01
0.139000E+01  0.307576E+01
0.139500E+01  0.310306E+01
0.140000E+01  0.313018E+01
0.140500E+01  0.315712E+01
0.141000E+01  0.318388E+01
0.141500E+01  0.321047E+01
0.142000E+01  0.323689E+01
0.142500E+01  0.326314E+01
0.143000E+01  0.328923E+01
0.143500E+01  0.331515E+01
0.144000E+01  0.334091E+01
0.144500E+01  0.336652E+01
0.145000E+01  0.339197E+01
0.145500E+01  0.341726E+01
0.146000E+01  0.344241E+01
0.146500E+01  0.346740E+01
0.147000E+01  0.349225E+01
0.147500E+01  0.351696E+01
0.148000E+01  0.354152E+01
0.148500E+01  0.356594E+01
0.149000E+01  0.359023E+01
0.149500E+01  0.361438E+01
0.150000E+01  0.363840E+01
