0.100500E+01  0.598190E-01
0.101000E+01  0.118766E+00
0.101500E+01  0.176860E+00
0.102000E+01  0.234120E+00
0.102500E+01  0.290563E+00
0.103000E+01  0.346208E+00
0.103500E+01  0.401071E+00
0.104000E+01  0.455169E+00
0.104500E+01  0.508519E+00
0.105000E+01  0.561136E+00
0.105500E+01  0.613036E+00
0.106000E+01  0.664234E+00
0.106500E+01  0.714745E+00
0.107000E+01  0.764584E+00
0.107500E+01  0.813763E+00
0.108000E+01  0.862298E+00
0.108500E+01  0.910201E+00
0.109000E+01  0.957486E+00
0.109500E+01  0.100417E+01
0.110000E+01  0.105025E+01
0.110500E+01  0.109576E+01
0.111000E+01  0.114069E+01
0.111500E+01  0.118507E+01
0.112000E+01  0.122890E+01
0.112500E+01  0.127220E+01
0.113000E+01  0.131497E+01
0.113500E+01  0.135723E+01
0.114000E+01  0.139898E+01
0.114500E+01  0.144024E+01
0.115000E+01  0.148101E+01
0.115500E+01  0.152132E+01
0.116000E+01  0.156115E+01
0.116500E+01  0.160053E+01
0.117000E+01  0.163946E+01
0.117500E+01  0.167796E+01
0.118000E+01  0.171602E+01
0.118500E+01  0.175366E+01
0.119000E+01  0.179089E+01
0.119500E+01  0.182771E+01
0.120000E+01  0.186414E+01
0.120500E+01  0.190017E+01
0.121000E+01  0.193582E+01
0.121500E+01  0.197110E+01
0.122000E+01  0.200601E+01
0.122500E+01  0.204055E+01
0.123000E+01  0.207474E+01
0.123500E+01  0.210858E+01
0.124000E+01  0.214208E+01
0.124500E+01  0.217524E+01
0.125000E+01  0.220808E+01
0.125500E+01  0.224059E+01
0.126000E+01  0.227278E+01
0.126500E+01  0.230466E+01
0.127000E+01  0.233623E+01
0.127500E+01  0.236751E+01
0.128000E+01  0.239848E+01
0.128500E+01  0.242917E+01
0.129000E+01  0.245957E+01
0.129500E+01  0.248970E+01
0.130000E+01  0.251954E+01
0.130500E+01  0.254912E+01
0.131000E+01  0.257844E+01
0.131500E+01  0.260749E+01
0.132000E+01  0.263628E+01
0.132500E+01  0.266483E+01
0.133000E+01  0.269313E+01
0.133500E+01  0.272118E+01
0.134000E+01  0.274899E+01
0.134500E+01  0.277657E+01
0.135000E+01  0.280392E+01
0.135500E+01  0.283105E+01
0.136000E+01  0.285795E+01
0.136500E+01  0.288463E+01
0.137000E+01  0.291109E+01
0.137500E+01  0.293735E+01
0.138000E+01  0.296339E+01
0.138500E+01  0.298923E+01
0.139000E+01  0.301487E+01
0.139500E+01  0.304031E+01
0.140000E+01  0.306555E+01
0.140500E+01  0.309061E+01
0.141000E+01  0.311547E+01
0.141500E+01  0.314015E+01
0.142000E+01  0.316465E+01
0.142500E+01  0.318897E+01
0.143000E+01  0.321311E+01
0.143500E+01  0.323707E+01
0.144000E+01  0.326087E+01
0.144500E+01  0.328450E+01
0.145000E+01  0.330796E+01
0.145500E+01  0.333126E+01
0.146000E+01  0.335440E+01
0.146500E+01  0.337738E+01
0.147000E+01  0.340020E+01
0.147500E+01  0.342288E+01
0.148000E+01  0.344540E+01
0.148500E+01  0.346777E+01
0.149000E+01  0.349000E+01
0.149500E+01  0.351208E+01
0.150000E+01  0.353403E+01
