0.100500E+01  0.173920E+00
0.101000E+01  0.345801E+00
0.101500E+01  0.515683E+00
0.102000E+01  0.683605E+00
0.102500E+01  0.849606E+00
0.103000E+01  0.101372E+01
0.103500E+01  0.117599E+01
0.104000E+01  0.133645E+01
0.104500E+01  0.149513E+01
0.105000E+01  0.165206E+01
0.105500E+01  0.180729E+01
0.106000E+01  0.196084E+01
0.106500E+01  0.211275E+01
0.107000E+01  0.226304E+01
0.107500E+01  0.241175E+01
0.108000E+01  0.255891E+01
0.108500E+01  0.270455E+01
0.109000E+01  0.284869E+01
0.109500E+01  0.299136E+01
0.110000E+01  0.313260E+01
0.110500E+01  0.327242E+01
0.111000E+01  0.341086E+01
0.111500E+01  0.354794E+01
0.112000E+01  0.368368E+01
0.112500E+01  0.381811E+01
0.113000E+01  0.395126E+01
0.113500E+01  0.408315E+01
0.114000E+01  0.421379E+01
0.114500E+01  0.434322E+01
0.115000E+01  0.447146E+01
0.115500E+01  0.459852E+01
0.116000E+01  0.472443E+01
0.116500E+01  0.484921E+01
0.117000E+01  0.497288E+01
0.117500E+01  0.509546E+01
0.118000E+01  0.521697E+01
0.118500E+01  0.533743E+01
0.119000E+01  0.545685E+01
0.119500E+01  0.557526E+01
0.120000E+01  0.569267E+01
0.120500E+01  0.580910E+01
0.121000E+01  0.592456E+01
0.121500E+01  0.603909E+01
0.122000E+01  0.615268E+01
0.122500E+01  0.626536E+01
0.123000E+01  0.637714E+01
0.123500E+01  0.648804E+01
0.124000E+01  0.659807E+01
0.124500E+01  0.670725E+01
0.125000E+01  0.681559E+01
0.125500E+01  0.692311E+01
0.126000E+01  0.702982E+01
0.126500E+01  0.713573E+01
0.127000E+01  0.724086E+01
0.127500E+01  0.734523E+01
0.128000E+01  0.744883E+01
0.128500E+01  0.755169E+01
0.129000E+01  0.765382E+01
0.129500E+01  0.775523E+01
0.130000E+01  0.785593E+01
0.130500E+01  0.795594E+01
0.131000E+01  0.805526E+01
0.131500E+01  0.815390E+01
0.132000E+01  0.825189E+01
0.132500E+01  0.834922E+01
0.133000E+01  0.844591E+01
0.133500E+01  0.854197E+01
0.134000E+01  0.863741E+01
0.134500E+01  0.873223E+01
0.135000E+01  0.882646E+01
0.135500E+01  0.892009E+01
0.136000E+01  0.901314E+01
0.136500E+01  0.910562E+01
0.137000E+01  0.919754E+01
0.137500E+01  0.928889E+01
0.138000E+01  0.937971E+01
0.138500E+01  0.946998E+01
0.139000E+01  0.955972E+01
0.139500E+01  0.964894E+01
0.140000E+01  0.973765E+01
0.140500E+01  0.982585E+01
0.141000E+01  0.991355E+01
0.141500E+01  0.100008E+02
0.142000E+01  0.100875E+02
0.142500E+01  0.101738E+02
0.143000E+01  0.102595E+02
0.143500E+01  0.103449E+02
0.144000E+01  0.104297E+02
0.144500E+01  0.105141E+02
0.145000E+01  0.105981E+02
0.145500E+01  0.106817E+02
0.146000E+01  0.107648E+02
0.146500E+01  0.108475E+02
0.147000E+01  0.109298E+02
0.147500E+01  0.110116E+02
0.148000E+01  0.110931E+02
0.148500E+01  0.111742E+02
0.149000E+01  0.112548E+02
0.149500E+01  0.113351E+02
0.150000E+01  0.114150E+02
