0.100500E+01  0.176951E+00
0.101000E+01  0.351453E+00
0.101500E+01  0.523561E+00
0.102000E+01  0.693323E+00
0.102500E+01  0.860791E+00
0.103000E+01  0.102601E+01
0.103500E+01  0.118903E+01
0.104000E+01  0.134990E+01
0.104500E+01  0.150867E+01
0.105000E+01  0.166536E+01
0.105500E+01  0.182004E+01
0.106000E+01  0.197274E+01
0.106500E+01  0.212350E+01
0.107000E+01  0.227236E+01
0.107500E+01  0.241937E+01
0.108000E+01  0.256455E+01
0.108500E+01  0.270795E+01
0.109000E+01  0.284960E+01
0.109500E+01  0.298953E+01
0.110000E+01  0.312779E+01
0.110500E+01  0.326441E+01
0.111000E+01  0.339942E+01
0.111500E+01  0.353284E+01
0.112000E+01  0.366472E+01
0.112500E+01  0.379508E+01
0.113000E+01  0.392396E+01
0.113500E+01  0.405138E+01
0.114000E+01  0.417737E+01
0.114500E+01  0.430195E+01
0.115000E+01  0.442517E+01
0.115500E+01  0.454703E+01
0.116000E+01  0.466758E+01
0.116500E+01  0.478683E+01
0.117000E+01  0.490481E+01
0.117500E+01  0.502154E+01
0.118000E+01  0.513705E+01
0.118500E+01  0.525136E+01
0.119000E+01  0.536449E+01
0.119500E+01  0.547647E+01
0.120000E+01  0.558731E+01
0.120500E+01  0.569704E+01
0.121000E+01  0.580568E+01
0.121500E+01  0.591325E+01
0.122000E+01  0.601977E+01
0.122500E+01  0.612526E+01
0.123000E+01  0.622973E+01
0.123500E+01  0.633321E+01
0.124000E+01  0.643571E+01
0.124500E+01  0.653725E+01
0.125000E+01  0.663785E+01
0.125500E+01  0.673753E+01
0.126000E+01  0.683630E+01
0.126500E+01  0.693418E+01
0.127000E+01  0.703118E+01
0.127500E+01  0.712732E+01
0.128000E+01  0.722262E+01
0.128500E+01  0.731708E+01
0.129000E+01  0.741073E+01
0.129500E+01  0.750358E+01
0.130000E+01  0.759564E+01
0.130500E+01  0.768693E+01
0.131000E+01  0.777746E+01
0.131500E+01  0.786724E+01
0.132000E+01  0.795628E+01
0.132500E+01  0.804461E+01
0.133000E+01  0.813222E+01
0.133500E+01  0.821914E+01
0.134000E+01  0.830537E+01
0.134500E+01  0.839093E+01
0.135000E+01  0.847582E+01
0.135500E+01  0.856006E+01
0.136000E+01  0.864366E+01
0.136500E+01  0.872663E+01
0.137000E+01  0.880898E+01
0.137500E+01  0.889072E+01
0.138000E+01  0.897187E+01
0.138500E+01  0.905242E+01
0.139000E+01  0.913239E+01
0.139500E+01  0.921179E+01
0.140000E+01  0.929063E+01
0.140500E+01  0.936891E+01
0.141000E+01  0.944666E+01
0.141500E+01  0.952387E+01
0.142000E+01  0.960055E+01
0.142500E+01  0.967671E+01
0.143000E+01  0.975237E+01
0.143500E+01  0.982752E+01
0.144000E+01  0.990218E+01
0.144500E+01  0.997635E+01
0.145000E+01  0.100500E+02
0.145500E+01  0.101233E+02
0.146000E+01  0.101960E+02
0.146500E+01  0.102683E+02
0.147000E+01  0.103402E+02
0.147500E+01  0.104116E+02
0.148000E+01  0.104826E+02
0.148500E+01  0.105531E+02
0.149000E+01  0.106233E+02
0.149500E+01  0.106930E+02
0.150000E+01  0.107623E+02
