0.100500E+01  0.433849E-01
0.101000E+01  0.860740E-01
0.101500E+01  0.128083E+00
0.102000E+01  0.169427E+00
0.102500E+01  0.210121E+00
0.103000E+01  0.250179E+00
0.103500E+01  0.289615E+00
0.104000E+01  0.328444E+00
0.104500E+01  0.366678E+00
0.105000E+01  0.404330E+00
0.105500E+01  0.441414E+00
0.106000E+01  0.477940E+00
0.106500E+01  0.513923E+00
0.107000E+01  0.549372E+00
0.107500E+01  0.584301E+00
0.108000E+01  0.618719E+00
0.108500E+01  0.652638E+00
0.109000E+01  0.686068E+00
0.109500E+01  0.719021E+00
0.110000E+01  0.751504E+00
0.110500E+01  0.783530E+00
0.111000E+01  0.815107E+00
0.111500E+01  0.846244E+00
0.112000E+01  0.876952E+00
0.112500E+01  0.907238E+00
0.113000E+01  0.937111E+00
0.113500E+01  0.966580E+00
0.114000E+01  0.995653E+00
0.114500E+01  0.102434E+01
0.115000E+01  0.105264E+01
0.115500E+01  0.108058E+01
0.116000E+01  0.110815E+01
0.116500E+01  0.113536E+01
0.117000E+01  0.116222E+01
0.117500E+01  0.118874E+01
0.118000E+01  0.121492E+01
0.118500E+01  0.124077E+01
0.119000E+01  0.126630E+01
0.119500E+01  0.129151E+01
0.120000E+01  0.131641E+01
0.120500E+01  0.134100E+01
0.121000E+01  0.136530E+01
0.121500E+01  0.138931E+01
0.122000E+01  0.141302E+01
0.122500E+01  0.143646E+01
0.123000E+01  0.145962E+01
0.123500E+01  0.148251E+01
0.124000E+01  0.150513E+01
0.124500E+01  0.152749E+01
0.125000E+01  0.154959E+01
0.125500E+01  0.157145E+01
0.126000E+01  0.159305E+01
0.126500E+01  0.161442E+01
0.127000E+01  0.163555E+01
0.127500E+01  0.165644E+01
0.128000E+01  0.167711E+01
0.128500E+01  0.169755E+01
0.129000E+01  0.171777E+01
0.129500E+01  0.173778E+01
0.130000E+01  0.175757E+01
0.130500E+01  0.177716E+01
0.131000E+01  0.179654E+01
0.131500E+01  0.181572E+01
0.132000E+01  0.183470E+01
0.132500E+01  0.185349E+01
0.133000E+01  0.187208E+01
0.133500E+01  0.189049E+01
0.134000E+01  0.190872E+01
0.134500E+01  0.192677E+01
0.135000E+01  0.194463E+01
0.135500E+01  0.196233E+01
0.136000E+01  0.197985E+01
0.136500E+01  0.199721E+01
0.137000E+01  0.201439E+01
0.137500E+01  0.203142E+01
0.138000E+01  0.204829E+01
0.138500E+01  0.206500E+01
0.139000E+01  0.208156E+01
0.139500E+01  0.209796E+01
0.140000E+01  0.211422E+01
0.140500E+01  0.213033E+01
0.141000E+01  0.214629E+01
0.141500E+01  0.216212E+01
0.142000E+01  0.217780E+01
0.142500E+01  0.219335E+01
0.143000E+01  0.220876E+01
0.143500E+01  0.222404E+01
0.144000E+01  0.223919E+01
0.144500E+01  0.225421E+01
0.145000E+01  0.226911E+01
0.145500E+01  0.228388E+01
0.146000E+01  0.229853E+01
0.146500E+01  0.231307E+01
0.147000E+01  0.232748E+01
0.147500E+01  0.234178E+01
0.148000E+01  0.235596E+01
0.148500E+01  0.237003E+01
0.149000E+01  0.238399E+01
0.149500E+01  0.239784E+01
0.150000E+01  0.241159E+01
