0.100500E+01  0.729728E-01
0.101000E+01  0.144819E+00
0.101500E+01  0.215563E+00
0.102000E+01  0.285229E+00
0.102500E+01  0.353842E+00
0.103000E+01  0.421424E+00
0.103500E+01  0.487998E+00
0.104000E+01  0.553586E+00
0.104500E+01  0.618209E+00
0.105000E+01  0.681888E+00
0.105500E+01  0.744644E+00
0.106000E+01  0.806497E+00
0.106500E+01  0.867466E+00
0.107000E+01  0.927569E+00
0.107500E+01  0.986825E+00
0.108000E+01  0.104525E+01
0.108500E+01  0.110287E+01
0.109000E+01  0.115969E+01
0.109500E+01  0.121574E+01
0.110000E+01  0.127102E+01
0.110500E+01  0.132556E+01
0.111000E+01  0.137936E+01
0.111500E+01  0.143246E+01
0.112000E+01  0.148485E+01
0.112500E+01  0.153655E+01
0.113000E+01  0.158759E+01
0.113500E+01  0.163796E+01
0.114000E+01  0.168770E+01
0.114500E+01  0.173679E+01
0.115000E+01  0.178528E+01
0.115500E+01  0.183315E+01
0.116000E+01  0.188043E+01
0.116500E+01  0.192712E+01
0.117000E+01  0.197325E+01
0.117500E+01  0.201881E+01
0.118000E+01  0.206383E+01
0.118500E+01  0.210831E+01
0.119000E+01  0.215226E+01
0.119500E+01  0.219569E+01
0.120000E+01  0.223862E+01
0.120500E+01  0.228105E+01
0.121000E+01  0.232299E+01
0.121500E+01  0.236445E+01
0.122000E+01  0.240544E+01
0.122500E+01  0.244597E+01
0.123000E+01  0.248605E+01
0.123500E+01  0.252569E+01
0.124000E+01  0.256489E+01
0.124500E+01  0.260367E+01
0.125000E+01  0.264202E+01
0.125500E+01  0.267997E+01
0.126000E+01  0.271751E+01
0.126500E+01  0.275466E+01
0.127000E+01  0.279141E+01
0.127500E+01  0.282779E+01
0.128000E+01  0.286379E+01
0.128500E+01  0.289942E+01
0.129000E+01  0.293470E+01
0.129500E+01  0.296961E+01
0.130000E+01  0.300418E+01
0.130500E+01  0.303841E+01
0.131000E+01  0.307230E+01
0.131500E+01  0.310586E+01
0.132000E+01  0.313910E+01
0.132500E+01  0.317202E+01
0.133000E+01  0.320463E+01
0.133500E+01  0.323693E+01
0.134000E+01  0.326893E+01
0.134500E+01  0.330063E+01
0.135000E+01  0.333204E+01
0.135500E+01  0.336316E+01
0.136000E+01  0.339401E+01
0.136500E+01  0.342457E+01
0.137000E+01  0.345487E+01
0.137500E+01  0.348490E+01
0.138000E+01  0.351466E+01
0.138500E+01  0.354417E+01
0.139000E+01  0.357342E+01
0.139500E+01  0.360242E+01
0.140000E+01  0.363118E+01
0.140500E+01  0.365970E+01
0.141000E+01  0.368798E+01
0.141500E+01  0.371602E+01
0.142000E+01  0.374384E+01
0.142500E+01  0.377143E+01
0.143000E+01  0.379880E+01
0.143500E+01  0.382595E+01
0.144000E+01  0.385289E+01
0.144500E+01  0.387962E+01
0.145000E+01  0.390613E+01
0.145500E+01  0.393245E+01
0.146000E+01  0.395856E+01
0.146500E+01  0.398447E+01
0.147000E+01  0.401019E+01
0.147500E+01  0.403572E+01
0.148000E+01  0.406106E+01
0.148500E+01  0.408622E+01
0.149000E+01  0.411119E+01
0.149500E+01  0.413598E+01
0.150000E+01  0.416059E+01
