0.100500E+01  0.746152E-01
0.101000E+01  0.148148E+00
0.101500E+01  0.220620E+00
0.102000E+01  0.292057E+00
0.102500E+01  0.362479E+00
0.103000E+01  0.431909E+00
0.103500E+01  0.500368E+00
0.104000E+01  0.567877E+00
0.104500E+01  0.634456E+00
0.105000E+01  0.700125E+00
0.105500E+01  0.764903E+00
0.106000E+01  0.828809E+00
0.106500E+01  0.891861E+00
0.107000E+01  0.954078E+00
0.107500E+01  0.101548E+01
0.108000E+01  0.107607E+01
0.108500E+01  0.113588E+01
0.109000E+01  0.119493E+01
0.109500E+01  0.125322E+01
0.110000E+01  0.131077E+01
0.110500E+01  0.136760E+01
0.111000E+01  0.142373E+01
0.111500E+01  0.147916E+01
0.112000E+01  0.153391E+01
0.112500E+01  0.158799E+01
0.113000E+01  0.164143E+01
0.113500E+01  0.169422E+01
0.114000E+01  0.174639E+01
0.114500E+01  0.179794E+01
0.115000E+01  0.184890E+01
0.115500E+01  0.189926E+01
0.116000E+01  0.194904E+01
0.116500E+01  0.199826E+01
0.117000E+01  0.204692E+01
0.117500E+01  0.209504E+01
0.118000E+01  0.214262E+01
0.118500E+01  0.218968E+01
0.119000E+01  0.223622E+01
0.119500E+01  0.228226E+01
0.120000E+01  0.232780E+01
0.120500E+01  0.237286E+01
0.121000E+01  0.241744E+01
0.121500E+01  0.246156E+01
0.122000E+01  0.250521E+01
0.122500E+01  0.254842E+01
0.123000E+01  0.259118E+01
0.123500E+01  0.263351E+01
0.124000E+01  0.267542E+01
0.124500E+01  0.271690E+01
0.125000E+01  0.275798E+01
0.125500E+01  0.279866E+01
0.126000E+01  0.283894E+01
0.126500E+01  0.287883E+01
0.127000E+01  0.291834E+01
0.127500E+01  0.295748E+01
0.128000E+01  0.299625E+01
0.128500E+01  0.303465E+01
0.129000E+01  0.307271E+01
0.129500E+01  0.311041E+01
0.130000E+01  0.314778E+01
0.130500E+01  0.318481E+01
0.131000E+01  0.322150E+01
0.131500E+01  0.325788E+01
0.132000E+01  0.329393E+01
0.132500E+01  0.332967E+01
0.133000E+01  0.336511E+01
0.133500E+01  0.340024E+01
0.134000E+01  0.343508E+01
0.134500E+01  0.346962E+01
0.135000E+01  0.350387E+01
0.135500E+01  0.353785E+01
0.136000E+01  0.357154E+01
0.136500E+01  0.360496E+01
0.137000E+01  0.363812E+01
0.137500E+01  0.367101E+01
0.138000E+01  0.370364E+01
0.138500E+01  0.373602E+01
0.139000E+01  0.376814E+01
0.139500E+01  0.380002E+01
0.140000E+01  0.383166E+01
0.140500E+01  0.386306E+01
0.141000E+01  0.389422E+01
0.141500E+01  0.392515E+01
0.142000E+01  0.395586E+01
0.142500E+01  0.398634E+01
0.143000E+01  0.401660E+01
0.143500E+01  0.404665E+01
0.144000E+01  0.407648E+01
0.144500E+01  0.410611E+01
0.145000E+01  0.413552E+01
0.145500E+01  0.416474E+01
0.146000E+01  0.419375E+01
0.146500E+01  0.422257E+01
0.147000E+01  0.425119E+01
0.147500E+01  0.427963E+01
0.148000E+01  0.430787E+01
0.148500E+01  0.433594E+01
0.149000E+01  0.436382E+01
0.149500E+01  0.439152E+01
0.150000E+01  0.441904E+01
