0.100500E+01  0.250341E+00
0.101000E+01  0.497291E+00
0.101500E+01  0.740922E+00
0.102000E+01  0.981303E+00
0.102500E+01  0.121850E+01
0.103000E+01  0.145259E+01
0.103500E+01  0.168363E+01
0.104000E+01  0.191168E+01
0.104500E+01  0.213680E+01
0.105000E+01  0.235907E+01
0.105500E+01  0.257853E+01
0.106000E+01  0.279524E+01
0.106500E+01  0.300926E+01
0.107000E+01  0.322065E+01
0.107500E+01  0.342945E+01
0.108000E+01  0.363573E+01
0.108500E+01  0.383953E+01
0.109000E+01  0.404090E+01
0.109500E+01  0.423989E+01
0.110000E+01  0.443655E+01
0.110500E+01  0.463092E+01
0.111000E+01  0.482306E+01
0.111500E+01  0.501299E+01
0.112000E+01  0.520078E+01
0.112500E+01  0.538646E+01
0.113000E+01  0.557007E+01
0.113500E+01  0.575165E+01
0.114000E+01  0.593124E+01
0.114500E+01  0.610888E+01
0.115000E+01  0.628461E+01
0.115500E+01  0.645847E+01
0.116000E+01  0.663048E+01
0.116500E+01  0.680069E+01
0.117000E+01  0.696913E+01
0.117500E+01  0.713584E+01
0.118000E+01  0.730084E+01
0.118500E+01  0.746417E+01
0.119000E+01  0.762586E+01
0.119500E+01  0.778593E+01
0.120000E+01  0.794443E+01
0.120500E+01  0.810138E+01
0.121000E+01  0.825681E+01
0.121500E+01  0.841075E+01
0.122000E+01  0.856321E+01
0.122500E+01  0.871424E+01
0.123000E+01  0.886386E+01
0.123500E+01  0.901209E+01
0.124000E+01  0.915895E+01
0.124500E+01  0.930448E+01
0.125000E+01  0.944869E+01
0.125500E+01  0.959162E+01
0.126000E+01  0.973327E+01
0.126500E+01  0.987368E+01
0.127000E+01  0.100129E+02
0.127500E+01  0.101509E+02
0.128000E+01  0.102877E+02
0.128500E+01  0.104233E+02
0.129000E+01  0.105578E+02
0.129500E+01  0.106912E+02
0.130000E+01  0.108235E+02
0.130500E+01  0.109547E+02
0.131000E+01  0.110848E+02
0.131500E+01  0.112139E+02
0.132000E+01  0.113420E+02
0.132500E+01  0.114691E+02
0.133000E+01  0.115951E+02
0.133500E+01  0.117202E+02
0.134000E+01  0.118444E+02
0.134500E+01  0.119676E+02
0.135000E+01  0.120898E+02
0.135500E+01  0.122112E+02
0.136000E+01  0.123316E+02
0.136500E+01  0.124512E+02
0.137000E+01  0.125699E+02
0.137500E+01  0.126878E+02
0.138000E+01  0.128048E+02
0.138500E+01  0.129210E+02
0.139000E+01  0.130364E+02
0.139500E+01  0.131509E+02
0.140000E+01  0.132647E+02
0.140500E+01  0.133777E+02
0.141000E+01  0.134900E+02
0.141500E+01  0.136015E+02
0.142000E+01  0.137123E+02
0.142500E+01  0.138223E+02
0.143000E+01  0.139316E+02
0.143500E+01  0.140403E+02
0.144000E+01  0.141482E+02
0.144500E+01  0.142555E+02
0.145000E+01  0.143620E+02
0.145500E+01  0.144680E+02
0.146000E+01  0.145732E+02
0.146500E+01  0.146779E+02
0.147000E+01  0.147819E+02
0.147500E+01  0.148852E+02
0.148000E+01  0.149880E+02
0.148500E+01  0.150902E+02
0.149000E+01  0.151918E+02
0.149500E+01  0.152927E+02
0.150000E+01  0.153932E+02
