0.100500E+01  0.208741E+00
0.101000E+01  0.414475E+00
0.101500E+01  0.617266E+00
0.102000E+01  0.817179E+00
0.102500E+01  0.101427E+01
0.103000E+01  0.120861E+01
0.103500E+01  0.140026E+01
0.104000E+01  0.158926E+01
0.104500E+01  0.177568E+01
0.105000E+01  0.195957E+01
0.105500E+01  0.214099E+01
0.106000E+01  0.231998E+01
0.106500E+01  0.249660E+01
0.107000E+01  0.267090E+01
0.107500E+01  0.284292E+01
0.108000E+01  0.301272E+01
0.108500E+01  0.318033E+01
0.109000E+01  0.334581E+01
0.109500E+01  0.350920E+01
0.110000E+01  0.367054E+01
0.110500E+01  0.382986E+01
0.111000E+01  0.398723E+01
0.111500E+01  0.414266E+01
0.112000E+01  0.429621E+01
0.112500E+01  0.444791E+01
0.113000E+01  0.459779E+01
0.113500E+01  0.474590E+01
0.114000E+01  0.489226E+01
0.114500E+01  0.503692E+01
0.115000E+01  0.517991E+01
0.115500E+01  0.532125E+01
0.116000E+01  0.546098E+01
0.116500E+01  0.559914E+01
0.117000E+01  0.573575E+01
0.117500E+01  0.587085E+01
0.118000E+01  0.600445E+01
0.118500E+01  0.613660E+01
0.119000E+01  0.626732E+01
0.119500E+01  0.639663E+01
0.120000E+01  0.652457E+01
0.120500E+01  0.665116E+01
0.121000E+01  0.677642E+01
0.121500E+01  0.690038E+01
0.122000E+01  0.702306E+01
0.122500E+01  0.714449E+01
0.123000E+01  0.726469E+01
0.123500E+01  0.738369E+01
0.124000E+01  0.750150E+01
0.124500E+01  0.761815E+01
0.125000E+01  0.773366E+01
0.125500E+01  0.784805E+01
0.126000E+01  0.796133E+01
0.126500E+01  0.807354E+01
0.127000E+01  0.818469E+01
0.127500E+01  0.829479E+01
0.128000E+01  0.840388E+01
0.128500E+01  0.851195E+01
0.129000E+01  0.861904E+01
0.129500E+01  0.872517E+01
0.130000E+01  0.883034E+01
0.130500E+01  0.893457E+01
0.131000E+01  0.903788E+01
0.131500E+01  0.914030E+01
0.132000E+01  0.924182E+01
0.132500E+01  0.934247E+01
0.133000E+01  0.944227E+01
0.133500E+01  0.954122E+01
0.134000E+01  0.963934E+01
0.134500E+01  0.973665E+01
0.135000E+01  0.983317E+01
0.135500E+01  0.992889E+01
0.136000E+01  0.100238E+02
0.136500E+01  0.101180E+02
0.137000E+01  0.102115E+02
0.137500E+01  0.103042E+02
0.138000E+01  0.103962E+02
0.138500E+01  0.104875E+02
0.139000E+01  0.105780E+02
0.139500E+01  0.106679E+02
0.140000E+01  0.107571E+02
0.140500E+01  0.108457E+02
0.141000E+01  0.109336E+02
0.141500E+01  0.110208E+02
0.142000E+01  0.111074E+02
0.142500E+01  0.111934E+02
0.143000E+01  0.112788E+02
0.143500E+01  0.113636E+02
0.144000E+01  0.114478E+02
0.144500E+01  0.115314E+02
0.145000E+01  0.116144E+02
0.145500E+01  0.116969E+02
0.146000E+01  0.117788E+02
0.146500E+01  0.118601E+02
0.147000E+01  0.119410E+02
0.147500E+01  0.120212E+02
0.148000E+01  0.121010E+02
0.148500E+01  0.121803E+02
0.149000E+01  0.122590E+02
0.149500E+01  0.123372E+02
0.150000E+01  0.124150E+02
