0.100500E+01  0.581935E-01
0.101000E+01  0.115504E+00
0.101500E+01  0.171952E+00
0.102000E+01  0.227555E+00
0.102500E+01  0.282333E+00
0.103000E+01  0.336303E+00
0.103500E+01  0.389483E+00
0.104000E+01  0.441890E+00
0.104500E+01  0.493541E+00
0.105000E+01  0.544452E+00
0.105500E+01  0.594639E+00
0.106000E+01  0.644117E+00
0.106500E+01  0.692902E+00
0.107000E+01  0.741009E+00
0.107500E+01  0.788451E+00
0.108000E+01  0.835242E+00
0.108500E+01  0.881398E+00
0.109000E+01  0.926929E+00
0.109500E+01  0.971851E+00
0.110000E+01  0.101617E+01
0.110500E+01  0.105991E+01
0.111000E+01  0.110308E+01
0.111500E+01  0.114568E+01
0.112000E+01  0.118774E+01
0.112500E+01  0.122925E+01
0.113000E+01  0.127024E+01
0.113500E+01  0.131071E+01
0.114000E+01  0.135068E+01
0.114500E+01  0.139015E+01
0.115000E+01  0.142913E+01
0.115500E+01  0.146763E+01
0.116000E+01  0.150567E+01
0.116500E+01  0.154325E+01
0.117000E+01  0.158038E+01
0.117500E+01  0.161707E+01
0.118000E+01  0.165333E+01
0.118500E+01  0.168917E+01
0.119000E+01  0.172459E+01
0.119500E+01  0.175960E+01
0.120000E+01  0.179422E+01
0.120500E+01  0.182844E+01
0.121000E+01  0.186228E+01
0.121500E+01  0.189574E+01
0.122000E+01  0.192884E+01
0.122500E+01  0.196157E+01
0.123000E+01  0.199394E+01
0.123500E+01  0.202597E+01
0.124000E+01  0.205766E+01
0.124500E+01  0.208901E+01
0.125000E+01  0.212002E+01
0.125500E+01  0.215072E+01
0.126000E+01  0.218110E+01
0.126500E+01  0.221116E+01
0.127000E+01  0.224092E+01
0.127500E+01  0.227038E+01
0.128000E+01  0.229955E+01
0.128500E+01  0.232842E+01
0.129000E+01  0.235701E+01
0.129500E+01  0.238532E+01
0.130000E+01  0.241336E+01
0.130500E+01  0.244113E+01
0.131000E+01  0.246863E+01
0.131500E+01  0.249587E+01
0.132000E+01  0.252286E+01
0.132500E+01  0.254960E+01
0.133000E+01  0.257609E+01
0.133500E+01  0.260233E+01
0.134000E+01  0.262834E+01
0.134500E+01  0.265412E+01
0.135000E+01  0.267966E+01
0.135500E+01  0.270498E+01
0.136000E+01  0.273008E+01
0.136500E+01  0.275496E+01
0.137000E+01  0.277963E+01
0.137500E+01  0.280408E+01
0.138000E+01  0.282833E+01
0.138500E+01  0.285237E+01
0.139000E+01  0.287621E+01
0.139500E+01  0.289986E+01
0.140000E+01  0.292331E+01
0.140500E+01  0.294658E+01
0.141000E+01  0.296965E+01
0.141500E+01  0.299254E+01
0.142000E+01  0.301525E+01
0.142500E+01  0.303778E+01
0.143000E+01  0.306014E+01
0.143500E+01  0.308232E+01
0.144000E+01  0.310433E+01
0.144500E+01  0.312618E+01
0.145000E+01  0.314786E+01
0.145500E+01  0.316938E+01
0.146000E+01  0.319075E+01
0.146500E+01  0.321195E+01
0.147000E+01  0.323300E+01
0.147500E+01  0.325390E+01
0.148000E+01  0.327465E+01
0.148500E+01  0.329526E+01
0.149000E+01  0.331572E+01
0.149500E+01  0.333603E+01
0.150000E+01  0.335621E+01
