0.100500E+01  0.204868E+00
0.101000E+01  0.406760E+00
0.101500E+01  0.605739E+00
0.102000E+01  0.801868E+00
0.102500E+01  0.995210E+00
0.103000E+01  0.118582E+01
0.103500E+01  0.137377E+01
0.104000E+01  0.155910E+01
0.104500E+01  0.174188E+01
0.105000E+01  0.192216E+01
0.105500E+01  0.209998E+01
0.106000E+01  0.227541E+01
0.106500E+01  0.244849E+01
0.107000E+01  0.261928E+01
0.107500E+01  0.278781E+01
0.108000E+01  0.295415E+01
0.108500E+01  0.311832E+01
0.109000E+01  0.328039E+01
0.109500E+01  0.344038E+01
0.110000E+01  0.359835E+01
0.110500E+01  0.375433E+01
0.111000E+01  0.390837E+01
0.111500E+01  0.406050E+01
0.112000E+01  0.421077E+01
0.112500E+01  0.435921E+01
0.113000E+01  0.450585E+01
0.113500E+01  0.465074E+01
0.114000E+01  0.479391E+01
0.114500E+01  0.493539E+01
0.115000E+01  0.507521E+01
0.115500E+01  0.521342E+01
0.116000E+01  0.535003E+01
0.116500E+01  0.548509E+01
0.117000E+01  0.561862E+01
0.117500E+01  0.575065E+01
0.118000E+01  0.588121E+01
0.118500E+01  0.601033E+01
0.119000E+01  0.613804E+01
0.119500E+01  0.626436E+01
0.120000E+01  0.638932E+01
0.120500E+01  0.651294E+01
0.121000E+01  0.663526E+01
0.121500E+01  0.675629E+01
0.122000E+01  0.687606E+01
0.122500E+01  0.699460E+01
0.123000E+01  0.711192E+01
0.123500E+01  0.722805E+01
0.124000E+01  0.734301E+01
0.124500E+01  0.745682E+01
0.125000E+01  0.756951E+01
0.125500E+01  0.768109E+01
0.126000E+01  0.779159E+01
0.126500E+01  0.790101E+01
0.127000E+01  0.800940E+01
0.127500E+01  0.811675E+01
0.128000E+01  0.822309E+01
0.128500E+01  0.832845E+01
0.129000E+01  0.843283E+01
0.129500E+01  0.853625E+01
0.130000E+01  0.863873E+01
0.130500E+01  0.874029E+01
0.131000E+01  0.884094E+01
0.131500E+01  0.894071E+01
0.132000E+01  0.903959E+01
0.132500E+01  0.913762E+01
0.133000E+01  0.923480E+01
0.133500E+01  0.933115E+01
0.134000E+01  0.942668E+01
0.134500E+01  0.952141E+01
0.135000E+01  0.961535E+01
0.135500E+01  0.970852E+01
0.136000E+01  0.980092E+01
0.136500E+01  0.989258E+01
0.137000E+01  0.998349E+01
0.137500E+01  0.100737E+02
0.138000E+01  0.101632E+02
0.138500E+01  0.102519E+02
0.139000E+01  0.103400E+02
0.139500E+01  0.104274E+02
0.140000E+01  0.105142E+02
0.140500E+01  0.106003E+02
0.141000E+01  0.106857E+02
0.141500E+01  0.107705E+02
0.142000E+01  0.108547E+02
0.142500E+01  0.109383E+02
0.143000E+01  0.110213E+02
0.143500E+01  0.111036E+02
0.144000E+01  0.111854E+02
0.144500E+01  0.112667E+02
0.145000E+01  0.113473E+02
0.145500E+01  0.114274E+02
0.146000E+01  0.115069E+02
0.146500E+01  0.115859E+02
0.147000E+01  0.116644E+02
0.147500E+01  0.117424E+02
0.148000E+01  0.118198E+02
0.148500E+01  0.118967E+02
0.149000E+01  0.119731E+02
0.149500E+01  0.120491E+02
0.150000E+01  0.121245E+02
