0.100500E+01  0.698465E-01
0.101000E+01  0.138789E+00
0.101500E+01  0.206846E+00
0.102000E+01  0.274035E+00
0.102500E+01  0.340375E+00
0.103000E+01  0.405884E+00
0.103500E+01  0.470577E+00
0.104000E+01  0.534472E+00
0.104500E+01  0.597585E+00
0.105000E+01  0.659932E+00
0.105500E+01  0.721528E+00
0.106000E+01  0.782389E+00
0.106500E+01  0.842529E+00
0.107000E+01  0.901962E+00
0.107500E+01  0.960704E+00
0.108000E+01  0.101877E+01
0.108500E+01  0.107616E+01
0.109000E+01  0.113291E+01
0.109500E+01  0.118902E+01
0.110000E+01  0.124450E+01
0.110500E+01  0.129937E+01
0.111000E+01  0.135363E+01
0.111500E+01  0.140731E+01
0.112000E+01  0.146040E+01
0.112500E+01  0.151293E+01
0.113000E+01  0.156490E+01
0.113500E+01  0.161633E+01
0.114000E+01  0.166721E+01
0.114500E+01  0.171758E+01
0.115000E+01  0.176743E+01
0.115500E+01  0.181677E+01
0.116000E+01  0.186562E+01
0.116500E+01  0.191398E+01
0.117000E+01  0.196186E+01
0.117500E+01  0.200927E+01
0.118000E+01  0.205622E+01
0.118500E+01  0.210273E+01
0.119000E+01  0.214878E+01
0.119500E+01  0.219441E+01
0.120000E+01  0.223960E+01
0.120500E+01  0.228438E+01
0.121000E+01  0.232874E+01
0.121500E+01  0.237270E+01
0.122000E+01  0.241627E+01
0.122500E+01  0.245944E+01
0.123000E+01  0.250223E+01
0.123500E+01  0.254465E+01
0.124000E+01  0.258669E+01
0.124500E+01  0.262838E+01
0.125000E+01  0.266970E+01
0.125500E+01  0.271068E+01
0.126000E+01  0.275131E+01
0.126500E+01  0.279161E+01
0.127000E+01  0.283157E+01
0.127500E+01  0.287121E+01
0.128000E+01  0.291052E+01
0.128500E+01  0.294952E+01
0.129000E+01  0.298822E+01
0.129500E+01  0.302660E+01
0.130000E+01  0.306469E+01
0.130500E+01  0.310248E+01
0.131000E+01  0.313999E+01
0.131500E+01  0.317721E+01
0.132000E+01  0.321415E+01
0.132500E+01  0.325081E+01
0.133000E+01  0.328721E+01
0.133500E+01  0.332334E+01
0.134000E+01  0.335921E+01
0.134500E+01  0.339482E+01
0.135000E+01  0.343018E+01
0.135500E+01  0.346529E+01
0.136000E+01  0.350016E+01
0.136500E+01  0.353478E+01
0.137000E+01  0.356917E+01
0.137500E+01  0.360332E+01
0.138000E+01  0.363725E+01
0.138500E+01  0.367095E+01
0.139000E+01  0.370443E+01
0.139500E+01  0.373769E+01
0.140000E+01  0.377074E+01
0.140500E+01  0.380357E+01
0.141000E+01  0.383620E+01
0.141500E+01  0.386862E+01
0.142000E+01  0.390084E+01
0.142500E+01  0.393286E+01
0.143000E+01  0.396468E+01
0.143500E+01  0.399632E+01
0.144000E+01  0.402776E+01
0.144500E+01  0.405902E+01
0.145000E+01  0.409009E+01
0.145500E+01  0.412099E+01
0.146000E+01  0.415170E+01
0.146500E+01  0.418224E+01
0.147000E+01  0.421261E+01
0.147500E+01  0.424280E+01
0.148000E+01  0.427283E+01
0.148500E+01  0.430270E+01
0.149000E+01  0.433240E+01
0.149500E+01  0.436194E+01
0.150000E+01  0.439132E+01
