0.100500E+01  0.246526E+00
0.101000E+01  0.489170E+00
0.101500E+01  0.728017E+00
0.102000E+01  0.963153E+00
0.102500E+01  0.119466E+01
0.103000E+01  0.142262E+01
0.103500E+01  0.164710E+01
0.104000E+01  0.186819E+01
0.104500E+01  0.208596E+01
0.105000E+01  0.230048E+01
0.105500E+01  0.251183E+01
0.106000E+01  0.272006E+01
0.106500E+01  0.292525E+01
0.107000E+01  0.312747E+01
0.107500E+01  0.332677E+01
0.108000E+01  0.352322E+01
0.108500E+01  0.371688E+01
0.109000E+01  0.390781E+01
0.109500E+01  0.409607E+01
0.110000E+01  0.428171E+01
0.110500E+01  0.446478E+01
0.111000E+01  0.464535E+01
0.111500E+01  0.482346E+01
0.112000E+01  0.499916E+01
0.112500E+01  0.517250E+01
0.113000E+01  0.534354E+01
0.113500E+01  0.551232E+01
0.114000E+01  0.567888E+01
0.114500E+01  0.584327E+01
0.115000E+01  0.600553E+01
0.115500E+01  0.616571E+01
0.116000E+01  0.632385E+01
0.116500E+01  0.647999E+01
0.117000E+01  0.663417E+01
0.117500E+01  0.678642E+01
0.118000E+01  0.693679E+01
0.118500E+01  0.708532E+01
0.119000E+01  0.723203E+01
0.119500E+01  0.737697E+01
0.120000E+01  0.752017E+01
0.120500E+01  0.766167E+01
0.121000E+01  0.780149E+01
0.121500E+01  0.793966E+01
0.122000E+01  0.807623E+01
0.122500E+01  0.821122E+01
0.123000E+01  0.834466E+01
0.123500E+01  0.847658E+01
0.124000E+01  0.860701E+01
0.124500E+01  0.873597E+01
0.125000E+01  0.886350E+01
0.125500E+01  0.898963E+01
0.126000E+01  0.911437E+01
0.126500E+01  0.923775E+01
0.127000E+01  0.935980E+01
0.127500E+01  0.948055E+01
0.128000E+01  0.960001E+01
0.128500E+01  0.971822E+01
0.129000E+01  0.983518E+01
0.129500E+01  0.995094E+01
0.130000E+01  0.100655E+02
0.130500E+01  0.101789E+02
0.131000E+01  0.102911E+02
0.131500E+01  0.104022E+02
0.132000E+01  0.105122E+02
0.132500E+01  0.106212E+02
0.133000E+01  0.107290E+02
0.133500E+01  0.108358E+02
0.134000E+01  0.109416E+02
0.134500E+01  0.110463E+02
0.135000E+01  0.111501E+02
0.135500E+01  0.112528E+02
0.136000E+01  0.113547E+02
0.136500E+01  0.114555E+02
0.137000E+01  0.115555E+02
0.137500E+01  0.116545E+02
0.138000E+01  0.117526E+02
0.138500E+01  0.118499E+02
0.139000E+01  0.119462E+02
0.139500E+01  0.120418E+02
0.140000E+01  0.121365E+02
0.140500E+01  0.122303E+02
0.141000E+01  0.123234E+02
0.141500E+01  0.124156E+02
0.142000E+01  0.125071E+02
0.142500E+01  0.125978E+02
0.143000E+01  0.126878E+02
0.143500E+01  0.127770E+02
0.144000E+01  0.128654E+02
0.144500E+01  0.129532E+02
0.145000E+01  0.130402E+02
0.145500E+01  0.131266E+02
0.146000E+01  0.132122E+02
0.146500E+01  0.132972E+02
0.147000E+01  0.133815E+02
0.147500E+01  0.134652E+02
0.148000E+01  0.135482E+02
0.148500E+01  0.136306E+02
0.149000E+01  0.137124E+02
0.149500E+01  0.137935E+02
0.150000E+01  0.138741E+02
