0.100500E+01  0.162193E+00
0.101000E+01  0.321591E+00
0.101500E+01  0.478258E+00
0.102000E+01  0.632255E+00
0.102500E+01  0.783642E+00
0.103000E+01  0.932479E+00
0.103500E+01  0.107882E+01
0.104000E+01  0.122273E+01
0.104500E+01  0.136426E+01
0.105000E+01  0.150345E+01
0.105500E+01  0.164037E+01
0.106000E+01  0.177506E+01
0.106500E+01  0.190757E+01
0.107000E+01  0.203794E+01
0.107500E+01  0.216624E+01
0.108000E+01  0.229249E+01
0.108500E+01  0.241675E+01
0.109000E+01  0.253906E+01
0.109500E+01  0.265946E+01
0.110000E+01  0.277799E+01
0.110500E+01  0.289469E+01
0.111000E+01  0.300960E+01
0.111500E+01  0.312276E+01
0.112000E+01  0.323421E+01
0.112500E+01  0.334397E+01
0.113000E+01  0.345209E+01
0.113500E+01  0.355861E+01
0.114000E+01  0.366354E+01
0.114500E+01  0.376693E+01
0.115000E+01  0.386882E+01
0.115500E+01  0.396922E+01
0.116000E+01  0.406817E+01
0.116500E+01  0.416570E+01
0.117000E+01  0.426184E+01
0.117500E+01  0.435662E+01
0.118000E+01  0.445006E+01
0.118500E+01  0.454219E+01
0.119000E+01  0.463304E+01
0.119500E+01  0.472263E+01
0.120000E+01  0.481100E+01
0.120500E+01  0.489815E+01
0.121000E+01  0.498412E+01
0.121500E+01  0.506893E+01
0.122000E+01  0.515261E+01
0.122500E+01  0.523517E+01
0.123000E+01  0.531664E+01
0.123500E+01  0.539703E+01
0.124000E+01  0.547637E+01
0.124500E+01  0.555469E+01
0.125000E+01  0.563199E+01
0.125500E+01  0.570830E+01
0.126000E+01  0.578363E+01
0.126500E+01  0.585802E+01
0.127000E+01  0.593146E+01
0.127500E+01  0.600399E+01
0.128000E+01  0.607562E+01
0.128500E+01  0.614636E+01
0.129000E+01  0.621624E+01
0.129500E+01  0.628526E+01
0.130000E+01  0.635345E+01
0.130500E+01  0.642082E+01
0.131000E+01  0.648738E+01
0.131500E+01  0.655315E+01
0.132000E+01  0.661815E+01
0.132500E+01  0.668239E+01
0.133000E+01  0.674587E+01
0.133500E+01  0.680863E+01
0.134000E+01  0.687066E+01
0.134500E+01  0.693199E+01
0.135000E+01  0.699262E+01
0.135500E+01  0.705256E+01
0.136000E+01  0.711184E+01
0.136500E+01  0.717046E+01
0.137000E+01  0.722843E+01
0.137500E+01  0.728577E+01
0.138000E+01  0.734248E+01
0.138500E+01  0.739858E+01
0.139000E+01  0.745407E+01
0.139500E+01  0.750898E+01
0.140000E+01  0.756330E+01
0.140500E+01  0.761705E+01
0.141000E+01  0.767024E+01
0.141500E+01  0.772288E+01
0.142000E+01  0.777498E+01
0.142500E+01  0.782654E+01
0.143000E+01  0.787758E+01
0.143500E+01  0.792810E+01
0.144000E+01  0.797812E+01
0.144500E+01  0.802763E+01
0.145000E+01  0.807666E+01
0.145500E+01  0.812521E+01
0.146000E+01  0.817329E+01
0.146500E+01  0.822090E+01
0.147000E+01  0.826805E+01
0.147500E+01  0.831475E+01
0.148000E+01  0.836101E+01
0.148500E+01  0.840684E+01
0.149000E+01  0.845223E+01
0.149500E+01  0.849721E+01
0.150000E+01  0.854177E+01
