0.100500E+01  0.151558E+00
0.101000E+01  0.301065E+00
0.101500E+01  0.448565E+00
0.102000E+01  0.594101E+00
0.102500E+01  0.737714E+00
0.103000E+01  0.879443E+00
0.103500E+01  0.101933E+01
0.104000E+01  0.115741E+01
0.104500E+01  0.129372E+01
0.105000E+01  0.142830E+01
0.105500E+01  0.156119E+01
0.106000E+01  0.169241E+01
0.106500E+01  0.182201E+01
0.107000E+01  0.195002E+01
0.107500E+01  0.207646E+01
0.108000E+01  0.220137E+01
0.108500E+01  0.232479E+01
0.109000E+01  0.244674E+01
0.109500E+01  0.256724E+01
0.110000E+01  0.268634E+01
0.110500E+01  0.280406E+01
0.111000E+01  0.292042E+01
0.111500E+01  0.303546E+01
0.112000E+01  0.314919E+01
0.112500E+01  0.326165E+01
0.113000E+01  0.337285E+01
0.113500E+01  0.348283E+01
0.114000E+01  0.359161E+01
0.114500E+01  0.369921E+01
0.115000E+01  0.380565E+01
0.115500E+01  0.391096E+01
0.116000E+01  0.401515E+01
0.116500E+01  0.411825E+01
0.117000E+01  0.422029E+01
0.117500E+01  0.432127E+01
0.118000E+01  0.442122E+01
0.118500E+01  0.452016E+01
0.119000E+01  0.461811E+01
0.119500E+01  0.471509E+01
0.120000E+01  0.481111E+01
0.120500E+01  0.490619E+01
0.121000E+01  0.500036E+01
0.121500E+01  0.509361E+01
0.122000E+01  0.518599E+01
0.122500E+01  0.527749E+01
0.123000E+01  0.536814E+01
0.123500E+01  0.545794E+01
0.124000E+01  0.554693E+01
0.124500E+01  0.563510E+01
0.125000E+01  0.572248E+01
0.125500E+01  0.580908E+01
0.126000E+01  0.589491E+01
0.126500E+01  0.597999E+01
0.127000E+01  0.606433E+01
0.127500E+01  0.614794E+01
0.128000E+01  0.623084E+01
0.128500E+01  0.631304E+01
0.129000E+01  0.639455E+01
0.129500E+01  0.647538E+01
0.130000E+01  0.655554E+01
0.130500E+01  0.663505E+01
0.131000E+01  0.671392E+01
0.131500E+01  0.679216E+01
0.132000E+01  0.686977E+01
0.132500E+01  0.694678E+01
0.133000E+01  0.702318E+01
0.133500E+01  0.709899E+01
0.134000E+01  0.717423E+01
0.134500E+01  0.724889E+01
0.135000E+01  0.732299E+01
0.135500E+01  0.739654E+01
0.136000E+01  0.746955E+01
0.136500E+01  0.754202E+01
0.137000E+01  0.761397E+01
0.137500E+01  0.768541E+01
0.138000E+01  0.775633E+01
0.138500E+01  0.782676E+01
0.139000E+01  0.789669E+01
0.139500E+01  0.796614E+01
0.140000E+01  0.803512E+01
0.140500E+01  0.810362E+01
0.141000E+01  0.817167E+01
0.141500E+01  0.823926E+01
0.142000E+01  0.830641E+01
0.142500E+01  0.837312E+01
0.143000E+01  0.843939E+01
0.143500E+01  0.850524E+01
0.144000E+01  0.857067E+01
0.144500E+01  0.863569E+01
0.145000E+01  0.870031E+01
0.145500E+01  0.876452E+01
0.146000E+01  0.882834E+01
0.146500E+01  0.889177E+01
0.147000E+01  0.895483E+01
0.147500E+01  0.901750E+01
0.148000E+01  0.907981E+01
0.148500E+01  0.914175E+01
0.149000E+01  0.920334E+01
0.149500E+01  0.926457E+01
0.150000E+01  0.932545E+01
