0.100500E+01  0.584835E-01
0.101000E+01  0.116018E+00
0.101500E+01  0.172624E+00
0.102000E+01  0.228323E+00
0.102500E+01  0.283135E+00
0.103000E+01  0.337080E+00
0.103500E+01  0.390177E+00
0.104000E+01  0.442444E+00
0.104500E+01  0.493901E+00
0.105000E+01  0.544565E+00
0.105500E+01  0.594453E+00
0.106000E+01  0.643582E+00
0.106500E+01  0.691969E+00
0.107000E+01  0.739630E+00
0.107500E+01  0.786579E+00
0.108000E+01  0.832834E+00
0.108500E+01  0.878408E+00
0.109000E+01  0.923316E+00
0.109500E+01  0.967572E+00
0.110000E+01  0.101119E+01
0.110500E+01  0.105418E+01
0.111000E+01  0.109657E+01
0.111500E+01  0.113835E+01
0.112000E+01  0.117955E+01
0.112500E+01  0.122017E+01
0.113000E+01  0.126023E+01
0.113500E+01  0.129974E+01
0.114000E+01  0.133871E+01
0.114500E+01  0.137716E+01
0.115000E+01  0.141508E+01
0.115500E+01  0.145250E+01
0.116000E+01  0.148942E+01
0.116500E+01  0.152586E+01
0.117000E+01  0.156182E+01
0.117500E+01  0.159731E+01
0.118000E+01  0.163234E+01
0.118500E+01  0.166692E+01
0.119000E+01  0.170107E+01
0.119500E+01  0.173478E+01
0.120000E+01  0.176807E+01
0.120500E+01  0.180095E+01
0.121000E+01  0.183341E+01
0.121500E+01  0.186548E+01
0.122000E+01  0.189716E+01
0.122500E+01  0.192846E+01
0.123000E+01  0.195938E+01
0.123500E+01  0.198993E+01
0.124000E+01  0.202012E+01
0.124500E+01  0.204995E+01
0.125000E+01  0.207944E+01
0.125500E+01  0.210858E+01
0.126000E+01  0.213739E+01
0.126500E+01  0.216587E+01
0.127000E+01  0.219403E+01
0.127500E+01  0.222187E+01
0.128000E+01  0.224940E+01
0.128500E+01  0.227663E+01
0.129000E+01  0.230355E+01
0.129500E+01  0.233018E+01
0.130000E+01  0.235652E+01
0.130500E+01  0.238258E+01
0.131000E+01  0.240836E+01
0.131500E+01  0.243387E+01
0.132000E+01  0.245911E+01
0.132500E+01  0.248409E+01
0.133000E+01  0.250880E+01
0.133500E+01  0.253327E+01
0.134000E+01  0.255748E+01
0.134500E+01  0.258145E+01
0.135000E+01  0.260517E+01
0.135500E+01  0.262866E+01
0.136000E+01  0.265192E+01
0.136500E+01  0.267495E+01
0.137000E+01  0.269775E+01
0.137500E+01  0.272034E+01
0.138000E+01  0.274271E+01
0.138500E+01  0.276486E+01
0.139000E+01  0.278681E+01
0.139500E+01  0.280854E+01
0.140000E+01  0.283008E+01
0.140500E+01  0.285142E+01
0.141000E+01  0.287256E+01
0.141500E+01  0.289351E+01
0.142000E+01  0.291427E+01
0.142500E+01  0.293485E+01
0.143000E+01  0.295524E+01
0.143500E+01  0.297546E+01
0.144000E+01  0.299549E+01
0.144500E+01  0.301536E+01
0.145000E+01  0.303505E+01
0.145500E+01  0.305457E+01
0.146000E+01  0.307393E+01
0.146500E+01  0.309313E+01
0.147000E+01  0.311216E+01
0.147500E+01  0.313104E+01
0.148000E+01  0.314977E+01
0.148500E+01  0.316834E+01
0.149000E+01  0.318676E+01
0.149500E+01  0.320504E+01
0.150000E+01  0.322317E+01
