0.100500E+01  0.103927E+00
0.101000E+01  0.206434E+00
0.101500E+01  0.307550E+00
0.102000E+01  0.407305E+00
0.102500E+01  0.505729E+00
0.103000E+01  0.602848E+00
0.103500E+01  0.698691E+00
0.104000E+01  0.793283E+00
0.104500E+01  0.886651E+00
0.105000E+01  0.978821E+00
0.105500E+01  0.106982E+01
0.106000E+01  0.115966E+01
0.106500E+01  0.124838E+01
0.107000E+01  0.133600E+01
0.107500E+01  0.142254E+01
0.108000E+01  0.150802E+01
0.108500E+01  0.159246E+01
0.109000E+01  0.167589E+01
0.109500E+01  0.175832E+01
0.110000E+01  0.183978E+01
0.110500E+01  0.192028E+01
0.111000E+01  0.199984E+01
0.111500E+01  0.207848E+01
0.112000E+01  0.215623E+01
0.112500E+01  0.223309E+01
0.113000E+01  0.230909E+01
0.113500E+01  0.238424E+01
0.114000E+01  0.245856E+01
0.114500E+01  0.253207E+01
0.115000E+01  0.260477E+01
0.115500E+01  0.267669E+01
0.116000E+01  0.274784E+01
0.116500E+01  0.281824E+01
0.117000E+01  0.288790E+01
0.117500E+01  0.295683E+01
0.118000E+01  0.302505E+01
0.118500E+01  0.309257E+01
0.119000E+01  0.315941E+01
0.119500E+01  0.322557E+01
0.120000E+01  0.329108E+01
0.120500E+01  0.335594E+01
0.121000E+01  0.342016E+01
0.121500E+01  0.348375E+01
0.122000E+01  0.354674E+01
0.122500E+01  0.360912E+01
0.123000E+01  0.367092E+01
0.123500E+01  0.373213E+01
0.124000E+01  0.379278E+01
0.124500E+01  0.385286E+01
0.125000E+01  0.391240E+01
0.125500E+01  0.397140E+01
0.126000E+01  0.402987E+01
0.126500E+01  0.408782E+01
0.127000E+01  0.414526E+01
0.127500E+01  0.420220E+01
0.128000E+01  0.425864E+01
0.128500E+01  0.431460E+01
0.129000E+01  0.437009E+01
0.129500E+01  0.442511E+01
0.130000E+01  0.447967E+01
0.130500E+01  0.453378E+01
0.131000E+01  0.458744E+01
0.131500E+01  0.464067E+01
0.132000E+01  0.469347E+01
0.132500E+01  0.474585E+01
0.133000E+01  0.479782E+01
0.133500E+01  0.484937E+01
0.134000E+01  0.490053E+01
0.134500E+01  0.495130E+01
0.135000E+01  0.500167E+01
0.135500E+01  0.505167E+01
0.136000E+01  0.510130E+01
0.136500E+01  0.515055E+01
0.137000E+01  0.519945E+01
0.137500E+01  0.524798E+01
0.138000E+01  0.529617E+01
0.138500E+01  0.534402E+01
0.139000E+01  0.539152E+01
0.139500E+01  0.543869E+01
0.140000E+01  0.548554E+01
0.140500E+01  0.553206E+01
0.141000E+01  0.557826E+01
0.141500E+01  0.562415E+01
0.142000E+01  0.566974E+01
0.142500E+01  0.571502E+01
0.143000E+01  0.576000E+01
0.143500E+01  0.580470E+01
0.144000E+01  0.584910E+01
0.144500E+01  0.589322E+01
0.145000E+01  0.593706E+01
0.145500E+01  0.598062E+01
0.146000E+01  0.602391E+01
0.146500E+01  0.606694E+01
0.147000E+01  0.610970E+01
0.147500E+01  0.615221E+01
0.148000E+01  0.619446E+01
0.148500E+01  0.623646E+01
0.149000E+01  0.627821E+01
0.149500E+01  0.631972E+01
0.150000E+01  0.636099E+01
