0.100500E+01  0.130342E+00
0.101000E+01  0.258965E+00
0.101500E+01  0.385905E+00
0.102000E+01  0.511196E+00
0.102500E+01  0.634873E+00
0.103000E+01  0.756970E+00
0.103500E+01  0.877518E+00
0.104000E+01  0.996550E+00
0.104500E+01  0.111410E+01
0.105000E+01  0.123019E+01
0.105500E+01  0.134486E+01
0.106000E+01  0.145813E+01
0.106500E+01  0.157003E+01
0.107000E+01  0.168059E+01
0.107500E+01  0.178984E+01
0.108000E+01  0.189781E+01
0.108500E+01  0.200451E+01
0.109000E+01  0.210998E+01
0.109500E+01  0.221423E+01
0.110000E+01  0.231730E+01
0.110500E+01  0.241920E+01
0.111000E+01  0.251997E+01
0.111500E+01  0.261961E+01
0.112000E+01  0.271816E+01
0.112500E+01  0.281563E+01
0.113000E+01  0.291205E+01
0.113500E+01  0.300744E+01
0.114000E+01  0.310181E+01
0.114500E+01  0.319518E+01
0.115000E+01  0.328758E+01
0.115500E+01  0.337902E+01
0.116000E+01  0.346953E+01
0.116500E+01  0.355911E+01
0.117000E+01  0.364779E+01
0.117500E+01  0.373558E+01
0.118000E+01  0.382250E+01
0.118500E+01  0.390857E+01
0.119000E+01  0.399380E+01
0.119500E+01  0.407821E+01
0.120000E+01  0.416181E+01
0.120500E+01  0.424462E+01
0.121000E+01  0.432665E+01
0.121500E+01  0.440791E+01
0.122000E+01  0.448843E+01
0.122500E+01  0.456821E+01
0.123000E+01  0.464726E+01
0.123500E+01  0.472561E+01
0.124000E+01  0.480326E+01
0.124500E+01  0.488022E+01
0.125000E+01  0.495652E+01
0.125500E+01  0.503215E+01
0.126000E+01  0.510713E+01
0.126500E+01  0.518147E+01
0.127000E+01  0.525519E+01
0.127500E+01  0.532829E+01
0.128000E+01  0.540079E+01
0.128500E+01  0.547269E+01
0.129000E+01  0.554401E+01
0.129500E+01  0.561475E+01
0.130000E+01  0.568493E+01
0.130500E+01  0.575456E+01
0.131000E+01  0.582364E+01
0.131500E+01  0.589218E+01
0.132000E+01  0.596020E+01
0.132500E+01  0.602770E+01
0.133000E+01  0.609469E+01
0.133500E+01  0.616118E+01
0.134000E+01  0.622718E+01
0.134500E+01  0.629269E+01
0.135000E+01  0.635773E+01
0.135500E+01  0.642230E+01
0.136000E+01  0.648640E+01
0.136500E+01  0.655006E+01
0.137000E+01  0.661327E+01
0.137500E+01  0.667604E+01
0.138000E+01  0.673838E+01
0.138500E+01  0.680029E+01
0.139000E+01  0.686179E+01
0.139500E+01  0.692287E+01
0.140000E+01  0.698355E+01
0.140500E+01  0.704384E+01
0.141000E+01  0.710373E+01
0.141500E+01  0.716324E+01
0.142000E+01  0.722236E+01
0.142500E+01  0.728112E+01
0.143000E+01  0.733950E+01
0.143500E+01  0.739753E+01
0.144000E+01  0.745520E+01
0.144500E+01  0.751251E+01
0.145000E+01  0.756949E+01
0.145500E+01  0.762612E+01
0.146000E+01  0.768241E+01
0.146500E+01  0.773838E+01
0.147000E+01  0.779402E+01
0.147500E+01  0.784935E+01
0.148000E+01  0.790436E+01
0.148500E+01  0.795905E+01
0.149000E+01  0.801345E+01
0.149500E+01  0.806754E+01
0.150000E+01  0.812133E+01
