0.100500E+01  0.923040E-01
0.101000E+01  0.183121E+00
0.101500E+01  0.272499E+00
0.102000E+01  0.360487E+00
0.102500E+01  0.447131E+00
0.103000E+01  0.532475E+00
0.103500E+01  0.616562E+00
0.104000E+01  0.699433E+00
0.104500E+01  0.781129E+00
0.105000E+01  0.861687E+00
0.105500E+01  0.941145E+00
0.106000E+01  0.101954E+01
0.106500E+01  0.109690E+01
0.107000E+01  0.117327E+01
0.107500E+01  0.124868E+01
0.108000E+01  0.132315E+01
0.108500E+01  0.139673E+01
0.109000E+01  0.146943E+01
0.109500E+01  0.154129E+01
0.110000E+01  0.161233E+01
0.110500E+01  0.168258E+01
0.111000E+01  0.175207E+01
0.111500E+01  0.182082E+01
0.112000E+01  0.188885E+01
0.112500E+01  0.195619E+01
0.113000E+01  0.202286E+01
0.113500E+01  0.208889E+01
0.114000E+01  0.215429E+01
0.114500E+01  0.221909E+01
0.115000E+01  0.228329E+01
0.115500E+01  0.234694E+01
0.116000E+01  0.241003E+01
0.116500E+01  0.247260E+01
0.117000E+01  0.253465E+01
0.117500E+01  0.259621E+01
0.118000E+01  0.265729E+01
0.118500E+01  0.271791E+01
0.119000E+01  0.277808E+01
0.119500E+01  0.283782E+01
0.120000E+01  0.289714E+01
0.120500E+01  0.295606E+01
0.121000E+01  0.301459E+01
0.121500E+01  0.307274E+01
0.122000E+01  0.313053E+01
0.122500E+01  0.318798E+01
0.123000E+01  0.324508E+01
0.123500E+01  0.330186E+01
0.124000E+01  0.335832E+01
0.124500E+01  0.341449E+01
0.125000E+01  0.347036E+01
0.125500E+01  0.352594E+01
0.126000E+01  0.358126E+01
0.126500E+01  0.363632E+01
0.127000E+01  0.369113E+01
0.127500E+01  0.374569E+01
0.128000E+01  0.380003E+01
0.128500E+01  0.385414E+01
0.129000E+01  0.390803E+01
0.129500E+01  0.396173E+01
0.130000E+01  0.401522E+01
0.130500E+01  0.406853E+01
0.131000E+01  0.412165E+01
0.131500E+01  0.417460E+01
0.132000E+01  0.422739E+01
0.132500E+01  0.428002E+01
0.133000E+01  0.433249E+01
0.133500E+01  0.438483E+01
0.134000E+01  0.443702E+01
0.134500E+01  0.448909E+01
0.135000E+01  0.454103E+01
0.135500E+01  0.459285E+01
0.136000E+01  0.464456E+01
0.136500E+01  0.469617E+01
0.137000E+01  0.474768E+01
0.137500E+01  0.479909E+01
0.138000E+01  0.485041E+01
0.138500E+01  0.490165E+01
0.139000E+01  0.495282E+01
0.139500E+01  0.500391E+01
0.140000E+01  0.505493E+01
0.140500E+01  0.510589E+01
0.141000E+01  0.515680E+01
0.141500E+01  0.520765E+01
0.142000E+01  0.525845E+01
0.142500E+01  0.530921E+01
0.143000E+01  0.535994E+01
0.143500E+01  0.541062E+01
0.144000E+01  0.546128E+01
0.144500E+01  0.551191E+01
0.145000E+01  0.556252E+01
0.145500E+01  0.561311E+01
0.146000E+01  0.566369E+01
0.146500E+01  0.571425E+01
0.147000E+01  0.576481E+01
0.147500E+01  0.581537E+01
0.148000E+01  0.586593E+01
0.148500E+01  0.591649E+01
0.149000E+01  0.596706E+01
0.149500E+01  0.601764E+01
0.150000E+01  0.606823E+01
