0.100500E+01  0.155121E+00
0.101000E+01  0.306376E+00
0.101500E+01  0.453951E+00
0.102000E+01  0.598021E+00
0.102500E+01  0.738754E+00
0.103000E+01  0.876307E+00
0.103500E+01  0.101083E+01
0.104000E+01  0.114247E+01
0.104500E+01  0.127136E+01
0.105000E+01  0.139762E+01
0.105500E+01  0.152138E+01
0.106000E+01  0.164277E+01
0.106500E+01  0.176188E+01
0.107000E+01  0.187882E+01
0.107500E+01  0.199369E+01
0.108000E+01  0.210660E+01
0.108500E+01  0.221762E+01
0.109000E+01  0.232685E+01
0.109500E+01  0.243437E+01
0.110000E+01  0.254026E+01
0.110500E+01  0.264459E+01
0.111000E+01  0.274743E+01
0.111500E+01  0.284886E+01
0.112000E+01  0.294894E+01
0.112500E+01  0.304772E+01
0.113000E+01  0.314528E+01
0.113500E+01  0.324166E+01
0.114000E+01  0.333692E+01
0.114500E+01  0.343112E+01
0.115000E+01  0.352430E+01
0.115500E+01  0.361651E+01
0.116000E+01  0.370780E+01
0.116500E+01  0.379820E+01
0.117000E+01  0.388777E+01
0.117500E+01  0.397655E+01
0.118000E+01  0.406456E+01
0.118500E+01  0.415185E+01
0.119000E+01  0.423845E+01
0.119500E+01  0.432440E+01
0.120000E+01  0.440973E+01
0.120500E+01  0.449447E+01
0.121000E+01  0.457865E+01
0.121500E+01  0.466230E+01
0.122000E+01  0.474545E+01
0.122500E+01  0.482813E+01
0.123000E+01  0.491035E+01
0.123500E+01  0.499215E+01
0.124000E+01  0.507354E+01
0.124500E+01  0.515456E+01
0.125000E+01  0.523522E+01
0.125500E+01  0.531555E+01
0.126000E+01  0.539556E+01
0.126500E+01  0.547528E+01
0.127000E+01  0.555472E+01
0.127500E+01  0.563390E+01
0.128000E+01  0.571284E+01
0.128500E+01  0.579156E+01
0.129000E+01  0.587007E+01
0.129500E+01  0.594839E+01
0.130000E+01  0.602654E+01
0.130500E+01  0.610452E+01
0.131000E+01  0.618236E+01
0.131500E+01  0.626007E+01
0.132000E+01  0.633765E+01
0.132500E+01  0.641513E+01
0.133000E+01  0.649252E+01
0.133500E+01  0.656983E+01
0.134000E+01  0.664707E+01
0.134500E+01  0.672424E+01
0.135000E+01  0.680138E+01
0.135500E+01  0.687847E+01
0.136000E+01  0.695554E+01
0.136500E+01  0.703259E+01
0.137000E+01  0.710964E+01
0.137500E+01  0.718669E+01
0.138000E+01  0.726375E+01
0.138500E+01  0.734083E+01
0.139000E+01  0.741795E+01
0.139500E+01  0.749510E+01
0.140000E+01  0.757229E+01
0.140500E+01  0.764955E+01
0.141000E+01  0.772686E+01
0.141500E+01  0.780424E+01
0.142000E+01  0.788170E+01
0.142500E+01  0.795924E+01
0.143000E+01  0.803688E+01
0.143500E+01  0.811461E+01
0.144000E+01  0.819245E+01
0.144500E+01  0.827039E+01
0.145000E+01  0.834845E+01
0.145500E+01  0.842664E+01
0.146000E+01  0.850495E+01
0.146500E+01  0.858340E+01
0.147000E+01  0.866199E+01
0.147500E+01  0.874072E+01
0.148000E+01  0.881961E+01
0.148500E+01  0.889865E+01
0.149000E+01  0.897785E+01
0.149500E+01  0.905721E+01
0.150000E+01  0.913675E+01
