0.100500E+01  0.728012E-01
0.101000E+01  0.144226E+00
0.101500E+01  0.214447E+00
0.102000E+01  0.283630E+00
0.102500E+01  0.351929E+00
0.103000E+01  0.419494E+00
0.103500E+01  0.486468E+00
0.104000E+01  0.552987E+00
0.104500E+01  0.619181E+00
0.105000E+01  0.685175E+00
0.105500E+01  0.751089E+00
0.106000E+01  0.817039E+00
0.106500E+01  0.883137E+00
0.107000E+01  0.949491E+00
0.107500E+01  0.101621E+01
0.108000E+01  0.108338E+01
0.108500E+01  0.115112E+01
0.109000E+01  0.121952E+01
0.109500E+01  0.128868E+01
0.110000E+01  0.135868E+01
0.110500E+01  0.142962E+01
0.111000E+01  0.150159E+01
0.111500E+01  0.157468E+01
0.112000E+01  0.164897E+01
0.112500E+01  0.172455E+01
0.113000E+01  0.180152E+01
0.113500E+01  0.187995E+01
0.114000E+01  0.195993E+01
0.114500E+01  0.204154E+01
0.115000E+01  0.212488E+01
0.115500E+01  0.221003E+01
0.116000E+01  0.229707E+01
0.116500E+01  0.238609E+01
0.117000E+01  0.247717E+01
0.117500E+01  0.257041E+01
0.118000E+01  0.266589E+01
0.118500E+01  0.276369E+01
0.119000E+01  0.286391E+01
0.119500E+01  0.296664E+01
0.120000E+01  0.307197E+01
0.120500E+01  0.317998E+01
0.121000E+01  0.329078E+01
0.121500E+01  0.340445E+01
0.122000E+01  0.352109E+01
0.122500E+01  0.364080E+01
0.123000E+01  0.376368E+01
0.123500E+01  0.388982E+01
0.124000E+01  0.401932E+01
0.124500E+01  0.415230E+01
0.125000E+01  0.428884E+01
0.125500E+01  0.442907E+01
0.126000E+01  0.457307E+01
0.126500E+01  0.472098E+01
0.127000E+01  0.487288E+01
0.127500E+01  0.502891E+01
0.128000E+01  0.518917E+01
0.128500E+01  0.535378E+01
0.129000E+01  0.552286E+01
0.129500E+01  0.569653E+01
0.130000E+01  0.587491E+01
0.130500E+01  0.605813E+01
0.131000E+01  0.624633E+01
0.131500E+01  0.643961E+01
0.132000E+01  0.663813E+01
0.132500E+01  0.684202E+01
0.133000E+01  0.705141E+01
0.133500E+01  0.726644E+01
0.134000E+01  0.748726E+01
0.134500E+01  0.771401E+01
0.135000E+01  0.794685E+01
0.135500E+01  0.818591E+01
0.136000E+01  0.843136E+01
0.136500E+01  0.868335E+01
0.137000E+01  0.894205E+01
0.137500E+01  0.920761E+01
0.138000E+01  0.948020E+01
0.138500E+01  0.975999E+01
0.139000E+01  0.100471E+02
0.139500E+01  0.103419E+02
0.140000E+01  0.106443E+02
0.140500E+01  0.109546E+02
0.141000E+01  0.112731E+02
0.141500E+01  0.115998E+02
0.142000E+01  0.119350E+02
0.142500E+01  0.122788E+02
0.143000E+01  0.126316E+02
0.143500E+01  0.129934E+02
0.144000E+01  0.133644E+02
0.144500E+01  0.137450E+02
0.145000E+01  0.141353E+02
0.145500E+01  0.145355E+02
0.146000E+01  0.149458E+02
0.146500E+01  0.153665E+02
0.147000E+01  0.157978E+02
0.147500E+01  0.162400E+02
0.148000E+01  0.166932E+02
0.148500E+01  0.171578E+02
0.149000E+01  0.176339E+02
0.149500E+01  0.181218E+02
0.150000E+01  0.186218E+02
