0.100500E+01  0.650746E-01
0.101000E+01  0.129833E+00
0.101500E+01  0.194349E+00
0.102000E+01  0.258695E+00
0.102500E+01  0.322938E+00
0.103000E+01  0.387145E+00
0.103500E+01  0.451380E+00
0.104000E+01  0.515704E+00
0.104500E+01  0.580178E+00
0.105000E+01  0.644858E+00
0.105500E+01  0.709802E+00
0.106000E+01  0.775063E+00
0.106500E+01  0.840695E+00
0.107000E+01  0.906749E+00
0.107500E+01  0.973275E+00
0.108000E+01  0.104032E+01
0.108500E+01  0.110794E+01
0.109000E+01  0.117617E+01
0.109500E+01  0.124507E+01
0.110000E+01  0.131467E+01
0.110500E+01  0.138503E+01
0.111000E+01  0.145618E+01
0.111500E+01  0.152816E+01
0.112000E+01  0.160103E+01
0.112500E+01  0.167482E+01
0.113000E+01  0.174957E+01
0.113500E+01  0.182532E+01
0.114000E+01  0.190211E+01
0.114500E+01  0.197998E+01
0.115000E+01  0.205897E+01
0.115500E+01  0.213912E+01
0.116000E+01  0.222046E+01
0.116500E+01  0.230304E+01
0.117000E+01  0.238689E+01
0.117500E+01  0.247204E+01
0.118000E+01  0.255854E+01
0.118500E+01  0.264641E+01
0.119000E+01  0.273571E+01
0.119500E+01  0.282645E+01
0.120000E+01  0.291868E+01
0.120500E+01  0.301243E+01
0.121000E+01  0.310774E+01
0.121500E+01  0.320464E+01
0.122000E+01  0.330317E+01
0.122500E+01  0.340336E+01
0.123000E+01  0.350525E+01
0.123500E+01  0.360887E+01
0.124000E+01  0.371425E+01
0.124500E+01  0.382144E+01
0.125000E+01  0.393046E+01
0.125500E+01  0.404135E+01
0.126000E+01  0.415414E+01
0.126500E+01  0.426887E+01
0.127000E+01  0.438557E+01
0.127500E+01  0.450427E+01
0.128000E+01  0.462502E+01
0.128500E+01  0.474784E+01
0.129000E+01  0.487277E+01
0.129500E+01  0.499984E+01
0.130000E+01  0.512909E+01
0.130500E+01  0.526055E+01
0.131000E+01  0.539426E+01
0.131500E+01  0.553024E+01
0.132000E+01  0.566855E+01
0.132500E+01  0.580921E+01
0.133000E+01  0.595225E+01
0.133500E+01  0.609771E+01
0.134000E+01  0.624563E+01
0.134500E+01  0.639604E+01
0.135000E+01  0.654898E+01
0.135500E+01  0.670448E+01
0.136000E+01  0.686259E+01
0.136500E+01  0.702332E+01
0.137000E+01  0.718673E+01
0.137500E+01  0.735284E+01
0.138000E+01  0.752170E+01
0.138500E+01  0.769334E+01
0.139000E+01  0.786780E+01
0.139500E+01  0.804511E+01
0.140000E+01  0.822531E+01
0.140500E+01  0.840845E+01
0.141000E+01  0.859455E+01
0.141500E+01  0.878365E+01
0.142000E+01  0.897580E+01
0.142500E+01  0.917103E+01
0.143000E+01  0.936939E+01
0.143500E+01  0.957090E+01
0.144000E+01  0.977561E+01
0.144500E+01  0.998356E+01
0.145000E+01  0.101948E+02
0.145500E+01  0.104093E+02
0.146000E+01  0.106272E+02
0.146500E+01  0.108485E+02
0.147000E+01  0.110733E+02
0.147500E+01  0.113015E+02
0.148000E+01  0.115332E+02
0.148500E+01  0.117685E+02
0.149000E+01  0.120074E+02
0.149500E+01  0.122500E+02
0.150000E+01  0.124962E+02
