0.100500E+01  0.273577E-01
0.101000E+01  0.553163E-01
0.101500E+01  0.839235E-01
0.102000E+01  0.113223E+00
0.102500E+01  0.143257E+00
0.103000E+01  0.174064E+00
0.103500E+01  0.205682E+00
0.104000E+01  0.238147E+00
0.104500E+01  0.271495E+00
0.105000E+01  0.305762E+00
0.105500E+01  0.340984E+00
0.106000E+01  0.377198E+00
0.106500E+01  0.414441E+00
0.107000E+01  0.452752E+00
0.107500E+01  0.492170E+00
0.108000E+01  0.532739E+00
0.108500E+01  0.574500E+00
0.109000E+01  0.617500E+00
0.109500E+01  0.661785E+00
0.110000E+01  0.707405E+00
0.110500E+01  0.754412E+00
0.111000E+01  0.802857E+00
0.111500E+01  0.852796E+00
0.112000E+01  0.904283E+00
0.112500E+01  0.957375E+00
0.113000E+01  0.101213E+01
0.113500E+01  0.106861E+01
0.114000E+01  0.112686E+01
0.114500E+01  0.118694E+01
0.115000E+01  0.124892E+01
0.115500E+01  0.131284E+01
0.116000E+01  0.137876E+01
0.116500E+01  0.144673E+01
0.117000E+01  0.151681E+01
0.117500E+01  0.158903E+01
0.118000E+01  0.166347E+01
0.118500E+01  0.174015E+01
0.119000E+01  0.181912E+01
0.119500E+01  0.190045E+01
0.120000E+01  0.198415E+01
0.120500E+01  0.207030E+01
0.121000E+01  0.215892E+01
0.121500E+01  0.225006E+01
0.122000E+01  0.234377E+01
0.122500E+01  0.244009E+01
0.123000E+01  0.253907E+01
0.123500E+01  0.264075E+01
0.124000E+01  0.274518E+01
0.124500E+01  0.285240E+01
0.125000E+01  0.296247E+01
0.125500E+01  0.307543E+01
0.126000E+01  0.319132E+01
0.126500E+01  0.331021E+01
0.127000E+01  0.343214E+01
0.127500E+01  0.355716E+01
0.128000E+01  0.368534E+01
0.128500E+01  0.381671E+01
0.129000E+01  0.395134E+01
0.129500E+01  0.408929E+01
0.130000E+01  0.423060E+01
0.130500E+01  0.437535E+01
0.131000E+01  0.452359E+01
0.131500E+01  0.467538E+01
0.132000E+01  0.483079E+01
0.132500E+01  0.498988E+01
0.133000E+01  0.515270E+01
0.133500E+01  0.531934E+01
0.134000E+01  0.548985E+01
0.134500E+01  0.566430E+01
0.135000E+01  0.584277E+01
0.135500E+01  0.602531E+01
0.136000E+01  0.621201E+01
0.136500E+01  0.640294E+01
0.137000E+01  0.659816E+01
0.137500E+01  0.679776E+01
0.138000E+01  0.700181E+01
0.138500E+01  0.721038E+01
0.139000E+01  0.742355E+01
0.139500E+01  0.764141E+01
0.140000E+01  0.786403E+01
0.140500E+01  0.809149E+01
0.141000E+01  0.832388E+01
0.141500E+01  0.856128E+01
0.142000E+01  0.880378E+01
0.142500E+01  0.905145E+01
0.143000E+01  0.930440E+01
0.143500E+01  0.956269E+01
0.144000E+01  0.982644E+01
0.144500E+01  0.100957E+02
0.145000E+01  0.103706E+02
0.145500E+01  0.106512E+02
0.146000E+01  0.109377E+02
0.146500E+01  0.112300E+02
0.147000E+01  0.115284E+02
0.147500E+01  0.118328E+02
0.148000E+01  0.121435E+02
0.148500E+01  0.124605E+02
0.149000E+01  0.127838E+02
0.149500E+01  0.131137E+02
0.150000E+01  0.134502E+02
