0.100500E+01  0.117973E+00
0.101000E+01  0.233315E+00
0.101500E+01  0.346127E+00
0.102000E+01  0.456508E+00
0.102500E+01  0.564551E+00
0.103000E+01  0.670345E+00
0.103500E+01  0.773975E+00
0.104000E+01  0.875522E+00
0.104500E+01  0.975065E+00
0.105000E+01  0.107268E+01
0.105500E+01  0.116843E+01
0.106000E+01  0.126240E+01
0.106500E+01  0.135463E+01
0.107000E+01  0.144521E+01
0.107500E+01  0.153418E+01
0.108000E+01  0.162161E+01
0.108500E+01  0.170755E+01
0.109000E+01  0.179205E+01
0.109500E+01  0.187516E+01
0.110000E+01  0.195693E+01
0.110500E+01  0.203742E+01
0.111000E+01  0.211665E+01
0.111500E+01  0.219468E+01
0.112000E+01  0.227154E+01
0.112500E+01  0.234728E+01
0.113000E+01  0.242193E+01
0.113500E+01  0.249553E+01
0.114000E+01  0.256812E+01
0.114500E+01  0.263972E+01
0.115000E+01  0.271037E+01
0.115500E+01  0.278011E+01
0.116000E+01  0.284895E+01
0.116500E+01  0.291693E+01
0.117000E+01  0.298409E+01
0.117500E+01  0.305043E+01
0.118000E+01  0.311599E+01
0.118500E+01  0.318080E+01
0.119000E+01  0.324488E+01
0.119500E+01  0.330824E+01
0.120000E+01  0.337092E+01
0.120500E+01  0.343293E+01
0.121000E+01  0.349430E+01
0.121500E+01  0.355504E+01
0.122000E+01  0.361517E+01
0.122500E+01  0.367472E+01
0.123000E+01  0.373369E+01
0.123500E+01  0.379211E+01
0.124000E+01  0.384999E+01
0.124500E+01  0.390735E+01
0.125000E+01  0.396421E+01
0.125500E+01  0.402057E+01
0.126000E+01  0.407646E+01
0.126500E+01  0.413188E+01
0.127000E+01  0.418685E+01
0.127500E+01  0.424139E+01
0.128000E+01  0.429551E+01
0.128500E+01  0.434921E+01
0.129000E+01  0.440251E+01
0.129500E+01  0.445542E+01
0.130000E+01  0.450796E+01
0.130500E+01  0.456013E+01
0.131000E+01  0.461194E+01
0.131500E+01  0.466341E+01
0.132000E+01  0.471454E+01
0.132500E+01  0.476534E+01
0.133000E+01  0.481583E+01
0.133500E+01  0.486600E+01
0.134000E+01  0.491587E+01
0.134500E+01  0.496545E+01
0.135000E+01  0.501475E+01
0.135500E+01  0.506377E+01
0.136000E+01  0.511252E+01
0.136500E+01  0.516101E+01
0.137000E+01  0.520924E+01
0.137500E+01  0.525723E+01
0.138000E+01  0.530497E+01
0.138500E+01  0.535248E+01
0.139000E+01  0.539976E+01
0.139500E+01  0.544682E+01
0.140000E+01  0.549366E+01
0.140500E+01  0.554030E+01
0.141000E+01  0.558672E+01
0.141500E+01  0.563295E+01
0.142000E+01  0.567899E+01
0.142500E+01  0.572483E+01
0.143000E+01  0.577050E+01
0.143500E+01  0.581598E+01
0.144000E+01  0.586129E+01
0.144500E+01  0.590643E+01
0.145000E+01  0.595141E+01
0.145500E+01  0.599622E+01
0.146000E+01  0.604088E+01
0.146500E+01  0.608539E+01
0.147000E+01  0.612975E+01
0.147500E+01  0.617396E+01
0.148000E+01  0.621804E+01
0.148500E+01  0.626198E+01
0.149000E+01  0.630579E+01
0.149500E+01  0.634946E+01
0.150000E+01  0.639302E+01
