0.100500E+01  0.132019E+00
0.101000E+01  0.263267E+00
0.101500E+01  0.393782E+00
0.102000E+01  0.523601E+00
0.102500E+01  0.652760E+00
0.103000E+01  0.781295E+00
0.103500E+01  0.909239E+00
0.104000E+01  0.103663E+01
0.104500E+01  0.116349E+01
0.105000E+01  0.128987E+01
0.105500E+01  0.141579E+01
0.106000E+01  0.154129E+01
0.106500E+01  0.166639E+01
0.107000E+01  0.179112E+01
0.107500E+01  0.191553E+01
0.108000E+01  0.203962E+01
0.108500E+01  0.216345E+01
0.109000E+01  0.228703E+01
0.109500E+01  0.241039E+01
0.110000E+01  0.253356E+01
0.110500E+01  0.265656E+01
0.111000E+01  0.277943E+01
0.111500E+01  0.290220E+01
0.112000E+01  0.302488E+01
0.112500E+01  0.314750E+01
0.113000E+01  0.327009E+01
0.113500E+01  0.339268E+01
0.114000E+01  0.351529E+01
0.114500E+01  0.363794E+01
0.115000E+01  0.376067E+01
0.115500E+01  0.388348E+01
0.116000E+01  0.400642E+01
0.116500E+01  0.412949E+01
0.117000E+01  0.425273E+01
0.117500E+01  0.437616E+01
0.118000E+01  0.449981E+01
0.118500E+01  0.462369E+01
0.119000E+01  0.474782E+01
0.119500E+01  0.487224E+01
0.120000E+01  0.499696E+01
0.120500E+01  0.512201E+01
0.121000E+01  0.524741E+01
0.121500E+01  0.537318E+01
0.122000E+01  0.549934E+01
0.122500E+01  0.562592E+01
0.123000E+01  0.575293E+01
0.123500E+01  0.588041E+01
0.124000E+01  0.600836E+01
0.124500E+01  0.613681E+01
0.125000E+01  0.626579E+01
0.125500E+01  0.639531E+01
0.126000E+01  0.652540E+01
0.126500E+01  0.665608E+01
0.127000E+01  0.678737E+01
0.127500E+01  0.691928E+01
0.128000E+01  0.705185E+01
0.128500E+01  0.718509E+01
0.129000E+01  0.731902E+01
0.129500E+01  0.745367E+01
0.130000E+01  0.758905E+01
0.130500E+01  0.772518E+01
0.131000E+01  0.786210E+01
0.131500E+01  0.799981E+01
0.132000E+01  0.813834E+01
0.132500E+01  0.827772E+01
0.133000E+01  0.841795E+01
0.133500E+01  0.855906E+01
0.134000E+01  0.870108E+01
0.134500E+01  0.884402E+01
0.135000E+01  0.898790E+01
0.135500E+01  0.913275E+01
0.136000E+01  0.927859E+01
0.136500E+01  0.942543E+01
0.137000E+01  0.957330E+01
0.137500E+01  0.972222E+01
0.138000E+01  0.987221E+01
0.138500E+01  0.100233E+02
0.139000E+01  0.101755E+02
0.139500E+01  0.103288E+02
0.140000E+01  0.104833E+02
0.140500E+01  0.106390E+02
0.141000E+01  0.107958E+02
0.141500E+01  0.109539E+02
0.142000E+01  0.111132E+02
0.142500E+01  0.112738E+02
0.143000E+01  0.114356E+02
0.143500E+01  0.115988E+02
0.144000E+01  0.117633E+02
0.144500E+01  0.119291E+02
0.145000E+01  0.120964E+02
0.145500E+01  0.122650E+02
0.146000E+01  0.124350E+02
0.146500E+01  0.126064E+02
0.147000E+01  0.127793E+02
0.147500E+01  0.129537E+02
0.148000E+01  0.131296E+02
0.148500E+01  0.133070E+02
0.149000E+01  0.134860E+02
0.149500E+01  0.136666E+02
0.150000E+01  0.138487E+02
