0.100500E+01  0.246780E-01
0.101000E+01  0.485859E-01
0.101500E+01  0.717603E-01
0.102000E+01  0.942364E-01
0.102500E+01  0.116048E+00
0.103000E+01  0.137227E+00
0.103500E+01  0.157804E+00
0.104000E+01  0.177809E+00
0.104500E+01  0.197269E+00
0.105000E+01  0.216211E+00
0.105500E+01  0.234661E+00
0.106000E+01  0.252642E+00
0.106500E+01  0.270179E+00
0.107000E+01  0.287294E+00
0.107500E+01  0.304007E+00
0.108000E+01  0.320340E+00
0.108500E+01  0.336311E+00
0.109000E+01  0.351939E+00
0.109500E+01  0.367241E+00
0.110000E+01  0.382236E+00
0.110500E+01  0.396938E+00
0.111000E+01  0.411363E+00
0.111500E+01  0.425526E+00
0.112000E+01  0.439441E+00
0.112500E+01  0.453122E+00
0.113000E+01  0.466581E+00
0.113500E+01  0.479830E+00
0.114000E+01  0.492882E+00
0.114500E+01  0.505747E+00
0.115000E+01  0.518436E+00
0.115500E+01  0.530959E+00
0.116000E+01  0.543327E+00
0.116500E+01  0.555548E+00
0.117000E+01  0.567631E+00
0.117500E+01  0.579585E+00
0.118000E+01  0.591418E+00
0.118500E+01  0.603138E+00
0.119000E+01  0.614753E+00
0.119500E+01  0.626268E+00
0.120000E+01  0.637692E+00
0.120500E+01  0.649030E+00
0.121000E+01  0.660290E+00
0.121500E+01  0.671476E+00
0.122000E+01  0.682594E+00
0.122500E+01  0.693651E+00
0.123000E+01  0.704650E+00
0.123500E+01  0.715598E+00
0.124000E+01  0.726498E+00
0.124500E+01  0.737356E+00
0.125000E+01  0.748176E+00
0.125500E+01  0.758962E+00
0.126000E+01  0.769718E+00
0.126500E+01  0.780448E+00
0.127000E+01  0.791156E+00
0.127500E+01  0.801845E+00
0.128000E+01  0.812518E+00
0.128500E+01  0.823179E+00
0.129000E+01  0.833832E+00
0.129500E+01  0.844478E+00
0.130000E+01  0.855121E+00
0.130500E+01  0.865764E+00
0.131000E+01  0.876409E+00
0.131500E+01  0.887060E+00
0.132000E+01  0.897717E+00
0.132500E+01  0.908385E+00
0.133000E+01  0.919065E+00
0.133500E+01  0.929759E+00
0.134000E+01  0.940470E+00
0.134500E+01  0.951200E+00
0.135000E+01  0.961951E+00
0.135500E+01  0.972724E+00
0.136000E+01  0.983522E+00
0.136500E+01  0.994346E+00
0.137000E+01  0.100520E+01
0.137500E+01  0.101608E+01
0.138000E+01  0.102699E+01
0.138500E+01  0.103794E+01
0.139000E+01  0.104892E+01
0.139500E+01  0.105994E+01
0.140000E+01  0.107100E+01
0.140500E+01  0.108209E+01
0.141000E+01  0.109323E+01
0.141500E+01  0.110441E+01
0.142000E+01  0.111563E+01
0.142500E+01  0.112690E+01
0.143000E+01  0.113821E+01
0.143500E+01  0.114958E+01
0.144000E+01  0.116099E+01
0.144500E+01  0.117245E+01
0.145000E+01  0.118396E+01
0.145500E+01  0.119552E+01
0.146000E+01  0.120714E+01
0.146500E+01  0.121882E+01
0.147000E+01  0.123055E+01
0.147500E+01  0.124233E+01
0.148000E+01  0.125418E+01
0.148500E+01  0.126608E+01
0.149000E+01  0.127805E+01
0.149500E+01  0.129008E+01
0.150000E+01  0.130217E+01
