0.100500E+01  0.998725E-01
0.101000E+01  0.198073E+00
0.101500E+01  0.294677E+00
0.102000E+01  0.389759E+00
0.102500E+01  0.483385E+00
0.103000E+01  0.575621E+00
0.103500E+01  0.666529E+00
0.104000E+01  0.756167E+00
0.104500E+01  0.844591E+00
0.105000E+01  0.931853E+00
0.105500E+01  0.101800E+01
0.106000E+01  0.110309E+01
0.106500E+01  0.118716E+01
0.107000E+01  0.127025E+01
0.107500E+01  0.135241E+01
0.108000E+01  0.143367E+01
0.108500E+01  0.151407E+01
0.109000E+01  0.159365E+01
0.109500E+01  0.167245E+01
0.110000E+01  0.175048E+01
0.110500E+01  0.182779E+01
0.111000E+01  0.190440E+01
0.111500E+01  0.198035E+01
0.112000E+01  0.205565E+01
0.112500E+01  0.213034E+01
0.113000E+01  0.220444E+01
0.113500E+01  0.227796E+01
0.114000E+01  0.235095E+01
0.114500E+01  0.242341E+01
0.115000E+01  0.249537E+01
0.115500E+01  0.256685E+01
0.116000E+01  0.263786E+01
0.116500E+01  0.270843E+01
0.117000E+01  0.277857E+01
0.117500E+01  0.284830E+01
0.118000E+01  0.291763E+01
0.118500E+01  0.298659E+01
0.119000E+01  0.305518E+01
0.119500E+01  0.312343E+01
0.120000E+01  0.319134E+01
0.120500E+01  0.325892E+01
0.121000E+01  0.332620E+01
0.121500E+01  0.339318E+01
0.122000E+01  0.345988E+01
0.122500E+01  0.352630E+01
0.123000E+01  0.359247E+01
0.123500E+01  0.365838E+01
0.124000E+01  0.372405E+01
0.124500E+01  0.378949E+01
0.125000E+01  0.385470E+01
0.125500E+01  0.391971E+01
0.126000E+01  0.398452E+01
0.126500E+01  0.404913E+01
0.127000E+01  0.411355E+01
0.127500E+01  0.417780E+01
0.128000E+01  0.424188E+01
0.128500E+01  0.430579E+01
0.129000E+01  0.436956E+01
0.129500E+01  0.443317E+01
0.130000E+01  0.449665E+01
0.130500E+01  0.455999E+01
0.131000E+01  0.462321E+01
0.131500E+01  0.468630E+01
0.132000E+01  0.474928E+01
0.132500E+01  0.481216E+01
0.133000E+01  0.487493E+01
0.133500E+01  0.493760E+01
0.134000E+01  0.500019E+01
0.134500E+01  0.506269E+01
0.135000E+01  0.512511E+01
0.135500E+01  0.518745E+01
0.136000E+01  0.524972E+01
0.136500E+01  0.531193E+01
0.137000E+01  0.537408E+01
0.137500E+01  0.543617E+01
0.138000E+01  0.549821E+01
0.138500E+01  0.556020E+01
0.139000E+01  0.562215E+01
0.139500E+01  0.568406E+01
0.140000E+01  0.574593E+01
0.140500E+01  0.580778E+01
0.141000E+01  0.586959E+01
0.141500E+01  0.593139E+01
0.142000E+01  0.599316E+01
0.142500E+01  0.605491E+01
0.143000E+01  0.611666E+01
0.143500E+01  0.617839E+01
0.144000E+01  0.624012E+01
0.144500E+01  0.630185E+01
0.145000E+01  0.636357E+01
0.145500E+01  0.642530E+01
0.146000E+01  0.648704E+01
0.146500E+01  0.654878E+01
0.147000E+01  0.661054E+01
0.147500E+01  0.667232E+01
0.148000E+01  0.673411E+01
0.148500E+01  0.679592E+01
0.149000E+01  0.685776E+01
0.149500E+01  0.691962E+01
0.150000E+01  0.698151E+01
