0.100500E+01  0.565060E-01
0.101000E+01  0.113018E+00
0.101500E+01  0.169603E+00
0.102000E+01  0.226329E+00
0.102500E+01  0.283262E+00
0.103000E+01  0.340467E+00
0.103500E+01  0.398010E+00
0.104000E+01  0.455955E+00
0.104500E+01  0.514367E+00
0.105000E+01  0.573310E+00
0.105500E+01  0.632848E+00
0.106000E+01  0.693044E+00
0.106500E+01  0.753963E+00
0.107000E+01  0.815668E+00
0.107500E+01  0.878223E+00
0.108000E+01  0.941694E+00
0.108500E+01  0.100614E+01
0.109000E+01  0.107164E+01
0.109500E+01  0.113824E+01
0.110000E+01  0.120602E+01
0.110500E+01  0.127504E+01
0.111000E+01  0.134536E+01
0.111500E+01  0.141707E+01
0.112000E+01  0.149021E+01
0.112500E+01  0.156487E+01
0.113000E+01  0.164111E+01
0.113500E+01  0.171900E+01
0.114000E+01  0.179861E+01
0.114500E+01  0.188001E+01
0.115000E+01  0.196329E+01
0.115500E+01  0.204850E+01
0.116000E+01  0.213573E+01
0.116500E+01  0.222504E+01
0.117000E+01  0.231653E+01
0.117500E+01  0.241026E+01
0.118000E+01  0.250631E+01
0.118500E+01  0.260476E+01
0.119000E+01  0.270570E+01
0.119500E+01  0.280920E+01
0.120000E+01  0.291535E+01
0.120500E+01  0.302423E+01
0.121000E+01  0.313593E+01
0.121500E+01  0.325054E+01
0.122000E+01  0.336814E+01
0.122500E+01  0.348882E+01
0.123000E+01  0.361268E+01
0.123500E+01  0.373981E+01
0.124000E+01  0.387029E+01
0.124500E+01  0.400424E+01
0.125000E+01  0.414173E+01
0.125500E+01  0.428288E+01
0.126000E+01  0.442778E+01
0.126500E+01  0.457654E+01
0.127000E+01  0.472925E+01
0.127500E+01  0.488603E+01
0.128000E+01  0.504698E+01
0.128500E+01  0.521221E+01
0.129000E+01  0.538182E+01
0.129500E+01  0.555594E+01
0.130000E+01  0.573467E+01
0.130500E+01  0.591814E+01
0.131000E+01  0.610646E+01
0.131500E+01  0.629975E+01
0.132000E+01  0.649813E+01
0.132500E+01  0.670173E+01
0.133000E+01  0.691067E+01
0.133500E+01  0.712509E+01
0.134000E+01  0.734510E+01
0.134500E+01  0.757086E+01
0.135000E+01  0.780248E+01
0.135500E+01  0.804011E+01
0.136000E+01  0.828389E+01
0.136500E+01  0.853397E+01
0.137000E+01  0.879047E+01
0.137500E+01  0.905356E+01
0.138000E+01  0.932337E+01
0.138500E+01  0.960007E+01
0.139000E+01  0.988381E+01
0.139500E+01  0.101747E+02
0.140000E+01  0.104730E+02
0.140500E+01  0.107788E+02
0.141000E+01  0.110923E+02
0.141500E+01  0.114136E+02
0.142000E+01  0.117430E+02
0.142500E+01  0.120805E+02
0.143000E+01  0.124264E+02
0.143500E+01  0.127809E+02
0.144000E+01  0.131441E+02
0.144500E+01  0.135162E+02
0.145000E+01  0.138974E+02
0.145500E+01  0.142879E+02
0.146000E+01  0.146878E+02
0.146500E+01  0.150975E+02
0.147000E+01  0.155171E+02
0.147500E+01  0.159467E+02
0.148000E+01  0.163866E+02
0.148500E+01  0.168371E+02
0.149000E+01  0.172982E+02
0.149500E+01  0.177703E+02
0.150000E+01  0.182536E+02
