0.100500E+01  0.623285E-01
0.101000E+01  0.123431E+00
0.101500E+01  0.183340E+00
0.102000E+01  0.242090E+00
0.102500E+01  0.299711E+00
0.103000E+01  0.356234E+00
0.103500E+01  0.411691E+00
0.104000E+01  0.466111E+00
0.104500E+01  0.519522E+00
0.105000E+01  0.571954E+00
0.105500E+01  0.623432E+00
0.106000E+01  0.673985E+00
0.106500E+01  0.723639E+00
0.107000E+01  0.772420E+00
0.107500E+01  0.820352E+00
0.108000E+01  0.867461E+00
0.108500E+01  0.913769E+00
0.109000E+01  0.959302E+00
0.109500E+01  0.100408E+01
0.110000E+01  0.104813E+01
0.110500E+01  0.109147E+01
0.111000E+01  0.113413E+01
0.111500E+01  0.117612E+01
0.112000E+01  0.121746E+01
0.112500E+01  0.125818E+01
0.113000E+01  0.129830E+01
0.113500E+01  0.133783E+01
0.114000E+01  0.137679E+01
0.114500E+01  0.141521E+01
0.115000E+01  0.145310E+01
0.115500E+01  0.149048E+01
0.116000E+01  0.152736E+01
0.116500E+01  0.156377E+01
0.117000E+01  0.159972E+01
0.117500E+01  0.163523E+01
0.118000E+01  0.167032E+01
0.118500E+01  0.170499E+01
0.119000E+01  0.173927E+01
0.119500E+01  0.177318E+01
0.120000E+01  0.180672E+01
0.120500E+01  0.183991E+01
0.121000E+01  0.187277E+01
0.121500E+01  0.190532E+01
0.122000E+01  0.193756E+01
0.122500E+01  0.196951E+01
0.123000E+01  0.200118E+01
0.123500E+01  0.203259E+01
0.124000E+01  0.206375E+01
0.124500E+01  0.209468E+01
0.125000E+01  0.212538E+01
0.125500E+01  0.215588E+01
0.126000E+01  0.218618E+01
0.126500E+01  0.221629E+01
0.127000E+01  0.224623E+01
0.127500E+01  0.227601E+01
0.128000E+01  0.230563E+01
0.128500E+01  0.233513E+01
0.129000E+01  0.236449E+01
0.129500E+01  0.239375E+01
0.130000E+01  0.242290E+01
0.130500E+01  0.245196E+01
0.131000E+01  0.248093E+01
0.131500E+01  0.250984E+01
0.132000E+01  0.253869E+01
0.132500E+01  0.256749E+01
0.133000E+01  0.259625E+01
0.133500E+01  0.262499E+01
0.134000E+01  0.265370E+01
0.134500E+01  0.268241E+01
0.135000E+01  0.271112E+01
0.135500E+01  0.273984E+01
0.136000E+01  0.276858E+01
0.136500E+01  0.279736E+01
0.137000E+01  0.282617E+01
0.137500E+01  0.285504E+01
0.138000E+01  0.288397E+01
0.138500E+01  0.291296E+01
0.139000E+01  0.294203E+01
0.139500E+01  0.297119E+01
0.140000E+01  0.300045E+01
0.140500E+01  0.302981E+01
0.141000E+01  0.305929E+01
0.141500E+01  0.308888E+01
0.142000E+01  0.311861E+01
0.142500E+01  0.314848E+01
0.143000E+01  0.317850E+01
0.143500E+01  0.320867E+01
0.144000E+01  0.323902E+01
0.144500E+01  0.326953E+01
0.145000E+01  0.330023E+01
0.145500E+01  0.333112E+01
0.146000E+01  0.336221E+01
0.146500E+01  0.339350E+01
0.147000E+01  0.342501E+01
0.147500E+01  0.345675E+01
0.148000E+01  0.348872E+01
0.148500E+01  0.352092E+01
0.149000E+01  0.355338E+01
0.149500E+01  0.358609E+01
0.150000E+01  0.361907E+01
