0.100500E+01  0.581457E-01
0.101000E+01  0.115160E+00
0.101500E+01  0.171078E+00
0.102000E+01  0.225937E+00
0.102500E+01  0.279767E+00
0.103000E+01  0.332603E+00
0.103500E+01  0.384474E+00
0.104000E+01  0.435409E+00
0.104500E+01  0.485438E+00
0.105000E+01  0.534586E+00
0.105500E+01  0.582880E+00
0.106000E+01  0.630345E+00
0.106500E+01  0.677005E+00
0.107000E+01  0.722883E+00
0.107500E+01  0.768001E+00
0.108000E+01  0.812380E+00
0.108500E+01  0.856042E+00
0.109000E+01  0.899006E+00
0.109500E+01  0.941292E+00
0.110000E+01  0.982916E+00
0.110500E+01  0.102390E+01
0.111000E+01  0.106426E+01
0.111500E+01  0.110400E+01
0.112000E+01  0.114316E+01
0.112500E+01  0.118174E+01
0.113000E+01  0.121975E+01
0.113500E+01  0.125722E+01
0.114000E+01  0.129415E+01
0.114500E+01  0.133057E+01
0.115000E+01  0.136647E+01
0.115500E+01  0.140188E+01
0.116000E+01  0.143681E+01
0.116500E+01  0.147127E+01
0.117000E+01  0.150527E+01
0.117500E+01  0.153882E+01
0.118000E+01  0.157193E+01
0.118500E+01  0.160462E+01
0.119000E+01  0.163689E+01
0.119500E+01  0.166875E+01
0.120000E+01  0.170022E+01
0.120500E+01  0.173130E+01
0.121000E+01  0.176200E+01
0.121500E+01  0.179233E+01
0.122000E+01  0.182230E+01
0.122500E+01  0.185192E+01
0.123000E+01  0.188119E+01
0.123500E+01  0.191012E+01
0.124000E+01  0.193873E+01
0.124500E+01  0.196701E+01
0.125000E+01  0.199498E+01
0.125500E+01  0.202264E+01
0.126000E+01  0.205000E+01
0.126500E+01  0.207706E+01
0.127000E+01  0.210384E+01
0.127500E+01  0.213034E+01
0.128000E+01  0.215656E+01
0.128500E+01  0.218251E+01
0.129000E+01  0.220820E+01
0.129500E+01  0.223363E+01
0.130000E+01  0.225881E+01
0.130500E+01  0.228375E+01
0.131000E+01  0.230844E+01
0.131500E+01  0.233290E+01
0.132000E+01  0.235712E+01
0.132500E+01  0.238112E+01
0.133000E+01  0.240490E+01
0.133500E+01  0.242847E+01
0.134000E+01  0.245182E+01
0.134500E+01  0.247497E+01
0.135000E+01  0.249791E+01
0.135500E+01  0.252065E+01
0.136000E+01  0.254321E+01
0.136500E+01  0.256557E+01
0.137000E+01  0.258774E+01
0.137500E+01  0.260974E+01
0.138000E+01  0.263155E+01
0.138500E+01  0.265319E+01
0.139000E+01  0.267466E+01
0.139500E+01  0.269597E+01
0.140000E+01  0.271711E+01
0.140500E+01  0.273809E+01
0.141000E+01  0.275892E+01
0.141500E+01  0.277959E+01
0.142000E+01  0.280011E+01
0.142500E+01  0.282049E+01
0.143000E+01  0.284072E+01
0.143500E+01  0.286081E+01
0.144000E+01  0.288077E+01
0.144500E+01  0.290059E+01
0.145000E+01  0.292028E+01
0.145500E+01  0.293984E+01
0.146000E+01  0.295928E+01
0.146500E+01  0.297859E+01
0.147000E+01  0.299778E+01
0.147500E+01  0.301686E+01
0.148000E+01  0.303582E+01
0.148500E+01  0.305466E+01
0.149000E+01  0.307340E+01
0.149500E+01  0.309203E+01
0.150000E+01  0.311055E+01
