0.100500E+01  0.224531E-01
0.101000E+01  0.450321E-01
0.101500E+01  0.677710E-01
0.102000E+01  0.907036E-01
0.102500E+01  0.113862E+00
0.103000E+01  0.137280E+00
0.103500E+01  0.160988E+00
0.104000E+01  0.185017E+00
0.104500E+01  0.209399E+00
0.105000E+01  0.234165E+00
0.105500E+01  0.259345E+00
0.106000E+01  0.284969E+00
0.106500E+01  0.311069E+00
0.107000E+01  0.337675E+00
0.107500E+01  0.364817E+00
0.108000E+01  0.392527E+00
0.108500E+01  0.420835E+00
0.109000E+01  0.449773E+00
0.109500E+01  0.479372E+00
0.110000E+01  0.509663E+00
0.110500E+01  0.540680E+00
0.111000E+01  0.572453E+00
0.111500E+01  0.605017E+00
0.112000E+01  0.638403E+00
0.112500E+01  0.672646E+00
0.113000E+01  0.707780E+00
0.113500E+01  0.743838E+00
0.114000E+01  0.780856E+00
0.114500E+01  0.818870E+00
0.115000E+01  0.857914E+00
0.115500E+01  0.898025E+00
0.116000E+01  0.939241E+00
0.116500E+01  0.981598E+00
0.117000E+01  0.102513E+01
0.117500E+01  0.106989E+01
0.118000E+01  0.111590E+01
0.118500E+01  0.116321E+01
0.119000E+01  0.121186E+01
0.119500E+01  0.126189E+01
0.120000E+01  0.131333E+01
0.120500E+01  0.136624E+01
0.121000E+01  0.142066E+01
0.121500E+01  0.147663E+01
0.122000E+01  0.153419E+01
0.122500E+01  0.159340E+01
0.123000E+01  0.165429E+01
0.123500E+01  0.171692E+01
0.124000E+01  0.178132E+01
0.124500E+01  0.184756E+01
0.125000E+01  0.191568E+01
0.125500E+01  0.198573E+01
0.126000E+01  0.205777E+01
0.126500E+01  0.213183E+01
0.127000E+01  0.220799E+01
0.127500E+01  0.228629E+01
0.128000E+01  0.236678E+01
0.128500E+01  0.244953E+01
0.129000E+01  0.253458E+01
0.129500E+01  0.262201E+01
0.130000E+01  0.271186E+01
0.130500E+01  0.280420E+01
0.131000E+01  0.289909E+01
0.131500E+01  0.299659E+01
0.132000E+01  0.309677E+01
0.132500E+01  0.319968E+01
0.133000E+01  0.330541E+01
0.133500E+01  0.341400E+01
0.134000E+01  0.352554E+01
0.134500E+01  0.364008E+01
0.135000E+01  0.375771E+01
0.135500E+01  0.387849E+01
0.136000E+01  0.400250E+01
0.136500E+01  0.412981E+01
0.137000E+01  0.426049E+01
0.137500E+01  0.439464E+01
0.138000E+01  0.453231E+01
0.138500E+01  0.467360E+01
0.139000E+01  0.481859E+01
0.139500E+01  0.496735E+01
0.140000E+01  0.511998E+01
0.140500E+01  0.527656E+01
0.141000E+01  0.543718E+01
0.141500E+01  0.560193E+01
0.142000E+01  0.577089E+01
0.142500E+01  0.594417E+01
0.143000E+01  0.612185E+01
0.143500E+01  0.630403E+01
0.144000E+01  0.649081E+01
0.144500E+01  0.668228E+01
0.145000E+01  0.687856E+01
0.145500E+01  0.707974E+01
0.146000E+01  0.728592E+01
0.146500E+01  0.749722E+01
0.147000E+01  0.771373E+01
0.147500E+01  0.793558E+01
0.148000E+01  0.816287E+01
0.148500E+01  0.839572E+01
0.149000E+01  0.863425E+01
0.149500E+01  0.887856E+01
0.150000E+01  0.912879E+01
