0.100500E+01  0.108132E+00
0.101000E+01  0.213887E+00
0.101500E+01  0.317403E+00
0.102000E+01  0.418813E+00
0.102500E+01  0.518241E+00
0.103000E+01  0.615809E+00
0.103500E+01  0.711632E+00
0.104000E+01  0.805821E+00
0.104500E+01  0.898480E+00
0.105000E+01  0.989711E+00
0.105500E+01  0.107961E+01
0.106000E+01  0.116827E+01
0.106500E+01  0.125579E+01
0.107000E+01  0.134224E+01
0.107500E+01  0.142771E+01
0.108000E+01  0.151227E+01
0.108500E+01  0.159602E+01
0.109000E+01  0.167901E+01
0.109500E+01  0.176132E+01
0.110000E+01  0.184302E+01
0.110500E+01  0.192417E+01
0.111000E+01  0.200484E+01
0.111500E+01  0.208509E+01
0.112000E+01  0.216498E+01
0.112500E+01  0.224456E+01
0.113000E+01  0.232389E+01
0.113500E+01  0.240303E+01
0.114000E+01  0.248203E+01
0.114500E+01  0.256094E+01
0.115000E+01  0.263981E+01
0.115500E+01  0.271869E+01
0.116000E+01  0.279762E+01
0.116500E+01  0.287666E+01
0.117000E+01  0.295584E+01
0.117500E+01  0.303522E+01
0.118000E+01  0.311483E+01
0.118500E+01  0.319471E+01
0.119000E+01  0.327491E+01
0.119500E+01  0.335547E+01
0.120000E+01  0.343643E+01
0.120500E+01  0.351783E+01
0.121000E+01  0.359970E+01
0.121500E+01  0.368209E+01
0.122000E+01  0.376503E+01
0.122500E+01  0.384856E+01
0.123000E+01  0.393271E+01
0.123500E+01  0.401752E+01
0.124000E+01  0.410303E+01
0.124500E+01  0.418927E+01
0.125000E+01  0.427628E+01
0.125500E+01  0.436408E+01
0.126000E+01  0.445273E+01
0.126500E+01  0.454224E+01
0.127000E+01  0.463265E+01
0.127500E+01  0.472401E+01
0.128000E+01  0.481633E+01
0.128500E+01  0.490966E+01
0.129000E+01  0.500402E+01
0.129500E+01  0.509945E+01
0.130000E+01  0.519599E+01
0.130500E+01  0.529367E+01
0.131000E+01  0.539251E+01
0.131500E+01  0.549255E+01
0.132000E+01  0.559383E+01
0.132500E+01  0.569638E+01
0.133000E+01  0.580023E+01
0.133500E+01  0.590542E+01
0.134000E+01  0.601197E+01
0.134500E+01  0.611992E+01
0.135000E+01  0.622930E+01
0.135500E+01  0.634015E+01
0.136000E+01  0.645251E+01
0.136500E+01  0.656639E+01
0.137000E+01  0.668185E+01
0.137500E+01  0.679890E+01
0.138000E+01  0.691759E+01
0.138500E+01  0.703795E+01
0.139000E+01  0.716001E+01
0.139500E+01  0.728381E+01
0.140000E+01  0.740939E+01
0.140500E+01  0.753677E+01
0.141000E+01  0.766600E+01
0.141500E+01  0.779711E+01
0.142000E+01  0.793013E+01
0.142500E+01  0.806510E+01
0.143000E+01  0.820205E+01
0.143500E+01  0.834103E+01
0.144000E+01  0.848207E+01
0.144500E+01  0.862521E+01
0.145000E+01  0.877048E+01
0.145500E+01  0.891792E+01
0.146000E+01  0.906757E+01
0.146500E+01  0.921947E+01
0.147000E+01  0.937365E+01
0.147500E+01  0.953016E+01
0.148000E+01  0.968903E+01
0.148500E+01  0.985031E+01
0.149000E+01  0.100140E+02
0.149500E+01  0.101802E+02
0.150000E+01  0.103490E+02
