0.100500E+01  0.588119E-01
0.101000E+01  0.116264E+00
0.101500E+01  0.172408E+00
0.102000E+01  0.227295E+00
0.102500E+01  0.280971E+00
0.103000E+01  0.333482E+00
0.103500E+01  0.384873E+00
0.104000E+01  0.435185E+00
0.104500E+01  0.484460E+00
0.105000E+01  0.532735E+00
0.105500E+01  0.580048E+00
0.106000E+01  0.626435E+00
0.106500E+01  0.671929E+00
0.107000E+01  0.716565E+00
0.107500E+01  0.760374E+00
0.108000E+01  0.803385E+00
0.108500E+01  0.845629E+00
0.109000E+01  0.887133E+00
0.109500E+01  0.927925E+00
0.110000E+01  0.968030E+00
0.110500E+01  0.100747E+01
0.111000E+01  0.104628E+01
0.111500E+01  0.108447E+01
0.112000E+01  0.112207E+01
0.112500E+01  0.115910E+01
0.113000E+01  0.119557E+01
0.113500E+01  0.123152E+01
0.114000E+01  0.126696E+01
0.114500E+01  0.130190E+01
0.115000E+01  0.133636E+01
0.115500E+01  0.137037E+01
0.116000E+01  0.140393E+01
0.116500E+01  0.143707E+01
0.117000E+01  0.146980E+01
0.117500E+01  0.150213E+01
0.118000E+01  0.153408E+01
0.118500E+01  0.156566E+01
0.119000E+01  0.159688E+01
0.119500E+01  0.162776E+01
0.120000E+01  0.165831E+01
0.120500E+01  0.168854E+01
0.121000E+01  0.171847E+01
0.121500E+01  0.174809E+01
0.122000E+01  0.177743E+01
0.122500E+01  0.180650E+01
0.123000E+01  0.183530E+01
0.123500E+01  0.186384E+01
0.124000E+01  0.189213E+01
0.124500E+01  0.192019E+01
0.125000E+01  0.194802E+01
0.125500E+01  0.197562E+01
0.126000E+01  0.200301E+01
0.126500E+01  0.203020E+01
0.127000E+01  0.205719E+01
0.127500E+01  0.208398E+01
0.128000E+01  0.211059E+01
0.128500E+01  0.213703E+01
0.129000E+01  0.216329E+01
0.129500E+01  0.218939E+01
0.130000E+01  0.221533E+01
0.130500E+01  0.224112E+01
0.131000E+01  0.226676E+01
0.131500E+01  0.229226E+01
0.132000E+01  0.231762E+01
0.132500E+01  0.234286E+01
0.133000E+01  0.236796E+01
0.133500E+01  0.239295E+01
0.134000E+01  0.241782E+01
0.134500E+01  0.244258E+01
0.135000E+01  0.246723E+01
0.135500E+01  0.249178E+01
0.136000E+01  0.251622E+01
0.136500E+01  0.254058E+01
0.137000E+01  0.256484E+01
0.137500E+01  0.258901E+01
0.138000E+01  0.261310E+01
0.138500E+01  0.263712E+01
0.139000E+01  0.266105E+01
0.139500E+01  0.268491E+01
0.140000E+01  0.270870E+01
0.140500E+01  0.273242E+01
0.141000E+01  0.275608E+01
0.141500E+01  0.277968E+01
0.142000E+01  0.280321E+01
0.142500E+01  0.282670E+01
0.143000E+01  0.285013E+01
0.143500E+01  0.287351E+01
0.144000E+01  0.289684E+01
0.144500E+01  0.292012E+01
0.145000E+01  0.294336E+01
0.145500E+01  0.296656E+01
0.146000E+01  0.298973E+01
0.146500E+01  0.301285E+01
0.147000E+01  0.303594E+01
0.147500E+01  0.305900E+01
0.148000E+01  0.308203E+01
0.148500E+01  0.310503E+01
0.149000E+01  0.312800E+01
0.149500E+01  0.315095E+01
0.150000E+01  0.317387E+01
