0.100500E+01  0.135013E+00
0.101000E+01  0.269378E+00
0.101500E+01  0.403151E+00
0.102000E+01  0.536388E+00
0.102500E+01  0.669145E+00
0.103000E+01  0.801474E+00
0.103500E+01  0.933429E+00
0.104000E+01  0.106506E+01
0.104500E+01  0.119642E+01
0.105000E+01  0.132756E+01
0.105500E+01  0.145852E+01
0.106000E+01  0.158936E+01
0.106500E+01  0.172012E+01
0.107000E+01  0.185084E+01
0.107500E+01  0.198158E+01
0.108000E+01  0.211238E+01
0.108500E+01  0.224329E+01
0.109000E+01  0.237434E+01
0.109500E+01  0.250559E+01
0.110000E+01  0.263706E+01
0.110500E+01  0.276882E+01
0.111000E+01  0.290089E+01
0.111500E+01  0.303333E+01
0.112000E+01  0.316616E+01
0.112500E+01  0.329944E+01
0.113000E+01  0.343321E+01
0.113500E+01  0.356749E+01
0.114000E+01  0.370234E+01
0.114500E+01  0.383779E+01
0.115000E+01  0.397388E+01
0.115500E+01  0.411065E+01
0.116000E+01  0.424815E+01
0.116500E+01  0.438640E+01
0.117000E+01  0.452544E+01
0.117500E+01  0.466532E+01
0.118000E+01  0.480608E+01
0.118500E+01  0.494774E+01
0.119000E+01  0.509035E+01
0.119500E+01  0.523395E+01
0.120000E+01  0.537857E+01
0.120500E+01  0.552426E+01
0.121000E+01  0.567104E+01
0.121500E+01  0.581896E+01
0.122000E+01  0.596805E+01
0.122500E+01  0.611835E+01
0.123000E+01  0.626990E+01
0.123500E+01  0.642273E+01
0.124000E+01  0.657688E+01
0.124500E+01  0.673240E+01
0.125000E+01  0.688931E+01
0.125500E+01  0.704765E+01
0.126000E+01  0.720747E+01
0.126500E+01  0.736879E+01
0.127000E+01  0.753166E+01
0.127500E+01  0.769611E+01
0.128000E+01  0.786218E+01
0.128500E+01  0.802990E+01
0.129000E+01  0.819933E+01
0.129500E+01  0.837048E+01
0.130000E+01  0.854341E+01
0.130500E+01  0.871814E+01
0.131000E+01  0.889472E+01
0.131500E+01  0.907318E+01
0.132000E+01  0.925357E+01
0.132500E+01  0.943592E+01
0.133000E+01  0.962026E+01
0.133500E+01  0.980665E+01
0.134000E+01  0.999511E+01
0.134500E+01  0.101857E+02
0.135000E+01  0.103784E+02
0.135500E+01  0.105733E+02
0.136000E+01  0.107705E+02
0.136500E+01  0.109699E+02
0.137000E+01  0.111717E+02
0.137500E+01  0.113758E+02
0.138000E+01  0.115823E+02
0.138500E+01  0.117912E+02
0.139000E+01  0.120026E+02
0.139500E+01  0.122165E+02
0.140000E+01  0.124329E+02
0.140500E+01  0.126520E+02
0.141000E+01  0.128737E+02
0.141500E+01  0.130981E+02
0.142000E+01  0.133252E+02
0.142500E+01  0.135550E+02
0.143000E+01  0.137877E+02
0.143500E+01  0.140232E+02
0.144000E+01  0.142616E+02
0.144500E+01  0.145030E+02
0.145000E+01  0.147473E+02
0.145500E+01  0.149947E+02
0.146000E+01  0.152451E+02
0.146500E+01  0.154986E+02
0.147000E+01  0.157553E+02
0.147500E+01  0.160152E+02
0.148000E+01  0.162783E+02
0.148500E+01  0.165448E+02
0.149000E+01  0.168145E+02
0.149500E+01  0.170877E+02
0.150000E+01  0.173643E+02
