0.100500E+01  0.134094E+00
0.101000E+01  0.266676E+00
0.101500E+01  0.397854E+00
0.102000E+01  0.527730E+00
0.102500E+01  0.656400E+00
0.103000E+01  0.783958E+00
0.103500E+01  0.910494E+00
0.104000E+01  0.103609E+01
0.104500E+01  0.116084E+01
0.105000E+01  0.128482E+01
0.105500E+01  0.140809E+01
0.106000E+01  0.153075E+01
0.106500E+01  0.165285E+01
0.107000E+01  0.177447E+01
0.107500E+01  0.189567E+01
0.108000E+01  0.201652E+01
0.108500E+01  0.213708E+01
0.109000E+01  0.225741E+01
0.109500E+01  0.237757E+01
0.110000E+01  0.249760E+01
0.110500E+01  0.261758E+01
0.111000E+01  0.273755E+01
0.111500E+01  0.285756E+01
0.112000E+01  0.297766E+01
0.112500E+01  0.309791E+01
0.113000E+01  0.321834E+01
0.113500E+01  0.333901E+01
0.114000E+01  0.345996E+01
0.114500E+01  0.358124E+01
0.115000E+01  0.370288E+01
0.115500E+01  0.382493E+01
0.116000E+01  0.394744E+01
0.116500E+01  0.407043E+01
0.117000E+01  0.419396E+01
0.117500E+01  0.431805E+01
0.118000E+01  0.444276E+01
0.118500E+01  0.456811E+01
0.119000E+01  0.469414E+01
0.119500E+01  0.482088E+01
0.120000E+01  0.494838E+01
0.120500E+01  0.507667E+01
0.121000E+01  0.520578E+01
0.121500E+01  0.533574E+01
0.122000E+01  0.546660E+01
0.122500E+01  0.559837E+01
0.123000E+01  0.573110E+01
0.123500E+01  0.586481E+01
0.124000E+01  0.599954E+01
0.124500E+01  0.613532E+01
0.125000E+01  0.627218E+01
0.125500E+01  0.641014E+01
0.126000E+01  0.654925E+01
0.126500E+01  0.668952E+01
0.127000E+01  0.683099E+01
0.127500E+01  0.697369E+01
0.128000E+01  0.711765E+01
0.128500E+01  0.726289E+01
0.129000E+01  0.740944E+01
0.129500E+01  0.755734E+01
0.130000E+01  0.770660E+01
0.130500E+01  0.785726E+01
0.131000E+01  0.800935E+01
0.131500E+01  0.816289E+01
0.132000E+01  0.831791E+01
0.132500E+01  0.847443E+01
0.133000E+01  0.863249E+01
0.133500E+01  0.879210E+01
0.134000E+01  0.895331E+01
0.134500E+01  0.911612E+01
0.135000E+01  0.928058E+01
0.135500E+01  0.944670E+01
0.136000E+01  0.961451E+01
0.136500E+01  0.978404E+01
0.137000E+01  0.995531E+01
0.137500E+01  0.101284E+02
0.138000E+01  0.103032E+02
0.138500E+01  0.104799E+02
0.139000E+01  0.106584E+02
0.139500E+01  0.108387E+02
0.140000E+01  0.110210E+02
0.140500E+01  0.112052E+02
0.141000E+01  0.113914E+02
0.141500E+01  0.115795E+02
0.142000E+01  0.117696E+02
0.142500E+01  0.119618E+02
0.143000E+01  0.121560E+02
0.143500E+01  0.123522E+02
0.144000E+01  0.125506E+02
0.144500E+01  0.127511E+02
0.145000E+01  0.129538E+02
0.145500E+01  0.131586E+02
0.146000E+01  0.133656E+02
0.146500E+01  0.135749E+02
0.147000E+01  0.137864E+02
0.147500E+01  0.140002E+02
0.148000E+01  0.142163E+02
0.148500E+01  0.144348E+02
0.149000E+01  0.146555E+02
0.149500E+01  0.148787E+02
0.150000E+01  0.151043E+02
