0.100500E+01  0.722597E-01
0.101000E+01  0.143485E+00
0.101500E+01  0.213768E+00
0.102000E+01  0.283195E+00
0.102500E+01  0.351851E+00
0.103000E+01  0.419818E+00
0.103500E+01  0.487172E+00
0.104000E+01  0.553988E+00
0.104500E+01  0.620340E+00
0.105000E+01  0.686297E+00
0.105500E+01  0.751927E+00
0.106000E+01  0.817294E+00
0.106500E+01  0.882461E+00
0.107000E+01  0.947490E+00
0.107500E+01  0.101244E+01
0.108000E+01  0.107737E+01
0.108500E+01  0.114233E+01
0.109000E+01  0.120738E+01
0.109500E+01  0.127257E+01
0.110000E+01  0.133796E+01
0.110500E+01  0.140359E+01
0.111000E+01  0.146952E+01
0.111500E+01  0.153578E+01
0.112000E+01  0.160244E+01
0.112500E+01  0.166954E+01
0.113000E+01  0.173711E+01
0.113500E+01  0.180522E+01
0.114000E+01  0.187390E+01
0.114500E+01  0.194319E+01
0.115000E+01  0.201315E+01
0.115500E+01  0.208380E+01
0.116000E+01  0.215521E+01
0.116500E+01  0.222740E+01
0.117000E+01  0.230042E+01
0.117500E+01  0.237431E+01
0.118000E+01  0.244911E+01
0.118500E+01  0.252486E+01
0.119000E+01  0.260161E+01
0.119500E+01  0.267940E+01
0.120000E+01  0.275826E+01
0.120500E+01  0.283824E+01
0.121000E+01  0.291937E+01
0.121500E+01  0.300170E+01
0.122000E+01  0.308526E+01
0.122500E+01  0.317011E+01
0.123000E+01  0.325627E+01
0.123500E+01  0.334379E+01
0.124000E+01  0.343271E+01
0.124500E+01  0.352308E+01
0.125000E+01  0.361492E+01
0.125500E+01  0.370829E+01
0.126000E+01  0.380322E+01
0.126500E+01  0.389976E+01
0.127000E+01  0.399795E+01
0.127500E+01  0.409783E+01
0.128000E+01  0.419944E+01
0.128500E+01  0.430283E+01
0.129000E+01  0.440804E+01
0.129500E+01  0.451512E+01
0.130000E+01  0.462410E+01
0.130500E+01  0.473503E+01
0.131000E+01  0.484796E+01
0.131500E+01  0.496293E+01
0.132000E+01  0.507999E+01
0.132500E+01  0.519919E+01
0.133000E+01  0.532056E+01
0.133500E+01  0.544416E+01
0.134000E+01  0.557004E+01
0.134500E+01  0.569823E+01
0.135000E+01  0.582880E+01
0.135500E+01  0.596180E+01
0.136000E+01  0.609726E+01
0.136500E+01  0.623524E+01
0.137000E+01  0.637579E+01
0.137500E+01  0.651897E+01
0.138000E+01  0.666482E+01
0.138500E+01  0.681340E+01
0.139000E+01  0.696476E+01
0.139500E+01  0.711895E+01
0.140000E+01  0.727603E+01
0.140500E+01  0.743606E+01
0.141000E+01  0.759909E+01
0.141500E+01  0.776518E+01
0.142000E+01  0.793438E+01
0.142500E+01  0.810676E+01
0.143000E+01  0.828237E+01
0.143500E+01  0.846127E+01
0.144000E+01  0.864352E+01
0.144500E+01  0.882919E+01
0.145000E+01  0.901833E+01
0.145500E+01  0.921101E+01
0.146000E+01  0.940729E+01
0.146500E+01  0.960724E+01
0.147000E+01  0.981092E+01
0.147500E+01  0.100184E+02
0.148000E+01  0.102297E+02
0.148500E+01  0.104450E+02
0.149000E+01  0.106643E+02
0.149500E+01  0.108877E+02
0.150000E+01  0.111152E+02
