0.100500E+01  0.169136E+00
0.101000E+01  0.337278E+00
0.101500E+01  0.504593E+00
0.102000E+01  0.671245E+00
0.102500E+01  0.837397E+00
0.103000E+01  0.100321E+01
0.103500E+01  0.116883E+01
0.104000E+01  0.133442E+01
0.104500E+01  0.150013E+01
0.105000E+01  0.166611E+01
0.105500E+01  0.183251E+01
0.106000E+01  0.199946E+01
0.106500E+01  0.216713E+01
0.107000E+01  0.233564E+01
0.107500E+01  0.250515E+01
0.108000E+01  0.267579E+01
0.108500E+01  0.284771E+01
0.109000E+01  0.302104E+01
0.109500E+01  0.319592E+01
0.110000E+01  0.337249E+01
0.110500E+01  0.355090E+01
0.111000E+01  0.373127E+01
0.111500E+01  0.391375E+01
0.112000E+01  0.409848E+01
0.112500E+01  0.428560E+01
0.113000E+01  0.447524E+01
0.113500E+01  0.466755E+01
0.114000E+01  0.486267E+01
0.114500E+01  0.506073E+01
0.115000E+01  0.526188E+01
0.115500E+01  0.546627E+01
0.116000E+01  0.567403E+01
0.116500E+01  0.588532E+01
0.117000E+01  0.610027E+01
0.117500E+01  0.631904E+01
0.118000E+01  0.654178E+01
0.118500E+01  0.676863E+01
0.119000E+01  0.699974E+01
0.119500E+01  0.723528E+01
0.120000E+01  0.747539E+01
0.120500E+01  0.772024E+01
0.121000E+01  0.796997E+01
0.121500E+01  0.822475E+01
0.122000E+01  0.848475E+01
0.122500E+01  0.875012E+01
0.123000E+01  0.902103E+01
0.123500E+01  0.929766E+01
0.124000E+01  0.958016E+01
0.124500E+01  0.986872E+01
0.125000E+01  0.101635E+02
0.125500E+01  0.104647E+02
0.126000E+01  0.107725E+02
0.126500E+01  0.110870E+02
0.127000E+01  0.114085E+02
0.127500E+01  0.117371E+02
0.128000E+01  0.120731E+02
0.128500E+01  0.124166E+02
0.129000E+01  0.127678E+02
0.129500E+01  0.131269E+02
0.130000E+01  0.134942E+02
0.130500E+01  0.138697E+02
0.131000E+01  0.142538E+02
0.131500E+01  0.146467E+02
0.132000E+01  0.150485E+02
0.132500E+01  0.154595E+02
0.133000E+01  0.158798E+02
0.133500E+01  0.163098E+02
0.134000E+01  0.167497E+02
0.134500E+01  0.171996E+02
0.135000E+01  0.176598E+02
0.135500E+01  0.181306E+02
0.136000E+01  0.186122E+02
0.136500E+01  0.191048E+02
0.137000E+01  0.196087E+02
0.137500E+01  0.201242E+02
0.138000E+01  0.206515E+02
0.138500E+01  0.211908E+02
0.139000E+01  0.217425E+02
0.139500E+01  0.223067E+02
0.140000E+01  0.228839E+02
0.140500E+01  0.234742E+02
0.141000E+01  0.240779E+02
0.141500E+01  0.246954E+02
0.142000E+01  0.253269E+02
0.142500E+01  0.259728E+02
0.143000E+01  0.266332E+02
0.143500E+01  0.273086E+02
0.144000E+01  0.279993E+02
0.144500E+01  0.287055E+02
0.145000E+01  0.294275E+02
0.145500E+01  0.301658E+02
0.146000E+01  0.309207E+02
0.146500E+01  0.316924E+02
0.147000E+01  0.324813E+02
0.147500E+01  0.332879E+02
0.148000E+01  0.341123E+02
0.148500E+01  0.349550E+02
0.149000E+01  0.358164E+02
0.149500E+01  0.366968E+02
0.150000E+01  0.375967E+02
