0.100500E+01  0.820513E-01
0.101000E+01  0.163273E+00
0.101500E+01  0.243736E+00
0.102000E+01  0.323505E+00
0.102500E+01  0.402645E+00
0.103000E+01  0.481216E+00
0.103500E+01  0.559277E+00
0.104000E+01  0.636885E+00
0.104500E+01  0.714092E+00
0.105000E+01  0.790950E+00
0.105500E+01  0.867509E+00
0.106000E+01  0.943817E+00
0.106500E+01  0.101992E+01
0.107000E+01  0.109586E+01
0.107500E+01  0.117168E+01
0.108000E+01  0.124742E+01
0.108500E+01  0.132312E+01
0.109000E+01  0.139883E+01
0.109500E+01  0.147457E+01
0.110000E+01  0.155038E+01
0.110500E+01  0.162630E+01
0.111000E+01  0.170236E+01
0.111500E+01  0.177859E+01
0.112000E+01  0.185503E+01
0.112500E+01  0.193171E+01
0.113000E+01  0.200865E+01
0.113500E+01  0.208588E+01
0.114000E+01  0.216344E+01
0.114500E+01  0.224135E+01
0.115000E+01  0.231964E+01
0.115500E+01  0.239833E+01
0.116000E+01  0.247745E+01
0.116500E+01  0.255703E+01
0.117000E+01  0.263709E+01
0.117500E+01  0.271765E+01
0.118000E+01  0.279875E+01
0.118500E+01  0.288039E+01
0.119000E+01  0.296260E+01
0.119500E+01  0.304541E+01
0.120000E+01  0.312884E+01
0.120500E+01  0.321291E+01
0.121000E+01  0.329764E+01
0.121500E+01  0.338305E+01
0.122000E+01  0.346916E+01
0.122500E+01  0.355599E+01
0.123000E+01  0.364356E+01
0.123500E+01  0.373190E+01
0.124000E+01  0.382101E+01
0.124500E+01  0.391093E+01
0.125000E+01  0.400166E+01
0.125500E+01  0.409323E+01
0.126000E+01  0.418565E+01
0.126500E+01  0.427894E+01
0.127000E+01  0.437313E+01
0.127500E+01  0.446822E+01
0.128000E+01  0.456424E+01
0.128500E+01  0.466121E+01
0.129000E+01  0.475913E+01
0.129500E+01  0.485803E+01
0.130000E+01  0.495793E+01
0.130500E+01  0.505883E+01
0.131000E+01  0.516077E+01
0.131500E+01  0.526375E+01
0.132000E+01  0.536779E+01
0.132500E+01  0.547290E+01
0.133000E+01  0.557911E+01
0.133500E+01  0.568643E+01
0.134000E+01  0.579487E+01
0.134500E+01  0.590445E+01
0.135000E+01  0.601519E+01
0.135500E+01  0.612710E+01
0.136000E+01  0.624020E+01
0.136500E+01  0.635451E+01
0.137000E+01  0.647003E+01
0.137500E+01  0.658679E+01
0.138000E+01  0.670480E+01
0.138500E+01  0.682407E+01
0.139000E+01  0.694463E+01
0.139500E+01  0.706648E+01
0.140000E+01  0.718964E+01
0.140500E+01  0.731413E+01
0.141000E+01  0.743996E+01
0.141500E+01  0.756715E+01
0.142000E+01  0.769571E+01
0.142500E+01  0.782566E+01
0.143000E+01  0.795701E+01
0.143500E+01  0.808978E+01
0.144000E+01  0.822399E+01
0.144500E+01  0.835964E+01
0.145000E+01  0.849675E+01
0.145500E+01  0.863534E+01
0.146000E+01  0.877543E+01
0.146500E+01  0.891703E+01
0.147000E+01  0.906015E+01
0.147500E+01  0.920480E+01
0.148000E+01  0.935102E+01
0.148500E+01  0.949880E+01
0.149000E+01  0.964816E+01
0.149500E+01  0.979913E+01
0.150000E+01  0.995171E+01
