0.100500E+01  0.779822E-01
0.101000E+01  0.155897E+00
0.101500E+01  0.233820E+00
0.102000E+01  0.311822E+00
0.102500E+01  0.389973E+00
0.103000E+01  0.468342E+00
0.103500E+01  0.546993E+00
0.104000E+01  0.625990E+00
0.104500E+01  0.705396E+00
0.105000E+01  0.785269E+00
0.105500E+01  0.865670E+00
0.106000E+01  0.946656E+00
0.106500E+01  0.102828E+01
0.107000E+01  0.111061E+01
0.107500E+01  0.119369E+01
0.108000E+01  0.127757E+01
0.108500E+01  0.136232E+01
0.109000E+01  0.144797E+01
0.109500E+01  0.153459E+01
0.110000E+01  0.162223E+01
0.110500E+01  0.171093E+01
0.111000E+01  0.180076E+01
0.111500E+01  0.189175E+01
0.112000E+01  0.198396E+01
0.112500E+01  0.207744E+01
0.113000E+01  0.217224E+01
0.113500E+01  0.226841E+01
0.114000E+01  0.236600E+01
0.114500E+01  0.246505E+01
0.115000E+01  0.256563E+01
0.115500E+01  0.266777E+01
0.116000E+01  0.277153E+01
0.116500E+01  0.287696E+01
0.117000E+01  0.298410E+01
0.117500E+01  0.309302E+01
0.118000E+01  0.320374E+01
0.118500E+01  0.331634E+01
0.119000E+01  0.343085E+01
0.119500E+01  0.354732E+01
0.120000E+01  0.366582E+01
0.120500E+01  0.378638E+01
0.121000E+01  0.390906E+01
0.121500E+01  0.403390E+01
0.122000E+01  0.416097E+01
0.122500E+01  0.429031E+01
0.123000E+01  0.442197E+01
0.123500E+01  0.455600E+01
0.124000E+01  0.469246E+01
0.124500E+01  0.483140E+01
0.125000E+01  0.497287E+01
0.125500E+01  0.511693E+01
0.126000E+01  0.526362E+01
0.126500E+01  0.541300E+01
0.127000E+01  0.556512E+01
0.127500E+01  0.572004E+01
0.128000E+01  0.587782E+01
0.128500E+01  0.603850E+01
0.129000E+01  0.620214E+01
0.129500E+01  0.636881E+01
0.130000E+01  0.653854E+01
0.130500E+01  0.671140E+01
0.131000E+01  0.688745E+01
0.131500E+01  0.706675E+01
0.132000E+01  0.724934E+01
0.132500E+01  0.743530E+01
0.133000E+01  0.762466E+01
0.133500E+01  0.781751E+01
0.134000E+01  0.801389E+01
0.134500E+01  0.821386E+01
0.135000E+01  0.841749E+01
0.135500E+01  0.862484E+01
0.136000E+01  0.883596E+01
0.136500E+01  0.905092E+01
0.137000E+01  0.926978E+01
0.137500E+01  0.949261E+01
0.138000E+01  0.971946E+01
0.138500E+01  0.995040E+01
0.139000E+01  0.101855E+02
0.139500E+01  0.104248E+02
0.140000E+01  0.106684E+02
0.140500E+01  0.109164E+02
0.141000E+01  0.111687E+02
0.141500E+01  0.114256E+02
0.142000E+01  0.116870E+02
0.142500E+01  0.119530E+02
0.143000E+01  0.122238E+02
0.143500E+01  0.124993E+02
0.144000E+01  0.127796E+02
0.144500E+01  0.130648E+02
0.145000E+01  0.133550E+02
0.145500E+01  0.136502E+02
0.146000E+01  0.139506E+02
0.146500E+01  0.142561E+02
0.147000E+01  0.145670E+02
0.147500E+01  0.148831E+02
0.148000E+01  0.152047E+02
0.148500E+01  0.155318E+02
0.149000E+01  0.158645E+02
0.149500E+01  0.162028E+02
0.150000E+01  0.165468E+02
