0.100500E+01  0.320317E-01
0.101000E+01  0.637885E-01
0.101500E+01  0.952847E-01
0.102000E+01  0.126534E+00
0.102500E+01  0.157551E+00
0.103000E+01  0.188347E+00
0.103500E+01  0.218936E+00
0.104000E+01  0.249328E+00
0.104500E+01  0.279537E+00
0.105000E+01  0.309574E+00
0.105500E+01  0.339449E+00
0.106000E+01  0.369172E+00
0.106500E+01  0.398756E+00
0.107000E+01  0.428208E+00
0.107500E+01  0.457540E+00
0.108000E+01  0.486760E+00
0.108500E+01  0.515877E+00
0.109000E+01  0.544902E+00
0.109500E+01  0.573842E+00
0.110000E+01  0.602705E+00
0.110500E+01  0.631501E+00
0.111000E+01  0.660237E+00
0.111500E+01  0.688921E+00
0.112000E+01  0.717561E+00
0.112500E+01  0.746164E+00
0.113000E+01  0.774738E+00
0.113500E+01  0.803290E+00
0.114000E+01  0.831827E+00
0.114500E+01  0.860356E+00
0.115000E+01  0.888883E+00
0.115500E+01  0.917416E+00
0.116000E+01  0.945961E+00
0.116500E+01  0.974523E+00
0.117000E+01  0.100311E+01
0.117500E+01  0.103173E+01
0.118000E+01  0.106038E+01
0.118500E+01  0.108908E+01
0.119000E+01  0.111783E+01
0.119500E+01  0.114663E+01
0.120000E+01  0.117549E+01
0.120500E+01  0.120442E+01
0.121000E+01  0.123341E+01
0.121500E+01  0.126249E+01
0.122000E+01  0.129165E+01
0.122500E+01  0.132089E+01
0.123000E+01  0.135023E+01
0.123500E+01  0.137966E+01
0.124000E+01  0.140920E+01
0.124500E+01  0.143885E+01
0.125000E+01  0.146861E+01
0.125500E+01  0.149849E+01
0.126000E+01  0.152849E+01
0.126500E+01  0.155862E+01
0.127000E+01  0.158888E+01
0.127500E+01  0.161928E+01
0.128000E+01  0.164982E+01
0.128500E+01  0.168051E+01
0.129000E+01  0.171135E+01
0.129500E+01  0.174234E+01
0.130000E+01  0.177350E+01
0.130500E+01  0.180482E+01
0.131000E+01  0.183631E+01
0.131500E+01  0.186797E+01
0.132000E+01  0.189981E+01
0.132500E+01  0.193184E+01
0.133000E+01  0.196405E+01
0.133500E+01  0.199645E+01
0.134000E+01  0.202905E+01
0.134500E+01  0.206185E+01
0.135000E+01  0.209485E+01
0.135500E+01  0.212806E+01
0.136000E+01  0.216148E+01
0.136500E+01  0.219512E+01
0.137000E+01  0.222898E+01
0.137500E+01  0.226306E+01
0.138000E+01  0.229737E+01
0.138500E+01  0.233191E+01
0.139000E+01  0.236669E+01
0.139500E+01  0.240171E+01
0.140000E+01  0.243698E+01
0.140500E+01  0.247249E+01
0.141000E+01  0.250826E+01
0.141500E+01  0.254428E+01
0.142000E+01  0.258056E+01
0.142500E+01  0.261711E+01
0.143000E+01  0.265392E+01
0.143500E+01  0.269101E+01
0.144000E+01  0.272837E+01
0.144500E+01  0.276601E+01
0.145000E+01  0.280393E+01
0.145500E+01  0.284214E+01
0.146000E+01  0.288065E+01
0.146500E+01  0.291944E+01
0.147000E+01  0.295854E+01
0.147500E+01  0.299793E+01
0.148000E+01  0.303764E+01
0.148500E+01  0.307765E+01
0.149000E+01  0.311798E+01
0.149500E+01  0.315862E+01
0.150000E+01  0.319958E+01
