0.100500E+01  0.910627E-01
0.101000E+01  0.180856E+00
0.101500E+01  0.269407E+00
0.102000E+01  0.356740E+00
0.102500E+01  0.442881E+00
0.103000E+01  0.527853E+00
0.103500E+01  0.611680E+00
0.104000E+01  0.694386E+00
0.104500E+01  0.775993E+00
0.105000E+01  0.856522E+00
0.105500E+01  0.935997E+00
0.106000E+01  0.101444E+01
0.106500E+01  0.109186E+01
0.107000E+01  0.116829E+01
0.107500E+01  0.124375E+01
0.108000E+01  0.131825E+01
0.108500E+01  0.139182E+01
0.109000E+01  0.146447E+01
0.109500E+01  0.153621E+01
0.110000E+01  0.160708E+01
0.110500E+01  0.167708E+01
0.111000E+01  0.174622E+01
0.111500E+01  0.181454E+01
0.112000E+01  0.188204E+01
0.112500E+01  0.194873E+01
0.113000E+01  0.201464E+01
0.113500E+01  0.207978E+01
0.114000E+01  0.214415E+01
0.114500E+01  0.220779E+01
0.115000E+01  0.227069E+01
0.115500E+01  0.233288E+01
0.116000E+01  0.239437E+01
0.116500E+01  0.245517E+01
0.117000E+01  0.251528E+01
0.117500E+01  0.257474E+01
0.118000E+01  0.263354E+01
0.118500E+01  0.269169E+01
0.119000E+01  0.274922E+01
0.119500E+01  0.280613E+01
0.120000E+01  0.286244E+01
0.120500E+01  0.291814E+01
0.121000E+01  0.297326E+01
0.121500E+01  0.302780E+01
0.122000E+01  0.308178E+01
0.122500E+01  0.313520E+01
0.123000E+01  0.318808E+01
0.123500E+01  0.324041E+01
0.124000E+01  0.329223E+01
0.124500E+01  0.334352E+01
0.125000E+01  0.339430E+01
0.125500E+01  0.344458E+01
0.126000E+01  0.349437E+01
0.126500E+01  0.354368E+01
0.127000E+01  0.359250E+01
0.127500E+01  0.364086E+01
0.128000E+01  0.368877E+01
0.128500E+01  0.373621E+01
0.129000E+01  0.378322E+01
0.129500E+01  0.382978E+01
0.130000E+01  0.387592E+01
0.130500E+01  0.392163E+01
0.131000E+01  0.396692E+01
0.131500E+01  0.401181E+01
0.132000E+01  0.405629E+01
0.132500E+01  0.410037E+01
0.133000E+01  0.414407E+01
0.133500E+01  0.418738E+01
0.134000E+01  0.423031E+01
0.134500E+01  0.427287E+01
0.135000E+01  0.431507E+01
0.135500E+01  0.435690E+01
0.136000E+01  0.439838E+01
0.136500E+01  0.443951E+01
0.137000E+01  0.448030E+01
0.137500E+01  0.452075E+01
0.138000E+01  0.456086E+01
0.138500E+01  0.460065E+01
0.139000E+01  0.464011E+01
0.139500E+01  0.467926E+01
0.140000E+01  0.471809E+01
0.140500E+01  0.475661E+01
0.141000E+01  0.479483E+01
0.141500E+01  0.483275E+01
0.142000E+01  0.487038E+01
0.142500E+01  0.490771E+01
0.143000E+01  0.494476E+01
0.143500E+01  0.498153E+01
0.144000E+01  0.501802E+01
0.144500E+01  0.505424E+01
0.145000E+01  0.509018E+01
0.145500E+01  0.512586E+01
0.146000E+01  0.516128E+01
0.146500E+01  0.519644E+01
0.147000E+01  0.523134E+01
0.147500E+01  0.526600E+01
0.148000E+01  0.530041E+01
0.148500E+01  0.533457E+01
0.149000E+01  0.536849E+01
0.149500E+01  0.540218E+01
0.150000E+01  0.543563E+01
