0.100500E+01  0.532572E-01
0.101000E+01  0.105911E+00
0.101500E+01  0.157983E+00
0.102000E+01  0.209495E+00
0.102500E+01  0.260469E+00
0.103000E+01  0.310925E+00
0.103500E+01  0.360884E+00
0.104000E+01  0.410364E+00
0.104500E+01  0.459384E+00
0.105000E+01  0.507963E+00
0.105500E+01  0.556120E+00
0.106000E+01  0.603870E+00
0.106500E+01  0.651231E+00
0.107000E+01  0.698219E+00
0.107500E+01  0.744851E+00
0.108000E+01  0.791142E+00
0.108500E+01  0.837107E+00
0.109000E+01  0.882760E+00
0.109500E+01  0.928117E+00
0.110000E+01  0.973191E+00
0.110500E+01  0.101800E+01
0.111000E+01  0.106254E+01
0.111500E+01  0.110685E+01
0.112000E+01  0.115092E+01
0.112500E+01  0.119478E+01
0.113000E+01  0.123843E+01
0.113500E+01  0.128189E+01
0.114000E+01  0.132516E+01
0.114500E+01  0.136826E+01
0.115000E+01  0.141119E+01
0.115500E+01  0.145398E+01
0.116000E+01  0.149663E+01
0.116500E+01  0.153914E+01
0.117000E+01  0.158154E+01
0.117500E+01  0.162382E+01
0.118000E+01  0.166600E+01
0.118500E+01  0.170809E+01
0.119000E+01  0.175010E+01
0.119500E+01  0.179203E+01
0.120000E+01  0.183389E+01
0.120500E+01  0.187569E+01
0.121000E+01  0.191745E+01
0.121500E+01  0.195916E+01
0.122000E+01  0.200084E+01
0.122500E+01  0.204249E+01
0.123000E+01  0.208412E+01
0.123500E+01  0.212574E+01
0.124000E+01  0.216736E+01
0.124500E+01  0.220898E+01
0.125000E+01  0.225061E+01
0.125500E+01  0.229225E+01
0.126000E+01  0.233391E+01
0.126500E+01  0.237561E+01
0.127000E+01  0.241734E+01
0.127500E+01  0.245911E+01
0.128000E+01  0.250093E+01
0.128500E+01  0.254280E+01
0.129000E+01  0.258474E+01
0.129500E+01  0.262673E+01
0.130000E+01  0.266880E+01
0.130500E+01  0.271095E+01
0.131000E+01  0.275317E+01
0.131500E+01  0.279549E+01
0.132000E+01  0.283789E+01
0.132500E+01  0.288040E+01
0.133000E+01  0.292301E+01
0.133500E+01  0.296572E+01
0.134000E+01  0.300855E+01
0.134500E+01  0.305149E+01
0.135000E+01  0.309456E+01
0.135500E+01  0.313775E+01
0.136000E+01  0.318108E+01
0.136500E+01  0.322454E+01
0.137000E+01  0.326814E+01
0.137500E+01  0.331189E+01
0.138000E+01  0.335579E+01
0.138500E+01  0.339984E+01
0.139000E+01  0.344404E+01
0.139500E+01  0.348841E+01
0.140000E+01  0.353295E+01
0.140500E+01  0.357765E+01
0.141000E+01  0.362253E+01
0.141500E+01  0.366758E+01
0.142000E+01  0.371282E+01
0.142500E+01  0.375824E+01
0.143000E+01  0.380385E+01
0.143500E+01  0.384966E+01
0.144000E+01  0.389566E+01
0.144500E+01  0.394186E+01
0.145000E+01  0.398826E+01
0.145500E+01  0.403487E+01
0.146000E+01  0.408169E+01
0.146500E+01  0.412872E+01
0.147000E+01  0.417597E+01
0.147500E+01  0.422344E+01
0.148000E+01  0.427114E+01
0.148500E+01  0.431906E+01
0.149000E+01  0.436721E+01
0.149500E+01  0.441560E+01
0.150000E+01  0.446422E+01
