0.100500E+01  0.122242E+00
0.101000E+01  0.241869E+00
0.101500E+01  0.359051E+00
0.102000E+01  0.473950E+00
0.102500E+01  0.586721E+00
0.103000E+01  0.697515E+00
0.103500E+01  0.806473E+00
0.104000E+01  0.913733E+00
0.104500E+01  0.101943E+01
0.105000E+01  0.112368E+01
0.105500E+01  0.122662E+01
0.106000E+01  0.132835E+01
0.106500E+01  0.142900E+01
0.107000E+01  0.152867E+01
0.107500E+01  0.162747E+01
0.108000E+01  0.172550E+01
0.108500E+01  0.182285E+01
0.109000E+01  0.191963E+01
0.109500E+01  0.201591E+01
0.110000E+01  0.211180E+01
0.110500E+01  0.220738E+01
0.111000E+01  0.230274E+01
0.111500E+01  0.239795E+01
0.112000E+01  0.249310E+01
0.112500E+01  0.258825E+01
0.113000E+01  0.268350E+01
0.113500E+01  0.277892E+01
0.114000E+01  0.287457E+01
0.114500E+01  0.297052E+01
0.115000E+01  0.306686E+01
0.115500E+01  0.316364E+01
0.116000E+01  0.326093E+01
0.116500E+01  0.335881E+01
0.117000E+01  0.345732E+01
0.117500E+01  0.355655E+01
0.118000E+01  0.365655E+01
0.118500E+01  0.375739E+01
0.119000E+01  0.385913E+01
0.119500E+01  0.396182E+01
0.120000E+01  0.406554E+01
0.120500E+01  0.417034E+01
0.121000E+01  0.427627E+01
0.121500E+01  0.438342E+01
0.122000E+01  0.449182E+01
0.122500E+01  0.460154E+01
0.123000E+01  0.471264E+01
0.123500E+01  0.482518E+01
0.124000E+01  0.493922E+01
0.124500E+01  0.505482E+01
0.125000E+01  0.517203E+01
0.125500E+01  0.529092E+01
0.126000E+01  0.541154E+01
0.126500E+01  0.553395E+01
0.127000E+01  0.565822E+01
0.127500E+01  0.578440E+01
0.128000E+01  0.591255E+01
0.128500E+01  0.604274E+01
0.129000E+01  0.617502E+01
0.129500E+01  0.630945E+01
0.130000E+01  0.644610E+01
0.130500E+01  0.658502E+01
0.131000E+01  0.672629E+01
0.131500E+01  0.686996E+01
0.132000E+01  0.701609E+01
0.132500E+01  0.716475E+01
0.133000E+01  0.731600E+01
0.133500E+01  0.746991E+01
0.134000E+01  0.762654E+01
0.134500E+01  0.778596E+01
0.135000E+01  0.794824E+01
0.135500E+01  0.811343E+01
0.136000E+01  0.828162E+01
0.136500E+01  0.845287E+01
0.137000E+01  0.862724E+01
0.137500E+01  0.880481E+01
0.138000E+01  0.898566E+01
0.138500E+01  0.916984E+01
0.139000E+01  0.935743E+01
0.139500E+01  0.954851E+01
0.140000E+01  0.974316E+01
0.140500E+01  0.994144E+01
0.141000E+01  0.101434E+02
0.141500E+01  0.103492E+02
0.142000E+01  0.105588E+02
0.142500E+01  0.107724E+02
0.143000E+01  0.109901E+02
0.143500E+01  0.112118E+02
0.144000E+01  0.114377E+02
0.144500E+01  0.116679E+02
0.145000E+01  0.119024E+02
0.145500E+01  0.121414E+02
0.146000E+01  0.123849E+02
0.146500E+01  0.126330E+02
0.147000E+01  0.128858E+02
0.147500E+01  0.131434E+02
0.148000E+01  0.134058E+02
0.148500E+01  0.136733E+02
0.149000E+01  0.139458E+02
0.149500E+01  0.142235E+02
0.150000E+01  0.145064E+02
