0.100500E+01  0.303179E-01
0.101000E+01  0.604076E-01
0.101500E+01  0.903169E-01
0.102000E+01  0.120093E+00
0.102500E+01  0.149782E+00
0.103000E+01  0.179430E+00
0.103500E+01  0.209084E+00
0.104000E+01  0.238787E+00
0.104500E+01  0.268584E+00
0.105000E+01  0.298521E+00
0.105500E+01  0.328641E+00
0.106000E+01  0.358987E+00
0.106500E+01  0.389604E+00
0.107000E+01  0.420536E+00
0.107500E+01  0.451824E+00
0.108000E+01  0.483513E+00
0.108500E+01  0.515647E+00
0.109000E+01  0.548267E+00
0.109500E+01  0.581418E+00
0.110000E+01  0.615143E+00
0.110500E+01  0.649486E+00
0.111000E+01  0.684490E+00
0.111500E+01  0.720200E+00
0.112000E+01  0.756659E+00
0.112500E+01  0.793913E+00
0.113000E+01  0.832005E+00
0.113500E+01  0.870982E+00
0.114000E+01  0.910888E+00
0.114500E+01  0.951770E+00
0.115000E+01  0.993673E+00
0.115500E+01  0.103664E+01
0.116000E+01  0.108073E+01
0.116500E+01  0.112598E+01
0.117000E+01  0.117244E+01
0.117500E+01  0.122017E+01
0.118000E+01  0.126920E+01
0.118500E+01  0.131959E+01
0.119000E+01  0.137139E+01
0.119500E+01  0.142465E+01
0.120000E+01  0.147942E+01
0.120500E+01  0.153576E+01
0.121000E+01  0.159372E+01
0.121500E+01  0.165334E+01
0.122000E+01  0.171470E+01
0.122500E+01  0.177783E+01
0.123000E+01  0.184280E+01
0.123500E+01  0.190966E+01
0.124000E+01  0.197847E+01
0.124500E+01  0.204930E+01
0.125000E+01  0.212219E+01
0.125500E+01  0.219720E+01
0.126000E+01  0.227441E+01
0.126500E+01  0.235387E+01
0.127000E+01  0.243564E+01
0.127500E+01  0.251979E+01
0.128000E+01  0.260637E+01
0.128500E+01  0.269547E+01
0.129000E+01  0.278714E+01
0.129500E+01  0.288145E+01
0.130000E+01  0.297846E+01
0.130500E+01  0.307826E+01
0.131000E+01  0.318091E+01
0.131500E+01  0.328647E+01
0.132000E+01  0.339504E+01
0.132500E+01  0.350666E+01
0.133000E+01  0.362144E+01
0.133500E+01  0.373943E+01
0.134000E+01  0.386072E+01
0.134500E+01  0.398538E+01
0.135000E+01  0.411350E+01
0.135500E+01  0.424516E+01
0.136000E+01  0.438044E+01
0.136500E+01  0.451942E+01
0.137000E+01  0.466219E+01
0.137500E+01  0.480883E+01
0.138000E+01  0.495944E+01
0.138500E+01  0.511410E+01
0.139000E+01  0.527290E+01
0.139500E+01  0.543593E+01
0.140000E+01  0.560330E+01
0.140500E+01  0.577509E+01
0.141000E+01  0.595139E+01
0.141500E+01  0.613232E+01
0.142000E+01  0.631796E+01
0.142500E+01  0.650842E+01
0.143000E+01  0.670381E+01
0.143500E+01  0.690421E+01
0.144000E+01  0.710975E+01
0.144500E+01  0.732053E+01
0.145000E+01  0.753666E+01
0.145500E+01  0.775825E+01
0.146000E+01  0.798540E+01
0.146500E+01  0.821825E+01
0.147000E+01  0.845690E+01
0.147500E+01  0.870147E+01
0.148000E+01  0.895207E+01
0.148500E+01  0.920885E+01
0.149000E+01  0.947191E+01
0.149500E+01  0.974138E+01
0.150000E+01  0.100174E+02
