0.100500E+01  0.108473E-01
0.101000E+01  0.213888E-01
0.101500E+01  0.316909E-01
0.102000E+01  0.418186E-01
0.102500E+01  0.518354E-01
0.103000E+01  0.618034E-01
0.103500E+01  0.717831E-01
0.104000E+01  0.818337E-01
0.104500E+01  0.920133E-01
0.105000E+01  0.102379E+00
0.105500E+01  0.112986E+00
0.106000E+01  0.123889E+00
0.106500E+01  0.135143E+00
0.107000E+01  0.146801E+00
0.107500E+01  0.158916E+00
0.108000E+01  0.171539E+00
0.108500E+01  0.184725E+00
0.109000E+01  0.198523E+00
0.109500E+01  0.212986E+00
0.110000E+01  0.228165E+00
0.110500E+01  0.244112E+00
0.111000E+01  0.260878E+00
0.111500E+01  0.278515E+00
0.112000E+01  0.297074E+00
0.112500E+01  0.316608E+00
0.113000E+01  0.337167E+00
0.113500E+01  0.358805E+00
0.114000E+01  0.381574E+00
0.114500E+01  0.405527E+00
0.115000E+01  0.430717E+00
0.115500E+01  0.457198E+00
0.116000E+01  0.485023E+00
0.116500E+01  0.514249E+00
0.117000E+01  0.544929E+00
0.117500E+01  0.577120E+00
0.118000E+01  0.610879E+00
0.118500E+01  0.646261E+00
0.119000E+01  0.683326E+00
0.119500E+01  0.722132E+00
0.120000E+01  0.762737E+00
0.120500E+01  0.805203E+00
0.121000E+01  0.849590E+00
0.121500E+01  0.895961E+00
0.122000E+01  0.944377E+00
0.122500E+01  0.994904E+00
0.123000E+01  0.104761E+01
0.123500E+01  0.110255E+01
0.124000E+01  0.115980E+01
0.124500E+01  0.121943E+01
0.125000E+01  0.128150E+01
0.125500E+01  0.134608E+01
0.126000E+01  0.141326E+01
0.126500E+01  0.148309E+01
0.127000E+01  0.155566E+01
0.127500E+01  0.163104E+01
0.128000E+01  0.170930E+01
0.128500E+01  0.179053E+01
0.129000E+01  0.187480E+01
0.129500E+01  0.196219E+01
0.130000E+01  0.205279E+01
0.130500E+01  0.214668E+01
0.131000E+01  0.224395E+01
0.131500E+01  0.234468E+01
0.132000E+01  0.244896E+01
0.132500E+01  0.255688E+01
0.133000E+01  0.266853E+01
0.133500E+01  0.278401E+01
0.134000E+01  0.290341E+01
0.134500E+01  0.302682E+01
0.135000E+01  0.315435E+01
0.135500E+01  0.328610E+01
0.136000E+01  0.342216E+01
0.136500E+01  0.356264E+01
0.137000E+01  0.370765E+01
0.137500E+01  0.385730E+01
0.138000E+01  0.401169E+01
0.138500E+01  0.417093E+01
0.139000E+01  0.433514E+01
0.139500E+01  0.450444E+01
0.140000E+01  0.467893E+01
0.140500E+01  0.485875E+01
0.141000E+01  0.504401E+01
0.141500E+01  0.523484E+01
0.142000E+01  0.543136E+01
0.142500E+01  0.563370E+01
0.143000E+01  0.584199E+01
0.143500E+01  0.605636E+01
0.144000E+01  0.627695E+01
0.144500E+01  0.650390E+01
0.145000E+01  0.673734E+01
0.145500E+01  0.697742E+01
0.146000E+01  0.722428E+01
0.146500E+01  0.747808E+01
0.147000E+01  0.773895E+01
0.147500E+01  0.800705E+01
0.148000E+01  0.828253E+01
0.148500E+01  0.856556E+01
0.149000E+01  0.885629E+01
0.149500E+01  0.915489E+01
0.150000E+01  0.946152E+01
