0.100500E+01  0.907413E-01
0.101000E+01  0.180493E+00
0.101500E+01  0.269280E+00
0.102000E+01  0.357129E+00
0.102500E+01  0.444062E+00
0.103000E+01  0.530103E+00
0.103500E+01  0.615276E+00
0.104000E+01  0.699603E+00
0.104500E+01  0.783104E+00
0.105000E+01  0.865802E+00
0.105500E+01  0.947716E+00
0.106000E+01  0.102887E+01
0.106500E+01  0.110928E+01
0.107000E+01  0.118896E+01
0.107500E+01  0.126793E+01
0.108000E+01  0.134622E+01
0.108500E+01  0.142384E+01
0.109000E+01  0.150080E+01
0.109500E+01  0.157713E+01
0.110000E+01  0.165284E+01
0.110500E+01  0.172794E+01
0.111000E+01  0.180246E+01
0.111500E+01  0.187640E+01
0.112000E+01  0.194978E+01
0.112500E+01  0.202262E+01
0.113000E+01  0.209493E+01
0.113500E+01  0.216673E+01
0.114000E+01  0.223802E+01
0.114500E+01  0.230882E+01
0.115000E+01  0.237915E+01
0.115500E+01  0.244902E+01
0.116000E+01  0.251844E+01
0.116500E+01  0.258742E+01
0.117000E+01  0.265598E+01
0.117500E+01  0.272413E+01
0.118000E+01  0.279187E+01
0.118500E+01  0.285922E+01
0.119000E+01  0.292619E+01
0.119500E+01  0.299280E+01
0.120000E+01  0.305905E+01
0.120500E+01  0.312495E+01
0.121000E+01  0.319052E+01
0.121500E+01  0.325576E+01
0.122000E+01  0.332068E+01
0.122500E+01  0.338530E+01
0.123000E+01  0.344962E+01
0.123500E+01  0.351366E+01
0.124000E+01  0.357742E+01
0.124500E+01  0.364091E+01
0.125000E+01  0.370414E+01
0.125500E+01  0.376712E+01
0.126000E+01  0.382985E+01
0.126500E+01  0.389236E+01
0.127000E+01  0.395464E+01
0.127500E+01  0.401670E+01
0.128000E+01  0.407856E+01
0.128500E+01  0.414021E+01
0.129000E+01  0.420168E+01
0.129500E+01  0.426296E+01
0.130000E+01  0.432406E+01
0.130500E+01  0.438499E+01
0.131000E+01  0.444576E+01
0.131500E+01  0.450638E+01
0.132000E+01  0.456685E+01
0.132500E+01  0.462718E+01
0.133000E+01  0.468738E+01
0.133500E+01  0.474745E+01
0.134000E+01  0.480740E+01
0.134500E+01  0.486724E+01
0.135000E+01  0.492697E+01
0.135500E+01  0.498661E+01
0.136000E+01  0.504615E+01
0.136500E+01  0.510561E+01
0.137000E+01  0.516498E+01
0.137500E+01  0.522428E+01
0.138000E+01  0.528352E+01
0.138500E+01  0.534269E+01
0.139000E+01  0.540181E+01
0.139500E+01  0.546087E+01
0.140000E+01  0.551990E+01
0.140500E+01  0.557888E+01
0.141000E+01  0.563784E+01
0.141500E+01  0.569676E+01
0.142000E+01  0.575567E+01
0.142500E+01  0.581456E+01
0.143000E+01  0.587343E+01
0.143500E+01  0.593231E+01
0.144000E+01  0.599118E+01
0.144500E+01  0.605006E+01
0.145000E+01  0.610895E+01
0.145500E+01  0.616786E+01
0.146000E+01  0.622678E+01
0.146500E+01  0.628574E+01
0.147000E+01  0.634472E+01
0.147500E+01  0.640374E+01
0.148000E+01  0.646280E+01
0.148500E+01  0.652191E+01
0.149000E+01  0.658106E+01
0.149500E+01  0.664027E+01
0.150000E+01  0.669954E+01
