0.100500E+01  0.705312E-01
0.101000E+01  0.139415E+00
0.101500E+01  0.206711E+00
0.102000E+01  0.272478E+00
0.102500E+01  0.336771E+00
0.103000E+01  0.399643E+00
0.103500E+01  0.461145E+00
0.104000E+01  0.521326E+00
0.104500E+01  0.580233E+00
0.105000E+01  0.637912E+00
0.105500E+01  0.694406E+00
0.106000E+01  0.749756E+00
0.106500E+01  0.804002E+00
0.107000E+01  0.857184E+00
0.107500E+01  0.909337E+00
0.108000E+01  0.960498E+00
0.108500E+01  0.101070E+01
0.109000E+01  0.105998E+01
0.109500E+01  0.110836E+01
0.110000E+01  0.115588E+01
0.110500E+01  0.120256E+01
0.111000E+01  0.124844E+01
0.111500E+01  0.129354E+01
0.112000E+01  0.133789E+01
0.112500E+01  0.138150E+01
0.113000E+01  0.142442E+01
0.113500E+01  0.146665E+01
0.114000E+01  0.150823E+01
0.114500E+01  0.154916E+01
0.115000E+01  0.158949E+01
0.115500E+01  0.162921E+01
0.116000E+01  0.166836E+01
0.116500E+01  0.170695E+01
0.117000E+01  0.174500E+01
0.117500E+01  0.178253E+01
0.118000E+01  0.181956E+01
0.118500E+01  0.185609E+01
0.119000E+01  0.189215E+01
0.119500E+01  0.192775E+01
0.120000E+01  0.196290E+01
0.120500E+01  0.199762E+01
0.121000E+01  0.203193E+01
0.121500E+01  0.206583E+01
0.122000E+01  0.209933E+01
0.122500E+01  0.213246E+01
0.123000E+01  0.216522E+01
0.123500E+01  0.219763E+01
0.124000E+01  0.222968E+01
0.124500E+01  0.226141E+01
0.125000E+01  0.229280E+01
0.125500E+01  0.232388E+01
0.126000E+01  0.235466E+01
0.126500E+01  0.238514E+01
0.127000E+01  0.241533E+01
0.127500E+01  0.244524E+01
0.128000E+01  0.247489E+01
0.128500E+01  0.250427E+01
0.129000E+01  0.253339E+01
0.129500E+01  0.256227E+01
0.130000E+01  0.259091E+01
0.130500E+01  0.261931E+01
0.131000E+01  0.264749E+01
0.131500E+01  0.267545E+01
0.132000E+01  0.270320E+01
0.132500E+01  0.273074E+01
0.133000E+01  0.275808E+01
0.133500E+01  0.278522E+01
0.134000E+01  0.281217E+01
0.134500E+01  0.283895E+01
0.135000E+01  0.286554E+01
0.135500E+01  0.289196E+01
0.136000E+01  0.291821E+01
0.136500E+01  0.294430E+01
0.137000E+01  0.297023E+01
0.137500E+01  0.299600E+01
0.138000E+01  0.302163E+01
0.138500E+01  0.304710E+01
0.139000E+01  0.307244E+01
0.139500E+01  0.309764E+01
0.140000E+01  0.312271E+01
0.140500E+01  0.314764E+01
0.141000E+01  0.317245E+01
0.141500E+01  0.319714E+01
0.142000E+01  0.322171E+01
0.142500E+01  0.324616E+01
0.143000E+01  0.327050E+01
0.143500E+01  0.329472E+01
0.144000E+01  0.331885E+01
0.144500E+01  0.334286E+01
0.145000E+01  0.336678E+01
0.145500E+01  0.339060E+01
0.146000E+01  0.341433E+01
0.146500E+01  0.343796E+01
0.147000E+01  0.346150E+01
0.147500E+01  0.348496E+01
0.148000E+01  0.350832E+01
0.148500E+01  0.353161E+01
0.149000E+01  0.355482E+01
0.149500E+01  0.357794E+01
0.150000E+01  0.360099E+01
