0.100500E+01  0.370032E-01
0.101000E+01  0.731168E-01
0.101500E+01  0.108416E+00
0.102000E+01  0.142972E+00
0.102500E+01  0.176852E+00
0.103000E+01  0.210121E+00
0.103500E+01  0.242839E+00
0.104000E+01  0.275065E+00
0.104500E+01  0.306852E+00
0.105000E+01  0.338255E+00
0.105500E+01  0.369321E+00
0.106000E+01  0.400101E+00
0.106500E+01  0.430637E+00
0.107000E+01  0.460976E+00
0.107500E+01  0.491157E+00
0.108000E+01  0.521221E+00
0.108500E+01  0.551207E+00
0.109000E+01  0.581151E+00
0.109500E+01  0.611089E+00
0.110000E+01  0.641056E+00
0.110500E+01  0.671084E+00
0.111000E+01  0.701206E+00
0.111500E+01  0.731452E+00
0.112000E+01  0.761854E+00
0.112500E+01  0.792440E+00
0.113000E+01  0.823239E+00
0.113500E+01  0.854279E+00
0.114000E+01  0.885587E+00
0.114500E+01  0.917191E+00
0.115000E+01  0.949115E+00
0.115500E+01  0.981387E+00
0.116000E+01  0.101403E+01
0.116500E+01  0.104707E+01
0.117000E+01  0.108054E+01
0.117500E+01  0.111445E+01
0.118000E+01  0.114883E+01
0.118500E+01  0.118370E+01
0.119000E+01  0.121910E+01
0.119500E+01  0.125503E+01
0.120000E+01  0.129153E+01
0.120500E+01  0.132862E+01
0.121000E+01  0.136632E+01
0.121500E+01  0.140466E+01
0.122000E+01  0.144365E+01
0.122500E+01  0.148333E+01
0.123000E+01  0.152371E+01
0.123500E+01  0.156481E+01
0.124000E+01  0.160667E+01
0.124500E+01  0.164931E+01
0.125000E+01  0.169274E+01
0.125500E+01  0.173700E+01
0.126000E+01  0.178210E+01
0.126500E+01  0.182807E+01
0.127000E+01  0.187493E+01
0.127500E+01  0.192272E+01
0.128000E+01  0.197145E+01
0.128500E+01  0.202115E+01
0.129000E+01  0.207184E+01
0.129500E+01  0.212354E+01
0.130000E+01  0.217630E+01
0.130500E+01  0.223012E+01
0.131000E+01  0.228504E+01
0.131500E+01  0.234109E+01
0.132000E+01  0.239828E+01
0.132500E+01  0.245665E+01
0.133000E+01  0.251623E+01
0.133500E+01  0.257704E+01
0.134000E+01  0.263910E+01
0.134500E+01  0.270246E+01
0.135000E+01  0.276714E+01
0.135500E+01  0.283316E+01
0.136000E+01  0.290056E+01
0.136500E+01  0.296937E+01
0.137000E+01  0.303961E+01
0.137500E+01  0.311133E+01
0.138000E+01  0.318454E+01
0.138500E+01  0.325928E+01
0.139000E+01  0.333560E+01
0.139500E+01  0.341350E+01
0.140000E+01  0.349304E+01
0.140500E+01  0.357424E+01
0.141000E+01  0.365714E+01
0.141500E+01  0.374178E+01
0.142000E+01  0.382818E+01
0.142500E+01  0.391639E+01
0.143000E+01  0.400644E+01
0.143500E+01  0.409837E+01
0.144000E+01  0.419221E+01
0.144500E+01  0.428800E+01
0.145000E+01  0.438579E+01
0.145500E+01  0.448561E+01
0.146000E+01  0.458750E+01
0.146500E+01  0.469150E+01
0.147000E+01  0.479765E+01
0.147500E+01  0.490600E+01
0.148000E+01  0.501658E+01
0.148500E+01  0.512944E+01
0.149000E+01  0.524463E+01
0.149500E+01  0.536218E+01
0.150000E+01  0.548214E+01
