0.100500E+01  0.112093E+00
0.101000E+01  0.223254E+00
0.101500E+01  0.333526E+00
0.102000E+01  0.442950E+00
0.102500E+01  0.551569E+00
0.103000E+01  0.659420E+00
0.103500E+01  0.766543E+00
0.104000E+01  0.872974E+00
0.104500E+01  0.978752E+00
0.105000E+01  0.108391E+01
0.105500E+01  0.118848E+01
0.106000E+01  0.129250E+01
0.106500E+01  0.139601E+01
0.107000E+01  0.149903E+01
0.107500E+01  0.160159E+01
0.108000E+01  0.170373E+01
0.108500E+01  0.180547E+01
0.109000E+01  0.190685E+01
0.109500E+01  0.200789E+01
0.110000E+01  0.210862E+01
0.110500E+01  0.220906E+01
0.111000E+01  0.230925E+01
0.111500E+01  0.240921E+01
0.112000E+01  0.250897E+01
0.112500E+01  0.260854E+01
0.113000E+01  0.270796E+01
0.113500E+01  0.280724E+01
0.114000E+01  0.290641E+01
0.114500E+01  0.300550E+01
0.115000E+01  0.310452E+01
0.115500E+01  0.320350E+01
0.116000E+01  0.330246E+01
0.116500E+01  0.340142E+01
0.117000E+01  0.350040E+01
0.117500E+01  0.359942E+01
0.118000E+01  0.369850E+01
0.118500E+01  0.379766E+01
0.119000E+01  0.389692E+01
0.119500E+01  0.399630E+01
0.120000E+01  0.409581E+01
0.120500E+01  0.419549E+01
0.121000E+01  0.429533E+01
0.121500E+01  0.439537E+01
0.122000E+01  0.449561E+01
0.122500E+01  0.459609E+01
0.123000E+01  0.469680E+01
0.123500E+01  0.479778E+01
0.124000E+01  0.489903E+01
0.124500E+01  0.500058E+01
0.125000E+01  0.510243E+01
0.125500E+01  0.520461E+01
0.126000E+01  0.530713E+01
0.126500E+01  0.541001E+01
0.127000E+01  0.551326E+01
0.127500E+01  0.561690E+01
0.128000E+01  0.572093E+01
0.128500E+01  0.582539E+01
0.129000E+01  0.593027E+01
0.129500E+01  0.603561E+01
0.130000E+01  0.614140E+01
0.130500E+01  0.624767E+01
0.131000E+01  0.635442E+01
0.131500E+01  0.646168E+01
0.132000E+01  0.656946E+01
0.132500E+01  0.667777E+01
0.133000E+01  0.678662E+01
0.133500E+01  0.689603E+01
0.134000E+01  0.700601E+01
0.134500E+01  0.711657E+01
0.135000E+01  0.722773E+01
0.135500E+01  0.733950E+01
0.136000E+01  0.745190E+01
0.136500E+01  0.756493E+01
0.137000E+01  0.767862E+01
0.137500E+01  0.779296E+01
0.138000E+01  0.790798E+01
0.138500E+01  0.802369E+01
0.139000E+01  0.814010E+01
0.139500E+01  0.825722E+01
0.140000E+01  0.837507E+01
0.140500E+01  0.849366E+01
0.141000E+01  0.861299E+01
0.141500E+01  0.873309E+01
0.142000E+01  0.885397E+01
0.142500E+01  0.897563E+01
0.143000E+01  0.909809E+01
0.143500E+01  0.922136E+01
0.144000E+01  0.934546E+01
0.144500E+01  0.947039E+01
0.145000E+01  0.959617E+01
0.145500E+01  0.972281E+01
0.146000E+01  0.985032E+01
0.146500E+01  0.997872E+01
0.147000E+01  0.101080E+02
0.147500E+01  0.102382E+02
0.148000E+01  0.103693E+02
0.148500E+01  0.105014E+02
0.149000E+01  0.106344E+02
0.149500E+01  0.107683E+02
0.150000E+01  0.109032E+02
