0.100500E+01  0.580138E-01
0.101000E+01  0.115872E+00
0.101500E+01  0.173654E+00
0.102000E+01  0.231439E+00
0.102500E+01  0.289302E+00
0.103000E+01  0.347317E+00
0.103500E+01  0.405557E+00
0.104000E+01  0.464093E+00
0.104500E+01  0.522994E+00
0.105000E+01  0.582329E+00
0.105500E+01  0.642165E+00
0.106000E+01  0.702570E+00
0.106500E+01  0.763608E+00
0.107000E+01  0.825346E+00
0.107500E+01  0.887848E+00
0.108000E+01  0.951178E+00
0.108500E+01  0.101540E+01
0.109000E+01  0.108058E+01
0.109500E+01  0.114678E+01
0.110000E+01  0.121407E+01
0.110500E+01  0.128251E+01
0.111000E+01  0.135216E+01
0.111500E+01  0.142309E+01
0.112000E+01  0.149536E+01
0.112500E+01  0.156904E+01
0.113000E+01  0.164419E+01
0.113500E+01  0.172088E+01
0.114000E+01  0.179918E+01
0.114500E+01  0.187915E+01
0.115000E+01  0.196087E+01
0.115500E+01  0.204439E+01
0.116000E+01  0.212980E+01
0.116500E+01  0.221715E+01
0.117000E+01  0.230653E+01
0.117500E+01  0.239799E+01
0.118000E+01  0.249162E+01
0.118500E+01  0.258749E+01
0.119000E+01  0.268568E+01
0.119500E+01  0.278625E+01
0.120000E+01  0.288929E+01
0.120500E+01  0.299487E+01
0.121000E+01  0.310307E+01
0.121500E+01  0.321397E+01
0.122000E+01  0.332766E+01
0.122500E+01  0.344422E+01
0.123000E+01  0.356373E+01
0.123500E+01  0.368627E+01
0.124000E+01  0.381194E+01
0.124500E+01  0.394082E+01
0.125000E+01  0.407300E+01
0.125500E+01  0.420857E+01
0.126000E+01  0.434763E+01
0.126500E+01  0.449026E+01
0.127000E+01  0.463658E+01
0.127500E+01  0.478666E+01
0.128000E+01  0.494062E+01
0.128500E+01  0.509856E+01
0.129000E+01  0.526057E+01
0.129500E+01  0.542676E+01
0.130000E+01  0.559725E+01
0.130500E+01  0.577213E+01
0.131000E+01  0.595152E+01
0.131500E+01  0.613553E+01
0.132000E+01  0.632427E+01
0.132500E+01  0.651787E+01
0.133000E+01  0.671644E+01
0.133500E+01  0.692010E+01
0.134000E+01  0.712897E+01
0.134500E+01  0.734319E+01
0.135000E+01  0.756287E+01
0.135500E+01  0.778815E+01
0.136000E+01  0.801917E+01
0.136500E+01  0.825605E+01
0.137000E+01  0.849893E+01
0.137500E+01  0.874795E+01
0.138000E+01  0.900326E+01
0.138500E+01  0.926500E+01
0.139000E+01  0.953331E+01
0.139500E+01  0.980836E+01
0.140000E+01  0.100903E+02
0.140500E+01  0.103792E+02
0.141000E+01  0.106754E+02
0.141500E+01  0.109789E+02
0.142000E+01  0.112899E+02
0.142500E+01  0.116086E+02
0.143000E+01  0.119352E+02
0.143500E+01  0.122698E+02
0.144000E+01  0.126126E+02
0.144500E+01  0.129638E+02
0.145000E+01  0.133236E+02
0.145500E+01  0.136921E+02
0.146000E+01  0.140696E+02
0.146500E+01  0.144562E+02
0.147000E+01  0.148521E+02
0.147500E+01  0.152576E+02
0.148000E+01  0.156728E+02
0.148500E+01  0.160979E+02
0.149000E+01  0.165332E+02
0.149500E+01  0.169788E+02
0.150000E+01  0.174351E+02
