0.100500E+01  0.999454E-01
0.101000E+01  0.199482E+00
0.101500E+01  0.298654E+00
0.102000E+01  0.397503E+00
0.102500E+01  0.496070E+00
0.103000E+01  0.594396E+00
0.103500E+01  0.692518E+00
0.104000E+01  0.790475E+00
0.104500E+01  0.888303E+00
0.105000E+01  0.986036E+00
0.105500E+01  0.108371E+01
0.106000E+01  0.118136E+01
0.106500E+01  0.127902E+01
0.107000E+01  0.137671E+01
0.107500E+01  0.147448E+01
0.108000E+01  0.157235E+01
0.108500E+01  0.167035E+01
0.109000E+01  0.176851E+01
0.109500E+01  0.186686E+01
0.110000E+01  0.196543E+01
0.110500E+01  0.206425E+01
0.111000E+01  0.216334E+01
0.111500E+01  0.226273E+01
0.112000E+01  0.236245E+01
0.112500E+01  0.246252E+01
0.113000E+01  0.256297E+01
0.113500E+01  0.266382E+01
0.114000E+01  0.276510E+01
0.114500E+01  0.286683E+01
0.115000E+01  0.296904E+01
0.115500E+01  0.307175E+01
0.116000E+01  0.317499E+01
0.116500E+01  0.327877E+01
0.117000E+01  0.338313E+01
0.117500E+01  0.348808E+01
0.118000E+01  0.359364E+01
0.118500E+01  0.369985E+01
0.119000E+01  0.380672E+01
0.119500E+01  0.391427E+01
0.120000E+01  0.402252E+01
0.120500E+01  0.413150E+01
0.121000E+01  0.424124E+01
0.121500E+01  0.435174E+01
0.122000E+01  0.446303E+01
0.122500E+01  0.457513E+01
0.123000E+01  0.468806E+01
0.123500E+01  0.480185E+01
0.124000E+01  0.491651E+01
0.124500E+01  0.503207E+01
0.125000E+01  0.514854E+01
0.125500E+01  0.526594E+01
0.126000E+01  0.538430E+01
0.126500E+01  0.550364E+01
0.127000E+01  0.562396E+01
0.127500E+01  0.574531E+01
0.128000E+01  0.586768E+01
0.128500E+01  0.599111E+01
0.129000E+01  0.611561E+01
0.129500E+01  0.624121E+01
0.130000E+01  0.636791E+01
0.130500E+01  0.649575E+01
0.131000E+01  0.662473E+01
0.131500E+01  0.675488E+01
0.132000E+01  0.688623E+01
0.132500E+01  0.701878E+01
0.133000E+01  0.715255E+01
0.133500E+01  0.728757E+01
0.134000E+01  0.742385E+01
0.134500E+01  0.756142E+01
0.135000E+01  0.770028E+01
0.135500E+01  0.784047E+01
0.136000E+01  0.798199E+01
0.136500E+01  0.812488E+01
0.137000E+01  0.826913E+01
0.137500E+01  0.841478E+01
0.138000E+01  0.856185E+01
0.138500E+01  0.871034E+01
0.139000E+01  0.886029E+01
0.139500E+01  0.901170E+01
0.140000E+01  0.916460E+01
0.140500E+01  0.931901E+01
0.141000E+01  0.947494E+01
0.141500E+01  0.963241E+01
0.142000E+01  0.979144E+01
0.142500E+01  0.995205E+01
0.143000E+01  0.101143E+02
0.143500E+01  0.102781E+02
0.144000E+01  0.104435E+02
0.144500E+01  0.106106E+02
0.145000E+01  0.107794E+02
0.145500E+01  0.109499E+02
0.146000E+01  0.111221E+02
0.146500E+01  0.112960E+02
0.147000E+01  0.114716E+02
0.147500E+01  0.116490E+02
0.148000E+01  0.118282E+02
0.148500E+01  0.120092E+02
0.149000E+01  0.121920E+02
0.149500E+01  0.123767E+02
0.150000E+01  0.125632E+02
