0.100500E+01  0.121606E-01
0.101000E+01  0.244894E-01
0.101500E+01  0.370019E-01
0.102000E+01  0.497123E-01
0.102500E+01  0.626344E-01
0.103000E+01  0.757811E-01
0.103500E+01  0.891649E-01
0.104000E+01  0.102798E+00
0.104500E+01  0.116691E+00
0.105000E+01  0.130856E+00
0.105500E+01  0.145304E+00
0.106000E+01  0.160046E+00
0.106500E+01  0.175092E+00
0.107000E+01  0.190453E+00
0.107500E+01  0.206139E+00
0.108000E+01  0.222160E+00
0.108500E+01  0.238527E+00
0.109000E+01  0.255251E+00
0.109500E+01  0.272341E+00
0.110000E+01  0.289809E+00
0.110500E+01  0.307665E+00
0.111000E+01  0.325919E+00
0.111500E+01  0.344582E+00
0.112000E+01  0.363666E+00
0.112500E+01  0.383180E+00
0.113000E+01  0.403136E+00
0.113500E+01  0.423545E+00
0.114000E+01  0.444418E+00
0.114500E+01  0.465766E+00
0.115000E+01  0.487601E+00
0.115500E+01  0.509933E+00
0.116000E+01  0.532774E+00
0.116500E+01  0.556135E+00
0.117000E+01  0.580027E+00
0.117500E+01  0.604462E+00
0.118000E+01  0.629450E+00
0.118500E+01  0.655002E+00
0.119000E+01  0.681130E+00
0.119500E+01  0.707843E+00
0.120000E+01  0.735152E+00
0.120500E+01  0.763067E+00
0.121000E+01  0.791599E+00
0.121500E+01  0.820757E+00
0.122000E+01  0.850552E+00
0.122500E+01  0.880992E+00
0.123000E+01  0.912086E+00
0.123500E+01  0.943845E+00
0.124000E+01  0.976277E+00
0.124500E+01  0.100939E+01
0.125000E+01  0.104320E+01
0.125500E+01  0.107770E+01
0.126000E+01  0.111291E+01
0.126500E+01  0.114884E+01
0.127000E+01  0.118549E+01
0.127500E+01  0.122287E+01
0.128000E+01  0.126099E+01
0.128500E+01  0.129986E+01
0.129000E+01  0.133949E+01
0.129500E+01  0.137988E+01
0.130000E+01  0.142104E+01
0.130500E+01  0.146298E+01
0.131000E+01  0.150570E+01
0.131500E+01  0.154922E+01
0.132000E+01  0.159354E+01
0.132500E+01  0.163867E+01
0.133000E+01  0.168462E+01
0.133500E+01  0.173139E+01
0.134000E+01  0.177899E+01
0.134500E+01  0.182744E+01
0.135000E+01  0.187673E+01
0.135500E+01  0.192688E+01
0.136000E+01  0.197789E+01
0.136500E+01  0.202977E+01
0.137000E+01  0.208254E+01
0.137500E+01  0.213619E+01
0.138000E+01  0.219074E+01
0.138500E+01  0.224619E+01
0.139000E+01  0.230256E+01
0.139500E+01  0.235984E+01
0.140000E+01  0.241806E+01
0.140500E+01  0.247721E+01
0.141000E+01  0.253731E+01
0.141500E+01  0.259837E+01
0.142000E+01  0.266039E+01
0.142500E+01  0.272338E+01
0.143000E+01  0.278736E+01
0.143500E+01  0.285232E+01
0.144000E+01  0.291829E+01
0.144500E+01  0.298526E+01
0.145000E+01  0.305326E+01
0.145500E+01  0.312228E+01
0.146000E+01  0.319233E+01
0.146500E+01  0.326344E+01
0.147000E+01  0.333560E+01
0.147500E+01  0.340883E+01
0.148000E+01  0.348313E+01
0.148500E+01  0.355852E+01
0.149000E+01  0.363500E+01
0.149500E+01  0.371259E+01
0.150000E+01  0.379129E+01
