0.100500E+01  0.380420E-01
0.101000E+01  0.753836E-01
0.101500E+01  0.112076E+00
0.102000E+01  0.148169E+00
0.102500E+01  0.183711E+00
0.103000E+01  0.218749E+00
0.103500E+01  0.253326E+00
0.104000E+01  0.287487E+00
0.104500E+01  0.321274E+00
0.105000E+01  0.354728E+00
0.105500E+01  0.387890E+00
0.106000E+01  0.420798E+00
0.106500E+01  0.453489E+00
0.107000E+01  0.486002E+00
0.107500E+01  0.518372E+00
0.108000E+01  0.550634E+00
0.108500E+01  0.582824E+00
0.109000E+01  0.614975E+00
0.109500E+01  0.647121E+00
0.110000E+01  0.679294E+00
0.110500E+01  0.711527E+00
0.111000E+01  0.743851E+00
0.111500E+01  0.776299E+00
0.112000E+01  0.808902E+00
0.112500E+01  0.841689E+00
0.113000E+01  0.874693E+00
0.113500E+01  0.907942E+00
0.114000E+01  0.941468E+00
0.114500E+01  0.975301E+00
0.115000E+01  0.100947E+01
0.115500E+01  0.104400E+01
0.116000E+01  0.107894E+01
0.116500E+01  0.111429E+01
0.117000E+01  0.115011E+01
0.117500E+01  0.118640E+01
0.118000E+01  0.122322E+01
0.118500E+01  0.126058E+01
0.119000E+01  0.129851E+01
0.119500E+01  0.133706E+01
0.120000E+01  0.137624E+01
0.120500E+01  0.141608E+01
0.121000E+01  0.145663E+01
0.121500E+01  0.149791E+01
0.122000E+01  0.153995E+01
0.122500E+01  0.158278E+01
0.123000E+01  0.162644E+01
0.123500E+01  0.167096E+01
0.124000E+01  0.171638E+01
0.124500E+01  0.176271E+01
0.125000E+01  0.181001E+01
0.125500E+01  0.185831E+01
0.126000E+01  0.190763E+01
0.126500E+01  0.195802E+01
0.127000E+01  0.200951E+01
0.127500E+01  0.206213E+01
0.128000E+01  0.211593E+01
0.128500E+01  0.217094E+01
0.129000E+01  0.222721E+01
0.129500E+01  0.228476E+01
0.130000E+01  0.234363E+01
0.130500E+01  0.240388E+01
0.131000E+01  0.246554E+01
0.131500E+01  0.252864E+01
0.132000E+01  0.259324E+01
0.132500E+01  0.265937E+01
0.133000E+01  0.272708E+01
0.133500E+01  0.279642E+01
0.134000E+01  0.286742E+01
0.134500E+01  0.294014E+01
0.135000E+01  0.301462E+01
0.135500E+01  0.309090E+01
0.136000E+01  0.316905E+01
0.136500E+01  0.324909E+01
0.137000E+01  0.333110E+01
0.137500E+01  0.341511E+01
0.138000E+01  0.350118E+01
0.138500E+01  0.358937E+01
0.139000E+01  0.367971E+01
0.139500E+01  0.377229E+01
0.140000E+01  0.386713E+01
0.140500E+01  0.396431E+01
0.141000E+01  0.406389E+01
0.141500E+01  0.416591E+01
0.142000E+01  0.427045E+01
0.142500E+01  0.437756E+01
0.143000E+01  0.448730E+01
0.143500E+01  0.459974E+01
0.144000E+01  0.471494E+01
0.144500E+01  0.483298E+01
0.145000E+01  0.495391E+01
0.145500E+01  0.507780E+01
0.146000E+01  0.520473E+01
0.146500E+01  0.533477E+01
0.147000E+01  0.546798E+01
0.147500E+01  0.560444E+01
0.148000E+01  0.574423E+01
0.148500E+01  0.588742E+01
0.149000E+01  0.603410E+01
0.149500E+01  0.618433E+01
0.150000E+01  0.633820E+01
