0.100500E+01  0.464209E-01
0.101000E+01  0.923918E-01
0.101500E+01  0.137959E+00
0.102000E+01  0.183169E+00
0.102500E+01  0.228065E+00
0.103000E+01  0.272691E+00
0.103500E+01  0.317089E+00
0.104000E+01  0.361302E+00
0.104500E+01  0.405369E+00
0.105000E+01  0.449330E+00
0.105500E+01  0.493224E+00
0.106000E+01  0.537090E+00
0.106500E+01  0.580964E+00
0.107000E+01  0.624884E+00
0.107500E+01  0.668885E+00
0.108000E+01  0.713003E+00
0.108500E+01  0.757272E+00
0.109000E+01  0.801727E+00
0.109500E+01  0.846402E+00
0.110000E+01  0.891330E+00
0.110500E+01  0.936543E+00
0.111000E+01  0.982075E+00
0.111500E+01  0.102796E+01
0.112000E+01  0.107422E+01
0.112500E+01  0.112090E+01
0.113000E+01  0.116802E+01
0.113500E+01  0.121561E+01
0.114000E+01  0.126371E+01
0.114500E+01  0.131234E+01
0.115000E+01  0.136154E+01
0.115500E+01  0.141134E+01
0.116000E+01  0.146175E+01
0.116500E+01  0.151282E+01
0.117000E+01  0.156458E+01
0.117500E+01  0.161704E+01
0.118000E+01  0.167024E+01
0.118500E+01  0.172422E+01
0.119000E+01  0.177898E+01
0.119500E+01  0.183458E+01
0.120000E+01  0.189103E+01
0.120500E+01  0.194836E+01
0.121000E+01  0.200661E+01
0.121500E+01  0.206579E+01
0.122000E+01  0.212594E+01
0.122500E+01  0.218708E+01
0.123000E+01  0.224925E+01
0.123500E+01  0.231247E+01
0.124000E+01  0.237677E+01
0.124500E+01  0.244218E+01
0.125000E+01  0.250872E+01
0.125500E+01  0.257643E+01
0.126000E+01  0.264533E+01
0.126500E+01  0.271545E+01
0.127000E+01  0.278682E+01
0.127500E+01  0.285947E+01
0.128000E+01  0.293342E+01
0.128500E+01  0.300871E+01
0.129000E+01  0.308536E+01
0.129500E+01  0.316340E+01
0.130000E+01  0.324287E+01
0.130500E+01  0.332378E+01
0.131000E+01  0.340617E+01
0.131500E+01  0.349007E+01
0.132000E+01  0.357550E+01
0.132500E+01  0.366251E+01
0.133000E+01  0.375110E+01
0.133500E+01  0.384132E+01
0.134000E+01  0.393320E+01
0.134500E+01  0.402676E+01
0.135000E+01  0.412204E+01
0.135500E+01  0.421906E+01
0.136000E+01  0.431785E+01
0.136500E+01  0.441846E+01
0.137000E+01  0.452089E+01
0.137500E+01  0.462520E+01
0.138000E+01  0.473140E+01
0.138500E+01  0.483953E+01
0.139000E+01  0.494962E+01
0.139500E+01  0.506171E+01
0.140000E+01  0.517582E+01
0.140500E+01  0.529198E+01
0.141000E+01  0.541023E+01
0.141500E+01  0.553061E+01
0.142000E+01  0.565313E+01
0.142500E+01  0.577784E+01
0.143000E+01  0.590477E+01
0.143500E+01  0.603395E+01
0.144000E+01  0.616542E+01
0.144500E+01  0.629921E+01
0.145000E+01  0.643534E+01
0.145500E+01  0.657387E+01
0.146000E+01  0.671482E+01
0.146500E+01  0.685822E+01
0.147000E+01  0.700411E+01
0.147500E+01  0.715253E+01
0.148000E+01  0.730351E+01
0.148500E+01  0.745708E+01
0.149000E+01  0.761329E+01
0.149500E+01  0.777216E+01
0.150000E+01  0.793374E+01
