0.100500E+01  0.403375E-01
0.101000E+01  0.804882E-01
0.101500E+01  0.120463E+00
0.102000E+01  0.160273E+00
0.102500E+01  0.199929E+00
0.103000E+01  0.239440E+00
0.103500E+01  0.278817E+00
0.104000E+01  0.318068E+00
0.104500E+01  0.357205E+00
0.105000E+01  0.396236E+00
0.105500E+01  0.435169E+00
0.106000E+01  0.474014E+00
0.106500E+01  0.512780E+00
0.107000E+01  0.551474E+00
0.107500E+01  0.590105E+00
0.108000E+01  0.628681E+00
0.108500E+01  0.667210E+00
0.109000E+01  0.705699E+00
0.109500E+01  0.744156E+00
0.110000E+01  0.782589E+00
0.110500E+01  0.821004E+00
0.111000E+01  0.859409E+00
0.111500E+01  0.897810E+00
0.112000E+01  0.936215E+00
0.112500E+01  0.974630E+00
0.113000E+01  0.101306E+01
0.113500E+01  0.105152E+01
0.114000E+01  0.109000E+01
0.114500E+01  0.112852E+01
0.115000E+01  0.116708E+01
0.115500E+01  0.120569E+01
0.116000E+01  0.124435E+01
0.116500E+01  0.128307E+01
0.117000E+01  0.132186E+01
0.117500E+01  0.136071E+01
0.118000E+01  0.139965E+01
0.118500E+01  0.143866E+01
0.119000E+01  0.147776E+01
0.119500E+01  0.151696E+01
0.120000E+01  0.155625E+01
0.120500E+01  0.159564E+01
0.121000E+01  0.163514E+01
0.121500E+01  0.167475E+01
0.122000E+01  0.171448E+01
0.122500E+01  0.175434E+01
0.123000E+01  0.179431E+01
0.123500E+01  0.183443E+01
0.124000E+01  0.187467E+01
0.124500E+01  0.191506E+01
0.125000E+01  0.195559E+01
0.125500E+01  0.199627E+01
0.126000E+01  0.203711E+01
0.126500E+01  0.207810E+01
0.127000E+01  0.211926E+01
0.127500E+01  0.216058E+01
0.128000E+01  0.220207E+01
0.128500E+01  0.224374E+01
0.129000E+01  0.228559E+01
0.129500E+01  0.232762E+01
0.130000E+01  0.236983E+01
0.130500E+01  0.241224E+01
0.131000E+01  0.245484E+01
0.131500E+01  0.249764E+01
0.132000E+01  0.254065E+01
0.132500E+01  0.258385E+01
0.133000E+01  0.262727E+01
0.133500E+01  0.267090E+01
0.134000E+01  0.271475E+01
0.134500E+01  0.275881E+01
0.135000E+01  0.280310E+01
0.135500E+01  0.284762E+01
0.136000E+01  0.289237E+01
0.136500E+01  0.293735E+01
0.137000E+01  0.298257E+01
0.137500E+01  0.302803E+01
0.138000E+01  0.307373E+01
0.138500E+01  0.311968E+01
0.139000E+01  0.316588E+01
0.139500E+01  0.321234E+01
0.140000E+01  0.325905E+01
0.140500E+01  0.330602E+01
0.141000E+01  0.335325E+01
0.141500E+01  0.340075E+01
0.142000E+01  0.344852E+01
0.142500E+01  0.349656E+01
0.143000E+01  0.354488E+01
0.143500E+01  0.359347E+01
0.144000E+01  0.364234E+01
0.144500E+01  0.369150E+01
0.145000E+01  0.374095E+01
0.145500E+01  0.379068E+01
0.146000E+01  0.384071E+01
0.146500E+01  0.389103E+01
0.147000E+01  0.394165E+01
0.147500E+01  0.399257E+01
0.148000E+01  0.404379E+01
0.148500E+01  0.409532E+01
0.149000E+01  0.414716E+01
0.149500E+01  0.419931E+01
0.150000E+01  0.425178E+01
