0.100500E+01  0.119565E+00
0.101000E+01  0.237533E+00
0.101500E+01  0.354074E+00
0.102000E+01  0.469347E+00
0.102500E+01  0.583505E+00
0.103000E+01  0.696693E+00
0.103500E+01  0.809050E+00
0.104000E+01  0.920707E+00
0.104500E+01  0.103179E+01
0.105000E+01  0.114242E+01
0.105500E+01  0.125270E+01
0.106000E+01  0.136276E+01
0.106500E+01  0.147269E+01
0.107000E+01  0.158259E+01
0.107500E+01  0.169257E+01
0.108000E+01  0.180270E+01
0.108500E+01  0.191310E+01
0.109000E+01  0.202383E+01
0.109500E+01  0.213499E+01
0.110000E+01  0.224665E+01
0.110500E+01  0.235890E+01
0.111000E+01  0.247180E+01
0.111500E+01  0.258544E+01
0.112000E+01  0.269989E+01
0.112500E+01  0.281520E+01
0.113000E+01  0.293147E+01
0.113500E+01  0.304874E+01
0.114000E+01  0.316708E+01
0.114500E+01  0.328657E+01
0.115000E+01  0.340725E+01
0.115500E+01  0.352920E+01
0.116000E+01  0.365246E+01
0.116500E+01  0.377711E+01
0.117000E+01  0.390320E+01
0.117500E+01  0.403078E+01
0.118000E+01  0.415992E+01
0.118500E+01  0.429066E+01
0.119000E+01  0.442307E+01
0.119500E+01  0.455720E+01
0.120000E+01  0.469310E+01
0.120500E+01  0.483082E+01
0.121000E+01  0.497043E+01
0.121500E+01  0.511196E+01
0.122000E+01  0.525548E+01
0.122500E+01  0.540103E+01
0.123000E+01  0.554867E+01
0.123500E+01  0.569845E+01
0.124000E+01  0.585042E+01
0.124500E+01  0.600463E+01
0.125000E+01  0.616113E+01
0.125500E+01  0.631997E+01
0.126000E+01  0.648121E+01
0.126500E+01  0.664489E+01
0.127000E+01  0.681106E+01
0.127500E+01  0.697978E+01
0.128000E+01  0.715110E+01
0.128500E+01  0.732506E+01
0.129000E+01  0.750172E+01
0.129500E+01  0.768113E+01
0.130000E+01  0.786333E+01
0.130500E+01  0.804839E+01
0.131000E+01  0.823635E+01
0.131500E+01  0.842726E+01
0.132000E+01  0.862117E+01
0.132500E+01  0.881815E+01
0.133000E+01  0.901823E+01
0.133500E+01  0.922147E+01
0.134000E+01  0.942792E+01
0.134500E+01  0.963764E+01
0.135000E+01  0.985068E+01
0.135500E+01  0.100671E+02
0.136000E+01  0.102869E+02
0.136500E+01  0.105103E+02
0.137000E+01  0.107371E+02
0.137500E+01  0.109675E+02
0.138000E+01  0.112016E+02
0.138500E+01  0.114394E+02
0.139000E+01  0.116809E+02
0.139500E+01  0.119263E+02
0.140000E+01  0.121755E+02
0.140500E+01  0.124287E+02
0.141000E+01  0.126858E+02
0.141500E+01  0.129469E+02
0.142000E+01  0.132122E+02
0.142500E+01  0.134816E+02
0.143000E+01  0.137552E+02
0.143500E+01  0.140331E+02
0.144000E+01  0.143153E+02
0.144500E+01  0.146020E+02
0.145000E+01  0.148930E+02
0.145500E+01  0.151886E+02
0.146000E+01  0.154888E+02
0.146500E+01  0.157936E+02
0.147000E+01  0.161031E+02
0.147500E+01  0.164174E+02
0.148000E+01  0.167365E+02
0.148500E+01  0.170605E+02
0.149000E+01  0.173894E+02
0.149500E+01  0.177234E+02
0.150000E+01  0.180624E+02
