0.100500E+01  0.559436E-01
0.101000E+01  0.111718E+00
0.101500E+01  0.167398E+00
0.102000E+01  0.223055E+00
0.102500E+01  0.278761E+00
0.103000E+01  0.334588E+00
0.103500E+01  0.390604E+00
0.104000E+01  0.446880E+00
0.104500E+01  0.503485E+00
0.105000E+01  0.560486E+00
0.105500E+01  0.617951E+00
0.106000E+01  0.675948E+00
0.106500E+01  0.734544E+00
0.107000E+01  0.793808E+00
0.107500E+01  0.853806E+00
0.108000E+01  0.914605E+00
0.108500E+01  0.976275E+00
0.109000E+01  0.103888E+01
0.109500E+01  0.110250E+01
0.110000E+01  0.116719E+01
0.110500E+01  0.123302E+01
0.111000E+01  0.130007E+01
0.111500E+01  0.136840E+01
0.112000E+01  0.143810E+01
0.112500E+01  0.150922E+01
0.113000E+01  0.158184E+01
0.113500E+01  0.165604E+01
0.114000E+01  0.173190E+01
0.114500E+01  0.180948E+01
0.115000E+01  0.188887E+01
0.115500E+01  0.197014E+01
0.116000E+01  0.205338E+01
0.116500E+01  0.213866E+01
0.117000E+01  0.222607E+01
0.117500E+01  0.231569E+01
0.118000E+01  0.240761E+01
0.118500E+01  0.250191E+01
0.119000E+01  0.259868E+01
0.119500E+01  0.269801E+01
0.120000E+01  0.279999E+01
0.120500E+01  0.290472E+01
0.121000E+01  0.301230E+01
0.121500E+01  0.312280E+01
0.122000E+01  0.323635E+01
0.122500E+01  0.335303E+01
0.123000E+01  0.347295E+01
0.123500E+01  0.359621E+01
0.124000E+01  0.372292E+01
0.124500E+01  0.385320E+01
0.125000E+01  0.398714E+01
0.125500E+01  0.412486E+01
0.126000E+01  0.426649E+01
0.126500E+01  0.441213E+01
0.127000E+01  0.456191E+01
0.127500E+01  0.471595E+01
0.128000E+01  0.487437E+01
0.128500E+01  0.503731E+01
0.129000E+01  0.520489E+01
0.129500E+01  0.537726E+01
0.130000E+01  0.555453E+01
0.130500E+01  0.573686E+01
0.131000E+01  0.592438E+01
0.131500E+01  0.611725E+01
0.132000E+01  0.631560E+01
0.132500E+01  0.651959E+01
0.133000E+01  0.672938E+01
0.133500E+01  0.694512E+01
0.134000E+01  0.716697E+01
0.134500E+01  0.739510E+01
0.135000E+01  0.762967E+01
0.135500E+01  0.787086E+01
0.136000E+01  0.811884E+01
0.136500E+01  0.837379E+01
0.137000E+01  0.863590E+01
0.137500E+01  0.890534E+01
0.138000E+01  0.918231E+01
0.138500E+01  0.946701E+01
0.139000E+01  0.975962E+01
0.139500E+01  0.100604E+02
0.140000E+01  0.103694E+02
0.140500E+01  0.106870E+02
0.141000E+01  0.110134E+02
0.141500E+01  0.113487E+02
0.142000E+01  0.116933E+02
0.142500E+01  0.120473E+02
0.143000E+01  0.124109E+02
0.143500E+01  0.127844E+02
0.144000E+01  0.131681E+02
0.144500E+01  0.135622E+02
0.145000E+01  0.139669E+02
0.145500E+01  0.143825E+02
0.146000E+01  0.148093E+02
0.146500E+01  0.152475E+02
0.147000E+01  0.156974E+02
0.147500E+01  0.161593E+02
0.148000E+01  0.166335E+02
0.148500E+01  0.171202E+02
0.149000E+01  0.176199E+02
0.149500E+01  0.181326E+02
0.150000E+01  0.186589E+02
