0.100500E+01  0.140806E+00
0.101000E+01  0.278661E+00
0.101500E+01  0.413648E+00
0.102000E+01  0.545843E+00
0.102500E+01  0.675323E+00
0.103000E+01  0.802163E+00
0.103500E+01  0.926432E+00
0.104000E+01  0.104820E+01
0.104500E+01  0.116753E+01
0.105000E+01  0.128450E+01
0.105500E+01  0.139915E+01
0.106000E+01  0.151156E+01
0.106500E+01  0.162178E+01
0.107000E+01  0.172987E+01
0.107500E+01  0.183588E+01
0.108000E+01  0.193987E+01
0.108500E+01  0.204189E+01
0.109000E+01  0.214198E+01
0.109500E+01  0.224021E+01
0.110000E+01  0.233661E+01
0.110500E+01  0.243123E+01
0.111000E+01  0.252411E+01
0.111500E+01  0.261531E+01
0.112000E+01  0.270485E+01
0.112500E+01  0.279278E+01
0.113000E+01  0.287915E+01
0.113500E+01  0.296398E+01
0.114000E+01  0.304732E+01
0.114500E+01  0.312919E+01
0.115000E+01  0.320965E+01
0.115500E+01  0.328872E+01
0.116000E+01  0.336642E+01
0.116500E+01  0.344281E+01
0.117000E+01  0.351790E+01
0.117500E+01  0.359173E+01
0.118000E+01  0.366433E+01
0.118500E+01  0.373572E+01
0.119000E+01  0.380594E+01
0.119500E+01  0.387500E+01
0.120000E+01  0.394295E+01
0.120500E+01  0.400979E+01
0.121000E+01  0.407557E+01
0.121500E+01  0.414029E+01
0.122000E+01  0.420399E+01
0.122500E+01  0.426669E+01
0.123000E+01  0.432842E+01
0.123500E+01  0.438918E+01
0.124000E+01  0.444901E+01
0.124500E+01  0.450792E+01
0.125000E+01  0.456594E+01
0.125500E+01  0.462309E+01
0.126000E+01  0.467937E+01
0.126500E+01  0.473482E+01
0.127000E+01  0.478946E+01
0.127500E+01  0.484328E+01
0.128000E+01  0.489633E+01
0.128500E+01  0.494861E+01
0.129000E+01  0.500013E+01
0.129500E+01  0.505092E+01
0.130000E+01  0.510100E+01
0.130500E+01  0.515036E+01
0.131000E+01  0.519904E+01
0.131500E+01  0.524704E+01
0.132000E+01  0.529438E+01
0.132500E+01  0.534108E+01
0.133000E+01  0.538714E+01
0.133500E+01  0.543257E+01
0.134000E+01  0.547740E+01
0.134500E+01  0.552164E+01
0.135000E+01  0.556529E+01
0.135500E+01  0.560837E+01
0.136000E+01  0.565089E+01
0.136500E+01  0.569286E+01
0.137000E+01  0.573429E+01
0.137500E+01  0.577520E+01
0.138000E+01  0.581559E+01
0.138500E+01  0.585547E+01
0.139000E+01  0.589486E+01
0.139500E+01  0.593376E+01
0.140000E+01  0.597219E+01
0.140500E+01  0.601015E+01
0.141000E+01  0.604765E+01
0.141500E+01  0.608470E+01
0.142000E+01  0.612131E+01
0.142500E+01  0.615748E+01
0.143000E+01  0.619324E+01
0.143500E+01  0.622858E+01
0.144000E+01  0.626351E+01
0.144500E+01  0.629804E+01
0.145000E+01  0.633218E+01
0.145500E+01  0.636594E+01
0.146000E+01  0.639931E+01
0.146500E+01  0.643232E+01
0.147000E+01  0.646497E+01
0.147500E+01  0.649725E+01
0.148000E+01  0.652919E+01
0.148500E+01  0.656079E+01
0.149000E+01  0.659205E+01
0.149500E+01  0.662298E+01
0.150000E+01  0.665358E+01
