0.100500E+01  0.126526E+00
0.101000E+01  0.251001E+00
0.101500E+01  0.373504E+00
0.102000E+01  0.494110E+00
0.102500E+01  0.612893E+00
0.103000E+01  0.729926E+00
0.103500E+01  0.845276E+00
0.104000E+01  0.959012E+00
0.104500E+01  0.107120E+01
0.105000E+01  0.118190E+01
0.105500E+01  0.129119E+01
0.106000E+01  0.139911E+01
0.106500E+01  0.150573E+01
0.107000E+01  0.161111E+01
0.107500E+01  0.171530E+01
0.108000E+01  0.181836E+01
0.108500E+01  0.192034E+01
0.109000E+01  0.202129E+01
0.109500E+01  0.212127E+01
0.110000E+01  0.222032E+01
0.110500E+01  0.231850E+01
0.111000E+01  0.241585E+01
0.111500E+01  0.251242E+01
0.112000E+01  0.260825E+01
0.112500E+01  0.270339E+01
0.113000E+01  0.279788E+01
0.113500E+01  0.289177E+01
0.114000E+01  0.298510E+01
0.114500E+01  0.307790E+01
0.115000E+01  0.317023E+01
0.115500E+01  0.326211E+01
0.116000E+01  0.335359E+01
0.116500E+01  0.344471E+01
0.117000E+01  0.353550E+01
0.117500E+01  0.362600E+01
0.118000E+01  0.371625E+01
0.118500E+01  0.380628E+01
0.119000E+01  0.389613E+01
0.119500E+01  0.398583E+01
0.120000E+01  0.407542E+01
0.120500E+01  0.416493E+01
0.121000E+01  0.425439E+01
0.121500E+01  0.434384E+01
0.122000E+01  0.443331E+01
0.122500E+01  0.452283E+01
0.123000E+01  0.461243E+01
0.123500E+01  0.470215E+01
0.124000E+01  0.479201E+01
0.124500E+01  0.488205E+01
0.125000E+01  0.497229E+01
0.125500E+01  0.506276E+01
0.126000E+01  0.515350E+01
0.126500E+01  0.524453E+01
0.127000E+01  0.533589E+01
0.127500E+01  0.542760E+01
0.128000E+01  0.551968E+01
0.128500E+01  0.561218E+01
0.129000E+01  0.570511E+01
0.129500E+01  0.579851E+01
0.130000E+01  0.589240E+01
0.130500E+01  0.598681E+01
0.131000E+01  0.608176E+01
0.131500E+01  0.617729E+01
0.132000E+01  0.627342E+01
0.132500E+01  0.637018E+01
0.133000E+01  0.646759E+01
0.133500E+01  0.656569E+01
0.134000E+01  0.666449E+01
0.134500E+01  0.676403E+01
0.135000E+01  0.686433E+01
0.135500E+01  0.696542E+01
0.136000E+01  0.706733E+01
0.136500E+01  0.717007E+01
0.137000E+01  0.727368E+01
0.137500E+01  0.737819E+01
0.138000E+01  0.748361E+01
0.138500E+01  0.758998E+01
0.139000E+01  0.769732E+01
0.139500E+01  0.780566E+01
0.140000E+01  0.791502E+01
0.140500E+01  0.802543E+01
0.141000E+01  0.813691E+01
0.141500E+01  0.824950E+01
0.142000E+01  0.836322E+01
0.142500E+01  0.847809E+01
0.143000E+01  0.859414E+01
0.143500E+01  0.871140E+01
0.144000E+01  0.882989E+01
0.144500E+01  0.894964E+01
0.145000E+01  0.907068E+01
0.145500E+01  0.919303E+01
0.146000E+01  0.931672E+01
0.146500E+01  0.944177E+01
0.147000E+01  0.956822E+01
0.147500E+01  0.969608E+01
0.148000E+01  0.982539E+01
0.148500E+01  0.995618E+01
0.149000E+01  0.100885E+02
0.149500E+01  0.102223E+02
0.150000E+01  0.103576E+02
