0.100500E+01  0.556047E-01
0.101000E+01  0.110367E+00
0.101500E+01  0.164319E+00
0.102000E+01  0.217490E+00
0.102500E+01  0.269910E+00
0.103000E+01  0.321608E+00
0.103500E+01  0.372610E+00
0.104000E+01  0.422943E+00
0.104500E+01  0.472633E+00
0.105000E+01  0.521705E+00
0.105500E+01  0.570182E+00
0.106000E+01  0.618089E+00
0.106500E+01  0.665448E+00
0.107000E+01  0.712280E+00
0.107500E+01  0.758608E+00
0.108000E+01  0.804450E+00
0.108500E+01  0.849828E+00
0.109000E+01  0.894761E+00
0.109500E+01  0.939266E+00
0.110000E+01  0.983363E+00
0.110500E+01  0.102707E+01
0.111000E+01  0.107040E+01
0.111500E+01  0.111338E+01
0.112000E+01  0.115601E+01
0.112500E+01  0.119832E+01
0.113000E+01  0.124031E+01
0.113500E+01  0.128202E+01
0.114000E+01  0.132343E+01
0.114500E+01  0.136459E+01
0.115000E+01  0.140548E+01
0.115500E+01  0.144614E+01
0.116000E+01  0.148657E+01
0.116500E+01  0.152678E+01
0.117000E+01  0.156679E+01
0.117500E+01  0.160660E+01
0.118000E+01  0.164624E+01
0.118500E+01  0.168570E+01
0.119000E+01  0.172501E+01
0.119500E+01  0.176417E+01
0.120000E+01  0.180319E+01
0.120500E+01  0.184208E+01
0.121000E+01  0.188085E+01
0.121500E+01  0.191951E+01
0.122000E+01  0.195808E+01
0.122500E+01  0.199655E+01
0.123000E+01  0.203495E+01
0.123500E+01  0.207326E+01
0.124000E+01  0.211152E+01
0.124500E+01  0.214972E+01
0.125000E+01  0.218787E+01
0.125500E+01  0.222597E+01
0.126000E+01  0.226405E+01
0.126500E+01  0.230210E+01
0.127000E+01  0.234013E+01
0.127500E+01  0.237815E+01
0.128000E+01  0.241616E+01
0.128500E+01  0.245418E+01
0.129000E+01  0.249221E+01
0.129500E+01  0.253025E+01
0.130000E+01  0.256831E+01
0.130500E+01  0.260641E+01
0.131000E+01  0.264453E+01
0.131500E+01  0.268270E+01
0.132000E+01  0.272091E+01
0.132500E+01  0.275918E+01
0.133000E+01  0.279750E+01
0.133500E+01  0.283588E+01
0.134000E+01  0.287434E+01
0.134500E+01  0.291286E+01
0.135000E+01  0.295147E+01
0.135500E+01  0.299016E+01
0.136000E+01  0.302894E+01
0.136500E+01  0.306781E+01
0.137000E+01  0.310678E+01
0.137500E+01  0.314586E+01
0.138000E+01  0.318504E+01
0.138500E+01  0.322434E+01
0.139000E+01  0.326375E+01
0.139500E+01  0.330328E+01
0.140000E+01  0.334294E+01
0.140500E+01  0.338274E+01
0.141000E+01  0.342266E+01
0.141500E+01  0.346272E+01
0.142000E+01  0.350293E+01
0.142500E+01  0.354328E+01
0.143000E+01  0.358379E+01
0.143500E+01  0.362445E+01
0.144000E+01  0.366526E+01
0.144500E+01  0.370624E+01
0.145000E+01  0.374739E+01
0.145500E+01  0.378870E+01
0.146000E+01  0.383019E+01
0.146500E+01  0.387185E+01
0.147000E+01  0.391369E+01
0.147500E+01  0.395572E+01
0.148000E+01  0.399793E+01
0.148500E+01  0.404034E+01
0.149000E+01  0.408294E+01
0.149500E+01  0.412573E+01
0.150000E+01  0.416873E+01
