0.100500E+01  0.229831E-01
0.101000E+01  0.455833E-01
0.101500E+01  0.678285E-01
0.102000E+01  0.897455E-01
0.102500E+01  0.111360E+00
0.103000E+01  0.132696E+00
0.103500E+01  0.153777E+00
0.104000E+01  0.174625E+00
0.104500E+01  0.195263E+00
0.105000E+01  0.215710E+00
0.105500E+01  0.235987E+00
0.106000E+01  0.256112E+00
0.106500E+01  0.276103E+00
0.107000E+01  0.295978E+00
0.107500E+01  0.315754E+00
0.108000E+01  0.335447E+00
0.108500E+01  0.355073E+00
0.109000E+01  0.374646E+00
0.109500E+01  0.394181E+00
0.110000E+01  0.413693E+00
0.110500E+01  0.433194E+00
0.111000E+01  0.452697E+00
0.111500E+01  0.472216E+00
0.112000E+01  0.491762E+00
0.112500E+01  0.511347E+00
0.113000E+01  0.530984E+00
0.113500E+01  0.550682E+00
0.114000E+01  0.570453E+00
0.114500E+01  0.590307E+00
0.115000E+01  0.610255E+00
0.115500E+01  0.630306E+00
0.116000E+01  0.650471E+00
0.116500E+01  0.670758E+00
0.117000E+01  0.691178E+00
0.117500E+01  0.711738E+00
0.118000E+01  0.732449E+00
0.118500E+01  0.753318E+00
0.119000E+01  0.774353E+00
0.119500E+01  0.795565E+00
0.120000E+01  0.816959E+00
0.120500E+01  0.838545E+00
0.121000E+01  0.860330E+00
0.121500E+01  0.882322E+00
0.122000E+01  0.904529E+00
0.122500E+01  0.926957E+00
0.123000E+01  0.949615E+00
0.123500E+01  0.972509E+00
0.124000E+01  0.995646E+00
0.124500E+01  0.101903E+01
0.125000E+01  0.104268E+01
0.125500E+01  0.106659E+01
0.126000E+01  0.109077E+01
0.126500E+01  0.111523E+01
0.127000E+01  0.113997E+01
0.127500E+01  0.116501E+01
0.128000E+01  0.119034E+01
0.128500E+01  0.121598E+01
0.129000E+01  0.124192E+01
0.129500E+01  0.126819E+01
0.130000E+01  0.129477E+01
0.130500E+01  0.132169E+01
0.131000E+01  0.134894E+01
0.131500E+01  0.137653E+01
0.132000E+01  0.140447E+01
0.132500E+01  0.143276E+01
0.133000E+01  0.146141E+01
0.133500E+01  0.149043E+01
0.134000E+01  0.151982E+01
0.134500E+01  0.154959E+01
0.135000E+01  0.157974E+01
0.135500E+01  0.161028E+01
0.136000E+01  0.164122E+01
0.136500E+01  0.167255E+01
0.137000E+01  0.170430E+01
0.137500E+01  0.173646E+01
0.138000E+01  0.176903E+01
0.138500E+01  0.180203E+01
0.139000E+01  0.183547E+01
0.139500E+01  0.186934E+01
0.140000E+01  0.190365E+01
0.140500E+01  0.193841E+01
0.141000E+01  0.197362E+01
0.141500E+01  0.200930E+01
0.142000E+01  0.204544E+01
0.142500E+01  0.208205E+01
0.143000E+01  0.211914E+01
0.143500E+01  0.215671E+01
0.144000E+01  0.219477E+01
0.144500E+01  0.223333E+01
0.145000E+01  0.227239E+01
0.145500E+01  0.231195E+01
0.146000E+01  0.235203E+01
0.146500E+01  0.239263E+01
0.147000E+01  0.243375E+01
0.147500E+01  0.247540E+01
0.148000E+01  0.251759E+01
0.148500E+01  0.256032E+01
0.149000E+01  0.260360E+01
0.149500E+01  0.264743E+01
0.150000E+01  0.269183E+01
