0.100500E+01  0.189877E+00
0.101000E+01  0.375727E+00
0.101500E+01  0.557697E+00
0.102000E+01  0.735927E+00
0.102500E+01  0.910551E+00
0.103000E+01  0.108170E+01
0.103500E+01  0.124949E+01
0.104000E+01  0.141404E+01
0.104500E+01  0.157547E+01
0.105000E+01  0.173387E+01
0.105500E+01  0.188937E+01
0.106000E+01  0.204204E+01
0.106500E+01  0.219200E+01
0.107000E+01  0.233932E+01
0.107500E+01  0.248410E+01
0.108000E+01  0.262642E+01
0.108500E+01  0.276636E+01
0.109000E+01  0.290400E+01
0.109500E+01  0.303941E+01
0.110000E+01  0.317266E+01
0.110500E+01  0.330382E+01
0.111000E+01  0.343296E+01
0.111500E+01  0.356014E+01
0.112000E+01  0.368543E+01
0.112500E+01  0.380887E+01
0.113000E+01  0.393052E+01
0.113500E+01  0.405045E+01
0.114000E+01  0.416870E+01
0.114500E+01  0.428532E+01
0.115000E+01  0.440036E+01
0.115500E+01  0.451387E+01
0.116000E+01  0.462589E+01
0.116500E+01  0.473647E+01
0.117000E+01  0.484565E+01
0.117500E+01  0.495347E+01
0.118000E+01  0.505996E+01
0.118500E+01  0.516517E+01
0.119000E+01  0.526914E+01
0.119500E+01  0.537189E+01
0.120000E+01  0.547346E+01
0.120500E+01  0.557389E+01
0.121000E+01  0.567321E+01
0.121500E+01  0.577144E+01
0.122000E+01  0.586862E+01
0.122500E+01  0.596477E+01
0.123000E+01  0.605993E+01
0.123500E+01  0.615412E+01
0.124000E+01  0.624737E+01
0.124500E+01  0.633970E+01
0.125000E+01  0.643113E+01
0.125500E+01  0.652170E+01
0.126000E+01  0.661142E+01
0.126500E+01  0.670032E+01
0.127000E+01  0.678842E+01
0.127500E+01  0.687573E+01
0.128000E+01  0.696229E+01
0.128500E+01  0.704810E+01
0.129000E+01  0.713320E+01
0.129500E+01  0.721759E+01
0.130000E+01  0.730129E+01
0.130500E+01  0.738433E+01
0.131000E+01  0.746672E+01
0.131500E+01  0.754848E+01
0.132000E+01  0.762961E+01
0.132500E+01  0.771015E+01
0.133000E+01  0.779010E+01
0.133500E+01  0.786948E+01
0.134000E+01  0.794831E+01
0.134500E+01  0.802659E+01
0.135000E+01  0.810434E+01
0.135500E+01  0.818158E+01
0.136000E+01  0.825831E+01
0.136500E+01  0.833456E+01
0.137000E+01  0.841032E+01
0.137500E+01  0.848563E+01
0.138000E+01  0.856047E+01
0.138500E+01  0.863488E+01
0.139000E+01  0.870885E+01
0.139500E+01  0.878240E+01
0.140000E+01  0.885554E+01
0.140500E+01  0.892828E+01
0.141000E+01  0.900063E+01
0.141500E+01  0.907260E+01
0.142000E+01  0.914420E+01
0.142500E+01  0.921543E+01
0.143000E+01  0.928632E+01
0.143500E+01  0.935686E+01
0.144000E+01  0.942706E+01
0.144500E+01  0.949694E+01
0.145000E+01  0.956650E+01
0.145500E+01  0.963575E+01
0.146000E+01  0.970469E+01
0.146500E+01  0.977334E+01
0.147000E+01  0.984170E+01
0.147500E+01  0.990979E+01
0.148000E+01  0.997759E+01
0.148500E+01  0.100451E+02
0.149000E+01  0.101124E+02
0.149500E+01  0.101794E+02
0.150000E+01  0.102462E+02
