0.100500E+01  0.145322E+00
0.101000E+01  0.287962E+00
0.101500E+01  0.428194E+00
0.102000E+01  0.566279E+00
0.102500E+01  0.702466E+00
0.103000E+01  0.836993E+00
0.103500E+01  0.970088E+00
0.104000E+01  0.110197E+01
0.104500E+01  0.123284E+01
0.105000E+01  0.136290E+01
0.105500E+01  0.149235E+01
0.106000E+01  0.162137E+01
0.106500E+01  0.175014E+01
0.107000E+01  0.187883E+01
0.107500E+01  0.200760E+01
0.108000E+01  0.213663E+01
0.108500E+01  0.226605E+01
0.109000E+01  0.239603E+01
0.109500E+01  0.252672E+01
0.110000E+01  0.265825E+01
0.110500E+01  0.279077E+01
0.111000E+01  0.292442E+01
0.111500E+01  0.305933E+01
0.112000E+01  0.319564E+01
0.112500E+01  0.333348E+01
0.113000E+01  0.347298E+01
0.113500E+01  0.361426E+01
0.114000E+01  0.375745E+01
0.114500E+01  0.390268E+01
0.115000E+01  0.405007E+01
0.115500E+01  0.419974E+01
0.116000E+01  0.435183E+01
0.116500E+01  0.450644E+01
0.117000E+01  0.466370E+01
0.117500E+01  0.482374E+01
0.118000E+01  0.498668E+01
0.118500E+01  0.515263E+01
0.119000E+01  0.532172E+01
0.119500E+01  0.549408E+01
0.120000E+01  0.566982E+01
0.120500E+01  0.584908E+01
0.121000E+01  0.603197E+01
0.121500E+01  0.621862E+01
0.122000E+01  0.640915E+01
0.122500E+01  0.660370E+01
0.123000E+01  0.680239E+01
0.123500E+01  0.700535E+01
0.124000E+01  0.721272E+01
0.124500E+01  0.742462E+01
0.125000E+01  0.764119E+01
0.125500E+01  0.786256E+01
0.126000E+01  0.808887E+01
0.126500E+01  0.832026E+01
0.127000E+01  0.855686E+01
0.127500E+01  0.879883E+01
0.128000E+01  0.904630E+01
0.128500E+01  0.929943E+01
0.129000E+01  0.955835E+01
0.129500E+01  0.982322E+01
0.130000E+01  0.100942E+02
0.130500E+01  0.103714E+02
0.131000E+01  0.106550E+02
0.131500E+01  0.109452E+02
0.132000E+01  0.112422E+02
0.132500E+01  0.115460E+02
0.133000E+01  0.118569E+02
0.133500E+01  0.121750E+02
0.134000E+01  0.125005E+02
0.134500E+01  0.128336E+02
0.135000E+01  0.131745E+02
0.135500E+01  0.135232E+02
0.136000E+01  0.138801E+02
0.136500E+01  0.142453E+02
0.137000E+01  0.146190E+02
0.137500E+01  0.150014E+02
0.138000E+01  0.153926E+02
0.138500E+01  0.157929E+02
0.139000E+01  0.162025E+02
0.139500E+01  0.166216E+02
0.140000E+01  0.170503E+02
0.140500E+01  0.174890E+02
0.141000E+01  0.179378E+02
0.141500E+01  0.183969E+02
0.142000E+01  0.188665E+02
0.142500E+01  0.193469E+02
0.143000E+01  0.198384E+02
0.143500E+01  0.203411E+02
0.144000E+01  0.208552E+02
0.144500E+01  0.213811E+02
0.145000E+01  0.219190E+02
0.145500E+01  0.224690E+02
0.146000E+01  0.230316E+02
0.146500E+01  0.236068E+02
0.147000E+01  0.241951E+02
0.147500E+01  0.247966E+02
0.148000E+01  0.254116E+02
0.148500E+01  0.260404E+02
0.149000E+01  0.266833E+02
0.149500E+01  0.273405E+02
0.150000E+01  0.280124E+02
