0.100500E+01  0.148096E+00
0.101000E+01  0.293280E+00
0.101500E+01  0.435787E+00
0.102000E+01  0.575842E+00
0.102500E+01  0.713658E+00
0.103000E+01  0.849437E+00
0.103500E+01  0.983373E+00
0.104000E+01  0.111565E+01
0.104500E+01  0.124644E+01
0.105000E+01  0.137592E+01
0.105500E+01  0.150423E+01
0.106000E+01  0.163155E+01
0.106500E+01  0.175800E+01
0.107000E+01  0.188374E+01
0.107500E+01  0.200889E+01
0.108000E+01  0.213359E+01
0.108500E+01  0.225796E+01
0.109000E+01  0.238211E+01
0.109500E+01  0.250617E+01
0.110000E+01  0.263024E+01
0.110500E+01  0.275442E+01
0.111000E+01  0.287883E+01
0.111500E+01  0.300356E+01
0.112000E+01  0.312871E+01
0.112500E+01  0.325437E+01
0.113000E+01  0.338064E+01
0.113500E+01  0.350759E+01
0.114000E+01  0.363533E+01
0.114500E+01  0.376392E+01
0.115000E+01  0.389346E+01
0.115500E+01  0.402403E+01
0.116000E+01  0.415570E+01
0.116500E+01  0.428854E+01
0.117000E+01  0.442265E+01
0.117500E+01  0.455808E+01
0.118000E+01  0.469491E+01
0.118500E+01  0.483322E+01
0.119000E+01  0.497307E+01
0.119500E+01  0.511454E+01
0.120000E+01  0.525768E+01
0.120500E+01  0.540258E+01
0.121000E+01  0.554930E+01
0.121500E+01  0.569790E+01
0.122000E+01  0.584845E+01
0.122500E+01  0.600102E+01
0.123000E+01  0.615566E+01
0.123500E+01  0.631246E+01
0.124000E+01  0.647146E+01
0.124500E+01  0.663274E+01
0.125000E+01  0.679636E+01
0.125500E+01  0.696237E+01
0.126000E+01  0.713086E+01
0.126500E+01  0.730187E+01
0.127000E+01  0.747547E+01
0.127500E+01  0.765173E+01
0.128000E+01  0.783070E+01
0.128500E+01  0.801246E+01
0.129000E+01  0.819706E+01
0.129500E+01  0.838457E+01
0.130000E+01  0.857505E+01
0.130500E+01  0.876857E+01
0.131000E+01  0.896519E+01
0.131500E+01  0.916497E+01
0.132000E+01  0.936798E+01
0.132500E+01  0.957429E+01
0.133000E+01  0.978395E+01
0.133500E+01  0.999704E+01
0.134000E+01  0.102136E+02
0.134500E+01  0.104338E+02
0.135000E+01  0.106575E+02
0.135500E+01  0.108850E+02
0.136000E+01  0.111162E+02
0.136500E+01  0.113512E+02
0.137000E+01  0.115901E+02
0.137500E+01  0.118330E+02
0.138000E+01  0.120799E+02
0.138500E+01  0.123310E+02
0.139000E+01  0.125862E+02
0.139500E+01  0.128456E+02
0.140000E+01  0.131094E+02
0.140500E+01  0.133775E+02
0.141000E+01  0.136501E+02
0.141500E+01  0.139273E+02
0.142000E+01  0.142090E+02
0.142500E+01  0.144954E+02
0.143000E+01  0.147866E+02
0.143500E+01  0.150827E+02
0.144000E+01  0.153836E+02
0.144500E+01  0.156895E+02
0.145000E+01  0.160005E+02
0.145500E+01  0.163167E+02
0.146000E+01  0.166380E+02
0.146500E+01  0.169647E+02
0.147000E+01  0.172968E+02
0.147500E+01  0.176343E+02
0.148000E+01  0.179774E+02
0.148500E+01  0.183261E+02
0.149000E+01  0.186805E+02
0.149500E+01  0.190408E+02
0.150000E+01  0.194069E+02
