0.100500E+01  0.373529E-01
0.101000E+01  0.747128E-01
0.101500E+01  0.112097E+00
0.102000E+01  0.149521E+00
0.102500E+01  0.187003E+00
0.103000E+01  0.224556E+00
0.103500E+01  0.262197E+00
0.104000E+01  0.299940E+00
0.104500E+01  0.337801E+00
0.105000E+01  0.375792E+00
0.105500E+01  0.413928E+00
0.106000E+01  0.452223E+00
0.106500E+01  0.490689E+00
0.107000E+01  0.529340E+00
0.107500E+01  0.568189E+00
0.108000E+01  0.607248E+00
0.108500E+01  0.646530E+00
0.109000E+01  0.686046E+00
0.109500E+01  0.725810E+00
0.110000E+01  0.765832E+00
0.110500E+01  0.806124E+00
0.111000E+01  0.846698E+00
0.111500E+01  0.887565E+00
0.112000E+01  0.928737E+00
0.112500E+01  0.970225E+00
0.113000E+01  0.101204E+01
0.113500E+01  0.105419E+01
0.114000E+01  0.109669E+01
0.114500E+01  0.113955E+01
0.115000E+01  0.118278E+01
0.115500E+01  0.122639E+01
0.116000E+01  0.127039E+01
0.116500E+01  0.131479E+01
0.117000E+01  0.135960E+01
0.117500E+01  0.140484E+01
0.118000E+01  0.145050E+01
0.118500E+01  0.149661E+01
0.119000E+01  0.154317E+01
0.119500E+01  0.159019E+01
0.120000E+01  0.163768E+01
0.120500E+01  0.168565E+01
0.121000E+01  0.173412E+01
0.121500E+01  0.178308E+01
0.122000E+01  0.183255E+01
0.122500E+01  0.188255E+01
0.123000E+01  0.193307E+01
0.123500E+01  0.198413E+01
0.124000E+01  0.203574E+01
0.124500E+01  0.208790E+01
0.125000E+01  0.214064E+01
0.125500E+01  0.219394E+01
0.126000E+01  0.224784E+01
0.126500E+01  0.230233E+01
0.127000E+01  0.235742E+01
0.127500E+01  0.241312E+01
0.128000E+01  0.246945E+01
0.128500E+01  0.252640E+01
0.129000E+01  0.258400E+01
0.129500E+01  0.264225E+01
0.130000E+01  0.270115E+01
0.130500E+01  0.276072E+01
0.131000E+01  0.282097E+01
0.131500E+01  0.288190E+01
0.132000E+01  0.294352E+01
0.132500E+01  0.300585E+01
0.133000E+01  0.306889E+01
0.133500E+01  0.313265E+01
0.134000E+01  0.319715E+01
0.134500E+01  0.326237E+01
0.135000E+01  0.332835E+01
0.135500E+01  0.339508E+01
0.136000E+01  0.346258E+01
0.136500E+01  0.353086E+01
0.137000E+01  0.359991E+01
0.137500E+01  0.366976E+01
0.138000E+01  0.374040E+01
0.138500E+01  0.381186E+01
0.139000E+01  0.388414E+01
0.139500E+01  0.395724E+01
0.140000E+01  0.403118E+01
0.140500E+01  0.410596E+01
0.141000E+01  0.418160E+01
0.141500E+01  0.425810E+01
0.142000E+01  0.433547E+01
0.142500E+01  0.441372E+01
0.143000E+01  0.449285E+01
0.143500E+01  0.457289E+01
0.144000E+01  0.465383E+01
0.144500E+01  0.473569E+01
0.145000E+01  0.481847E+01
0.145500E+01  0.490219E+01
0.146000E+01  0.498684E+01
0.146500E+01  0.507245E+01
0.147000E+01  0.515901E+01
0.147500E+01  0.524655E+01
0.148000E+01  0.533506E+01
0.148500E+01  0.542455E+01
0.149000E+01  0.551504E+01
0.149500E+01  0.560654E+01
0.150000E+01  0.569904E+01
