0.100500E+01  0.719419E-01
0.101000E+01  0.142686E+00
0.101500E+01  0.212275E+00
0.102000E+01  0.280751E+00
0.102500E+01  0.348153E+00
0.103000E+01  0.414519E+00
0.103500E+01  0.479884E+00
0.104000E+01  0.544282E+00
0.104500E+01  0.607745E+00
0.105000E+01  0.670305E+00
0.105500E+01  0.731991E+00
0.106000E+01  0.792831E+00
0.106500E+01  0.852853E+00
0.107000E+01  0.912081E+00
0.107500E+01  0.970541E+00
0.108000E+01  0.102826E+01
0.108500E+01  0.108525E+01
0.109000E+01  0.114154E+01
0.109500E+01  0.119715E+01
0.110000E+01  0.125211E+01
0.110500E+01  0.130642E+01
0.111000E+01  0.136011E+01
0.111500E+01  0.141319E+01
0.112000E+01  0.146569E+01
0.112500E+01  0.151762E+01
0.113000E+01  0.156899E+01
0.113500E+01  0.161982E+01
0.114000E+01  0.167013E+01
0.114500E+01  0.171993E+01
0.115000E+01  0.176923E+01
0.115500E+01  0.181804E+01
0.116000E+01  0.186638E+01
0.116500E+01  0.191426E+01
0.117000E+01  0.196170E+01
0.117500E+01  0.200870E+01
0.118000E+01  0.205527E+01
0.118500E+01  0.210143E+01
0.119000E+01  0.214719E+01
0.119500E+01  0.219255E+01
0.120000E+01  0.223753E+01
0.120500E+01  0.228213E+01
0.121000E+01  0.232637E+01
0.121500E+01  0.237025E+01
0.122000E+01  0.241378E+01
0.122500E+01  0.245698E+01
0.123000E+01  0.249984E+01
0.123500E+01  0.254238E+01
0.124000E+01  0.258460E+01
0.124500E+01  0.262651E+01
0.125000E+01  0.266812E+01
0.125500E+01  0.270944E+01
0.126000E+01  0.275047E+01
0.126500E+01  0.279122E+01
0.127000E+01  0.283170E+01
0.127500E+01  0.287190E+01
0.128000E+01  0.291185E+01
0.128500E+01  0.295154E+01
0.129000E+01  0.299097E+01
0.129500E+01  0.303017E+01
0.130000E+01  0.306912E+01
0.130500E+01  0.310785E+01
0.131000E+01  0.314634E+01
0.131500E+01  0.318461E+01
0.132000E+01  0.322266E+01
0.132500E+01  0.326050E+01
0.133000E+01  0.329814E+01
0.133500E+01  0.333557E+01
0.134000E+01  0.337280E+01
0.134500E+01  0.340983E+01
0.135000E+01  0.344668E+01
0.135500E+01  0.348334E+01
0.136000E+01  0.351981E+01
0.136500E+01  0.355611E+01
0.137000E+01  0.359224E+01
0.137500E+01  0.362820E+01
0.138000E+01  0.366399E+01
0.138500E+01  0.369962E+01
0.139000E+01  0.373510E+01
0.139500E+01  0.377042E+01
0.140000E+01  0.380558E+01
0.140500E+01  0.384060E+01
0.141000E+01  0.387548E+01
0.141500E+01  0.391022E+01
0.142000E+01  0.394481E+01
0.142500E+01  0.397928E+01
0.143000E+01  0.401361E+01
0.143500E+01  0.404782E+01
0.144000E+01  0.408190E+01
0.144500E+01  0.411586E+01
0.145000E+01  0.414970E+01
0.145500E+01  0.418343E+01
0.146000E+01  0.421704E+01
0.146500E+01  0.425055E+01
0.147000E+01  0.428394E+01
0.147500E+01  0.431723E+01
0.148000E+01  0.435042E+01
0.148500E+01  0.438351E+01
0.149000E+01  0.441651E+01
0.149500E+01  0.444941E+01
0.150000E+01  0.448221E+01
