0.100500E+01  0.103489E+00
0.101000E+01  0.206329E+00
0.101500E+01  0.308546E+00
0.102000E+01  0.410165E+00
0.102500E+01  0.511211E+00
0.103000E+01  0.611708E+00
0.103500E+01  0.711678E+00
0.104000E+01  0.811145E+00
0.104500E+01  0.910130E+00
0.105000E+01  0.100866E+01
0.105500E+01  0.110674E+01
0.106000E+01  0.120441E+01
0.106500E+01  0.130169E+01
0.107000E+01  0.139858E+01
0.107500E+01  0.149512E+01
0.108000E+01  0.159132E+01
0.108500E+01  0.168721E+01
0.109000E+01  0.178279E+01
0.109500E+01  0.187808E+01
0.110000E+01  0.197311E+01
0.110500E+01  0.206790E+01
0.111000E+01  0.216245E+01
0.111500E+01  0.225678E+01
0.112000E+01  0.235092E+01
0.112500E+01  0.244488E+01
0.113000E+01  0.253866E+01
0.113500E+01  0.263230E+01
0.114000E+01  0.272580E+01
0.114500E+01  0.281918E+01
0.115000E+01  0.291245E+01
0.115500E+01  0.300563E+01
0.116000E+01  0.309873E+01
0.116500E+01  0.319176E+01
0.117000E+01  0.328474E+01
0.117500E+01  0.337769E+01
0.118000E+01  0.347061E+01
0.118500E+01  0.356352E+01
0.119000E+01  0.365643E+01
0.119500E+01  0.374936E+01
0.120000E+01  0.384230E+01
0.120500E+01  0.393529E+01
0.121000E+01  0.402833E+01
0.121500E+01  0.412143E+01
0.122000E+01  0.421460E+01
0.122500E+01  0.430786E+01
0.123000E+01  0.440122E+01
0.123500E+01  0.449468E+01
0.124000E+01  0.458826E+01
0.124500E+01  0.468197E+01
0.125000E+01  0.477582E+01
0.125500E+01  0.486982E+01
0.126000E+01  0.496398E+01
0.126500E+01  0.505831E+01
0.127000E+01  0.515282E+01
0.127500E+01  0.524753E+01
0.128000E+01  0.534243E+01
0.128500E+01  0.543755E+01
0.129000E+01  0.553288E+01
0.129500E+01  0.562845E+01
0.130000E+01  0.572425E+01
0.130500E+01  0.582031E+01
0.131000E+01  0.591662E+01
0.131500E+01  0.601320E+01
0.132000E+01  0.611005E+01
0.132500E+01  0.620719E+01
0.133000E+01  0.630462E+01
0.133500E+01  0.640236E+01
0.134000E+01  0.650040E+01
0.134500E+01  0.659876E+01
0.135000E+01  0.669746E+01
0.135500E+01  0.679648E+01
0.136000E+01  0.689585E+01
0.136500E+01  0.699558E+01
0.137000E+01  0.709566E+01
0.137500E+01  0.719611E+01
0.138000E+01  0.729694E+01
0.138500E+01  0.739815E+01
0.139000E+01  0.749975E+01
0.139500E+01  0.760175E+01
0.140000E+01  0.770416E+01
0.140500E+01  0.780699E+01
0.141000E+01  0.791023E+01
0.141500E+01  0.801390E+01
0.142000E+01  0.811801E+01
0.142500E+01  0.822257E+01
0.143000E+01  0.832757E+01
0.143500E+01  0.843303E+01
0.144000E+01  0.853896E+01
0.144500E+01  0.864536E+01
0.145000E+01  0.875224E+01
0.145500E+01  0.885961E+01
0.146000E+01  0.896747E+01
0.146500E+01  0.907582E+01
0.147000E+01  0.918469E+01
0.147500E+01  0.929407E+01
0.148000E+01  0.940396E+01
0.148500E+01  0.951439E+01
0.149000E+01  0.962535E+01
0.149500E+01  0.973684E+01
0.150000E+01  0.984889E+01
