0.100500E+01  0.815735E-01
0.101000E+01  0.162120E+00
0.101500E+01  0.241683E+00
0.102000E+01  0.320307E+00
0.102500E+01  0.398033E+00
0.103000E+01  0.474903E+00
0.103500E+01  0.550955E+00
0.104000E+01  0.626228E+00
0.104500E+01  0.700760E+00
0.105000E+01  0.774586E+00
0.105500E+01  0.847743E+00
0.106000E+01  0.920265E+00
0.106500E+01  0.992185E+00
0.107000E+01  0.106354E+01
0.107500E+01  0.113435E+01
0.108000E+01  0.120466E+01
0.108500E+01  0.127449E+01
0.109000E+01  0.134387E+01
0.109500E+01  0.141284E+01
0.110000E+01  0.148141E+01
0.110500E+01  0.154962E+01
0.111000E+01  0.161750E+01
0.111500E+01  0.168506E+01
0.112000E+01  0.175234E+01
0.112500E+01  0.181936E+01
0.113000E+01  0.188614E+01
0.113500E+01  0.195271E+01
0.114000E+01  0.201909E+01
0.114500E+01  0.208530E+01
0.115000E+01  0.215136E+01
0.115500E+01  0.221730E+01
0.116000E+01  0.228314E+01
0.116500E+01  0.234889E+01
0.117000E+01  0.241459E+01
0.117500E+01  0.248024E+01
0.118000E+01  0.254587E+01
0.118500E+01  0.261149E+01
0.119000E+01  0.267713E+01
0.119500E+01  0.274280E+01
0.120000E+01  0.280853E+01
0.120500E+01  0.287432E+01
0.121000E+01  0.294020E+01
0.121500E+01  0.300618E+01
0.122000E+01  0.307229E+01
0.122500E+01  0.313853E+01
0.123000E+01  0.320492E+01
0.123500E+01  0.327148E+01
0.124000E+01  0.333823E+01
0.124500E+01  0.340517E+01
0.125000E+01  0.347233E+01
0.125500E+01  0.353972E+01
0.126000E+01  0.360736E+01
0.126500E+01  0.367525E+01
0.127000E+01  0.374342E+01
0.127500E+01  0.381188E+01
0.128000E+01  0.388064E+01
0.128500E+01  0.394971E+01
0.129000E+01  0.401911E+01
0.129500E+01  0.408886E+01
0.130000E+01  0.415896E+01
0.130500E+01  0.422943E+01
0.131000E+01  0.430028E+01
0.131500E+01  0.437153E+01
0.132000E+01  0.444319E+01
0.132500E+01  0.451526E+01
0.133000E+01  0.458777E+01
0.133500E+01  0.466072E+01
0.134000E+01  0.473413E+01
0.134500E+01  0.480801E+01
0.135000E+01  0.488237E+01
0.135500E+01  0.495723E+01
0.136000E+01  0.503259E+01
0.136500E+01  0.510846E+01
0.137000E+01  0.518486E+01
0.137500E+01  0.526180E+01
0.138000E+01  0.533929E+01
0.138500E+01  0.541735E+01
0.139000E+01  0.549597E+01
0.139500E+01  0.557519E+01
0.140000E+01  0.565499E+01
0.140500E+01  0.573540E+01
0.141000E+01  0.581643E+01
0.141500E+01  0.589809E+01
0.142000E+01  0.598039E+01
0.142500E+01  0.606333E+01
0.143000E+01  0.614694E+01
0.143500E+01  0.623122E+01
0.144000E+01  0.631618E+01
0.144500E+01  0.640183E+01
0.145000E+01  0.648818E+01
0.145500E+01  0.657524E+01
0.146000E+01  0.666303E+01
0.146500E+01  0.675155E+01
0.147000E+01  0.684082E+01
0.147500E+01  0.693084E+01
0.148000E+01  0.702162E+01
0.148500E+01  0.711318E+01
0.149000E+01  0.720552E+01
0.149500E+01  0.729866E+01
0.150000E+01  0.739260E+01
