0.100500E+01  0.122663E+00
0.101000E+01  0.243084E+00
0.101500E+01  0.361369E+00
0.102000E+01  0.477615E+00
0.102500E+01  0.591919E+00
0.103000E+01  0.704370E+00
0.103500E+01  0.815055E+00
0.104000E+01  0.924056E+00
0.104500E+01  0.103145E+01
0.105000E+01  0.113732E+01
0.105500E+01  0.124172E+01
0.106000E+01  0.134474E+01
0.106500E+01  0.144643E+01
0.107000E+01  0.154686E+01
0.107500E+01  0.164608E+01
0.108000E+01  0.174416E+01
0.108500E+01  0.184115E+01
0.109000E+01  0.193710E+01
0.109500E+01  0.203206E+01
0.110000E+01  0.212609E+01
0.110500E+01  0.221922E+01
0.111000E+01  0.231150E+01
0.111500E+01  0.240297E+01
0.112000E+01  0.249368E+01
0.112500E+01  0.258366E+01
0.113000E+01  0.267296E+01
0.113500E+01  0.276160E+01
0.114000E+01  0.284963E+01
0.114500E+01  0.293707E+01
0.115000E+01  0.302396E+01
0.115500E+01  0.311032E+01
0.116000E+01  0.319620E+01
0.116500E+01  0.328162E+01
0.117000E+01  0.336660E+01
0.117500E+01  0.345117E+01
0.118000E+01  0.353537E+01
0.118500E+01  0.361920E+01
0.119000E+01  0.370270E+01
0.119500E+01  0.378590E+01
0.120000E+01  0.386880E+01
0.120500E+01  0.395144E+01
0.121000E+01  0.403384E+01
0.121500E+01  0.411601E+01
0.122000E+01  0.419797E+01
0.122500E+01  0.427975E+01
0.123000E+01  0.436136E+01
0.123500E+01  0.444282E+01
0.124000E+01  0.452415E+01
0.124500E+01  0.460535E+01
0.125000E+01  0.468646E+01
0.125500E+01  0.476749E+01
0.126000E+01  0.484844E+01
0.126500E+01  0.492934E+01
0.127000E+01  0.501019E+01
0.127500E+01  0.509102E+01
0.128000E+01  0.517183E+01
0.128500E+01  0.525264E+01
0.129000E+01  0.533346E+01
0.129500E+01  0.541431E+01
0.130000E+01  0.549519E+01
0.130500E+01  0.557612E+01
0.131000E+01  0.565710E+01
0.131500E+01  0.573815E+01
0.132000E+01  0.581928E+01
0.132500E+01  0.590051E+01
0.133000E+01  0.598183E+01
0.133500E+01  0.606326E+01
0.134000E+01  0.614480E+01
0.134500E+01  0.622648E+01
0.135000E+01  0.630829E+01
0.135500E+01  0.639025E+01
0.136000E+01  0.647237E+01
0.136500E+01  0.655464E+01
0.137000E+01  0.663709E+01
0.137500E+01  0.671971E+01
0.138000E+01  0.680252E+01
0.138500E+01  0.688553E+01
0.139000E+01  0.696874E+01
0.139500E+01  0.705215E+01
0.140000E+01  0.713578E+01
0.140500E+01  0.721964E+01
0.141000E+01  0.730372E+01
0.141500E+01  0.738804E+01
0.142000E+01  0.747260E+01
0.142500E+01  0.755741E+01
0.143000E+01  0.764247E+01
0.143500E+01  0.772780E+01
0.144000E+01  0.781339E+01
0.144500E+01  0.789925E+01
0.145000E+01  0.798539E+01
0.145500E+01  0.807182E+01
0.146000E+01  0.815854E+01
0.146500E+01  0.824554E+01
0.147000E+01  0.833285E+01
0.147500E+01  0.842047E+01
0.148000E+01  0.850839E+01
0.148500E+01  0.859663E+01
0.149000E+01  0.868519E+01
0.149500E+01  0.877407E+01
0.150000E+01  0.886328E+01
