0.100500E+01  0.423691E-01
0.101000E+01  0.832195E-01
0.101500E+01  0.122660E+00
0.102000E+01  0.160794E+00
0.102500E+01  0.197717E+00
0.103000E+01  0.233520E+00
0.103500E+01  0.268288E+00
0.104000E+01  0.302102E+00
0.104500E+01  0.335038E+00
0.105000E+01  0.367166E+00
0.105500E+01  0.398554E+00
0.106000E+01  0.429266E+00
0.106500E+01  0.459360E+00
0.107000E+01  0.488892E+00
0.107500E+01  0.517917E+00
0.108000E+01  0.546484E+00
0.108500E+01  0.574639E+00
0.109000E+01  0.602428E+00
0.109500E+01  0.629893E+00
0.110000E+01  0.657074E+00
0.110500E+01  0.684007E+00
0.111000E+01  0.710730E+00
0.111500E+01  0.737276E+00
0.112000E+01  0.763676E+00
0.112500E+01  0.789962E+00
0.113000E+01  0.816163E+00
0.113500E+01  0.842305E+00
0.114000E+01  0.868416E+00
0.114500E+01  0.894519E+00
0.115000E+01  0.920640E+00
0.115500E+01  0.946801E+00
0.116000E+01  0.973024E+00
0.116500E+01  0.999330E+00
0.117000E+01  0.102574E+01
0.117500E+01  0.105227E+01
0.118000E+01  0.107894E+01
0.118500E+01  0.110577E+01
0.119000E+01  0.113278E+01
0.119500E+01  0.115998E+01
0.120000E+01  0.118739E+01
0.120500E+01  0.121502E+01
0.121000E+01  0.124289E+01
0.121500E+01  0.127102E+01
0.122000E+01  0.129942E+01
0.122500E+01  0.132810E+01
0.123000E+01  0.135708E+01
0.123500E+01  0.138637E+01
0.124000E+01  0.141598E+01
0.124500E+01  0.144593E+01
0.125000E+01  0.147623E+01
0.125500E+01  0.150690E+01
0.126000E+01  0.153794E+01
0.126500E+01  0.156936E+01
0.127000E+01  0.160119E+01
0.127500E+01  0.163343E+01
0.128000E+01  0.166609E+01
0.128500E+01  0.169919E+01
0.129000E+01  0.173273E+01
0.129500E+01  0.176674E+01
0.130000E+01  0.180121E+01
0.130500E+01  0.183617E+01
0.131000E+01  0.187162E+01
0.131500E+01  0.190758E+01
0.132000E+01  0.194406E+01
0.132500E+01  0.198107E+01
0.133000E+01  0.201861E+01
0.133500E+01  0.205671E+01
0.134000E+01  0.209538E+01
0.134500E+01  0.213462E+01
0.135000E+01  0.217445E+01
0.135500E+01  0.221488E+01
0.136000E+01  0.225593E+01
0.136500E+01  0.229759E+01
0.137000E+01  0.233990E+01
0.137500E+01  0.238285E+01
0.138000E+01  0.242647E+01
0.138500E+01  0.247076E+01
0.139000E+01  0.251574E+01
0.139500E+01  0.256142E+01
0.140000E+01  0.260781E+01
0.140500E+01  0.265492E+01
0.141000E+01  0.270278E+01
0.141500E+01  0.275138E+01
0.142000E+01  0.280075E+01
0.142500E+01  0.285090E+01
0.143000E+01  0.290185E+01
0.143500E+01  0.295360E+01
0.144000E+01  0.300617E+01
0.144500E+01  0.305958E+01
0.145000E+01  0.311384E+01
0.145500E+01  0.316896E+01
0.146000E+01  0.322496E+01
0.146500E+01  0.328185E+01
0.147000E+01  0.333965E+01
0.147500E+01  0.339838E+01
0.148000E+01  0.345805E+01
0.148500E+01  0.351868E+01
0.149000E+01  0.358027E+01
0.149500E+01  0.364286E+01
0.150000E+01  0.370645E+01
