0.100500E+01  0.120059E+00
0.101000E+01  0.239349E+00
0.101500E+01  0.357983E+00
0.102000E+01  0.476069E+00
0.102500E+01  0.593713E+00
0.103000E+01  0.711016E+00
0.103500E+01  0.828079E+00
0.104000E+01  0.944999E+00
0.104500E+01  0.106187E+01
0.105000E+01  0.117878E+01
0.105500E+01  0.129583E+01
0.106000E+01  0.141310E+01
0.106500E+01  0.153068E+01
0.107000E+01  0.164864E+01
0.107500E+01  0.176709E+01
0.108000E+01  0.188609E+01
0.108500E+01  0.200573E+01
0.109000E+01  0.212608E+01
0.109500E+01  0.224724E+01
0.110000E+01  0.236926E+01
0.110500E+01  0.249223E+01
0.111000E+01  0.261623E+01
0.111500E+01  0.274133E+01
0.112000E+01  0.286760E+01
0.112500E+01  0.299512E+01
0.113000E+01  0.312396E+01
0.113500E+01  0.325419E+01
0.114000E+01  0.338589E+01
0.114500E+01  0.351913E+01
0.115000E+01  0.365398E+01
0.115500E+01  0.379051E+01
0.116000E+01  0.392880E+01
0.116500E+01  0.406892E+01
0.117000E+01  0.421093E+01
0.117500E+01  0.435491E+01
0.118000E+01  0.450094E+01
0.118500E+01  0.464908E+01
0.119000E+01  0.479940E+01
0.119500E+01  0.495198E+01
0.120000E+01  0.510690E+01
0.120500E+01  0.526421E+01
0.121000E+01  0.542400E+01
0.121500E+01  0.558634E+01
0.122000E+01  0.575130E+01
0.122500E+01  0.591895E+01
0.123000E+01  0.608938E+01
0.123500E+01  0.626265E+01
0.124000E+01  0.643883E+01
0.124500E+01  0.661802E+01
0.125000E+01  0.680027E+01
0.125500E+01  0.698567E+01
0.126000E+01  0.717429E+01
0.126500E+01  0.736622E+01
0.127000E+01  0.756152E+01
0.127500E+01  0.776028E+01
0.128000E+01  0.796258E+01
0.128500E+01  0.816850E+01
0.129000E+01  0.837811E+01
0.129500E+01  0.859150E+01
0.130000E+01  0.880875E+01
0.130500E+01  0.902995E+01
0.131000E+01  0.925517E+01
0.131500E+01  0.948450E+01
0.132000E+01  0.971803E+01
0.132500E+01  0.995584E+01
0.133000E+01  0.101980E+02
0.133500E+01  0.104446E+02
0.134000E+01  0.106958E+02
0.134500E+01  0.109516E+02
0.135000E+01  0.112122E+02
0.135500E+01  0.114775E+02
0.136000E+01  0.117477E+02
0.136500E+01  0.120230E+02
0.137000E+01  0.123033E+02
0.137500E+01  0.125888E+02
0.138000E+01  0.128796E+02
0.138500E+01  0.131758E+02
0.139000E+01  0.134775E+02
0.139500E+01  0.137847E+02
0.140000E+01  0.140976E+02
0.140500E+01  0.144162E+02
0.141000E+01  0.147408E+02
0.141500E+01  0.150713E+02
0.142000E+01  0.154079E+02
0.142500E+01  0.157507E+02
0.143000E+01  0.160998E+02
0.143500E+01  0.164553E+02
0.144000E+01  0.168173E+02
0.144500E+01  0.171859E+02
0.145000E+01  0.175613E+02
0.145500E+01  0.179435E+02
0.146000E+01  0.183326E+02
0.146500E+01  0.187288E+02
0.147000E+01  0.191322E+02
0.147500E+01  0.195429E+02
0.148000E+01  0.199611E+02
0.148500E+01  0.203867E+02
0.149000E+01  0.208201E+02
0.149500E+01  0.212612E+02
0.150000E+01  0.217102E+02
