0.100500E+01  0.934571E-01
0.101000E+01  0.185425E+00
0.101500E+01  0.275944E+00
0.102000E+01  0.365054E+00
0.102500E+01  0.452791E+00
0.103000E+01  0.539194E+00
0.103500E+01  0.624298E+00
0.104000E+01  0.708139E+00
0.104500E+01  0.790751E+00
0.105000E+01  0.872168E+00
0.105500E+01  0.952422E+00
0.106000E+01  0.103154E+01
0.106500E+01  0.110957E+01
0.107000E+01  0.118652E+01
0.107500E+01  0.126244E+01
0.108000E+01  0.133734E+01
0.108500E+01  0.141126E+01
0.109000E+01  0.148422E+01
0.109500E+01  0.155626E+01
0.110000E+01  0.162739E+01
0.110500E+01  0.169765E+01
0.111000E+01  0.176705E+01
0.111500E+01  0.183563E+01
0.112000E+01  0.190340E+01
0.112500E+01  0.197040E+01
0.113000E+01  0.203663E+01
0.113500E+01  0.210213E+01
0.114000E+01  0.216691E+01
0.114500E+01  0.223100E+01
0.115000E+01  0.229442E+01
0.115500E+01  0.235718E+01
0.116000E+01  0.241931E+01
0.116500E+01  0.248083E+01
0.117000E+01  0.254175E+01
0.117500E+01  0.260210E+01
0.118000E+01  0.266189E+01
0.118500E+01  0.272114E+01
0.119000E+01  0.277986E+01
0.119500E+01  0.283808E+01
0.120000E+01  0.289580E+01
0.120500E+01  0.295305E+01
0.121000E+01  0.300985E+01
0.121500E+01  0.306620E+01
0.122000E+01  0.312212E+01
0.122500E+01  0.317762E+01
0.123000E+01  0.323273E+01
0.123500E+01  0.328745E+01
0.124000E+01  0.334181E+01
0.124500E+01  0.339580E+01
0.125000E+01  0.344945E+01
0.125500E+01  0.350277E+01
0.126000E+01  0.355577E+01
0.126500E+01  0.360846E+01
0.127000E+01  0.366086E+01
0.127500E+01  0.371298E+01
0.128000E+01  0.376482E+01
0.128500E+01  0.381641E+01
0.129000E+01  0.386775E+01
0.129500E+01  0.391885E+01
0.130000E+01  0.396973E+01
0.130500E+01  0.402039E+01
0.131000E+01  0.407085E+01
0.131500E+01  0.412111E+01
0.132000E+01  0.417119E+01
0.132500E+01  0.422109E+01
0.133000E+01  0.427083E+01
0.133500E+01  0.432041E+01
0.134000E+01  0.436984E+01
0.134500E+01  0.441914E+01
0.135000E+01  0.446831E+01
0.135500E+01  0.451736E+01
0.136000E+01  0.456630E+01
0.136500E+01  0.461513E+01
0.137000E+01  0.466387E+01
0.137500E+01  0.471252E+01
0.138000E+01  0.476110E+01
0.138500E+01  0.480961E+01
0.139000E+01  0.485805E+01
0.139500E+01  0.490644E+01
0.140000E+01  0.495478E+01
0.140500E+01  0.500308E+01
0.141000E+01  0.505134E+01
0.141500E+01  0.509958E+01
0.142000E+01  0.514780E+01
0.142500E+01  0.519601E+01
0.143000E+01  0.524421E+01
0.143500E+01  0.529242E+01
0.144000E+01  0.534063E+01
0.144500E+01  0.538886E+01
0.145000E+01  0.543710E+01
0.145500E+01  0.548538E+01
0.146000E+01  0.553368E+01
0.146500E+01  0.558203E+01
0.147000E+01  0.563041E+01
0.147500E+01  0.567885E+01
0.148000E+01  0.572735E+01
0.148500E+01  0.577591E+01
0.149000E+01  0.582453E+01
0.149500E+01  0.587323E+01
0.150000E+01  0.592200E+01
