0.100500E+01  0.704813E-01
0.101000E+01  0.139287E+00
0.101500E+01  0.206481E+00
0.102000E+01  0.272128E+00
0.102500E+01  0.336287E+00
0.103000E+01  0.399017E+00
0.103500E+01  0.460373E+00
0.104000E+01  0.520409E+00
0.104500E+01  0.579178E+00
0.105000E+01  0.636728E+00
0.105500E+01  0.693109E+00
0.106000E+01  0.748366E+00
0.106500E+01  0.802545E+00
0.107000E+01  0.855688E+00
0.107500E+01  0.907836E+00
0.108000E+01  0.959030E+00
0.108500E+01  0.100931E+01
0.109000E+01  0.105871E+01
0.109500E+01  0.110727E+01
0.110000E+01  0.115501E+01
0.110500E+01  0.120199E+01
0.111000E+01  0.124822E+01
0.111500E+01  0.129374E+01
0.112000E+01  0.133858E+01
0.112500E+01  0.138276E+01
0.113000E+01  0.142632E+01
0.113500E+01  0.146928E+01
0.114000E+01  0.151167E+01
0.114500E+01  0.155351E+01
0.115000E+01  0.159483E+01
0.115500E+01  0.163565E+01
0.116000E+01  0.167599E+01
0.116500E+01  0.171587E+01
0.117000E+01  0.175532E+01
0.117500E+01  0.179436E+01
0.118000E+01  0.183300E+01
0.118500E+01  0.187127E+01
0.119000E+01  0.190918E+01
0.119500E+01  0.194674E+01
0.120000E+01  0.198399E+01
0.120500E+01  0.202093E+01
0.121000E+01  0.205758E+01
0.121500E+01  0.209396E+01
0.122000E+01  0.213007E+01
0.122500E+01  0.216594E+01
0.123000E+01  0.220158E+01
0.123500E+01  0.223701E+01
0.124000E+01  0.227222E+01
0.124500E+01  0.230725E+01
0.125000E+01  0.234209E+01
0.125500E+01  0.237677E+01
0.126000E+01  0.241129E+01
0.126500E+01  0.244566E+01
0.127000E+01  0.247990E+01
0.127500E+01  0.251402E+01
0.128000E+01  0.254802E+01
0.128500E+01  0.258192E+01
0.129000E+01  0.261572E+01
0.129500E+01  0.264943E+01
0.130000E+01  0.268307E+01
0.130500E+01  0.271664E+01
0.131000E+01  0.275015E+01
0.131500E+01  0.278360E+01
0.132000E+01  0.281702E+01
0.132500E+01  0.285039E+01
0.133000E+01  0.288374E+01
0.133500E+01  0.291706E+01
0.134000E+01  0.295036E+01
0.134500E+01  0.298366E+01
0.135000E+01  0.301695E+01
0.135500E+01  0.305025E+01
0.136000E+01  0.308356E+01
0.136500E+01  0.311688E+01
0.137000E+01  0.315023E+01
0.137500E+01  0.318360E+01
0.138000E+01  0.321700E+01
0.138500E+01  0.325044E+01
0.139000E+01  0.328392E+01
0.139500E+01  0.331746E+01
0.140000E+01  0.335104E+01
0.140500E+01  0.338468E+01
0.141000E+01  0.341838E+01
0.141500E+01  0.345215E+01
0.142000E+01  0.348598E+01
0.142500E+01  0.351990E+01
0.143000E+01  0.355389E+01
0.143500E+01  0.358796E+01
0.144000E+01  0.362212E+01
0.144500E+01  0.365637E+01
0.145000E+01  0.369071E+01
0.145500E+01  0.372515E+01
0.146000E+01  0.375969E+01
0.146500E+01  0.379433E+01
0.147000E+01  0.382908E+01
0.147500E+01  0.386394E+01
0.148000E+01  0.389892E+01
0.148500E+01  0.393401E+01
0.149000E+01  0.396922E+01
0.149500E+01  0.400455E+01
0.150000E+01  0.404001E+01
