0.100500E+01  0.135961E+00
0.101000E+01  0.268291E+00
0.101500E+01  0.397160E+00
0.102000E+01  0.522729E+00
0.102500E+01  0.645152E+00
0.103000E+01  0.764574E+00
0.103500E+01  0.881134E+00
0.104000E+01  0.994965E+00
0.104500E+01  0.110619E+01
0.105000E+01  0.121493E+01
0.105500E+01  0.132131E+01
0.106000E+01  0.142541E+01
0.106500E+01  0.152737E+01
0.107000E+01  0.162726E+01
0.107500E+01  0.172518E+01
0.108000E+01  0.182122E+01
0.108500E+01  0.191548E+01
0.109000E+01  0.200802E+01
0.109500E+01  0.209892E+01
0.110000E+01  0.218827E+01
0.110500E+01  0.227613E+01
0.111000E+01  0.236256E+01
0.111500E+01  0.244764E+01
0.112000E+01  0.253142E+01
0.112500E+01  0.261396E+01
0.113000E+01  0.269532E+01
0.113500E+01  0.277555E+01
0.114000E+01  0.285470E+01
0.114500E+01  0.293282E+01
0.115000E+01  0.300995E+01
0.115500E+01  0.308615E+01
0.116000E+01  0.316145E+01
0.116500E+01  0.323589E+01
0.117000E+01  0.330952E+01
0.117500E+01  0.338237E+01
0.118000E+01  0.345447E+01
0.118500E+01  0.352587E+01
0.119000E+01  0.359659E+01
0.119500E+01  0.366666E+01
0.120000E+01  0.373612E+01
0.120500E+01  0.380499E+01
0.121000E+01  0.387330E+01
0.121500E+01  0.394108E+01
0.122000E+01  0.400835E+01
0.122500E+01  0.407514E+01
0.123000E+01  0.414147E+01
0.123500E+01  0.420736E+01
0.124000E+01  0.427284E+01
0.124500E+01  0.433792E+01
0.125000E+01  0.440263E+01
0.125500E+01  0.446698E+01
0.126000E+01  0.453099E+01
0.126500E+01  0.459468E+01
0.127000E+01  0.465807E+01
0.127500E+01  0.472117E+01
0.128000E+01  0.478399E+01
0.128500E+01  0.484656E+01
0.129000E+01  0.490889E+01
0.129500E+01  0.497099E+01
0.130000E+01  0.503288E+01
0.130500E+01  0.509456E+01
0.131000E+01  0.515605E+01
0.131500E+01  0.521736E+01
0.132000E+01  0.527851E+01
0.132500E+01  0.533950E+01
0.133000E+01  0.540035E+01
0.133500E+01  0.546106E+01
0.134000E+01  0.552164E+01
0.134500E+01  0.558211E+01
0.135000E+01  0.564248E+01
0.135500E+01  0.570274E+01
0.136000E+01  0.576292E+01
0.136500E+01  0.582302E+01
0.137000E+01  0.588304E+01
0.137500E+01  0.594300E+01
0.138000E+01  0.600290E+01
0.138500E+01  0.606275E+01
0.139000E+01  0.612256E+01
0.139500E+01  0.618233E+01
0.140000E+01  0.624208E+01
0.140500E+01  0.630179E+01
0.141000E+01  0.636149E+01
0.141500E+01  0.642118E+01
0.142000E+01  0.648086E+01
0.142500E+01  0.654054E+01
0.143000E+01  0.660023E+01
0.143500E+01  0.665992E+01
0.144000E+01  0.671963E+01
0.144500E+01  0.677936E+01
0.145000E+01  0.683911E+01
0.145500E+01  0.689889E+01
0.146000E+01  0.695870E+01
0.146500E+01  0.701856E+01
0.147000E+01  0.707845E+01
0.147500E+01  0.713839E+01
0.148000E+01  0.719837E+01
0.148500E+01  0.725841E+01
0.149000E+01  0.731851E+01
0.149500E+01  0.737867E+01
0.150000E+01  0.743889E+01
