0.100500E+01  0.880090E-01
0.101000E+01  0.173986E+00
0.101500E+01  0.258131E+00
0.102000E+01  0.340633E+00
0.102500E+01  0.421670E+00
0.103000E+01  0.501410E+00
0.103500E+01  0.580012E+00
0.104000E+01  0.657626E+00
0.104500E+01  0.734392E+00
0.105000E+01  0.810446E+00
0.105500E+01  0.885913E+00
0.106000E+01  0.960915E+00
0.106500E+01  0.103557E+01
0.107000E+01  0.110997E+01
0.107500E+01  0.118424E+01
0.108000E+01  0.125847E+01
0.108500E+01  0.133275E+01
0.109000E+01  0.140717E+01
0.109500E+01  0.148182E+01
0.110000E+01  0.155678E+01
0.110500E+01  0.163213E+01
0.111000E+01  0.170795E+01
0.111500E+01  0.178431E+01
0.112000E+01  0.186128E+01
0.112500E+01  0.193892E+01
0.113000E+01  0.201731E+01
0.113500E+01  0.209651E+01
0.114000E+01  0.217658E+01
0.114500E+01  0.225758E+01
0.115000E+01  0.233957E+01
0.115500E+01  0.242260E+01
0.116000E+01  0.250674E+01
0.116500E+01  0.259204E+01
0.117000E+01  0.267854E+01
0.117500E+01  0.276631E+01
0.118000E+01  0.285539E+01
0.118500E+01  0.294584E+01
0.119000E+01  0.303770E+01
0.119500E+01  0.313102E+01
0.120000E+01  0.322586E+01
0.120500E+01  0.332225E+01
0.121000E+01  0.342025E+01
0.121500E+01  0.351990E+01
0.122000E+01  0.362126E+01
0.122500E+01  0.372435E+01
0.123000E+01  0.382924E+01
0.123500E+01  0.393596E+01
0.124000E+01  0.404457E+01
0.124500E+01  0.415510E+01
0.125000E+01  0.426759E+01
0.125500E+01  0.438211E+01
0.126000E+01  0.449868E+01
0.126500E+01  0.461735E+01
0.127000E+01  0.473817E+01
0.127500E+01  0.486117E+01
0.128000E+01  0.498641E+01
0.128500E+01  0.511393E+01
0.129000E+01  0.524378E+01
0.129500E+01  0.537599E+01
0.130000E+01  0.551060E+01
0.130500E+01  0.564768E+01
0.131000E+01  0.578725E+01
0.131500E+01  0.592937E+01
0.132000E+01  0.607407E+01
0.132500E+01  0.622141E+01
0.133000E+01  0.637142E+01
0.133500E+01  0.652416E+01
0.134000E+01  0.667967E+01
0.134500E+01  0.683799E+01
0.135000E+01  0.699917E+01
0.135500E+01  0.716326E+01
0.136000E+01  0.733030E+01
0.136500E+01  0.750034E+01
0.137000E+01  0.767343E+01
0.137500E+01  0.784961E+01
0.138000E+01  0.802893E+01
0.138500E+01  0.821144E+01
0.139000E+01  0.839719E+01
0.139500E+01  0.858622E+01
0.140000E+01  0.877859E+01
0.140500E+01  0.897434E+01
0.141000E+01  0.917353E+01
0.141500E+01  0.937620E+01
0.142000E+01  0.958240E+01
0.142500E+01  0.979218E+01
0.143000E+01  0.100056E+02
0.143500E+01  0.102227E+02
0.144000E+01  0.104436E+02
0.144500E+01  0.106682E+02
0.145000E+01  0.108967E+02
0.145500E+01  0.111290E+02
0.146000E+01  0.113654E+02
0.146500E+01  0.116057E+02
0.147000E+01  0.118501E+02
0.147500E+01  0.120986E+02
0.148000E+01  0.123512E+02
0.148500E+01  0.126081E+02
0.149000E+01  0.128693E+02
0.149500E+01  0.131348E+02
0.150000E+01  0.134047E+02
