0.100500E+01  0.690456E-01
0.101000E+01  0.137556E+00
0.101500E+01  0.205630E+00
0.102000E+01  0.273363E+00
0.102500E+01  0.340845E+00
0.103000E+01  0.408163E+00
0.103500E+01  0.475404E+00
0.104000E+01  0.542649E+00
0.104500E+01  0.609977E+00
0.105000E+01  0.677464E+00
0.105500E+01  0.745186E+00
0.106000E+01  0.813215E+00
0.106500E+01  0.881622E+00
0.107000E+01  0.950475E+00
0.107500E+01  0.101984E+01
0.108000E+01  0.108979E+01
0.108500E+01  0.116038E+01
0.109000E+01  0.123169E+01
0.109500E+01  0.130376E+01
0.110000E+01  0.137667E+01
0.110500E+01  0.145047E+01
0.111000E+01  0.152522E+01
0.111500E+01  0.160099E+01
0.112000E+01  0.167784E+01
0.112500E+01  0.175581E+01
0.113000E+01  0.183497E+01
0.113500E+01  0.191539E+01
0.114000E+01  0.199711E+01
0.114500E+01  0.208019E+01
0.115000E+01  0.216469E+01
0.115500E+01  0.225067E+01
0.116000E+01  0.233818E+01
0.116500E+01  0.242728E+01
0.117000E+01  0.251804E+01
0.117500E+01  0.261050E+01
0.118000E+01  0.270472E+01
0.118500E+01  0.280076E+01
0.119000E+01  0.289868E+01
0.119500E+01  0.299854E+01
0.120000E+01  0.310040E+01
0.120500E+01  0.320430E+01
0.121000E+01  0.331032E+01
0.121500E+01  0.341851E+01
0.122000E+01  0.352893E+01
0.122500E+01  0.364165E+01
0.123000E+01  0.375671E+01
0.123500E+01  0.387419E+01
0.124000E+01  0.399414E+01
0.124500E+01  0.411663E+01
0.125000E+01  0.424172E+01
0.125500E+01  0.436948E+01
0.126000E+01  0.449996E+01
0.126500E+01  0.463323E+01
0.127000E+01  0.476936E+01
0.127500E+01  0.490842E+01
0.128000E+01  0.505046E+01
0.128500E+01  0.519556E+01
0.129000E+01  0.534379E+01
0.129500E+01  0.549521E+01
0.130000E+01  0.564990E+01
0.130500E+01  0.580792E+01
0.131000E+01  0.596935E+01
0.131500E+01  0.613426E+01
0.132000E+01  0.630272E+01
0.132500E+01  0.647481E+01
0.133000E+01  0.665060E+01
0.133500E+01  0.683018E+01
0.134000E+01  0.701360E+01
0.134500E+01  0.720096E+01
0.135000E+01  0.739233E+01
0.135500E+01  0.758780E+01
0.136000E+01  0.778744E+01
0.136500E+01  0.799133E+01
0.137000E+01  0.819957E+01
0.137500E+01  0.841223E+01
0.138000E+01  0.862939E+01
0.138500E+01  0.885116E+01
0.139000E+01  0.907760E+01
0.139500E+01  0.930883E+01
0.140000E+01  0.954491E+01
0.140500E+01  0.978595E+01
0.141000E+01  0.100320E+02
0.141500E+01  0.102833E+02
0.142000E+01  0.105397E+02
0.142500E+01  0.108015E+02
0.143000E+01  0.110687E+02
0.143500E+01  0.113415E+02
0.144000E+01  0.116199E+02
0.144500E+01  0.119040E+02
0.145000E+01  0.121939E+02
0.145500E+01  0.124898E+02
0.146000E+01  0.127917E+02
0.146500E+01  0.130998E+02
0.147000E+01  0.134141E+02
0.147500E+01  0.137348E+02
0.148000E+01  0.140620E+02
0.148500E+01  0.143958E+02
0.149000E+01  0.147363E+02
0.149500E+01  0.150836E+02
0.150000E+01  0.154379E+02
