0.100500E+01  0.473928E-02
0.101000E+01  0.939840E-02
0.101500E+01  0.139911E-01
0.102000E+01  0.185300E-01
0.102500E+01  0.230269E-01
0.103000E+01  0.274929E-01
0.103500E+01  0.319382E-01
0.104000E+01  0.363722E-01
0.104500E+01  0.408037E-01
0.105000E+01  0.452409E-01
0.105500E+01  0.496915E-01
0.106000E+01  0.541626E-01
0.106500E+01  0.586608E-01
0.107000E+01  0.631923E-01
0.107500E+01  0.677630E-01
0.108000E+01  0.723781E-01
0.108500E+01  0.770428E-01
0.109000E+01  0.817619E-01
0.109500E+01  0.865398E-01
0.110000E+01  0.913807E-01
0.110500E+01  0.962885E-01
0.111000E+01  0.101267E+00
0.111500E+01  0.106319E+00
0.112000E+01  0.111449E+00
0.112500E+01  0.116660E+00
0.113000E+01  0.121954E+00
0.113500E+01  0.127334E+00
0.114000E+01  0.132802E+00
0.114500E+01  0.138362E+00
0.115000E+01  0.144016E+00
0.115500E+01  0.149766E+00
0.116000E+01  0.155613E+00
0.116500E+01  0.161561E+00
0.117000E+01  0.167611E+00
0.117500E+01  0.173764E+00
0.118000E+01  0.180023E+00
0.118500E+01  0.186389E+00
0.119000E+01  0.192865E+00
0.119500E+01  0.199451E+00
0.120000E+01  0.206148E+00
0.120500E+01  0.212959E+00
0.121000E+01  0.219886E+00
0.121500E+01  0.226928E+00
0.122000E+01  0.234088E+00
0.122500E+01  0.241366E+00
0.123000E+01  0.248765E+00
0.123500E+01  0.256285E+00
0.124000E+01  0.263928E+00
0.124500E+01  0.271694E+00
0.125000E+01  0.279585E+00
0.125500E+01  0.287602E+00
0.126000E+01  0.295745E+00
0.126500E+01  0.304017E+00
0.127000E+01  0.312418E+00
0.127500E+01  0.320950E+00
0.128000E+01  0.329612E+00
0.128500E+01  0.338407E+00
0.129000E+01  0.347334E+00
0.129500E+01  0.356397E+00
0.130000E+01  0.365594E+00
0.130500E+01  0.374928E+00
0.131000E+01  0.384398E+00
0.131500E+01  0.394007E+00
0.132000E+01  0.403756E+00
0.132500E+01  0.413644E+00
0.133000E+01  0.423673E+00
0.133500E+01  0.433845E+00
0.134000E+01  0.444159E+00
0.134500E+01  0.454618E+00
0.135000E+01  0.465221E+00
0.135500E+01  0.475971E+00
0.136000E+01  0.486867E+00
0.136500E+01  0.497911E+00
0.137000E+01  0.509104E+00
0.137500E+01  0.520447E+00
0.138000E+01  0.531940E+00
0.138500E+01  0.543585E+00
0.139000E+01  0.555383E+00
0.139500E+01  0.567335E+00
0.140000E+01  0.579441E+00
0.140500E+01  0.591703E+00
0.141000E+01  0.604122E+00
0.141500E+01  0.616698E+00
0.142000E+01  0.629433E+00
0.142500E+01  0.642328E+00
0.143000E+01  0.655383E+00
0.143500E+01  0.668599E+00
0.144000E+01  0.681979E+00
0.144500E+01  0.695522E+00
0.145000E+01  0.709230E+00
0.145500E+01  0.723103E+00
0.146000E+01  0.737143E+00
0.146500E+01  0.751351E+00
0.147000E+01  0.765728E+00
0.147500E+01  0.780275E+00
0.148000E+01  0.794992E+00
0.148500E+01  0.809882E+00
0.149000E+01  0.824944E+00
0.149500E+01  0.840181E+00
0.150000E+01  0.855593E+00
