0.100500E+01  0.379373E-01
0.101000E+01  0.760838E-01
0.101500E+01  0.114488E+00
0.102000E+01  0.153196E+00
0.102500E+01  0.192254E+00
0.103000E+01  0.231703E+00
0.103500E+01  0.271587E+00
0.104000E+01  0.311947E+00
0.104500E+01  0.352823E+00
0.105000E+01  0.394255E+00
0.105500E+01  0.436280E+00
0.106000E+01  0.478939E+00
0.106500E+01  0.522268E+00
0.107000E+01  0.566307E+00
0.107500E+01  0.611091E+00
0.108000E+01  0.656659E+00
0.108500E+01  0.703049E+00
0.109000E+01  0.750297E+00
0.109500E+01  0.798442E+00
0.110000E+01  0.847521E+00
0.110500E+01  0.897571E+00
0.111000E+01  0.948632E+00
0.111500E+01  0.100074E+01
0.112000E+01  0.105394E+01
0.112500E+01  0.110826E+01
0.113000E+01  0.116375E+01
0.113500E+01  0.122044E+01
0.114000E+01  0.127837E+01
0.114500E+01  0.133759E+01
0.115000E+01  0.139814E+01
0.115500E+01  0.146005E+01
0.116000E+01  0.152336E+01
0.116500E+01  0.158813E+01
0.117000E+01  0.165438E+01
0.117500E+01  0.172217E+01
0.118000E+01  0.179153E+01
0.118500E+01  0.186251E+01
0.119000E+01  0.193515E+01
0.119500E+01  0.200950E+01
0.120000E+01  0.208559E+01
0.120500E+01  0.216348E+01
0.121000E+01  0.224321E+01
0.121500E+01  0.232483E+01
0.122000E+01  0.240837E+01
0.122500E+01  0.249389E+01
0.123000E+01  0.258144E+01
0.123500E+01  0.267105E+01
0.124000E+01  0.276278E+01
0.124500E+01  0.285668E+01
0.125000E+01  0.295279E+01
0.125500E+01  0.305117E+01
0.126000E+01  0.315185E+01
0.126500E+01  0.325490E+01
0.127000E+01  0.336036E+01
0.127500E+01  0.346828E+01
0.128000E+01  0.357871E+01
0.128500E+01  0.369171E+01
0.129000E+01  0.380733E+01
0.129500E+01  0.392561E+01
0.130000E+01  0.404662E+01
0.130500E+01  0.417041E+01
0.131000E+01  0.429703E+01
0.131500E+01  0.442654E+01
0.132000E+01  0.455899E+01
0.132500E+01  0.469444E+01
0.133000E+01  0.483295E+01
0.133500E+01  0.497458E+01
0.134000E+01  0.511937E+01
0.134500E+01  0.526740E+01
0.135000E+01  0.541873E+01
0.135500E+01  0.557341E+01
0.136000E+01  0.573150E+01
0.136500E+01  0.589307E+01
0.137000E+01  0.605818E+01
0.137500E+01  0.622690E+01
0.138000E+01  0.639929E+01
0.138500E+01  0.657541E+01
0.139000E+01  0.675534E+01
0.139500E+01  0.693913E+01
0.140000E+01  0.712686E+01
0.140500E+01  0.731860E+01
0.141000E+01  0.751442E+01
0.141500E+01  0.771438E+01
0.142000E+01  0.791857E+01
0.142500E+01  0.812704E+01
0.143000E+01  0.833989E+01
0.143500E+01  0.855718E+01
0.144000E+01  0.877898E+01
0.144500E+01  0.900538E+01
0.145000E+01  0.923645E+01
0.145500E+01  0.947227E+01
0.146000E+01  0.971292E+01
0.146500E+01  0.995848E+01
0.147000E+01  0.102090E+02
0.147500E+01  0.104647E+02
0.148000E+01  0.107255E+02
0.148500E+01  0.109915E+02
0.149000E+01  0.112629E+02
0.149500E+01  0.115397E+02
0.150000E+01  0.118220E+02
