0.100500E+01  0.459073E-01
0.101000E+01  0.909185E-01
0.101500E+01  0.135098E+00
0.102000E+01  0.178505E+00
0.102500E+01  0.221197E+00
0.103000E+01  0.263227E+00
0.103500E+01  0.304645E+00
0.104000E+01  0.345497E+00
0.104500E+01  0.385827E+00
0.105000E+01  0.425677E+00
0.105500E+01  0.465086E+00
0.106000E+01  0.504089E+00
0.106500E+01  0.542722E+00
0.107000E+01  0.581015E+00
0.107500E+01  0.619001E+00
0.108000E+01  0.656706E+00
0.108500E+01  0.694158E+00
0.109000E+01  0.731383E+00
0.109500E+01  0.768403E+00
0.110000E+01  0.805241E+00
0.110500E+01  0.841919E+00
0.111000E+01  0.878456E+00
0.111500E+01  0.914871E+00
0.112000E+01  0.951182E+00
0.112500E+01  0.987405E+00
0.113000E+01  0.102356E+01
0.113500E+01  0.105965E+01
0.114000E+01  0.109570E+01
0.114500E+01  0.113172E+01
0.115000E+01  0.116772E+01
0.115500E+01  0.120372E+01
0.116000E+01  0.123972E+01
0.116500E+01  0.127574E+01
0.117000E+01  0.131179E+01
0.117500E+01  0.134787E+01
0.118000E+01  0.138399E+01
0.118500E+01  0.142017E+01
0.119000E+01  0.145640E+01
0.119500E+01  0.149271E+01
0.120000E+01  0.152909E+01
0.120500E+01  0.156555E+01
0.121000E+01  0.160211E+01
0.121500E+01  0.163875E+01
0.122000E+01  0.167550E+01
0.122500E+01  0.171235E+01
0.123000E+01  0.174932E+01
0.123500E+01  0.178640E+01
0.124000E+01  0.182360E+01
0.124500E+01  0.186092E+01
0.125000E+01  0.189838E+01
0.125500E+01  0.193596E+01
0.126000E+01  0.197369E+01
0.126500E+01  0.201155E+01
0.127000E+01  0.204956E+01
0.127500E+01  0.208772E+01
0.128000E+01  0.212603E+01
0.128500E+01  0.216449E+01
0.129000E+01  0.220311E+01
0.129500E+01  0.224188E+01
0.130000E+01  0.228082E+01
0.130500E+01  0.231992E+01
0.131000E+01  0.235919E+01
0.131500E+01  0.239862E+01
0.132000E+01  0.243823E+01
0.132500E+01  0.247801E+01
0.133000E+01  0.251796E+01
0.133500E+01  0.255809E+01
0.134000E+01  0.259840E+01
0.134500E+01  0.263888E+01
0.135000E+01  0.267955E+01
0.135500E+01  0.272040E+01
0.136000E+01  0.276144E+01
0.136500E+01  0.280266E+01
0.137000E+01  0.284406E+01
0.137500E+01  0.288566E+01
0.138000E+01  0.292745E+01
0.138500E+01  0.296942E+01
0.139000E+01  0.301159E+01
0.139500E+01  0.305395E+01
0.140000E+01  0.309651E+01
0.140500E+01  0.313926E+01
0.141000E+01  0.318221E+01
0.141500E+01  0.322535E+01
0.142000E+01  0.326869E+01
0.142500E+01  0.331223E+01
0.143000E+01  0.335598E+01
0.143500E+01  0.339992E+01
0.144000E+01  0.344406E+01
0.144500E+01  0.348841E+01
0.145000E+01  0.353296E+01
0.145500E+01  0.357771E+01
0.146000E+01  0.362267E+01
0.146500E+01  0.366784E+01
0.147000E+01  0.371321E+01
0.147500E+01  0.375878E+01
0.148000E+01  0.380457E+01
0.148500E+01  0.385056E+01
0.149000E+01  0.389676E+01
0.149500E+01  0.394317E+01
0.150000E+01  0.398979E+01
