0.100500E+01  0.181449E-01
0.101000E+01  0.360240E-01
0.101500E+01  0.536836E-01
0.102000E+01  0.711679E-01
0.102500E+01  0.885197E-01
0.103000E+01  0.105780E+00
0.103500E+01  0.122987E+00
0.104000E+01  0.140180E+00
0.104500E+01  0.157395E+00
0.105000E+01  0.174666E+00
0.105500E+01  0.192029E+00
0.106000E+01  0.209514E+00
0.106500E+01  0.227154E+00
0.107000E+01  0.244980E+00
0.107500E+01  0.263021E+00
0.108000E+01  0.281307E+00
0.108500E+01  0.299864E+00
0.109000E+01  0.318721E+00
0.109500E+01  0.337904E+00
0.110000E+01  0.357438E+00
0.110500E+01  0.377351E+00
0.111000E+01  0.397666E+00
0.111500E+01  0.418408E+00
0.112000E+01  0.439600E+00
0.112500E+01  0.461267E+00
0.113000E+01  0.483432E+00
0.113500E+01  0.506117E+00
0.114000E+01  0.529345E+00
0.114500E+01  0.553139E+00
0.115000E+01  0.577519E+00
0.115500E+01  0.602509E+00
0.116000E+01  0.628129E+00
0.116500E+01  0.654400E+00
0.117000E+01  0.681345E+00
0.117500E+01  0.708983E+00
0.118000E+01  0.737336E+00
0.118500E+01  0.766425E+00
0.119000E+01  0.796270E+00
0.119500E+01  0.826891E+00
0.120000E+01  0.858310E+00
0.120500E+01  0.890546E+00
0.121000E+01  0.923621E+00
0.121500E+01  0.957554E+00
0.122000E+01  0.992365E+00
0.122500E+01  0.102808E+01
0.123000E+01  0.106471E+01
0.123500E+01  0.110228E+01
0.124000E+01  0.114081E+01
0.124500E+01  0.118033E+01
0.125000E+01  0.122084E+01
0.125500E+01  0.126238E+01
0.126000E+01  0.130496E+01
0.126500E+01  0.134861E+01
0.127000E+01  0.139334E+01
0.127500E+01  0.143918E+01
0.128000E+01  0.148614E+01
0.128500E+01  0.153426E+01
0.129000E+01  0.158355E+01
0.129500E+01  0.163403E+01
0.130000E+01  0.168572E+01
0.130500E+01  0.173865E+01
0.131000E+01  0.179284E+01
0.131500E+01  0.184831E+01
0.132000E+01  0.190508E+01
0.132500E+01  0.196318E+01
0.133000E+01  0.202263E+01
0.133500E+01  0.208345E+01
0.134000E+01  0.214567E+01
0.134500E+01  0.220931E+01
0.135000E+01  0.227439E+01
0.135500E+01  0.234093E+01
0.136000E+01  0.240897E+01
0.136500E+01  0.247853E+01
0.137000E+01  0.254963E+01
0.137500E+01  0.262229E+01
0.138000E+01  0.269654E+01
0.138500E+01  0.277242E+01
0.139000E+01  0.284993E+01
0.139500E+01  0.292911E+01
0.140000E+01  0.300999E+01
0.140500E+01  0.309259E+01
0.141000E+01  0.317695E+01
0.141500E+01  0.326307E+01
0.142000E+01  0.335101E+01
0.142500E+01  0.344077E+01
0.143000E+01  0.353239E+01
0.143500E+01  0.362591E+01
0.144000E+01  0.372134E+01
0.144500E+01  0.381872E+01
0.145000E+01  0.391807E+01
0.145500E+01  0.401943E+01
0.146000E+01  0.412283E+01
0.146500E+01  0.422829E+01
0.147000E+01  0.433585E+01
0.147500E+01  0.444554E+01
0.148000E+01  0.455740E+01
0.148500E+01  0.467144E+01
0.149000E+01  0.478771E+01
0.149500E+01  0.490624E+01
0.150000E+01  0.502705E+01
