0.100500E+01  0.413827E-01
0.101000E+01  0.814834E-01
0.101500E+01  0.120396E+00
0.102000E+01  0.158208E+00
0.102500E+01  0.195003E+00
0.103000E+01  0.230859E+00
0.103500E+01  0.265850E+00
0.104000E+01  0.300044E+00
0.104500E+01  0.333507E+00
0.105000E+01  0.366301E+00
0.105500E+01  0.398483E+00
0.106000E+01  0.430109E+00
0.106500E+01  0.461229E+00
0.107000E+01  0.491893E+00
0.107500E+01  0.522146E+00
0.108000E+01  0.552031E+00
0.108500E+01  0.581590E+00
0.109000E+01  0.610861E+00
0.109500E+01  0.639881E+00
0.110000E+01  0.668684E+00
0.110500E+01  0.697303E+00
0.111000E+01  0.725769E+00
0.111500E+01  0.754111E+00
0.112000E+01  0.782358E+00
0.112500E+01  0.810536E+00
0.113000E+01  0.838669E+00
0.113500E+01  0.866782E+00
0.114000E+01  0.894898E+00
0.114500E+01  0.923037E+00
0.115000E+01  0.951221E+00
0.115500E+01  0.979468E+00
0.116000E+01  0.100780E+01
0.116500E+01  0.103623E+01
0.117000E+01  0.106478E+01
0.117500E+01  0.109346E+01
0.118000E+01  0.112229E+01
0.118500E+01  0.115129E+01
0.119000E+01  0.118046E+01
0.119500E+01  0.120983E+01
0.120000E+01  0.123940E+01
0.120500E+01  0.126920E+01
0.121000E+01  0.129922E+01
0.121500E+01  0.132948E+01
0.122000E+01  0.136000E+01
0.122500E+01  0.139078E+01
0.123000E+01  0.142184E+01
0.123500E+01  0.145318E+01
0.124000E+01  0.148482E+01
0.124500E+01  0.151677E+01
0.125000E+01  0.154902E+01
0.125500E+01  0.158160E+01
0.126000E+01  0.161452E+01
0.126500E+01  0.164777E+01
0.127000E+01  0.168137E+01
0.127500E+01  0.171533E+01
0.128000E+01  0.174965E+01
0.128500E+01  0.178435E+01
0.129000E+01  0.181942E+01
0.129500E+01  0.185488E+01
0.130000E+01  0.189074E+01
0.130500E+01  0.192700E+01
0.131000E+01  0.196367E+01
0.131500E+01  0.200075E+01
0.132000E+01  0.203825E+01
0.132500E+01  0.207618E+01
0.133000E+01  0.211455E+01
0.133500E+01  0.215336E+01
0.134000E+01  0.219261E+01
0.134500E+01  0.223232E+01
0.135000E+01  0.227249E+01
0.135500E+01  0.231312E+01
0.136000E+01  0.235422E+01
0.136500E+01  0.239580E+01
0.137000E+01  0.243787E+01
0.137500E+01  0.248042E+01
0.138000E+01  0.252346E+01
0.138500E+01  0.256701E+01
0.139000E+01  0.261106E+01
0.139500E+01  0.265562E+01
0.140000E+01  0.270069E+01
0.140500E+01  0.274629E+01
0.141000E+01  0.279241E+01
0.141500E+01  0.283906E+01
0.142000E+01  0.288626E+01
0.142500E+01  0.293399E+01
0.143000E+01  0.298227E+01
0.143500E+01  0.303110E+01
0.144000E+01  0.308049E+01
0.144500E+01  0.313045E+01
0.145000E+01  0.318097E+01
0.145500E+01  0.323206E+01
0.146000E+01  0.328373E+01
0.146500E+01  0.333599E+01
0.147000E+01  0.338883E+01
0.147500E+01  0.344227E+01
0.148000E+01  0.349630E+01
0.148500E+01  0.355093E+01
0.149000E+01  0.360618E+01
0.149500E+01  0.366203E+01
0.150000E+01  0.371851E+01
