0.100500E+01  0.109533E+00
0.101000E+01  0.216380E+00
0.101500E+01  0.320732E+00
0.102000E+01  0.422771E+00
0.102500E+01  0.522665E+00
0.103000E+01  0.620576E+00
0.103500E+01  0.716654E+00
0.104000E+01  0.811041E+00
0.104500E+01  0.903872E+00
0.105000E+01  0.995273E+00
0.105500E+01  0.108536E+01
0.106000E+01  0.117426E+01
0.106500E+01  0.126206E+01
0.107000E+01  0.134886E+01
0.107500E+01  0.143478E+01
0.108000E+01  0.151988E+01
0.108500E+01  0.160426E+01
0.109000E+01  0.168800E+01
0.109500E+01  0.177118E+01
0.110000E+01  0.185386E+01
0.110500E+01  0.193612E+01
0.111000E+01  0.201802E+01
0.111500E+01  0.209962E+01
0.112000E+01  0.218098E+01
0.112500E+01  0.226216E+01
0.113000E+01  0.234321E+01
0.113500E+01  0.242418E+01
0.114000E+01  0.250512E+01
0.114500E+01  0.258607E+01
0.115000E+01  0.266709E+01
0.115500E+01  0.274820E+01
0.116000E+01  0.282946E+01
0.116500E+01  0.291090E+01
0.117000E+01  0.299256E+01
0.117500E+01  0.307447E+01
0.118000E+01  0.315667E+01
0.118500E+01  0.323919E+01
0.119000E+01  0.332206E+01
0.119500E+01  0.340531E+01
0.120000E+01  0.348897E+01
0.120500E+01  0.357307E+01
0.121000E+01  0.365764E+01
0.121500E+01  0.374270E+01
0.122000E+01  0.382827E+01
0.122500E+01  0.391439E+01
0.123000E+01  0.400108E+01
0.123500E+01  0.408835E+01
0.124000E+01  0.417623E+01
0.124500E+01  0.426474E+01
0.125000E+01  0.435391E+01
0.125500E+01  0.444375E+01
0.126000E+01  0.453428E+01
0.126500E+01  0.462552E+01
0.127000E+01  0.471750E+01
0.127500E+01  0.481022E+01
0.128000E+01  0.490371E+01
0.128500E+01  0.499798E+01
0.129000E+01  0.509306E+01
0.129500E+01  0.518895E+01
0.130000E+01  0.528568E+01
0.130500E+01  0.538326E+01
0.131000E+01  0.548170E+01
0.131500E+01  0.558103E+01
0.132000E+01  0.568125E+01
0.132500E+01  0.578238E+01
0.133000E+01  0.588444E+01
0.133500E+01  0.598744E+01
0.134000E+01  0.609139E+01
0.134500E+01  0.619631E+01
0.135000E+01  0.630221E+01
0.135500E+01  0.640910E+01
0.136000E+01  0.651701E+01
0.136500E+01  0.662594E+01
0.137000E+01  0.673590E+01
0.137500E+01  0.684691E+01
0.138000E+01  0.695898E+01
0.138500E+01  0.707212E+01
0.139000E+01  0.718634E+01
0.139500E+01  0.730167E+01
0.140000E+01  0.741810E+01
0.140500E+01  0.753566E+01
0.141000E+01  0.765435E+01
0.141500E+01  0.777419E+01
0.142000E+01  0.789518E+01
0.142500E+01  0.801734E+01
0.143000E+01  0.814069E+01
0.143500E+01  0.826523E+01
0.144000E+01  0.839097E+01
0.144500E+01  0.851793E+01
0.145000E+01  0.864611E+01
0.145500E+01  0.877554E+01
0.146000E+01  0.890621E+01
0.146500E+01  0.903814E+01
0.147000E+01  0.917135E+01
0.147500E+01  0.930584E+01
0.148000E+01  0.944163E+01
0.148500E+01  0.957872E+01
0.149000E+01  0.971713E+01
0.149500E+01  0.985687E+01
0.150000E+01  0.999795E+01
