0.100500E+01  0.137099E-01
0.101000E+01  0.274933E-01
0.101500E+01  0.413645E-01
0.102000E+01  0.553372E-01
0.102500E+01  0.694253E-01
0.103000E+01  0.836423E-01
0.103500E+01  0.980017E-01
0.104000E+01  0.112517E+00
0.104500E+01  0.127201E+00
0.105000E+01  0.142068E+00
0.105500E+01  0.157130E+00
0.106000E+01  0.172401E+00
0.106500E+01  0.187895E+00
0.107000E+01  0.203624E+00
0.107500E+01  0.219601E+00
0.108000E+01  0.235841E+00
0.108500E+01  0.252357E+00
0.109000E+01  0.269162E+00
0.109500E+01  0.286270E+00
0.110000E+01  0.303695E+00
0.110500E+01  0.321452E+00
0.111000E+01  0.339553E+00
0.111500E+01  0.358014E+00
0.112000E+01  0.376849E+00
0.112500E+01  0.396073E+00
0.113000E+01  0.415699E+00
0.113500E+01  0.435745E+00
0.114000E+01  0.456224E+00
0.114500E+01  0.477152E+00
0.115000E+01  0.498545E+00
0.115500E+01  0.520418E+00
0.116000E+01  0.542787E+00
0.116500E+01  0.565670E+00
0.117000E+01  0.589082E+00
0.117500E+01  0.613040E+00
0.118000E+01  0.637561E+00
0.118500E+01  0.662663E+00
0.119000E+01  0.688363E+00
0.119500E+01  0.714678E+00
0.120000E+01  0.741628E+00
0.120500E+01  0.769231E+00
0.121000E+01  0.797504E+00
0.121500E+01  0.826468E+00
0.122000E+01  0.856142E+00
0.122500E+01  0.886545E+00
0.123000E+01  0.917697E+00
0.123500E+01  0.949620E+00
0.124000E+01  0.982333E+00
0.124500E+01  0.101586E+01
0.125000E+01  0.105021E+01
0.125500E+01  0.108543E+01
0.126000E+01  0.112152E+01
0.126500E+01  0.115851E+01
0.127000E+01  0.119642E+01
0.127500E+01  0.123528E+01
0.128000E+01  0.127510E+01
0.128500E+01  0.131593E+01
0.129000E+01  0.135777E+01
0.129500E+01  0.140065E+01
0.130000E+01  0.144460E+01
0.130500E+01  0.148965E+01
0.131000E+01  0.153582E+01
0.131500E+01  0.158314E+01
0.132000E+01  0.163163E+01
0.132500E+01  0.168132E+01
0.133000E+01  0.173225E+01
0.133500E+01  0.178443E+01
0.134000E+01  0.183790E+01
0.134500E+01  0.189269E+01
0.135000E+01  0.194883E+01
0.135500E+01  0.200635E+01
0.136000E+01  0.206528E+01
0.136500E+01  0.212565E+01
0.137000E+01  0.218749E+01
0.137500E+01  0.225084E+01
0.138000E+01  0.231572E+01
0.138500E+01  0.238218E+01
0.139000E+01  0.245025E+01
0.139500E+01  0.251996E+01
0.140000E+01  0.259135E+01
0.140500E+01  0.266445E+01
0.141000E+01  0.273930E+01
0.141500E+01  0.281594E+01
0.142000E+01  0.289440E+01
0.142500E+01  0.297473E+01
0.143000E+01  0.305695E+01
0.143500E+01  0.314112E+01
0.144000E+01  0.322728E+01
0.144500E+01  0.331545E+01
0.145000E+01  0.340569E+01
0.145500E+01  0.349804E+01
0.146000E+01  0.359254E+01
0.146500E+01  0.368923E+01
0.147000E+01  0.378816E+01
0.147500E+01  0.388937E+01
0.148000E+01  0.399291E+01
0.148500E+01  0.409882E+01
0.149000E+01  0.420716E+01
0.149500E+01  0.431797E+01
0.150000E+01  0.443129E+01
