0.100500E+01  0.848757E-01
0.101000E+01  0.168404E+00
0.101500E+01  0.250618E+00
0.102000E+01  0.331550E+00
0.102500E+01  0.411235E+00
0.103000E+01  0.489703E+00
0.103500E+01  0.566985E+00
0.104000E+01  0.643113E+00
0.104500E+01  0.718116E+00
0.105000E+01  0.792024E+00
0.105500E+01  0.864866E+00
0.106000E+01  0.936670E+00
0.106500E+01  0.100746E+01
0.107000E+01  0.107728E+01
0.107500E+01  0.114614E+01
0.108000E+01  0.121406E+01
0.108500E+01  0.128109E+01
0.109000E+01  0.134724E+01
0.109500E+01  0.141254E+01
0.110000E+01  0.147702E+01
0.110500E+01  0.154069E+01
0.111000E+01  0.160358E+01
0.111500E+01  0.166572E+01
0.112000E+01  0.172713E+01
0.112500E+01  0.178784E+01
0.113000E+01  0.184786E+01
0.113500E+01  0.190722E+01
0.114000E+01  0.196594E+01
0.114500E+01  0.202404E+01
0.115000E+01  0.208154E+01
0.115500E+01  0.213847E+01
0.116000E+01  0.219485E+01
0.116500E+01  0.225070E+01
0.117000E+01  0.230603E+01
0.117500E+01  0.236087E+01
0.118000E+01  0.241524E+01
0.118500E+01  0.246916E+01
0.119000E+01  0.252265E+01
0.119500E+01  0.257572E+01
0.120000E+01  0.262840E+01
0.120500E+01  0.268071E+01
0.121000E+01  0.273266E+01
0.121500E+01  0.278427E+01
0.122000E+01  0.283557E+01
0.122500E+01  0.288656E+01
0.123000E+01  0.293728E+01
0.123500E+01  0.298773E+01
0.124000E+01  0.303794E+01
0.124500E+01  0.308792E+01
0.125000E+01  0.313769E+01
0.125500E+01  0.318726E+01
0.126000E+01  0.323667E+01
0.126500E+01  0.328591E+01
0.127000E+01  0.333502E+01
0.127500E+01  0.338400E+01
0.128000E+01  0.343287E+01
0.128500E+01  0.348166E+01
0.129000E+01  0.353038E+01
0.129500E+01  0.357904E+01
0.130000E+01  0.362766E+01
0.130500E+01  0.367626E+01
0.131000E+01  0.372485E+01
0.131500E+01  0.377346E+01
0.132000E+01  0.382209E+01
0.132500E+01  0.387077E+01
0.133000E+01  0.391951E+01
0.133500E+01  0.396832E+01
0.134000E+01  0.401723E+01
0.134500E+01  0.406625E+01
0.135000E+01  0.411539E+01
0.135500E+01  0.416468E+01
0.136000E+01  0.421413E+01
0.136500E+01  0.426375E+01
0.137000E+01  0.431356E+01
0.137500E+01  0.436358E+01
0.138000E+01  0.441382E+01
0.138500E+01  0.446431E+01
0.139000E+01  0.451505E+01
0.139500E+01  0.456606E+01
0.140000E+01  0.461736E+01
0.140500E+01  0.466897E+01
0.141000E+01  0.472090E+01
0.141500E+01  0.477316E+01
0.142000E+01  0.482579E+01
0.142500E+01  0.487878E+01
0.143000E+01  0.493216E+01
0.143500E+01  0.498595E+01
0.144000E+01  0.504016E+01
0.144500E+01  0.509480E+01
0.145000E+01  0.514990E+01
0.145500E+01  0.520548E+01
0.146000E+01  0.526154E+01
0.146500E+01  0.531811E+01
0.147000E+01  0.537520E+01
0.147500E+01  0.543284E+01
0.148000E+01  0.549103E+01
0.148500E+01  0.554980E+01
0.149000E+01  0.560916E+01
0.149500E+01  0.566913E+01
0.150000E+01  0.572974E+01
