0.100500E+01  0.691031E-01
0.101000E+01  0.137663E+00
0.101500E+01  0.205700E+00
0.102000E+01  0.273236E+00
0.102500E+01  0.340290E+00
0.103000E+01  0.406883E+00
0.103500E+01  0.473034E+00
0.104000E+01  0.538763E+00
0.104500E+01  0.604088E+00
0.105000E+01  0.669029E+00
0.105500E+01  0.733603E+00
0.106000E+01  0.797829E+00
0.106500E+01  0.861725E+00
0.107000E+01  0.925307E+00
0.107500E+01  0.988594E+00
0.108000E+01  0.105160E+01
0.108500E+01  0.111435E+01
0.109000E+01  0.117685E+01
0.109500E+01  0.123912E+01
0.110000E+01  0.130118E+01
0.110500E+01  0.136304E+01
0.111000E+01  0.142472E+01
0.111500E+01  0.148623E+01
0.112000E+01  0.154759E+01
0.112500E+01  0.160881E+01
0.113000E+01  0.166991E+01
0.113500E+01  0.173091E+01
0.114000E+01  0.179181E+01
0.114500E+01  0.185264E+01
0.115000E+01  0.191340E+01
0.115500E+01  0.197411E+01
0.116000E+01  0.203479E+01
0.116500E+01  0.209544E+01
0.117000E+01  0.215609E+01
0.117500E+01  0.221674E+01
0.118000E+01  0.227740E+01
0.118500E+01  0.233810E+01
0.119000E+01  0.239885E+01
0.119500E+01  0.245965E+01
0.120000E+01  0.252052E+01
0.120500E+01  0.258147E+01
0.121000E+01  0.264253E+01
0.121500E+01  0.270369E+01
0.122000E+01  0.276497E+01
0.122500E+01  0.282638E+01
0.123000E+01  0.288794E+01
0.123500E+01  0.294966E+01
0.124000E+01  0.301155E+01
0.124500E+01  0.307362E+01
0.125000E+01  0.313589E+01
0.125500E+01  0.319837E+01
0.126000E+01  0.326106E+01
0.126500E+01  0.332399E+01
0.127000E+01  0.338715E+01
0.127500E+01  0.345058E+01
0.128000E+01  0.351427E+01
0.128500E+01  0.357824E+01
0.129000E+01  0.364249E+01
0.129500E+01  0.370706E+01
0.130000E+01  0.377193E+01
0.130500E+01  0.383713E+01
0.131000E+01  0.390267E+01
0.131500E+01  0.396855E+01
0.132000E+01  0.403480E+01
0.132500E+01  0.410142E+01
0.133000E+01  0.416842E+01
0.133500E+01  0.423582E+01
0.134000E+01  0.430362E+01
0.134500E+01  0.437184E+01
0.135000E+01  0.444049E+01
0.135500E+01  0.450958E+01
0.136000E+01  0.457913E+01
0.136500E+01  0.464914E+01
0.137000E+01  0.471962E+01
0.137500E+01  0.479059E+01
0.138000E+01  0.486206E+01
0.138500E+01  0.493404E+01
0.139000E+01  0.500655E+01
0.139500E+01  0.507958E+01
0.140000E+01  0.515316E+01
0.140500E+01  0.522730E+01
0.141000E+01  0.530200E+01
0.141500E+01  0.537728E+01
0.142000E+01  0.545316E+01
0.142500E+01  0.552963E+01
0.143000E+01  0.560672E+01
0.143500E+01  0.568444E+01
0.144000E+01  0.576279E+01
0.144500E+01  0.584179E+01
0.145000E+01  0.592145E+01
0.145500E+01  0.600179E+01
0.146000E+01  0.608280E+01
0.146500E+01  0.616452E+01
0.147000E+01  0.624694E+01
0.147500E+01  0.633008E+01
0.148000E+01  0.641395E+01
0.148500E+01  0.649856E+01
0.149000E+01  0.658393E+01
0.149500E+01  0.667007E+01
0.150000E+01  0.675698E+01
