0.100500E+01  0.268954E-01
0.101000E+01  0.539450E-01
0.101500E+01  0.812109E-01
0.102000E+01  0.108753E+00
0.102500E+01  0.136628E+00
0.103000E+01  0.164892E+00
0.103500E+01  0.193600E+00
0.104000E+01  0.222804E+00
0.104500E+01  0.252557E+00
0.105000E+01  0.282908E+00
0.105500E+01  0.313910E+00
0.106000E+01  0.345612E+00
0.106500E+01  0.378065E+00
0.107000E+01  0.411317E+00
0.107500E+01  0.445420E+00
0.108000E+01  0.480422E+00
0.108500E+01  0.516375E+00
0.109000E+01  0.553328E+00
0.109500E+01  0.591332E+00
0.110000E+01  0.630438E+00
0.110500E+01  0.670699E+00
0.111000E+01  0.712166E+00
0.111500E+01  0.754891E+00
0.112000E+01  0.798929E+00
0.112500E+01  0.844332E+00
0.113000E+01  0.891155E+00
0.113500E+01  0.939454E+00
0.114000E+01  0.989284E+00
0.114500E+01  0.104070E+01
0.115000E+01  0.109377E+01
0.115500E+01  0.114854E+01
0.116000E+01  0.120507E+01
0.116500E+01  0.126342E+01
0.117000E+01  0.132366E+01
0.117500E+01  0.138585E+01
0.118000E+01  0.145004E+01
0.118500E+01  0.151631E+01
0.119000E+01  0.158472E+01
0.119500E+01  0.165534E+01
0.120000E+01  0.172823E+01
0.120500E+01  0.180346E+01
0.121000E+01  0.188110E+01
0.121500E+01  0.196123E+01
0.122000E+01  0.204391E+01
0.122500E+01  0.212923E+01
0.123000E+01  0.221725E+01
0.123500E+01  0.230805E+01
0.124000E+01  0.240172E+01
0.124500E+01  0.249834E+01
0.125000E+01  0.259798E+01
0.125500E+01  0.270072E+01
0.126000E+01  0.280666E+01
0.126500E+01  0.291589E+01
0.127000E+01  0.302848E+01
0.127500E+01  0.314454E+01
0.128000E+01  0.326415E+01
0.128500E+01  0.338741E+01
0.129000E+01  0.351441E+01
0.129500E+01  0.364526E+01
0.130000E+01  0.378006E+01
0.130500E+01  0.391890E+01
0.131000E+01  0.406189E+01
0.131500E+01  0.420915E+01
0.132000E+01  0.436077E+01
0.132500E+01  0.451688E+01
0.133000E+01  0.467759E+01
0.133500E+01  0.484300E+01
0.134000E+01  0.501325E+01
0.134500E+01  0.518845E+01
0.135000E+01  0.536873E+01
0.135500E+01  0.555421E+01
0.136000E+01  0.574503E+01
0.136500E+01  0.594131E+01
0.137000E+01  0.614319E+01
0.137500E+01  0.635081E+01
0.138000E+01  0.656430E+01
0.138500E+01  0.678382E+01
0.139000E+01  0.700950E+01
0.139500E+01  0.724150E+01
0.140000E+01  0.747996E+01
0.140500E+01  0.772504E+01
0.141000E+01  0.797691E+01
0.141500E+01  0.823572E+01
0.142000E+01  0.850163E+01
0.142500E+01  0.877482E+01
0.143000E+01  0.905546E+01
0.143500E+01  0.934371E+01
0.144000E+01  0.963976E+01
0.144500E+01  0.994379E+01
0.145000E+01  0.102560E+02
0.145500E+01  0.105765E+02
0.146000E+01  0.109056E+02
0.146500E+01  0.112435E+02
0.147000E+01  0.115902E+02
0.147500E+01  0.119462E+02
0.148000E+01  0.123114E+02
0.148500E+01  0.126863E+02
0.149000E+01  0.130709E+02
0.149500E+01  0.134655E+02
0.150000E+01  0.138704E+02
