0.100500E+01  0.116045E+00
0.101000E+01  0.230298E+00
0.101500E+01  0.342865E+00
0.102000E+01  0.453848E+00
0.102500E+01  0.563346E+00
0.103000E+01  0.671458E+00
0.103500E+01  0.778279E+00
0.104000E+01  0.883902E+00
0.104500E+01  0.988419E+00
0.105000E+01  0.109192E+01
0.105500E+01  0.119449E+01
0.106000E+01  0.129622E+01
0.106500E+01  0.139720E+01
0.107000E+01  0.149750E+01
0.107500E+01  0.159721E+01
0.108000E+01  0.169641E+01
0.108500E+01  0.179519E+01
0.109000E+01  0.189361E+01
0.109500E+01  0.199176E+01
0.110000E+01  0.208972E+01
0.110500E+01  0.218756E+01
0.111000E+01  0.228536E+01
0.111500E+01  0.238319E+01
0.112000E+01  0.248113E+01
0.112500E+01  0.257925E+01
0.113000E+01  0.267764E+01
0.113500E+01  0.277635E+01
0.114000E+01  0.287547E+01
0.114500E+01  0.297507E+01
0.115000E+01  0.307522E+01
0.115500E+01  0.317599E+01
0.116000E+01  0.327747E+01
0.116500E+01  0.337972E+01
0.117000E+01  0.348282E+01
0.117500E+01  0.358683E+01
0.118000E+01  0.369184E+01
0.118500E+01  0.379793E+01
0.119000E+01  0.390515E+01
0.119500E+01  0.401360E+01
0.120000E+01  0.412334E+01
0.120500E+01  0.423446E+01
0.121000E+01  0.434702E+01
0.121500E+01  0.446112E+01
0.122000E+01  0.457682E+01
0.122500E+01  0.469420E+01
0.123000E+01  0.481335E+01
0.123500E+01  0.493435E+01
0.124000E+01  0.505727E+01
0.124500E+01  0.518220E+01
0.125000E+01  0.530923E+01
0.125500E+01  0.543843E+01
0.126000E+01  0.556990E+01
0.126500E+01  0.570372E+01
0.127000E+01  0.583998E+01
0.127500E+01  0.597876E+01
0.128000E+01  0.612016E+01
0.128500E+01  0.626427E+01
0.129000E+01  0.641119E+01
0.129500E+01  0.656100E+01
0.130000E+01  0.671380E+01
0.130500E+01  0.686969E+01
0.131000E+01  0.702877E+01
0.131500E+01  0.719114E+01
0.132000E+01  0.735690E+01
0.132500E+01  0.752614E+01
0.133000E+01  0.769899E+01
0.133500E+01  0.787554E+01
0.134000E+01  0.805590E+01
0.134500E+01  0.824018E+01
0.135000E+01  0.842850E+01
0.135500E+01  0.862096E+01
0.136000E+01  0.881769E+01
0.136500E+01  0.901879E+01
0.137000E+01  0.922440E+01
0.137500E+01  0.943462E+01
0.138000E+01  0.964960E+01
0.138500E+01  0.986944E+01
0.139000E+01  0.100943E+02
0.139500E+01  0.103242E+02
0.140000E+01  0.105595E+02
0.140500E+01  0.108001E+02
0.141000E+01  0.110462E+02
0.141500E+01  0.112980E+02
0.142000E+01  0.115557E+02
0.142500E+01  0.118192E+02
0.143000E+01  0.120889E+02
0.143500E+01  0.123649E+02
0.144000E+01  0.126472E+02
0.144500E+01  0.129361E+02
0.145000E+01  0.132317E+02
0.145500E+01  0.135341E+02
0.146000E+01  0.138436E+02
0.146500E+01  0.141603E+02
0.147000E+01  0.144844E+02
0.147500E+01  0.148160E+02
0.148000E+01  0.151553E+02
0.148500E+01  0.155024E+02
0.149000E+01  0.158577E+02
0.149500E+01  0.162212E+02
0.150000E+01  0.165931E+02
