0.100500E+01  0.116303E+00
0.101000E+01  0.231824E+00
0.101500E+01  0.346688E+00
0.102000E+01  0.461019E+00
0.102500E+01  0.574940E+00
0.103000E+01  0.688570E+00
0.103500E+01  0.802028E+00
0.104000E+01  0.915433E+00
0.104500E+01  0.102890E+01
0.105000E+01  0.114254E+01
0.105500E+01  0.125648E+01
0.106000E+01  0.137082E+01
0.106500E+01  0.148568E+01
0.107000E+01  0.160117E+01
0.107500E+01  0.171739E+01
0.108000E+01  0.183448E+01
0.108500E+01  0.195252E+01
0.109000E+01  0.207165E+01
0.109500E+01  0.219196E+01
0.110000E+01  0.231357E+01
0.110500E+01  0.243659E+01
0.111000E+01  0.256113E+01
0.111500E+01  0.268732E+01
0.112000E+01  0.281526E+01
0.112500E+01  0.294506E+01
0.113000E+01  0.307685E+01
0.113500E+01  0.321074E+01
0.114000E+01  0.334685E+01
0.114500E+01  0.348530E+01
0.115000E+01  0.362620E+01
0.115500E+01  0.376969E+01
0.116000E+01  0.391588E+01
0.116500E+01  0.406490E+01
0.117000E+01  0.421689E+01
0.117500E+01  0.437195E+01
0.118000E+01  0.453024E+01
0.118500E+01  0.469187E+01
0.119000E+01  0.485699E+01
0.119500E+01  0.502573E+01
0.120000E+01  0.519823E+01
0.120500E+01  0.537463E+01
0.121000E+01  0.555507E+01
0.121500E+01  0.573971E+01
0.122000E+01  0.592868E+01
0.122500E+01  0.612214E+01
0.123000E+01  0.632025E+01
0.123500E+01  0.652316E+01
0.124000E+01  0.673103E+01
0.124500E+01  0.694402E+01
0.125000E+01  0.716229E+01
0.125500E+01  0.738603E+01
0.126000E+01  0.761538E+01
0.126500E+01  0.785054E+01
0.127000E+01  0.809168E+01
0.127500E+01  0.833897E+01
0.128000E+01  0.859262E+01
0.128500E+01  0.885279E+01
0.129000E+01  0.911969E+01
0.129500E+01  0.939350E+01
0.130000E+01  0.967444E+01
0.130500E+01  0.996270E+01
0.131000E+01  0.102585E+02
0.131500E+01  0.105620E+02
0.132000E+01  0.108735E+02
0.132500E+01  0.111932E+02
0.133000E+01  0.115212E+02
0.133500E+01  0.118579E+02
0.134000E+01  0.122035E+02
0.134500E+01  0.125581E+02
0.135000E+01  0.129221E+02
0.135500E+01  0.132957E+02
0.136000E+01  0.136791E+02
0.136500E+01  0.140726E+02
0.137000E+01  0.144765E+02
0.137500E+01  0.148909E+02
0.138000E+01  0.153163E+02
0.138500E+01  0.157529E+02
0.139000E+01  0.162009E+02
0.139500E+01  0.166607E+02
0.140000E+01  0.171324E+02
0.140500E+01  0.176166E+02
0.141000E+01  0.181134E+02
0.141500E+01  0.186231E+02
0.142000E+01  0.191461E+02
0.142500E+01  0.196827E+02
0.143000E+01  0.202333E+02
0.143500E+01  0.207981E+02
0.144000E+01  0.213775E+02
0.144500E+01  0.219719E+02
0.145000E+01  0.225816E+02
0.145500E+01  0.232069E+02
0.146000E+01  0.238484E+02
0.146500E+01  0.245062E+02
0.147000E+01  0.251809E+02
0.147500E+01  0.258728E+02
0.148000E+01  0.265822E+02
0.148500E+01  0.273097E+02
0.149000E+01  0.280557E+02
0.149500E+01  0.288205E+02
0.150000E+01  0.296045E+02
