0.100500E+01  0.568513E-01
0.101000E+01  0.113721E+00
0.101500E+01  0.170640E+00
0.102000E+01  0.227639E+00
0.102500E+01  0.284747E+00
0.103000E+01  0.341994E+00
0.103500E+01  0.399408E+00
0.104000E+01  0.457018E+00
0.104500E+01  0.514851E+00
0.105000E+01  0.572935E+00
0.105500E+01  0.631296E+00
0.106000E+01  0.689961E+00
0.106500E+01  0.748956E+00
0.107000E+01  0.808308E+00
0.107500E+01  0.868041E+00
0.108000E+01  0.928182E+00
0.108500E+01  0.988757E+00
0.109000E+01  0.104979E+01
0.109500E+01  0.111130E+01
0.110000E+01  0.117333E+01
0.110500E+01  0.123588E+01
0.111000E+01  0.129899E+01
0.111500E+01  0.136269E+01
0.112000E+01  0.142699E+01
0.112500E+01  0.149192E+01
0.113000E+01  0.155751E+01
0.113500E+01  0.162377E+01
0.114000E+01  0.169074E+01
0.114500E+01  0.175844E+01
0.115000E+01  0.182689E+01
0.115500E+01  0.189612E+01
0.116000E+01  0.196615E+01
0.116500E+01  0.203700E+01
0.117000E+01  0.210870E+01
0.117500E+01  0.218128E+01
0.118000E+01  0.225476E+01
0.118500E+01  0.232916E+01
0.119000E+01  0.240451E+01
0.119500E+01  0.248083E+01
0.120000E+01  0.255815E+01
0.120500E+01  0.263649E+01
0.121000E+01  0.271588E+01
0.121500E+01  0.279635E+01
0.122000E+01  0.287790E+01
0.122500E+01  0.296059E+01
0.123000E+01  0.304442E+01
0.123500E+01  0.312942E+01
0.124000E+01  0.321562E+01
0.124500E+01  0.330305E+01
0.125000E+01  0.339173E+01
0.125500E+01  0.348168E+01
0.126000E+01  0.357294E+01
0.126500E+01  0.366552E+01
0.127000E+01  0.375946E+01
0.127500E+01  0.385478E+01
0.128000E+01  0.395151E+01
0.128500E+01  0.404968E+01
0.129000E+01  0.414930E+01
0.129500E+01  0.425042E+01
0.130000E+01  0.435305E+01
0.130500E+01  0.445723E+01
0.131000E+01  0.456298E+01
0.131500E+01  0.467033E+01
0.132000E+01  0.477931E+01
0.132500E+01  0.488994E+01
0.133000E+01  0.500226E+01
0.133500E+01  0.511630E+01
0.134000E+01  0.523207E+01
0.134500E+01  0.534963E+01
0.135000E+01  0.546898E+01
0.135500E+01  0.559016E+01
0.136000E+01  0.571321E+01
0.136500E+01  0.583815E+01
0.137000E+01  0.596501E+01
0.137500E+01  0.609382E+01
0.138000E+01  0.622462E+01
0.138500E+01  0.635743E+01
0.139000E+01  0.649229E+01
0.139500E+01  0.662923E+01
0.140000E+01  0.676828E+01
0.140500E+01  0.690947E+01
0.141000E+01  0.705284E+01
0.141500E+01  0.719841E+01
0.142000E+01  0.734623E+01
0.142500E+01  0.749631E+01
0.143000E+01  0.764871E+01
0.143500E+01  0.780345E+01
0.144000E+01  0.796056E+01
0.144500E+01  0.812008E+01
0.145000E+01  0.828205E+01
0.145500E+01  0.844649E+01
0.146000E+01  0.861345E+01
0.146500E+01  0.878296E+01
0.147000E+01  0.895506E+01
0.147500E+01  0.912978E+01
0.148000E+01  0.930715E+01
0.148500E+01  0.948722E+01
0.149000E+01  0.967002E+01
0.149500E+01  0.985559E+01
0.150000E+01  0.100440E+02
