0.100500E+01  0.164863E+00
0.101000E+01  0.328314E+00
0.101500E+01  0.490555E+00
0.102000E+01  0.651779E+00
0.102500E+01  0.812181E+00
0.103000E+01  0.971949E+00
0.103500E+01  0.113127E+01
0.104000E+01  0.129032E+01
0.104500E+01  0.144929E+01
0.105000E+01  0.160836E+01
0.105500E+01  0.176770E+01
0.106000E+01  0.192748E+01
0.106500E+01  0.208789E+01
0.107000E+01  0.224908E+01
0.107500E+01  0.241124E+01
0.108000E+01  0.257454E+01
0.108500E+01  0.273914E+01
0.109000E+01  0.290521E+01
0.109500E+01  0.307292E+01
0.110000E+01  0.324245E+01
0.110500E+01  0.341397E+01
0.111000E+01  0.358763E+01
0.111500E+01  0.376363E+01
0.112000E+01  0.394211E+01
0.112500E+01  0.412327E+01
0.113000E+01  0.430728E+01
0.113500E+01  0.449430E+01
0.114000E+01  0.468453E+01
0.114500E+01  0.487813E+01
0.115000E+01  0.507528E+01
0.115500E+01  0.527618E+01
0.116000E+01  0.548100E+01
0.116500E+01  0.568994E+01
0.117000E+01  0.590318E+01
0.117500E+01  0.612091E+01
0.118000E+01  0.634334E+01
0.118500E+01  0.657065E+01
0.119000E+01  0.680304E+01
0.119500E+01  0.704074E+01
0.120000E+01  0.728393E+01
0.120500E+01  0.753282E+01
0.121000E+01  0.778765E+01
0.121500E+01  0.804861E+01
0.122000E+01  0.831594E+01
0.122500E+01  0.858985E+01
0.123000E+01  0.887058E+01
0.123500E+01  0.915836E+01
0.124000E+01  0.945343E+01
0.124500E+01  0.975602E+01
0.125000E+01  0.100664E+02
0.125500E+01  0.103848E+02
0.126000E+01  0.107115E+02
0.126500E+01  0.110467E+02
0.127000E+01  0.113907E+02
0.127500E+01  0.117438E+02
0.128000E+01  0.121063E+02
0.128500E+01  0.124784E+02
0.129000E+01  0.128604E+02
0.129500E+01  0.132526E+02
0.130000E+01  0.136554E+02
0.130500E+01  0.140689E+02
0.131000E+01  0.144936E+02
0.131500E+01  0.149297E+02
0.132000E+01  0.153776E+02
0.132500E+01  0.158376E+02
0.133000E+01  0.163100E+02
0.133500E+01  0.167952E+02
0.134000E+01  0.172935E+02
0.134500E+01  0.178052E+02
0.135000E+01  0.183309E+02
0.135500E+01  0.188707E+02
0.136000E+01  0.194251E+02
0.136500E+01  0.199945E+02
0.137000E+01  0.205793E+02
0.137500E+01  0.211798E+02
0.138000E+01  0.217965E+02
0.138500E+01  0.224298E+02
0.139000E+01  0.230801E+02
0.139500E+01  0.237479E+02
0.140000E+01  0.244336E+02
0.140500E+01  0.251376E+02
0.141000E+01  0.258605E+02
0.141500E+01  0.266026E+02
0.142000E+01  0.273645E+02
0.142500E+01  0.281467E+02
0.143000E+01  0.289496E+02
0.143500E+01  0.297738E+02
0.144000E+01  0.306197E+02
0.144500E+01  0.314880E+02
0.145000E+01  0.323791E+02
0.145500E+01  0.332936E+02
0.146000E+01  0.342321E+02
0.146500E+01  0.351951E+02
0.147000E+01  0.361833E+02
0.147500E+01  0.371971E+02
0.148000E+01  0.382373E+02
0.148500E+01  0.393044E+02
0.149000E+01  0.403991E+02
0.149500E+01  0.415220E+02
0.150000E+01  0.426738E+02
