0.100500E+01  0.169371E+00
0.101000E+01  0.335786E+00
0.101500E+01  0.499401E+00
0.102000E+01  0.660363E+00
0.102500E+01  0.818812E+00
0.103000E+01  0.974881E+00
0.103500E+01  0.112869E+01
0.104000E+01  0.128037E+01
0.104500E+01  0.143002E+01
0.105000E+01  0.157775E+01
0.105500E+01  0.172366E+01
0.106000E+01  0.186785E+01
0.106500E+01  0.201041E+01
0.107000E+01  0.215141E+01
0.107500E+01  0.229095E+01
0.108000E+01  0.242910E+01
0.108500E+01  0.256593E+01
0.109000E+01  0.270152E+01
0.109500E+01  0.283593E+01
0.110000E+01  0.296921E+01
0.110500E+01  0.310145E+01
0.111000E+01  0.323268E+01
0.111500E+01  0.336296E+01
0.112000E+01  0.349235E+01
0.112500E+01  0.362090E+01
0.113000E+01  0.374865E+01
0.113500E+01  0.387565E+01
0.114000E+01  0.400194E+01
0.114500E+01  0.412756E+01
0.115000E+01  0.425255E+01
0.115500E+01  0.437696E+01
0.116000E+01  0.450080E+01
0.116500E+01  0.462413E+01
0.117000E+01  0.474697E+01
0.117500E+01  0.486935E+01
0.118000E+01  0.499130E+01
0.118500E+01  0.511286E+01
0.119000E+01  0.523405E+01
0.119500E+01  0.535490E+01
0.120000E+01  0.547543E+01
0.120500E+01  0.559566E+01
0.121000E+01  0.571563E+01
0.121500E+01  0.583535E+01
0.122000E+01  0.595485E+01
0.122500E+01  0.607414E+01
0.123000E+01  0.619325E+01
0.123500E+01  0.631220E+01
0.124000E+01  0.643100E+01
0.124500E+01  0.654967E+01
0.125000E+01  0.666823E+01
0.125500E+01  0.678670E+01
0.126000E+01  0.690509E+01
0.126500E+01  0.702342E+01
0.127000E+01  0.714170E+01
0.127500E+01  0.725995E+01
0.128000E+01  0.737819E+01
0.128500E+01  0.749641E+01
0.129000E+01  0.761465E+01
0.129500E+01  0.773291E+01
0.130000E+01  0.785120E+01
0.130500E+01  0.796953E+01
0.131000E+01  0.808792E+01
0.131500E+01  0.820638E+01
0.132000E+01  0.832492E+01
0.132500E+01  0.844354E+01
0.133000E+01  0.856227E+01
0.133500E+01  0.868110E+01
0.134000E+01  0.880005E+01
0.134500E+01  0.891913E+01
0.135000E+01  0.903834E+01
0.135500E+01  0.915770E+01
0.136000E+01  0.927722E+01
0.136500E+01  0.939689E+01
0.137000E+01  0.951673E+01
0.137500E+01  0.963675E+01
0.138000E+01  0.975696E+01
0.138500E+01  0.987736E+01
0.139000E+01  0.999795E+01
0.139500E+01  0.101188E+02
0.140000E+01  0.102398E+02
0.140500E+01  0.103610E+02
0.141000E+01  0.104825E+02
0.141500E+01  0.106042E+02
0.142000E+01  0.107261E+02
0.142500E+01  0.108483E+02
0.143000E+01  0.109707E+02
0.143500E+01  0.110934E+02
0.144000E+01  0.112163E+02
0.144500E+01  0.113395E+02
0.145000E+01  0.114630E+02
0.145500E+01  0.115868E+02
0.146000E+01  0.117108E+02
0.146500E+01  0.118351E+02
0.147000E+01  0.119598E+02
0.147500E+01  0.120847E+02
0.148000E+01  0.122099E+02
0.148500E+01  0.123354E+02
0.149000E+01  0.124613E+02
0.149500E+01  0.125874E+02
0.150000E+01  0.127139E+02
