0.100500E+01  0.191534E-01
0.101000E+01  0.377103E-01
0.101500E+01  0.557100E-01
0.102000E+01  0.731898E-01
0.102500E+01  0.901849E-01
0.103000E+01  0.106728E+00
0.103500E+01  0.122851E+00
0.104000E+01  0.138583E+00
0.104500E+01  0.153953E+00
0.105000E+01  0.168985E+00
0.105500E+01  0.183706E+00
0.106000E+01  0.198137E+00
0.106500E+01  0.212303E+00
0.107000E+01  0.226222E+00
0.107500E+01  0.239915E+00
0.108000E+01  0.253400E+00
0.108500E+01  0.266694E+00
0.109000E+01  0.279814E+00
0.109500E+01  0.292775E+00
0.110000E+01  0.305592E+00
0.110500E+01  0.318278E+00
0.111000E+01  0.330846E+00
0.111500E+01  0.343309E+00
0.112000E+01  0.355678E+00
0.112500E+01  0.367963E+00
0.113000E+01  0.380175E+00
0.113500E+01  0.392322E+00
0.114000E+01  0.404416E+00
0.114500E+01  0.416462E+00
0.115000E+01  0.428471E+00
0.115500E+01  0.440449E+00
0.116000E+01  0.452403E+00
0.116500E+01  0.464339E+00
0.117000E+01  0.476266E+00
0.117500E+01  0.488187E+00
0.118000E+01  0.500108E+00
0.118500E+01  0.512036E+00
0.119000E+01  0.523975E+00
0.119500E+01  0.535928E+00
0.120000E+01  0.547902E+00
0.120500E+01  0.559900E+00
0.121000E+01  0.571925E+00
0.121500E+01  0.583982E+00
0.122000E+01  0.596074E+00
0.122500E+01  0.608204E+00
0.123000E+01  0.620376E+00
0.123500E+01  0.632591E+00
0.124000E+01  0.644853E+00
0.124500E+01  0.657164E+00
0.125000E+01  0.669526E+00
0.125500E+01  0.681943E+00
0.126000E+01  0.694416E+00
0.126500E+01  0.706946E+00
0.127000E+01  0.719537E+00
0.127500E+01  0.732189E+00
0.128000E+01  0.744904E+00
0.128500E+01  0.757684E+00
0.129000E+01  0.770530E+00
0.129500E+01  0.783443E+00
0.130000E+01  0.796426E+00
0.130500E+01  0.809478E+00
0.131000E+01  0.822602E+00
0.131500E+01  0.835798E+00
0.132000E+01  0.849067E+00
0.132500E+01  0.862410E+00
0.133000E+01  0.875828E+00
0.133500E+01  0.889322E+00
0.134000E+01  0.902893E+00
0.134500E+01  0.916541E+00
0.135000E+01  0.930267E+00
0.135500E+01  0.944071E+00
0.136000E+01  0.957955E+00
0.136500E+01  0.971918E+00
0.137000E+01  0.985962E+00
0.137500E+01  0.100009E+01
0.138000E+01  0.101429E+01
0.138500E+01  0.102858E+01
0.139000E+01  0.104295E+01
0.139500E+01  0.105740E+01
0.140000E+01  0.107193E+01
0.140500E+01  0.108655E+01
0.141000E+01  0.110125E+01
0.141500E+01  0.111603E+01
0.142000E+01  0.113090E+01
0.142500E+01  0.114585E+01
0.143000E+01  0.116089E+01
0.143500E+01  0.117600E+01
0.144000E+01  0.119121E+01
0.144500E+01  0.120650E+01
0.145000E+01  0.122187E+01
0.145500E+01  0.123733E+01
0.146000E+01  0.125287E+01
0.146500E+01  0.126850E+01
0.147000E+01  0.128422E+01
0.147500E+01  0.130002E+01
0.148000E+01  0.131590E+01
0.148500E+01  0.133187E+01
0.149000E+01  0.134793E+01
0.149500E+01  0.136407E+01
0.150000E+01  0.138030E+01
