0.100500E+01  0.842040E-01
0.101000E+01  0.168272E+00
0.101500E+01  0.252281E+00
0.102000E+01  0.336306E+00
0.102500E+01  0.420422E+00
0.103000E+01  0.504705E+00
0.103500E+01  0.589226E+00
0.104000E+01  0.674060E+00
0.104500E+01  0.759280E+00
0.105000E+01  0.844956E+00
0.105500E+01  0.931162E+00
0.106000E+01  0.101797E+01
0.106500E+01  0.110545E+01
0.107000E+01  0.119367E+01
0.107500E+01  0.128271E+01
0.108000E+01  0.137264E+01
0.108500E+01  0.146352E+01
0.109000E+01  0.155544E+01
0.109500E+01  0.164846E+01
0.110000E+01  0.174266E+01
0.110500E+01  0.183811E+01
0.111000E+01  0.193489E+01
0.111500E+01  0.203306E+01
0.112000E+01  0.213270E+01
0.112500E+01  0.223389E+01
0.113000E+01  0.233671E+01
0.113500E+01  0.244123E+01
0.114000E+01  0.254753E+01
0.114500E+01  0.265569E+01
0.115000E+01  0.276578E+01
0.115500E+01  0.287790E+01
0.116000E+01  0.299211E+01
0.116500E+01  0.310851E+01
0.117000E+01  0.322717E+01
0.117500E+01  0.334819E+01
0.118000E+01  0.347164E+01
0.118500E+01  0.359761E+01
0.119000E+01  0.372620E+01
0.119500E+01  0.385748E+01
0.120000E+01  0.399156E+01
0.120500E+01  0.412852E+01
0.121000E+01  0.426846E+01
0.121500E+01  0.441147E+01
0.122000E+01  0.455765E+01
0.122500E+01  0.470710E+01
0.123000E+01  0.485991E+01
0.123500E+01  0.501619E+01
0.124000E+01  0.517603E+01
0.124500E+01  0.533955E+01
0.125000E+01  0.550685E+01
0.125500E+01  0.567803E+01
0.126000E+01  0.585320E+01
0.126500E+01  0.603249E+01
0.127000E+01  0.621599E+01
0.127500E+01  0.640382E+01
0.128000E+01  0.659610E+01
0.128500E+01  0.679295E+01
0.129000E+01  0.699450E+01
0.129500E+01  0.720085E+01
0.130000E+01  0.741214E+01
0.130500E+01  0.762849E+01
0.131000E+01  0.785003E+01
0.131500E+01  0.807690E+01
0.132000E+01  0.830922E+01
0.132500E+01  0.854714E+01
0.133000E+01  0.879079E+01
0.133500E+01  0.904031E+01
0.134000E+01  0.929584E+01
0.134500E+01  0.955753E+01
0.135000E+01  0.982553E+01
0.135500E+01  0.101000E+02
0.136000E+01  0.103811E+02
0.136500E+01  0.106689E+02
0.137000E+01  0.109637E+02
0.137500E+01  0.112655E+02
0.138000E+01  0.115746E+02
0.138500E+01  0.118911E+02
0.139000E+01  0.122152E+02
0.139500E+01  0.125471E+02
0.140000E+01  0.128869E+02
0.140500E+01  0.132349E+02
0.141000E+01  0.135911E+02
0.141500E+01  0.139558E+02
0.142000E+01  0.143292E+02
0.142500E+01  0.147114E+02
0.143000E+01  0.151027E+02
0.143500E+01  0.155033E+02
0.144000E+01  0.159133E+02
0.144500E+01  0.163330E+02
0.145000E+01  0.167625E+02
0.145500E+01  0.172022E+02
0.146000E+01  0.176521E+02
0.146500E+01  0.181126E+02
0.147000E+01  0.185838E+02
0.147500E+01  0.190660E+02
0.148000E+01  0.195594E+02
0.148500E+01  0.200643E+02
0.149000E+01  0.205808E+02
0.149500E+01  0.211092E+02
0.150000E+01  0.216498E+02
