0.100500E+01  0.251719E-01
0.101000E+01  0.500895E-01
0.101500E+01  0.747740E-01
0.102000E+01  0.992458E-01
0.102500E+01  0.123524E+00
0.103000E+01  0.147629E+00
0.103500E+01  0.171577E+00
0.104000E+01  0.195387E+00
0.104500E+01  0.219076E+00
0.105000E+01  0.242659E+00
0.105500E+01  0.266153E+00
0.106000E+01  0.289573E+00
0.106500E+01  0.312934E+00
0.107000E+01  0.336250E+00
0.107500E+01  0.359536E+00
0.108000E+01  0.382804E+00
0.108500E+01  0.406068E+00
0.109000E+01  0.429341E+00
0.109500E+01  0.452636E+00
0.110000E+01  0.475964E+00
0.110500E+01  0.499338E+00
0.111000E+01  0.522769E+00
0.111500E+01  0.546269E+00
0.112000E+01  0.569849E+00
0.112500E+01  0.593519E+00
0.113000E+01  0.617291E+00
0.113500E+01  0.641175E+00
0.114000E+01  0.665182E+00
0.114500E+01  0.689321E+00
0.115000E+01  0.713603E+00
0.115500E+01  0.738038E+00
0.116000E+01  0.762635E+00
0.116500E+01  0.787404E+00
0.117000E+01  0.812354E+00
0.117500E+01  0.837495E+00
0.118000E+01  0.862837E+00
0.118500E+01  0.888387E+00
0.119000E+01  0.914156E+00
0.119500E+01  0.940153E+00
0.120000E+01  0.966386E+00
0.120500E+01  0.992864E+00
0.121000E+01  0.101960E+01
0.121500E+01  0.104659E+01
0.122000E+01  0.107386E+01
0.122500E+01  0.110141E+01
0.123000E+01  0.112924E+01
0.123500E+01  0.115738E+01
0.124000E+01  0.118582E+01
0.124500E+01  0.121457E+01
0.125000E+01  0.124365E+01
0.125500E+01  0.127306E+01
0.126000E+01  0.130281E+01
0.126500E+01  0.133291E+01
0.127000E+01  0.136336E+01
0.127500E+01  0.139418E+01
0.128000E+01  0.142538E+01
0.128500E+01  0.145695E+01
0.129000E+01  0.148892E+01
0.129500E+01  0.152129E+01
0.130000E+01  0.155407E+01
0.130500E+01  0.158726E+01
0.131000E+01  0.162088E+01
0.131500E+01  0.165493E+01
0.132000E+01  0.168942E+01
0.132500E+01  0.172436E+01
0.133000E+01  0.175977E+01
0.133500E+01  0.179564E+01
0.134000E+01  0.183199E+01
0.134500E+01  0.186882E+01
0.135000E+01  0.190615E+01
0.135500E+01  0.194398E+01
0.136000E+01  0.198232E+01
0.136500E+01  0.202119E+01
0.137000E+01  0.206058E+01
0.137500E+01  0.210051E+01
0.138000E+01  0.214099E+01
0.138500E+01  0.218203E+01
0.139000E+01  0.222363E+01
0.139500E+01  0.226581E+01
0.140000E+01  0.230857E+01
0.140500E+01  0.235192E+01
0.141000E+01  0.239588E+01
0.141500E+01  0.244045E+01
0.142000E+01  0.248565E+01
0.142500E+01  0.253147E+01
0.143000E+01  0.257794E+01
0.143500E+01  0.262505E+01
0.144000E+01  0.267283E+01
0.144500E+01  0.272128E+01
0.145000E+01  0.277041E+01
0.145500E+01  0.282022E+01
0.146000E+01  0.287074E+01
0.146500E+01  0.292197E+01
0.147000E+01  0.297392E+01
0.147500E+01  0.302659E+01
0.148000E+01  0.308001E+01
0.148500E+01  0.313419E+01
0.149000E+01  0.318912E+01
0.149500E+01  0.324482E+01
0.150000E+01  0.330131E+01
