0.100500E+01  0.695506E-01
0.101000E+01  0.138030E+00
0.101500E+01  0.205473E+00
0.102000E+01  0.271911E+00
0.102500E+01  0.337377E+00
0.103000E+01  0.401902E+00
0.103500E+01  0.465516E+00
0.104000E+01  0.528250E+00
0.104500E+01  0.590131E+00
0.105000E+01  0.651188E+00
0.105500E+01  0.711448E+00
0.106000E+01  0.770938E+00
0.106500E+01  0.829684E+00
0.107000E+01  0.887711E+00
0.107500E+01  0.945045E+00
0.108000E+01  0.100171E+01
0.108500E+01  0.105773E+01
0.109000E+01  0.111312E+01
0.109500E+01  0.116791E+01
0.110000E+01  0.122213E+01
0.110500E+01  0.127579E+01
0.111000E+01  0.132891E+01
0.111500E+01  0.138151E+01
0.112000E+01  0.143362E+01
0.112500E+01  0.148525E+01
0.113000E+01  0.153643E+01
0.113500E+01  0.158716E+01
0.114000E+01  0.163748E+01
0.114500E+01  0.168739E+01
0.115000E+01  0.173692E+01
0.115500E+01  0.178608E+01
0.116000E+01  0.183490E+01
0.116500E+01  0.188337E+01
0.117000E+01  0.193153E+01
0.117500E+01  0.197938E+01
0.118000E+01  0.202695E+01
0.118500E+01  0.207425E+01
0.119000E+01  0.212129E+01
0.119500E+01  0.216809E+01
0.120000E+01  0.221466E+01
0.120500E+01  0.226102E+01
0.121000E+01  0.230717E+01
0.121500E+01  0.235314E+01
0.122000E+01  0.239894E+01
0.122500E+01  0.244458E+01
0.123000E+01  0.249007E+01
0.123500E+01  0.253543E+01
0.124000E+01  0.258067E+01
0.124500E+01  0.262580E+01
0.125000E+01  0.267083E+01
0.125500E+01  0.271577E+01
0.126000E+01  0.276065E+01
0.126500E+01  0.280546E+01
0.127000E+01  0.285022E+01
0.127500E+01  0.289494E+01
0.128000E+01  0.293963E+01
0.128500E+01  0.298430E+01
0.129000E+01  0.302897E+01
0.129500E+01  0.307365E+01
0.130000E+01  0.311833E+01
0.130500E+01  0.316305E+01
0.131000E+01  0.320779E+01
0.131500E+01  0.325259E+01
0.132000E+01  0.329743E+01
0.132500E+01  0.334235E+01
0.133000E+01  0.338733E+01
0.133500E+01  0.343241E+01
0.134000E+01  0.347757E+01
0.134500E+01  0.352284E+01
0.135000E+01  0.356822E+01
0.135500E+01  0.361372E+01
0.136000E+01  0.365935E+01
0.136500E+01  0.370513E+01
0.137000E+01  0.375105E+01
0.137500E+01  0.379713E+01
0.138000E+01  0.384337E+01
0.138500E+01  0.388979E+01
0.139000E+01  0.393639E+01
0.139500E+01  0.398319E+01
0.140000E+01  0.403018E+01
0.140500E+01  0.407738E+01
0.141000E+01  0.412481E+01
0.141500E+01  0.417245E+01
0.142000E+01  0.422033E+01
0.142500E+01  0.426845E+01
0.143000E+01  0.431682E+01
0.143500E+01  0.436545E+01
0.144000E+01  0.441434E+01
0.144500E+01  0.446351E+01
0.145000E+01  0.451296E+01
0.145500E+01  0.456270E+01
0.146000E+01  0.461274E+01
0.146500E+01  0.466308E+01
0.147000E+01  0.471373E+01
0.147500E+01  0.476471E+01
0.148000E+01  0.481601E+01
0.148500E+01  0.486765E+01
0.149000E+01  0.491963E+01
0.149500E+01  0.497196E+01
0.150000E+01  0.502465E+01
