0.100500E+01  0.167250E-01
0.101000E+01  0.334972E-01
0.101500E+01  0.503355E-01
0.102000E+01  0.672587E-01
0.102500E+01  0.842851E-01
0.103000E+01  0.101433E+00
0.103500E+01  0.118719E+00
0.104000E+01  0.136161E+00
0.104500E+01  0.153777E+00
0.105000E+01  0.171582E+00
0.105500E+01  0.189594E+00
0.106000E+01  0.207829E+00
0.106500E+01  0.226303E+00
0.107000E+01  0.245032E+00
0.107500E+01  0.264032E+00
0.108000E+01  0.283319E+00
0.108500E+01  0.302909E+00
0.109000E+01  0.322817E+00
0.109500E+01  0.343059E+00
0.110000E+01  0.363651E+00
0.110500E+01  0.384608E+00
0.111000E+01  0.405946E+00
0.111500E+01  0.427680E+00
0.112000E+01  0.449825E+00
0.112500E+01  0.472397E+00
0.113000E+01  0.495411E+00
0.113500E+01  0.518883E+00
0.114000E+01  0.542828E+00
0.114500E+01  0.567261E+00
0.115000E+01  0.592199E+00
0.115500E+01  0.617655E+00
0.116000E+01  0.643647E+00
0.116500E+01  0.670188E+00
0.117000E+01  0.697296E+00
0.117500E+01  0.724985E+00
0.118000E+01  0.753270E+00
0.118500E+01  0.782168E+00
0.119000E+01  0.811694E+00
0.119500E+01  0.841864E+00
0.120000E+01  0.872694E+00
0.120500E+01  0.904199E+00
0.121000E+01  0.936396E+00
0.121500E+01  0.969300E+00
0.122000E+01  0.100293E+01
0.122500E+01  0.103729E+01
0.123000E+01  0.107242E+01
0.123500E+01  0.110831E+01
0.124000E+01  0.114499E+01
0.124500E+01  0.118248E+01
0.125000E+01  0.122078E+01
0.125500E+01  0.125993E+01
0.126000E+01  0.129993E+01
0.126500E+01  0.134080E+01
0.127000E+01  0.138256E+01
0.127500E+01  0.142522E+01
0.128000E+01  0.146880E+01
0.128500E+01  0.151333E+01
0.129000E+01  0.155881E+01
0.129500E+01  0.160526E+01
0.130000E+01  0.165270E+01
0.130500E+01  0.170116E+01
0.131000E+01  0.175064E+01
0.131500E+01  0.180116E+01
0.132000E+01  0.185275E+01
0.132500E+01  0.190542E+01
0.133000E+01  0.195918E+01
0.133500E+01  0.201407E+01
0.134000E+01  0.207009E+01
0.134500E+01  0.212726E+01
0.135000E+01  0.218561E+01
0.135500E+01  0.224515E+01
0.136000E+01  0.230591E+01
0.136500E+01  0.236789E+01
0.137000E+01  0.243112E+01
0.137500E+01  0.249563E+01
0.138000E+01  0.256142E+01
0.138500E+01  0.262852E+01
0.139000E+01  0.269695E+01
0.139500E+01  0.276674E+01
0.140000E+01  0.283789E+01
0.140500E+01  0.291043E+01
0.141000E+01  0.298439E+01
0.141500E+01  0.305977E+01
0.142000E+01  0.313661E+01
0.142500E+01  0.321493E+01
0.143000E+01  0.329474E+01
0.143500E+01  0.337607E+01
0.144000E+01  0.345894E+01
0.144500E+01  0.354337E+01
0.145000E+01  0.362938E+01
0.145500E+01  0.371700E+01
0.146000E+01  0.380625E+01
0.146500E+01  0.389716E+01
0.147000E+01  0.398973E+01
0.147500E+01  0.408401E+01
0.148000E+01  0.418000E+01
0.148500E+01  0.427774E+01
0.149000E+01  0.437725E+01
0.149500E+01  0.447855E+01
0.150000E+01  0.458167E+01
