0.100500E+01  0.145434E+00
0.101000E+01  0.290020E+00
0.101500E+01  0.433883E+00
0.102000E+01  0.577145E+00
0.102500E+01  0.719928E+00
0.103000E+01  0.862351E+00
0.103500E+01  0.100453E+01
0.104000E+01  0.114659E+01
0.104500E+01  0.128863E+01
0.105000E+01  0.143078E+01
0.105500E+01  0.157314E+01
0.106000E+01  0.171583E+01
0.106500E+01  0.185896E+01
0.107000E+01  0.200264E+01
0.107500E+01  0.214698E+01
0.108000E+01  0.229209E+01
0.108500E+01  0.243807E+01
0.109000E+01  0.258504E+01
0.109500E+01  0.273311E+01
0.110000E+01  0.288238E+01
0.110500E+01  0.303296E+01
0.111000E+01  0.318497E+01
0.111500E+01  0.333850E+01
0.112000E+01  0.349367E+01
0.112500E+01  0.365059E+01
0.113000E+01  0.380937E+01
0.113500E+01  0.397012E+01
0.114000E+01  0.413294E+01
0.114500E+01  0.429796E+01
0.115000E+01  0.446528E+01
0.115500E+01  0.463502E+01
0.116000E+01  0.480730E+01
0.116500E+01  0.498221E+01
0.117000E+01  0.515990E+01
0.117500E+01  0.534046E+01
0.118000E+01  0.552402E+01
0.118500E+01  0.571070E+01
0.119000E+01  0.590062E+01
0.119500E+01  0.609390E+01
0.120000E+01  0.629067E+01
0.120500E+01  0.649104E+01
0.121000E+01  0.669516E+01
0.121500E+01  0.690313E+01
0.122000E+01  0.711510E+01
0.122500E+01  0.733120E+01
0.123000E+01  0.755156E+01
0.123500E+01  0.777631E+01
0.124000E+01  0.800558E+01
0.124500E+01  0.823953E+01
0.125000E+01  0.847828E+01
0.125500E+01  0.872199E+01
0.126000E+01  0.897078E+01
0.126500E+01  0.922482E+01
0.127000E+01  0.948425E+01
0.127500E+01  0.974921E+01
0.128000E+01  0.100199E+02
0.128500E+01  0.102964E+02
0.129000E+01  0.105789E+02
0.129500E+01  0.108675E+02
0.130000E+01  0.111625E+02
0.130500E+01  0.114640E+02
0.131000E+01  0.117722E+02
0.131500E+01  0.120871E+02
0.132000E+01  0.124091E+02
0.132500E+01  0.127382E+02
0.133000E+01  0.130747E+02
0.133500E+01  0.134187E+02
0.134000E+01  0.137704E+02
0.134500E+01  0.141301E+02
0.135000E+01  0.144978E+02
0.135500E+01  0.148738E+02
0.136000E+01  0.152582E+02
0.136500E+01  0.156513E+02
0.137000E+01  0.160533E+02
0.137500E+01  0.164644E+02
0.138000E+01  0.168848E+02
0.138500E+01  0.173146E+02
0.139000E+01  0.177542E+02
0.139500E+01  0.182037E+02
0.140000E+01  0.186633E+02
0.140500E+01  0.191333E+02
0.141000E+01  0.196139E+02
0.141500E+01  0.201053E+02
0.142000E+01  0.206077E+02
0.142500E+01  0.211215E+02
0.143000E+01  0.216469E+02
0.143500E+01  0.221840E+02
0.144000E+01  0.227331E+02
0.144500E+01  0.232946E+02
0.145000E+01  0.238686E+02
0.145500E+01  0.244554E+02
0.146000E+01  0.250553E+02
0.146500E+01  0.256686E+02
0.147000E+01  0.262955E+02
0.147500E+01  0.269362E+02
0.148000E+01  0.275912E+02
0.148500E+01  0.282607E+02
0.149000E+01  0.289449E+02
0.149500E+01  0.296443E+02
0.150000E+01  0.303590E+02
