0.100500E+01  0.694456E-01
0.101000E+01  0.138141E+00
0.101500E+01  0.206146E+00
0.102000E+01  0.273520E+00
0.102500E+01  0.340317E+00
0.103000E+01  0.406590E+00
0.103500E+01  0.472389E+00
0.104000E+01  0.537762E+00
0.104500E+01  0.602753E+00
0.105000E+01  0.667407E+00
0.105500E+01  0.731764E+00
0.106000E+01  0.795864E+00
0.106500E+01  0.859745E+00
0.107000E+01  0.923442E+00
0.107500E+01  0.986991E+00
0.108000E+01  0.105042E+01
0.108500E+01  0.111377E+01
0.109000E+01  0.117707E+01
0.109500E+01  0.124034E+01
0.110000E+01  0.130362E+01
0.110500E+01  0.136693E+01
0.111000E+01  0.143030E+01
0.111500E+01  0.149375E+01
0.112000E+01  0.155730E+01
0.112500E+01  0.162099E+01
0.113000E+01  0.168483E+01
0.113500E+01  0.174885E+01
0.114000E+01  0.181306E+01
0.114500E+01  0.187748E+01
0.115000E+01  0.194215E+01
0.115500E+01  0.200707E+01
0.116000E+01  0.207226E+01
0.116500E+01  0.213774E+01
0.117000E+01  0.220354E+01
0.117500E+01  0.226966E+01
0.118000E+01  0.233612E+01
0.118500E+01  0.240294E+01
0.119000E+01  0.247014E+01
0.119500E+01  0.253772E+01
0.120000E+01  0.260571E+01
0.120500E+01  0.267412E+01
0.121000E+01  0.274296E+01
0.121500E+01  0.281225E+01
0.122000E+01  0.288200E+01
0.122500E+01  0.295222E+01
0.123000E+01  0.302293E+01
0.123500E+01  0.309413E+01
0.124000E+01  0.316584E+01
0.124500E+01  0.323808E+01
0.125000E+01  0.331085E+01
0.125500E+01  0.338417E+01
0.126000E+01  0.345804E+01
0.126500E+01  0.353248E+01
0.127000E+01  0.360750E+01
0.127500E+01  0.368310E+01
0.128000E+01  0.375931E+01
0.128500E+01  0.383612E+01
0.129000E+01  0.391356E+01
0.129500E+01  0.399162E+01
0.130000E+01  0.407032E+01
0.130500E+01  0.414968E+01
0.131000E+01  0.422968E+01
0.131500E+01  0.431036E+01
0.132000E+01  0.439171E+01
0.132500E+01  0.447375E+01
0.133000E+01  0.455649E+01
0.133500E+01  0.463992E+01
0.134000E+01  0.472407E+01
0.134500E+01  0.480894E+01
0.135000E+01  0.489454E+01
0.135500E+01  0.498087E+01
0.136000E+01  0.506795E+01
0.136500E+01  0.515578E+01
0.137000E+01  0.524438E+01
0.137500E+01  0.533374E+01
0.138000E+01  0.542389E+01
0.138500E+01  0.551482E+01
0.139000E+01  0.560654E+01
0.139500E+01  0.569906E+01
0.140000E+01  0.579239E+01
0.140500E+01  0.588654E+01
0.141000E+01  0.598152E+01
0.141500E+01  0.607732E+01
0.142000E+01  0.617397E+01
0.142500E+01  0.627146E+01
0.143000E+01  0.636980E+01
0.143500E+01  0.646901E+01
0.144000E+01  0.656908E+01
0.144500E+01  0.667003E+01
0.145000E+01  0.677187E+01
0.145500E+01  0.687459E+01
0.146000E+01  0.697821E+01
0.146500E+01  0.708274E+01
0.147000E+01  0.718818E+01
0.147500E+01  0.729454E+01
0.148000E+01  0.740182E+01
0.148500E+01  0.751003E+01
0.149000E+01  0.761919E+01
0.149500E+01  0.772929E+01
0.150000E+01  0.784035E+01
