0.100500E+01  0.154796E+00
0.101000E+01  0.307709E+00
0.101500E+01  0.458979E+00
0.102000E+01  0.608835E+00
0.102500E+01  0.757494E+00
0.103000E+01  0.905166E+00
0.103500E+01  0.105205E+01
0.104000E+01  0.119834E+01
0.104500E+01  0.134421E+01
0.105000E+01  0.148985E+01
0.105500E+01  0.163543E+01
0.106000E+01  0.178111E+01
0.106500E+01  0.192705E+01
0.107000E+01  0.207341E+01
0.107500E+01  0.222034E+01
0.108000E+01  0.236799E+01
0.108500E+01  0.251650E+01
0.109000E+01  0.266602E+01
0.109500E+01  0.281667E+01
0.110000E+01  0.296861E+01
0.110500E+01  0.312197E+01
0.111000E+01  0.327687E+01
0.111500E+01  0.343345E+01
0.112000E+01  0.359184E+01
0.112500E+01  0.375217E+01
0.113000E+01  0.391456E+01
0.113500E+01  0.407915E+01
0.114000E+01  0.424607E+01
0.114500E+01  0.441543E+01
0.115000E+01  0.458737E+01
0.115500E+01  0.476201E+01
0.116000E+01  0.493949E+01
0.116500E+01  0.511993E+01
0.117000E+01  0.530345E+01
0.117500E+01  0.549020E+01
0.118000E+01  0.568029E+01
0.118500E+01  0.587386E+01
0.119000E+01  0.607105E+01
0.119500E+01  0.627199E+01
0.120000E+01  0.647680E+01
0.120500E+01  0.668564E+01
0.121000E+01  0.689863E+01
0.121500E+01  0.711592E+01
0.122000E+01  0.733765E+01
0.122500E+01  0.756396E+01
0.123000E+01  0.779499E+01
0.123500E+01  0.803091E+01
0.124000E+01  0.827184E+01
0.124500E+01  0.851795E+01
0.125000E+01  0.876940E+01
0.125500E+01  0.902632E+01
0.126000E+01  0.928890E+01
0.126500E+01  0.955728E+01
0.127000E+01  0.983164E+01
0.127500E+01  0.101121E+02
0.128000E+01  0.103989E+02
0.128500E+01  0.106922E+02
0.129000E+01  0.109922E+02
0.129500E+01  0.112990E+02
0.130000E+01  0.116128E+02
0.130500E+01  0.119338E+02
0.131000E+01  0.122622E+02
0.131500E+01  0.125982E+02
0.132000E+01  0.129420E+02
0.132500E+01  0.132937E+02
0.133000E+01  0.136537E+02
0.133500E+01  0.140220E+02
0.134000E+01  0.143989E+02
0.134500E+01  0.147847E+02
0.135000E+01  0.151795E+02
0.135500E+01  0.155835E+02
0.136000E+01  0.159971E+02
0.136500E+01  0.164203E+02
0.137000E+01  0.168535E+02
0.137500E+01  0.172969E+02
0.138000E+01  0.177507E+02
0.138500E+01  0.182152E+02
0.139000E+01  0.186907E+02
0.139500E+01  0.191774E+02
0.140000E+01  0.196755E+02
0.140500E+01  0.201853E+02
0.141000E+01  0.207071E+02
0.141500E+01  0.212412E+02
0.142000E+01  0.217879E+02
0.142500E+01  0.223474E+02
0.143000E+01  0.229201E+02
0.143500E+01  0.235062E+02
0.144000E+01  0.241061E+02
0.144500E+01  0.247200E+02
0.145000E+01  0.253483E+02
0.145500E+01  0.259913E+02
0.146000E+01  0.266493E+02
0.146500E+01  0.273227E+02
0.147000E+01  0.280117E+02
0.147500E+01  0.287169E+02
0.148000E+01  0.294384E+02
0.148500E+01  0.301767E+02
0.149000E+01  0.309320E+02
0.149500E+01  0.317049E+02
0.150000E+01  0.324957E+02
