0.100500E+01  0.187543E+00
0.101000E+01  0.373388E+00
0.101500E+01  0.557782E+00
0.102000E+01  0.740962E+00
0.102500E+01  0.923160E+00
0.103000E+01  0.110460E+01
0.103500E+01  0.128550E+01
0.104000E+01  0.146606E+01
0.104500E+01  0.164650E+01
0.105000E+01  0.182701E+01
0.105500E+01  0.200778E+01
0.106000E+01  0.218901E+01
0.106500E+01  0.237087E+01
0.107000E+01  0.255356E+01
0.107500E+01  0.273724E+01
0.108000E+01  0.292210E+01
0.108500E+01  0.310830E+01
0.109000E+01  0.329601E+01
0.109500E+01  0.348540E+01
0.110000E+01  0.367664E+01
0.110500E+01  0.386988E+01
0.111000E+01  0.406529E+01
0.111500E+01  0.426302E+01
0.112000E+01  0.446325E+01
0.112500E+01  0.466611E+01
0.113000E+01  0.487178E+01
0.113500E+01  0.508041E+01
0.114000E+01  0.529215E+01
0.114500E+01  0.550717E+01
0.115000E+01  0.572561E+01
0.115500E+01  0.594764E+01
0.116000E+01  0.617340E+01
0.116500E+01  0.640306E+01
0.117000E+01  0.663677E+01
0.117500E+01  0.687470E+01
0.118000E+01  0.711699E+01
0.118500E+01  0.736381E+01
0.119000E+01  0.761532E+01
0.119500E+01  0.787168E+01
0.120000E+01  0.813306E+01
0.120500E+01  0.839961E+01
0.121000E+01  0.867150E+01
0.121500E+01  0.894890E+01
0.122000E+01  0.923197E+01
0.122500E+01  0.952089E+01
0.123000E+01  0.981582E+01
0.123500E+01  0.101169E+02
0.124000E+01  0.104244E+02
0.124500E+01  0.107385E+02
0.125000E+01  0.110592E+02
0.125500E+01  0.113869E+02
0.126000E+01  0.117216E+02
0.126500E+01  0.120636E+02
0.127000E+01  0.124131E+02
0.127500E+01  0.127702E+02
0.128000E+01  0.131351E+02
0.128500E+01  0.135081E+02
0.129000E+01  0.138893E+02
0.129500E+01  0.142790E+02
0.130000E+01  0.146772E+02
0.130500E+01  0.150844E+02
0.131000E+01  0.155006E+02
0.131500E+01  0.159260E+02
0.132000E+01  0.163609E+02
0.132500E+01  0.168056E+02
0.133000E+01  0.172601E+02
0.133500E+01  0.177248E+02
0.134000E+01  0.181999E+02
0.134500E+01  0.186856E+02
0.135000E+01  0.191821E+02
0.135500E+01  0.196897E+02
0.136000E+01  0.202086E+02
0.136500E+01  0.207391E+02
0.137000E+01  0.212814E+02
0.137500E+01  0.218357E+02
0.138000E+01  0.224025E+02
0.138500E+01  0.229817E+02
0.139000E+01  0.235739E+02
0.139500E+01  0.241792E+02
0.140000E+01  0.247978E+02
0.140500E+01  0.254302E+02
0.141000E+01  0.260765E+02
0.141500E+01  0.267370E+02
0.142000E+01  0.274121E+02
0.142500E+01  0.281020E+02
0.143000E+01  0.288070E+02
0.143500E+01  0.295275E+02
0.144000E+01  0.302638E+02
0.144500E+01  0.310160E+02
0.145000E+01  0.317847E+02
0.145500E+01  0.325701E+02
0.146000E+01  0.333724E+02
0.146500E+01  0.341922E+02
0.147000E+01  0.350297E+02
0.147500E+01  0.358852E+02
0.148000E+01  0.367591E+02
0.148500E+01  0.376517E+02
0.149000E+01  0.385635E+02
0.149500E+01  0.394948E+02
0.150000E+01  0.404459E+02
