0.100500E+01  0.988513E-01
0.101000E+01  0.195928E+00
0.101500E+01  0.291324E+00
0.102000E+01  0.385130E+00
0.102500E+01  0.477430E+00
0.103000E+01  0.568303E+00
0.103500E+01  0.657824E+00
0.104000E+01  0.746066E+00
0.104500E+01  0.833096E+00
0.105000E+01  0.918977E+00
0.105500E+01  0.100377E+01
0.106000E+01  0.108753E+01
0.106500E+01  0.117032E+01
0.107000E+01  0.125218E+01
0.107500E+01  0.133317E+01
0.108000E+01  0.141333E+01
0.108500E+01  0.149270E+01
0.109000E+01  0.157133E+01
0.109500E+01  0.164925E+01
0.110000E+01  0.172652E+01
0.110500E+01  0.180315E+01
0.111000E+01  0.187919E+01
0.111500E+01  0.195466E+01
0.112000E+01  0.202961E+01
0.112500E+01  0.210406E+01
0.113000E+01  0.217803E+01
0.113500E+01  0.225156E+01
0.114000E+01  0.232467E+01
0.114500E+01  0.239739E+01
0.115000E+01  0.246974E+01
0.115500E+01  0.254174E+01
0.116000E+01  0.261341E+01
0.116500E+01  0.268479E+01
0.117000E+01  0.275587E+01
0.117500E+01  0.282670E+01
0.118000E+01  0.289727E+01
0.118500E+01  0.296762E+01
0.119000E+01  0.303776E+01
0.119500E+01  0.310770E+01
0.120000E+01  0.317747E+01
0.120500E+01  0.324707E+01
0.121000E+01  0.331652E+01
0.121500E+01  0.338583E+01
0.122000E+01  0.345503E+01
0.122500E+01  0.352411E+01
0.123000E+01  0.359310E+01
0.123500E+01  0.366201E+01
0.124000E+01  0.373084E+01
0.124500E+01  0.379962E+01
0.125000E+01  0.386834E+01
0.125500E+01  0.393703E+01
0.126000E+01  0.400569E+01
0.126500E+01  0.407433E+01
0.127000E+01  0.414297E+01
0.127500E+01  0.421160E+01
0.128000E+01  0.428025E+01
0.128500E+01  0.434892E+01
0.129000E+01  0.441761E+01
0.129500E+01  0.448634E+01
0.130000E+01  0.455512E+01
0.130500E+01  0.462395E+01
0.131000E+01  0.469284E+01
0.131500E+01  0.476180E+01
0.132000E+01  0.483083E+01
0.132500E+01  0.489995E+01
0.133000E+01  0.496916E+01
0.133500E+01  0.503846E+01
0.134000E+01  0.510787E+01
0.134500E+01  0.517739E+01
0.135000E+01  0.524703E+01
0.135500E+01  0.531679E+01
0.136000E+01  0.538668E+01
0.136500E+01  0.545670E+01
0.137000E+01  0.552687E+01
0.137500E+01  0.559719E+01
0.138000E+01  0.566765E+01
0.138500E+01  0.573828E+01
0.139000E+01  0.580907E+01
0.139500E+01  0.588003E+01
0.140000E+01  0.595117E+01
0.140500E+01  0.602248E+01
0.141000E+01  0.609398E+01
0.141500E+01  0.616568E+01
0.142000E+01  0.623757E+01
0.142500E+01  0.630965E+01
0.143000E+01  0.638195E+01
0.143500E+01  0.645446E+01
0.144000E+01  0.652718E+01
0.144500E+01  0.660012E+01
0.145000E+01  0.667328E+01
0.145500E+01  0.674668E+01
0.146000E+01  0.682031E+01
0.146500E+01  0.689418E+01
0.147000E+01  0.696829E+01
0.147500E+01  0.704265E+01
0.148000E+01  0.711726E+01
0.148500E+01  0.719213E+01
0.149000E+01  0.726725E+01
0.149500E+01  0.734264E+01
0.150000E+01  0.741831E+01
