0.100500E+01  0.883059E-01
0.101000E+01  0.175216E+00
0.101500E+01  0.260766E+00
0.102000E+01  0.344991E+00
0.102500E+01  0.427924E+00
0.103000E+01  0.509599E+00
0.103500E+01  0.590047E+00
0.104000E+01  0.669300E+00
0.104500E+01  0.747387E+00
0.105000E+01  0.824338E+00
0.105500E+01  0.900180E+00
0.106000E+01  0.974942E+00
0.106500E+01  0.104865E+01
0.107000E+01  0.112133E+01
0.107500E+01  0.119301E+01
0.108000E+01  0.126370E+01
0.108500E+01  0.133345E+01
0.109000E+01  0.140226E+01
0.109500E+01  0.147016E+01
0.110000E+01  0.153717E+01
0.110500E+01  0.160332E+01
0.111000E+01  0.166862E+01
0.111500E+01  0.173310E+01
0.112000E+01  0.179676E+01
0.112500E+01  0.185965E+01
0.113000E+01  0.192176E+01
0.113500E+01  0.198312E+01
0.114000E+01  0.204374E+01
0.114500E+01  0.210365E+01
0.115000E+01  0.216286E+01
0.115500E+01  0.222138E+01
0.116000E+01  0.227924E+01
0.116500E+01  0.233644E+01
0.117000E+01  0.239300E+01
0.117500E+01  0.244893E+01
0.118000E+01  0.250426E+01
0.118500E+01  0.255898E+01
0.119000E+01  0.261312E+01
0.119500E+01  0.266670E+01
0.120000E+01  0.271971E+01
0.120500E+01  0.277217E+01
0.121000E+01  0.282410E+01
0.121500E+01  0.287551E+01
0.122000E+01  0.292641E+01
0.122500E+01  0.297680E+01
0.123000E+01  0.302671E+01
0.123500E+01  0.307613E+01
0.124000E+01  0.312509E+01
0.124500E+01  0.317358E+01
0.125000E+01  0.322163E+01
0.125500E+01  0.326924E+01
0.126000E+01  0.331641E+01
0.126500E+01  0.336316E+01
0.127000E+01  0.340950E+01
0.127500E+01  0.345544E+01
0.128000E+01  0.350098E+01
0.128500E+01  0.354612E+01
0.129000E+01  0.359089E+01
0.129500E+01  0.363529E+01
0.130000E+01  0.367932E+01
0.130500E+01  0.372299E+01
0.131000E+01  0.376632E+01
0.131500E+01  0.380930E+01
0.132000E+01  0.385194E+01
0.132500E+01  0.389425E+01
0.133000E+01  0.393624E+01
0.133500E+01  0.397791E+01
0.134000E+01  0.401927E+01
0.134500E+01  0.406033E+01
0.135000E+01  0.410108E+01
0.135500E+01  0.414155E+01
0.136000E+01  0.418172E+01
0.136500E+01  0.422162E+01
0.137000E+01  0.426124E+01
0.137500E+01  0.430059E+01
0.138000E+01  0.433967E+01
0.138500E+01  0.437849E+01
0.139000E+01  0.441705E+01
0.139500E+01  0.445537E+01
0.140000E+01  0.449343E+01
0.140500E+01  0.453126E+01
0.141000E+01  0.456885E+01
0.141500E+01  0.460621E+01
0.142000E+01  0.464333E+01
0.142500E+01  0.468024E+01
0.143000E+01  0.471692E+01
0.143500E+01  0.475339E+01
0.144000E+01  0.478964E+01
0.144500E+01  0.482569E+01
0.145000E+01  0.486153E+01
0.145500E+01  0.489717E+01
0.146000E+01  0.493262E+01
0.146500E+01  0.496787E+01
0.147000E+01  0.500293E+01
0.147500E+01  0.503780E+01
0.148000E+01  0.507249E+01
0.148500E+01  0.510700E+01
0.149000E+01  0.514134E+01
0.149500E+01  0.517550E+01
0.150000E+01  0.520949E+01
