0.100500E+01  0.997924E-01
0.101000E+01  0.198135E+00
0.101500E+01  0.295119E+00
0.102000E+01  0.390832E+00
0.102500E+01  0.485359E+00
0.103000E+01  0.578780E+00
0.103500E+01  0.671176E+00
0.104000E+01  0.762620E+00
0.104500E+01  0.853188E+00
0.105000E+01  0.942948E+00
0.105500E+01  0.103197E+01
0.106000E+01  0.112032E+01
0.106500E+01  0.120806E+01
0.107000E+01  0.129526E+01
0.107500E+01  0.138197E+01
0.108000E+01  0.146825E+01
0.108500E+01  0.155416E+01
0.109000E+01  0.163975E+01
0.109500E+01  0.172509E+01
0.110000E+01  0.181021E+01
0.110500E+01  0.189518E+01
0.111000E+01  0.198003E+01
0.111500E+01  0.206482E+01
0.112000E+01  0.214961E+01
0.112500E+01  0.223442E+01
0.113000E+01  0.231931E+01
0.113500E+01  0.240432E+01
0.114000E+01  0.248950E+01
0.114500E+01  0.257489E+01
0.115000E+01  0.266053E+01
0.115500E+01  0.274646E+01
0.116000E+01  0.283272E+01
0.116500E+01  0.291935E+01
0.117000E+01  0.300639E+01
0.117500E+01  0.309388E+01
0.118000E+01  0.318186E+01
0.118500E+01  0.327036E+01
0.119000E+01  0.335943E+01
0.119500E+01  0.344909E+01
0.120000E+01  0.353939E+01
0.120500E+01  0.363035E+01
0.121000E+01  0.372203E+01
0.121500E+01  0.381444E+01
0.122000E+01  0.390763E+01
0.122500E+01  0.400163E+01
0.123000E+01  0.409648E+01
0.123500E+01  0.419220E+01
0.124000E+01  0.428884E+01
0.124500E+01  0.438643E+01
0.125000E+01  0.448499E+01
0.125500E+01  0.458457E+01
0.126000E+01  0.468520E+01
0.126500E+01  0.478690E+01
0.127000E+01  0.488972E+01
0.127500E+01  0.499369E+01
0.128000E+01  0.509883E+01
0.128500E+01  0.520519E+01
0.129000E+01  0.531279E+01
0.129500E+01  0.542167E+01
0.130000E+01  0.553187E+01
0.130500E+01  0.564340E+01
0.131000E+01  0.575631E+01
0.131500E+01  0.587063E+01
0.132000E+01  0.598639E+01
0.132500E+01  0.610363E+01
0.133000E+01  0.622237E+01
0.133500E+01  0.634266E+01
0.134000E+01  0.646451E+01
0.134500E+01  0.658798E+01
0.135000E+01  0.671309E+01
0.135500E+01  0.683986E+01
0.136000E+01  0.696835E+01
0.136500E+01  0.709858E+01
0.137000E+01  0.723058E+01
0.137500E+01  0.736438E+01
0.138000E+01  0.750003E+01
0.138500E+01  0.763756E+01
0.139000E+01  0.777700E+01
0.139500E+01  0.791838E+01
0.140000E+01  0.806174E+01
0.140500E+01  0.820711E+01
0.141000E+01  0.835453E+01
0.141500E+01  0.850404E+01
0.142000E+01  0.865567E+01
0.142500E+01  0.880945E+01
0.143000E+01  0.896542E+01
0.143500E+01  0.912362E+01
0.144000E+01  0.928408E+01
0.144500E+01  0.944684E+01
0.145000E+01  0.961193E+01
0.145500E+01  0.977940E+01
0.146000E+01  0.994927E+01
0.146500E+01  0.101216E+02
0.147000E+01  0.102964E+02
0.147500E+01  0.104737E+02
0.148000E+01  0.106536E+02
0.148500E+01  0.108361E+02
0.149000E+01  0.110212E+02
0.149500E+01  0.112090E+02
0.150000E+01  0.113995E+02
