0.100500E+01  0.427924E-01
0.101000E+01  0.852548E-01
0.101500E+01  0.127399E+00
0.102000E+01  0.169238E+00
0.102500E+01  0.210782E+00
0.103000E+01  0.252042E+00
0.103500E+01  0.293030E+00
0.104000E+01  0.333757E+00
0.104500E+01  0.374231E+00
0.105000E+01  0.414464E+00
0.105500E+01  0.454465E+00
0.106000E+01  0.494244E+00
0.106500E+01  0.533809E+00
0.107000E+01  0.573170E+00
0.107500E+01  0.612336E+00
0.108000E+01  0.651315E+00
0.108500E+01  0.690115E+00
0.109000E+01  0.728744E+00
0.109500E+01  0.767211E+00
0.110000E+01  0.805522E+00
0.110500E+01  0.843686E+00
0.111000E+01  0.881710E+00
0.111500E+01  0.919600E+00
0.112000E+01  0.957365E+00
0.112500E+01  0.995009E+00
0.113000E+01  0.103254E+01
0.113500E+01  0.106997E+01
0.114000E+01  0.110729E+01
0.114500E+01  0.114452E+01
0.115000E+01  0.118167E+01
0.115500E+01  0.121873E+01
0.116000E+01  0.125571E+01
0.116500E+01  0.129263E+01
0.117000E+01  0.132947E+01
0.117500E+01  0.136626E+01
0.118000E+01  0.140300E+01
0.118500E+01  0.143968E+01
0.119000E+01  0.147632E+01
0.119500E+01  0.151292E+01
0.120000E+01  0.154948E+01
0.120500E+01  0.158602E+01
0.121000E+01  0.162252E+01
0.121500E+01  0.165901E+01
0.122000E+01  0.169548E+01
0.122500E+01  0.173194E+01
0.123000E+01  0.176839E+01
0.123500E+01  0.180483E+01
0.124000E+01  0.184127E+01
0.124500E+01  0.187772E+01
0.125000E+01  0.191418E+01
0.125500E+01  0.195064E+01
0.126000E+01  0.198712E+01
0.126500E+01  0.202362E+01
0.127000E+01  0.206015E+01
0.127500E+01  0.209669E+01
0.128000E+01  0.213327E+01
0.128500E+01  0.216988E+01
0.129000E+01  0.220653E+01
0.129500E+01  0.224321E+01
0.130000E+01  0.227994E+01
0.130500E+01  0.231671E+01
0.131000E+01  0.235353E+01
0.131500E+01  0.239040E+01
0.132000E+01  0.242732E+01
0.132500E+01  0.246430E+01
0.133000E+01  0.250135E+01
0.133500E+01  0.253845E+01
0.134000E+01  0.257562E+01
0.134500E+01  0.261286E+01
0.135000E+01  0.265017E+01
0.135500E+01  0.268755E+01
0.136000E+01  0.272500E+01
0.136500E+01  0.276254E+01
0.137000E+01  0.280015E+01
0.137500E+01  0.283785E+01
0.138000E+01  0.287564E+01
0.138500E+01  0.291351E+01
0.139000E+01  0.295147E+01
0.139500E+01  0.298953E+01
0.140000E+01  0.302767E+01
0.140500E+01  0.306592E+01
0.141000E+01  0.310426E+01
0.141500E+01  0.314271E+01
0.142000E+01  0.318125E+01
0.142500E+01  0.321990E+01
0.143000E+01  0.325866E+01
0.143500E+01  0.329753E+01
0.144000E+01  0.333650E+01
0.144500E+01  0.337559E+01
0.145000E+01  0.341480E+01
0.145500E+01  0.345412E+01
0.146000E+01  0.349355E+01
0.146500E+01  0.353311E+01
0.147000E+01  0.357279E+01
0.147500E+01  0.361259E+01
0.148000E+01  0.365251E+01
0.148500E+01  0.369257E+01
0.149000E+01  0.373275E+01
0.149500E+01  0.377306E+01
0.150000E+01  0.381350E+01
