0.105263E+01  0.148687E+00  0.124570E+01
0.110603E+01  0.285811E+00  0.102239E+01
0.116010E+01  0.413084E+00  0.000000E+00
0.121476E+01  0.531949E+00  0.000000E+00
0.126991E+01  0.643613E+00  0.000000E+00
0.132550E+01  0.749088E+00  0.000000E+00
0.138145E+01  0.849223E+00  0.000000E+00
0.143770E+01  0.944736E+00  0.000000E+00
0.149419E+01  0.103623E+01  0.000000E+00
0.155090E+01  0.112422E+01  0.000000E+00
0.160776E+01  0.120914E+01  0.000000E+00
0.166476E+01  0.129136E+01  0.000000E+00
0.172185E+01  0.137119E+01  0.000000E+00
0.177901E+01  0.144892E+01  0.000000E+00
0.183623E+01  0.152477E+01  0.000000E+00
0.189347E+01  0.159894E+01  0.000000E+00
0.195073E+01  0.167162E+01  0.000000E+00
0.200799E+01  0.174295E+01  0.000000E+00
0.206524E+01  0.181306E+01  0.000000E+00
0.212247E+01  0.188208E+01  0.000000E+00
0.217966E+01  0.195010E+01  0.000000E+00
0.223682E+01  0.201721E+01  0.000000E+00
0.229393E+01  0.208349E+01  0.000000E+00
0.235099E+01  0.214902E+01  0.000000E+00
0.240800E+01  0.221386E+01  0.000000E+00
0.246495E+01  0.227805E+01  0.000000E+00
0.252184E+01  0.234165E+01  0.000000E+00
0.257867E+01  0.240471E+01  0.000000E+00
0.263543E+01  0.246727E+01  0.000000E+00
0.269212E+01  0.252935E+01  0.000000E+00
0.274875E+01  0.259100E+01  0.000000E+00
0.280531E+01  0.265224E+01  0.000000E+00
0.286181E+01  0.271310E+01  0.000000E+00
0.291823E+01  0.277360E+01  0.000000E+00
0.297459E+01  0.283377E+01  0.000000E+00
0.303087E+01  0.289363E+01  0.000000E+00
0.308709E+01  0.295319E+01  0.000000E+00
0.314324E+01  0.301247E+01  0.000000E+00
0.319932E+01  0.307149E+01  0.000000E+00
0.325534E+01  0.313026E+01  0.000000E+00
0.331129E+01  0.318879E+01  0.000000E+00
0.336717E+01  0.324710E+01  0.000000E+00
0.342299E+01  0.330520E+01  0.000000E+00
0.347874E+01  0.336310E+01  0.000000E+00
0.353443E+01  0.342080E+01  0.000000E+00
0.359006E+01  0.347833E+01  0.000000E+00
0.364563E+01  0.353568E+01  0.000000E+00
0.370113E+01  0.359286E+01  0.000000E+00
0.375658E+01  0.364988E+01  0.000000E+00
0.381197E+01  0.370675E+01  0.000000E+00
0.386730E+01  0.376348E+01  0.000000E+00
0.392257E+01  0.382007E+01  0.000000E+00
0.397779E+01  0.387652E+01  0.000000E+00
0.403295E+01  0.393285E+01  0.000000E+00
0.408806E+01  0.398905E+01  0.000000E+00
0.414311E+01  0.404513E+01  0.000000E+00
0.419812E+01  0.410110E+01  0.000000E+00
0.425307E+01  0.415696E+01  0.000000E+00
0.430797E+01  0.421272E+01  0.000000E+00
0.436283E+01  0.426837E+01  0.000000E+00
0.441763E+01  0.432392E+01  0.000000E+00
0.447239E+01  0.437938E+01  0.000000E+00
0.452710E+01  0.443475E+01  0.000000E+00
0.458177E+01  0.449003E+01  0.000000E+00
0.463639E+01  0.454523E+01  0.000000E+00
0.469097E+01  0.460034E+01  0.000000E+00
0.474550E+01  0.465537E+01  0.000000E+00
0.480000E+01  0.471033E+01  0.000000E+00
0.485445E+01  0.476521E+01  0.000000E+00
0.490886E+01  0.482002E+01  0.000000E+00
0.496324E+01  0.487476E+01  0.000000E+00
0.501757E+01  0.492943E+01  0.000000E+00
0.507187E+01  0.498403E+01  0.000000E+00
0.512612E+01  0.503857E+01  0.000000E+00
0.518035E+01  0.509305E+01  0.000000E+00
0.523454E+01  0.514747E+01  0.000000E+00
0.528869E+01  0.520183E+01  0.000000E+00
0.534281E+01  0.525614E+01  0.000000E+00
0.539689E+01  0.531039E+01  0.000000E+00
0.545094E+01  0.536458E+01  0.000000E+00
0.550496E+01  0.541873E+01  0.000000E+00
0.555895E+01  0.547282E+01  0.000000E+00
0.561291E+01  0.552687E+01  0.000000E+00
0.566684E+01  0.558087E+01  0.000000E+00
0.572074E+01  0.563482E+01  0.000000E+00
0.577461E+01  0.568873E+01  0.000000E+00
0.582845E+01  0.574259E+01  0.000000E+00
0.588226E+01  0.579641E+01  0.000000E+00
0.593605E+01  0.585019E+01  0.000000E+00
0.598981E+01  0.590393E+01  0.000000E+00
0.604354E+01  0.595763E+01  0.000000E+00
0.609725E+01  0.601129E+01  0.000000E+00
0.615094E+01  0.606492E+01  0.000000E+00
0.620460E+01  0.611851E+01  0.000000E+00
0.625823E+01  0.617206E+01  0.000000E+00
0.631185E+01  0.622558E+01  0.000000E+00
0.636544E+01  0.627906E+01  0.000000E+00
0.641901E+01  0.633252E+01  0.000000E+00
0.647255E+01  0.638594E+01  0.000000E+00
0.652608E+01  0.643933E+01  0.000000E+00
