0.105263E+01  0.508841E+00  0.426306E+01
0.110603E+01  0.978109E+00  0.349885E+01
0.116010E+01  0.141366E+01  0.000000E+00
0.121476E+01  0.182045E+01  0.000000E+00
0.126991E+01  0.220259E+01  0.000000E+00
0.132550E+01  0.256354E+01  0.000000E+00
0.138145E+01  0.290623E+01  0.000000E+00
0.143770E+01  0.323310E+01  0.000000E+00
0.149419E+01  0.354621E+01  0.000000E+00
0.155090E+01  0.384733E+01  0.000000E+00
0.160776E+01  0.413793E+01  0.000000E+00
0.166476E+01  0.441931E+01  0.000000E+00
0.172185E+01  0.469253E+01  0.000000E+00
0.177901E+01  0.495852E+01  0.000000E+00
0.183623E+01  0.521810E+01  0.000000E+00
0.189347E+01  0.547194E+01  0.000000E+00
0.195073E+01  0.572065E+01  0.000000E+00
0.200799E+01  0.596476E+01  0.000000E+00
0.206524E+01  0.620470E+01  0.000000E+00
0.212247E+01  0.644089E+01  0.000000E+00
0.217966E+01  0.667366E+01  0.000000E+00
0.223682E+01  0.690334E+01  0.000000E+00
0.229393E+01  0.713018E+01  0.000000E+00
0.235099E+01  0.735443E+01  0.000000E+00
0.240800E+01  0.757630E+01  0.000000E+00
0.246495E+01  0.779599E+01  0.000000E+00
0.252184E+01  0.801366E+01  0.000000E+00
0.257867E+01  0.822946E+01  0.000000E+00
0.263543E+01  0.844353E+01  0.000000E+00
0.269212E+01  0.865600E+01  0.000000E+00
0.274875E+01  0.886697E+01  0.000000E+00
0.280531E+01  0.907655E+01  0.000000E+00
0.286181E+01  0.928482E+01  0.000000E+00
0.291823E+01  0.949188E+01  0.000000E+00
0.297459E+01  0.969779E+01  0.000000E+00
0.303087E+01  0.990263E+01  0.000000E+00
0.308709E+01  0.101065E+02  0.000000E+00
0.314324E+01  0.103093E+02  0.000000E+00
0.319932E+01  0.105113E+02  0.000000E+00
0.325534E+01  0.107124E+02  0.000000E+00
0.331129E+01  0.109127E+02  0.000000E+00
0.336717E+01  0.111123E+02  0.000000E+00
0.342299E+01  0.113111E+02  0.000000E+00
0.347874E+01  0.115093E+02  0.000000E+00
0.353443E+01  0.117067E+02  0.000000E+00
0.359006E+01  0.119036E+02  0.000000E+00
0.364563E+01  0.120999E+02  0.000000E+00
0.370113E+01  0.122956E+02  0.000000E+00
0.375658E+01  0.124907E+02  0.000000E+00
0.381197E+01  0.126853E+02  0.000000E+00
0.386730E+01  0.128795E+02  0.000000E+00
0.392257E+01  0.130731E+02  0.000000E+00
0.397779E+01  0.132663E+02  0.000000E+00
0.403295E+01  0.134591E+02  0.000000E+00
0.408806E+01  0.136514E+02  0.000000E+00
0.414311E+01  0.138433E+02  0.000000E+00
0.419812E+01  0.140349E+02  0.000000E+00
0.425307E+01  0.142260E+02  0.000000E+00
0.430797E+01  0.144169E+02  0.000000E+00
0.436283E+01  0.146073E+02  0.000000E+00
0.441763E+01  0.147974E+02  0.000000E+00
0.447239E+01  0.149872E+02  0.000000E+00
0.452710E+01  0.151767E+02  0.000000E+00
0.458177E+01  0.153659E+02  0.000000E+00
0.463639E+01  0.155548E+02  0.000000E+00
0.469097E+01  0.157434E+02  0.000000E+00
0.474550E+01  0.159317E+02  0.000000E+00
0.480000E+01  0.161198E+02  0.000000E+00
0.485445E+01  0.163076E+02  0.000000E+00
0.490886E+01  0.164952E+02  0.000000E+00
0.496324E+01  0.166825E+02  0.000000E+00
0.501757E+01  0.168696E+02  0.000000E+00
0.507187E+01  0.170565E+02  0.000000E+00
0.512612E+01  0.172431E+02  0.000000E+00
0.518035E+01  0.174296E+02  0.000000E+00
0.523454E+01  0.176158E+02  0.000000E+00
0.528869E+01  0.178018E+02  0.000000E+00
0.534281E+01  0.179877E+02  0.000000E+00
0.539689E+01  0.181733E+02  0.000000E+00
0.545094E+01  0.183588E+02  0.000000E+00
0.550496E+01  0.185441E+02  0.000000E+00
0.555895E+01  0.187292E+02  0.000000E+00
0.561291E+01  0.189142E+02  0.000000E+00
0.566684E+01  0.190990E+02  0.000000E+00
0.572074E+01  0.192836E+02  0.000000E+00
0.577461E+01  0.194681E+02  0.000000E+00
0.582845E+01  0.196524E+02  0.000000E+00
0.588226E+01  0.198366E+02  0.000000E+00
0.593605E+01  0.200207E+02  0.000000E+00
0.598981E+01  0.202046E+02  0.000000E+00
0.604354E+01  0.203883E+02  0.000000E+00
0.609725E+01  0.205720E+02  0.000000E+00
0.615094E+01  0.207555E+02  0.000000E+00
0.620460E+01  0.209389E+02  0.000000E+00
0.625823E+01  0.211222E+02  0.000000E+00
0.631185E+01  0.213053E+02  0.000000E+00
0.636544E+01  0.214884E+02  0.000000E+00
0.641901E+01  0.216713E+02  0.000000E+00
0.647255E+01  0.218541E+02  0.000000E+00
0.652608E+01  0.220368E+02  0.000000E+00
