0.105263E+01  0.536777E+00  0.449710E+01
0.110603E+01  0.103181E+01  0.369093E+01
0.116010E+01  0.149127E+01  0.000000E+00
0.121476E+01  0.192039E+01  0.000000E+00
0.126991E+01  0.232351E+01  0.000000E+00
0.132550E+01  0.270428E+01  0.000000E+00
0.138145E+01  0.306578E+01  0.000000E+00
0.143770E+01  0.341059E+01  0.000000E+00
0.149419E+01  0.374090E+01  0.000000E+00
0.155090E+01  0.405854E+01  0.000000E+00
0.160776E+01  0.436510E+01  0.000000E+00
0.166476E+01  0.466193E+01  0.000000E+00
0.172185E+01  0.495015E+01  0.000000E+00
0.177901E+01  0.523074E+01  0.000000E+00
0.183623E+01  0.550457E+01  0.000000E+00
0.189347E+01  0.577235E+01  0.000000E+00
0.195073E+01  0.603471E+01  0.000000E+00
0.200799E+01  0.629222E+01  0.000000E+00
0.206524E+01  0.654534E+01  0.000000E+00
0.212247E+01  0.679449E+01  0.000000E+00
0.217966E+01  0.704005E+01  0.000000E+00
0.223682E+01  0.728233E+01  0.000000E+00
0.229393E+01  0.752163E+01  0.000000E+00
0.235099E+01  0.775819E+01  0.000000E+00
0.240800E+01  0.799224E+01  0.000000E+00
0.246495E+01  0.822399E+01  0.000000E+00
0.252184E+01  0.845360E+01  0.000000E+00
0.257867E+01  0.868125E+01  0.000000E+00
0.263543E+01  0.890708E+01  0.000000E+00
0.269212E+01  0.913121E+01  0.000000E+00
0.274875E+01  0.935376E+01  0.000000E+00
0.280531E+01  0.957485E+01  0.000000E+00
0.286181E+01  0.979456E+01  0.000000E+00
0.291823E+01  0.100130E+02  0.000000E+00
0.297459E+01  0.102302E+02  0.000000E+00
0.303087E+01  0.104463E+02  0.000000E+00
0.308709E+01  0.106613E+02  0.000000E+00
0.314324E+01  0.108753E+02  0.000000E+00
0.319932E+01  0.110884E+02  0.000000E+00
0.325534E+01  0.113005E+02  0.000000E+00
0.331129E+01  0.115119E+02  0.000000E+00
0.336717E+01  0.117224E+02  0.000000E+00
0.342299E+01  0.119321E+02  0.000000E+00
0.347874E+01  0.121411E+02  0.000000E+00
0.353443E+01  0.123494E+02  0.000000E+00
0.359006E+01  0.125571E+02  0.000000E+00
0.364563E+01  0.127641E+02  0.000000E+00
0.370113E+01  0.129706E+02  0.000000E+00
0.375658E+01  0.131764E+02  0.000000E+00
0.381197E+01  0.133818E+02  0.000000E+00
0.386730E+01  0.135865E+02  0.000000E+00
0.392257E+01  0.137908E+02  0.000000E+00
0.397779E+01  0.139946E+02  0.000000E+00
0.403295E+01  0.141980E+02  0.000000E+00
0.408806E+01  0.144009E+02  0.000000E+00
0.414311E+01  0.146033E+02  0.000000E+00
0.419812E+01  0.148054E+02  0.000000E+00
0.425307E+01  0.150071E+02  0.000000E+00
0.430797E+01  0.152083E+02  0.000000E+00
0.436283E+01  0.154092E+02  0.000000E+00
0.441763E+01  0.156098E+02  0.000000E+00
0.447239E+01  0.158100E+02  0.000000E+00
0.452710E+01  0.160099E+02  0.000000E+00
0.458177E+01  0.162095E+02  0.000000E+00
0.463639E+01  0.164087E+02  0.000000E+00
0.469097E+01  0.166077E+02  0.000000E+00
0.474550E+01  0.168064E+02  0.000000E+00
0.480000E+01  0.170048E+02  0.000000E+00
0.485445E+01  0.172029E+02  0.000000E+00
0.490886E+01  0.174007E+02  0.000000E+00
0.496324E+01  0.175984E+02  0.000000E+00
0.501757E+01  0.177957E+02  0.000000E+00
0.507187E+01  0.179929E+02  0.000000E+00
0.512612E+01  0.181898E+02  0.000000E+00
0.518035E+01  0.183864E+02  0.000000E+00
0.523454E+01  0.185829E+02  0.000000E+00
0.528869E+01  0.187791E+02  0.000000E+00
0.534281E+01  0.189752E+02  0.000000E+00
0.539689E+01  0.191710E+02  0.000000E+00
0.545094E+01  0.193667E+02  0.000000E+00
0.550496E+01  0.195622E+02  0.000000E+00
0.555895E+01  0.197574E+02  0.000000E+00
0.561291E+01  0.199526E+02  0.000000E+00
0.566684E+01  0.201475E+02  0.000000E+00
0.572074E+01  0.203423E+02  0.000000E+00
0.577461E+01  0.205369E+02  0.000000E+00
0.582845E+01  0.207313E+02  0.000000E+00
0.588226E+01  0.209256E+02  0.000000E+00
0.593605E+01  0.211198E+02  0.000000E+00
0.598981E+01  0.213138E+02  0.000000E+00
0.604354E+01  0.215077E+02  0.000000E+00
0.609725E+01  0.217014E+02  0.000000E+00
0.615094E+01  0.218950E+02  0.000000E+00
0.620460E+01  0.220884E+02  0.000000E+00
0.625823E+01  0.222818E+02  0.000000E+00
0.631185E+01  0.224750E+02  0.000000E+00
0.636544E+01  0.226681E+02  0.000000E+00
0.641901E+01  0.228610E+02  0.000000E+00
0.647255E+01  0.230539E+02  0.000000E+00
0.652608E+01  0.232466E+02  0.000000E+00
