0.105263E+01  0.741635E+00  0.621340E+01
0.110603E+01  0.142559E+01  0.509955E+01
0.116010E+01  0.206041E+01  0.000000E+00
0.121476E+01  0.265330E+01  0.000000E+00
0.126991E+01  0.321026E+01  0.000000E+00
0.132550E+01  0.373636E+01  0.000000E+00
0.138145E+01  0.423582E+01  0.000000E+00
0.143770E+01  0.471223E+01  0.000000E+00
0.149419E+01  0.516859E+01  0.000000E+00
0.155090E+01  0.560747E+01  0.000000E+00
0.160776E+01  0.603103E+01  0.000000E+00
0.166476E+01  0.644113E+01  0.000000E+00
0.172185E+01  0.683934E+01  0.000000E+00
0.177901E+01  0.722703E+01  0.000000E+00
0.183623E+01  0.760536E+01  0.000000E+00
0.189347E+01  0.797534E+01  0.000000E+00
0.195073E+01  0.833783E+01  0.000000E+00
0.200799E+01  0.869361E+01  0.000000E+00
0.206524E+01  0.904333E+01  0.000000E+00
0.212247E+01  0.938758E+01  0.000000E+00
0.217966E+01  0.972684E+01  0.000000E+00
0.223682E+01  0.100616E+02  0.000000E+00
0.229393E+01  0.103922E+02  0.000000E+00
0.235099E+01  0.107191E+02  0.000000E+00
0.240800E+01  0.110424E+02  0.000000E+00
0.246495E+01  0.113626E+02  0.000000E+00
0.252184E+01  0.116799E+02  0.000000E+00
0.257867E+01  0.119944E+02  0.000000E+00
0.263543E+01  0.123064E+02  0.000000E+00
0.269212E+01  0.126161E+02  0.000000E+00
0.274875E+01  0.129236E+02  0.000000E+00
0.280531E+01  0.132290E+02  0.000000E+00
0.286181E+01  0.135326E+02  0.000000E+00
0.291823E+01  0.138344E+02  0.000000E+00
0.297459E+01  0.141345E+02  0.000000E+00
0.303087E+01  0.144331E+02  0.000000E+00
0.308709E+01  0.147301E+02  0.000000E+00
0.314324E+01  0.150258E+02  0.000000E+00
0.319932E+01  0.153202E+02  0.000000E+00
0.325534E+01  0.156133E+02  0.000000E+00
0.331129E+01  0.159053E+02  0.000000E+00
0.336717E+01  0.161961E+02  0.000000E+00
0.342299E+01  0.164859E+02  0.000000E+00
0.347874E+01  0.167747E+02  0.000000E+00
0.353443E+01  0.170626E+02  0.000000E+00
0.359006E+01  0.173495E+02  0.000000E+00
0.364563E+01  0.176355E+02  0.000000E+00
0.370113E+01  0.179207E+02  0.000000E+00
0.375658E+01  0.182052E+02  0.000000E+00
0.381197E+01  0.184888E+02  0.000000E+00
0.386730E+01  0.187718E+02  0.000000E+00
0.392257E+01  0.190540E+02  0.000000E+00
0.397779E+01  0.193356E+02  0.000000E+00
0.403295E+01  0.196166E+02  0.000000E+00
0.408806E+01  0.198969E+02  0.000000E+00
0.414311E+01  0.201766E+02  0.000000E+00
0.419812E+01  0.204558E+02  0.000000E+00
0.425307E+01  0.207344E+02  0.000000E+00
0.430797E+01  0.210125E+02  0.000000E+00
0.436283E+01  0.212901E+02  0.000000E+00
0.441763E+01  0.215672E+02  0.000000E+00
0.447239E+01  0.218438E+02  0.000000E+00
0.452710E+01  0.221200E+02  0.000000E+00
0.458177E+01  0.223957E+02  0.000000E+00
0.463639E+01  0.226710E+02  0.000000E+00
0.469097E+01  0.229459E+02  0.000000E+00
0.474550E+01  0.232204E+02  0.000000E+00
0.480000E+01  0.234945E+02  0.000000E+00
0.485445E+01  0.237683E+02  0.000000E+00
0.490886E+01  0.240417E+02  0.000000E+00
0.496324E+01  0.243147E+02  0.000000E+00
0.501757E+01  0.245874E+02  0.000000E+00
0.507187E+01  0.248597E+02  0.000000E+00
0.512612E+01  0.251318E+02  0.000000E+00
0.518035E+01  0.254035E+02  0.000000E+00
0.523454E+01  0.256750E+02  0.000000E+00
0.528869E+01  0.259461E+02  0.000000E+00
0.534281E+01  0.262170E+02  0.000000E+00
0.539689E+01  0.264876E+02  0.000000E+00
0.545094E+01  0.267579E+02  0.000000E+00
0.550496E+01  0.270280E+02  0.000000E+00
0.555895E+01  0.272978E+02  0.000000E+00
0.561291E+01  0.275674E+02  0.000000E+00
0.566684E+01  0.278367E+02  0.000000E+00
0.572074E+01  0.281058E+02  0.000000E+00
0.577461E+01  0.283747E+02  0.000000E+00
0.582845E+01  0.286434E+02  0.000000E+00
0.588226E+01  0.289118E+02  0.000000E+00
0.593605E+01  0.291800E+02  0.000000E+00
0.598981E+01  0.294481E+02  0.000000E+00
0.604354E+01  0.297159E+02  0.000000E+00
0.609725E+01  0.299836E+02  0.000000E+00
0.615094E+01  0.302511E+02  0.000000E+00
0.620460E+01  0.305184E+02  0.000000E+00
0.625823E+01  0.307855E+02  0.000000E+00
0.631185E+01  0.310524E+02  0.000000E+00
0.636544E+01  0.313192E+02  0.000000E+00
0.641901E+01  0.315858E+02  0.000000E+00
0.647255E+01  0.318523E+02  0.000000E+00
0.652608E+01  0.321186E+02  0.000000E+00
