0.105263E+01  0.202756E+00  0.169868E+01
0.110603E+01  0.389742E+00  0.139417E+01
0.116010E+01  0.563296E+00  0.000000E+00
0.121476E+01  0.725385E+00  0.000000E+00
0.126991E+01  0.877654E+00  0.000000E+00
0.132550E+01  0.102148E+01  0.000000E+00
0.138145E+01  0.115803E+01  0.000000E+00
0.143770E+01  0.128828E+01  0.000000E+00
0.149419E+01  0.141304E+01  0.000000E+00
0.155090E+01  0.153303E+01  0.000000E+00
0.160776E+01  0.164882E+01  0.000000E+00
0.166476E+01  0.176094E+01  0.000000E+00
0.172185E+01  0.186981E+01  0.000000E+00
0.177901E+01  0.197580E+01  0.000000E+00
0.183623E+01  0.207923E+01  0.000000E+00
0.189347E+01  0.218038E+01  0.000000E+00
0.195073E+01  0.227948E+01  0.000000E+00
0.200799E+01  0.237675E+01  0.000000E+00
0.206524E+01  0.247236E+01  0.000000E+00
0.212247E+01  0.256647E+01  0.000000E+00
0.217966E+01  0.265922E+01  0.000000E+00
0.223682E+01  0.275074E+01  0.000000E+00
0.229393E+01  0.284113E+01  0.000000E+00
0.235099E+01  0.293048E+01  0.000000E+00
0.240800E+01  0.301889E+01  0.000000E+00
0.246495E+01  0.310643E+01  0.000000E+00
0.252184E+01  0.319316E+01  0.000000E+00
0.257867E+01  0.327915E+01  0.000000E+00
0.263543E+01  0.336445E+01  0.000000E+00
0.269212E+01  0.344911E+01  0.000000E+00
0.274875E+01  0.353318E+01  0.000000E+00
0.280531E+01  0.361669E+01  0.000000E+00
0.286181E+01  0.369968E+01  0.000000E+00
0.291823E+01  0.378218E+01  0.000000E+00
0.297459E+01  0.386423E+01  0.000000E+00
0.303087E+01  0.394585E+01  0.000000E+00
0.308709E+01  0.402707E+01  0.000000E+00
0.314324E+01  0.410791E+01  0.000000E+00
0.319932E+01  0.418839E+01  0.000000E+00
0.325534E+01  0.426853E+01  0.000000E+00
0.331129E+01  0.434835E+01  0.000000E+00
0.336717E+01  0.442786E+01  0.000000E+00
0.342299E+01  0.450709E+01  0.000000E+00
0.347874E+01  0.458604E+01  0.000000E+00
0.353443E+01  0.466473E+01  0.000000E+00
0.359006E+01  0.474317E+01  0.000000E+00
0.364563E+01  0.482138E+01  0.000000E+00
0.370113E+01  0.489935E+01  0.000000E+00
0.375658E+01  0.497711E+01  0.000000E+00
0.381197E+01  0.505467E+01  0.000000E+00
0.386730E+01  0.513202E+01  0.000000E+00
0.392257E+01  0.520918E+01  0.000000E+00
0.397779E+01  0.528617E+01  0.000000E+00
0.403295E+01  0.536297E+01  0.000000E+00
0.408806E+01  0.543961E+01  0.000000E+00
0.414311E+01  0.551609E+01  0.000000E+00
0.419812E+01  0.559241E+01  0.000000E+00
0.425307E+01  0.566859E+01  0.000000E+00
0.430797E+01  0.574461E+01  0.000000E+00
0.436283E+01  0.582050E+01  0.000000E+00
0.441763E+01  0.589626E+01  0.000000E+00
0.447239E+01  0.597189E+01  0.000000E+00
0.452710E+01  0.604739E+01  0.000000E+00
0.458177E+01  0.612277E+01  0.000000E+00
0.463639E+01  0.619804E+01  0.000000E+00
0.469097E+01  0.627319E+01  0.000000E+00
0.474550E+01  0.634823E+01  0.000000E+00
0.480000E+01  0.642317E+01  0.000000E+00
0.485445E+01  0.649801E+01  0.000000E+00
0.490886E+01  0.657275E+01  0.000000E+00
0.496324E+01  0.664739E+01  0.000000E+00
0.501757E+01  0.672194E+01  0.000000E+00
0.507187E+01  0.679641E+01  0.000000E+00
0.512612E+01  0.687078E+01  0.000000E+00
0.518035E+01  0.694507E+01  0.000000E+00
0.523454E+01  0.701928E+01  0.000000E+00
0.528869E+01  0.709341E+01  0.000000E+00
0.534281E+01  0.716746E+01  0.000000E+00
0.539689E+01  0.724144E+01  0.000000E+00
0.545094E+01  0.731534E+01  0.000000E+00
0.550496E+01  0.738918E+01  0.000000E+00
0.555895E+01  0.746294E+01  0.000000E+00
0.561291E+01  0.753664E+01  0.000000E+00
0.566684E+01  0.761028E+01  0.000000E+00
0.572074E+01  0.768385E+01  0.000000E+00
0.577461E+01  0.775736E+01  0.000000E+00
0.582845E+01  0.783081E+01  0.000000E+00
0.588226E+01  0.790420E+01  0.000000E+00
0.593605E+01  0.797753E+01  0.000000E+00
0.598981E+01  0.805082E+01  0.000000E+00
0.604354E+01  0.812404E+01  0.000000E+00
0.609725E+01  0.819722E+01  0.000000E+00
0.615094E+01  0.827034E+01  0.000000E+00
0.620460E+01  0.834342E+01  0.000000E+00
0.625823E+01  0.841645E+01  0.000000E+00
0.631185E+01  0.848943E+01  0.000000E+00
0.636544E+01  0.856236E+01  0.000000E+00
0.641901E+01  0.863525E+01  0.000000E+00
0.647255E+01  0.870810E+01  0.000000E+00
0.652608E+01  0.878090E+01  0.000000E+00
