0.105263E+01  0.341230E+00  0.285882E+01
0.110603E+01  0.655922E+00  0.234633E+01
0.116010E+01  0.948006E+00  0.000000E+00
0.121476E+01  0.122080E+01  0.000000E+00
0.126991E+01  0.147706E+01  0.000000E+00
0.132550E+01  0.171912E+01  0.000000E+00
0.138145E+01  0.194892E+01  0.000000E+00
0.143770E+01  0.216812E+01  0.000000E+00
0.149419E+01  0.237810E+01  0.000000E+00
0.155090E+01  0.258003E+01  0.000000E+00
0.160776E+01  0.277491E+01  0.000000E+00
0.166476E+01  0.296360E+01  0.000000E+00
0.172185E+01  0.314682E+01  0.000000E+00
0.177901E+01  0.332520E+01  0.000000E+00
0.183623E+01  0.349927E+01  0.000000E+00
0.189347E+01  0.366949E+01  0.000000E+00
0.195073E+01  0.383628E+01  0.000000E+00
0.200799E+01  0.399998E+01  0.000000E+00
0.206524E+01  0.416089E+01  0.000000E+00
0.212247E+01  0.431927E+01  0.000000E+00
0.217966E+01  0.447537E+01  0.000000E+00
0.223682E+01  0.462939E+01  0.000000E+00
0.229393E+01  0.478151E+01  0.000000E+00
0.235099E+01  0.493190E+01  0.000000E+00
0.240800E+01  0.508069E+01  0.000000E+00
0.246495E+01  0.522801E+01  0.000000E+00
0.252184E+01  0.537397E+01  0.000000E+00
0.257867E+01  0.551869E+01  0.000000E+00
0.263543E+01  0.566225E+01  0.000000E+00
0.269212E+01  0.580473E+01  0.000000E+00
0.274875E+01  0.594621E+01  0.000000E+00
0.280531E+01  0.608675E+01  0.000000E+00
0.286181E+01  0.622642E+01  0.000000E+00
0.291823E+01  0.636528E+01  0.000000E+00
0.297459E+01  0.650336E+01  0.000000E+00
0.303087E+01  0.664073E+01  0.000000E+00
0.308709E+01  0.677741E+01  0.000000E+00
0.314324E+01  0.691346E+01  0.000000E+00
0.319932E+01  0.704890E+01  0.000000E+00
0.325534E+01  0.718378E+01  0.000000E+00
0.331129E+01  0.731811E+01  0.000000E+00
0.336717E+01  0.745193E+01  0.000000E+00
0.342299E+01  0.758527E+01  0.000000E+00
0.347874E+01  0.771814E+01  0.000000E+00
0.353443E+01  0.785057E+01  0.000000E+00
0.359006E+01  0.798258E+01  0.000000E+00
0.364563E+01  0.811420E+01  0.000000E+00
0.370113E+01  0.824543E+01  0.000000E+00
0.375658E+01  0.837630E+01  0.000000E+00
0.381197E+01  0.850682E+01  0.000000E+00
0.386730E+01  0.863700E+01  0.000000E+00
0.392257E+01  0.876686E+01  0.000000E+00
0.397779E+01  0.889642E+01  0.000000E+00
0.403295E+01  0.902569E+01  0.000000E+00
0.408806E+01  0.915467E+01  0.000000E+00
0.414311E+01  0.928338E+01  0.000000E+00
0.419812E+01  0.941182E+01  0.000000E+00
0.425307E+01  0.954002E+01  0.000000E+00
0.430797E+01  0.966797E+01  0.000000E+00
0.436283E+01  0.979569E+01  0.000000E+00
0.441763E+01  0.992319E+01  0.000000E+00
0.447239E+01  0.100505E+02  0.000000E+00
0.452710E+01  0.101775E+02  0.000000E+00
0.458177E+01  0.103044E+02  0.000000E+00
0.463639E+01  0.104311E+02  0.000000E+00
0.469097E+01  0.105575E+02  0.000000E+00
0.474550E+01  0.106838E+02  0.000000E+00
0.480000E+01  0.108100E+02  0.000000E+00
0.485445E+01  0.109359E+02  0.000000E+00
0.490886E+01  0.110617E+02  0.000000E+00
0.496324E+01  0.111873E+02  0.000000E+00
0.501757E+01  0.113128E+02  0.000000E+00
0.507187E+01  0.114381E+02  0.000000E+00
0.512612E+01  0.115633E+02  0.000000E+00
0.518035E+01  0.116883E+02  0.000000E+00
0.523454E+01  0.118132E+02  0.000000E+00
0.528869E+01  0.119379E+02  0.000000E+00
0.534281E+01  0.120626E+02  0.000000E+00
0.539689E+01  0.121871E+02  0.000000E+00
0.545094E+01  0.123115E+02  0.000000E+00
0.550496E+01  0.124357E+02  0.000000E+00
0.555895E+01  0.125599E+02  0.000000E+00
0.561291E+01  0.126839E+02  0.000000E+00
0.566684E+01  0.128078E+02  0.000000E+00
0.572074E+01  0.129316E+02  0.000000E+00
0.577461E+01  0.130553E+02  0.000000E+00
0.582845E+01  0.131790E+02  0.000000E+00
0.588226E+01  0.133025E+02  0.000000E+00
0.593605E+01  0.134259E+02  0.000000E+00
0.598981E+01  0.135492E+02  0.000000E+00
0.604354E+01  0.136725E+02  0.000000E+00
0.609725E+01  0.137956E+02  0.000000E+00
0.615094E+01  0.139187E+02  0.000000E+00
0.620460E+01  0.140417E+02  0.000000E+00
0.625823E+01  0.141646E+02  0.000000E+00
0.631185E+01  0.142874E+02  0.000000E+00
0.636544E+01  0.144101E+02  0.000000E+00
0.641901E+01  0.145328E+02  0.000000E+00
0.647255E+01  0.146554E+02  0.000000E+00
0.652608E+01  0.147779E+02  0.000000E+00
