0.105263E+01  0.750947E+00  0.629141E+01
0.110603E+01  0.144349E+01  0.516359E+01
0.116010E+01  0.208628E+01  0.000000E+00
0.121476E+01  0.268661E+01  0.000000E+00
0.126991E+01  0.325057E+01  0.000000E+00
0.132550E+01  0.378327E+01  0.000000E+00
0.138145E+01  0.428901E+01  0.000000E+00
0.143770E+01  0.477139E+01  0.000000E+00
0.149419E+01  0.523349E+01  0.000000E+00
0.155090E+01  0.567787E+01  0.000000E+00
0.160776E+01  0.610675E+01  0.000000E+00
0.166476E+01  0.652200E+01  0.000000E+00
0.172185E+01  0.692522E+01  0.000000E+00
0.177901E+01  0.731777E+01  0.000000E+00
0.183623E+01  0.770085E+01  0.000000E+00
0.189347E+01  0.807547E+01  0.000000E+00
0.195073E+01  0.844252E+01  0.000000E+00
0.200799E+01  0.880277E+01  0.000000E+00
0.206524E+01  0.915688E+01  0.000000E+00
0.212247E+01  0.950544E+01  0.000000E+00
0.217966E+01  0.984897E+01  0.000000E+00
0.223682E+01  0.101879E+02  0.000000E+00
0.229393E+01  0.105227E+02  0.000000E+00
0.235099E+01  0.108536E+02  0.000000E+00
0.240800E+01  0.111811E+02  0.000000E+00
0.246495E+01  0.115053E+02  0.000000E+00
0.252184E+01  0.118265E+02  0.000000E+00
0.257867E+01  0.121450E+02  0.000000E+00
0.263543E+01  0.124609E+02  0.000000E+00
0.269212E+01  0.127745E+02  0.000000E+00
0.274875E+01  0.130858E+02  0.000000E+00
0.280531E+01  0.133951E+02  0.000000E+00
0.286181E+01  0.137025E+02  0.000000E+00
0.291823E+01  0.140081E+02  0.000000E+00
0.297459E+01  0.143120E+02  0.000000E+00
0.303087E+01  0.146143E+02  0.000000E+00
0.308709E+01  0.149151E+02  0.000000E+00
0.314324E+01  0.152145E+02  0.000000E+00
0.319932E+01  0.155126E+02  0.000000E+00
0.325534E+01  0.158094E+02  0.000000E+00
0.331129E+01  0.161050E+02  0.000000E+00
0.336717E+01  0.163995E+02  0.000000E+00
0.342299E+01  0.166929E+02  0.000000E+00
0.347874E+01  0.169853E+02  0.000000E+00
0.353443E+01  0.172768E+02  0.000000E+00
0.359006E+01  0.175673E+02  0.000000E+00
0.364563E+01  0.178569E+02  0.000000E+00
0.370113E+01  0.181458E+02  0.000000E+00
0.375658E+01  0.184338E+02  0.000000E+00
0.381197E+01  0.187210E+02  0.000000E+00
0.386730E+01  0.190075E+02  0.000000E+00
0.392257E+01  0.192933E+02  0.000000E+00
0.397779E+01  0.195784E+02  0.000000E+00
0.403295E+01  0.198629E+02  0.000000E+00
0.408806E+01  0.201467E+02  0.000000E+00
0.414311E+01  0.204300E+02  0.000000E+00
0.419812E+01  0.207126E+02  0.000000E+00
0.425307E+01  0.209948E+02  0.000000E+00
0.430797E+01  0.212763E+02  0.000000E+00
0.436283E+01  0.215574E+02  0.000000E+00
0.441763E+01  0.218380E+02  0.000000E+00
0.447239E+01  0.221181E+02  0.000000E+00
0.452710E+01  0.223977E+02  0.000000E+00
0.458177E+01  0.226769E+02  0.000000E+00
0.463639E+01  0.229557E+02  0.000000E+00
0.469097E+01  0.232340E+02  0.000000E+00
0.474550E+01  0.235120E+02  0.000000E+00
0.480000E+01  0.237895E+02  0.000000E+00
0.485445E+01  0.240667E+02  0.000000E+00
0.490886E+01  0.243435E+02  0.000000E+00
0.496324E+01  0.246200E+02  0.000000E+00
0.501757E+01  0.248961E+02  0.000000E+00
0.507187E+01  0.251719E+02  0.000000E+00
0.512612E+01  0.254473E+02  0.000000E+00
0.518035E+01  0.257225E+02  0.000000E+00
0.523454E+01  0.259973E+02  0.000000E+00
0.528869E+01  0.262719E+02  0.000000E+00
0.534281E+01  0.265462E+02  0.000000E+00
0.539689E+01  0.268201E+02  0.000000E+00
0.545094E+01  0.270939E+02  0.000000E+00
0.550496E+01  0.273673E+02  0.000000E+00
0.555895E+01  0.276405E+02  0.000000E+00
0.561291E+01  0.279135E+02  0.000000E+00
0.566684E+01  0.281862E+02  0.000000E+00
0.572074E+01  0.284587E+02  0.000000E+00
0.577461E+01  0.287310E+02  0.000000E+00
0.582845E+01  0.290030E+02  0.000000E+00
0.588226E+01  0.292748E+02  0.000000E+00
0.593605E+01  0.295464E+02  0.000000E+00
0.598981E+01  0.298178E+02  0.000000E+00
0.604354E+01  0.300890E+02  0.000000E+00
0.609725E+01  0.303601E+02  0.000000E+00
0.615094E+01  0.306309E+02  0.000000E+00
0.620460E+01  0.309015E+02  0.000000E+00
0.625823E+01  0.311720E+02  0.000000E+00
0.631185E+01  0.314423E+02  0.000000E+00
0.636544E+01  0.317124E+02  0.000000E+00
0.641901E+01  0.319824E+02  0.000000E+00
0.647255E+01  0.322522E+02  0.000000E+00
0.652608E+01  0.325219E+02  0.000000E+00
