0.105263E+01  0.592647E+00  0.496518E+01
0.110603E+01  0.113920E+01  0.407510E+01
0.116010E+01  0.164649E+01  0.000000E+00
0.121476E+01  0.212027E+01  0.000000E+00
0.126991E+01  0.256535E+01  0.000000E+00
0.132550E+01  0.298576E+01  0.000000E+00
0.138145E+01  0.338488E+01  0.000000E+00
0.143770E+01  0.376558E+01  0.000000E+00
0.149419E+01  0.413027E+01  0.000000E+00
0.155090E+01  0.448098E+01  0.000000E+00
0.160776E+01  0.481945E+01  0.000000E+00
0.166476E+01  0.514716E+01  0.000000E+00
0.172185E+01  0.546538E+01  0.000000E+00
0.177901E+01  0.577519E+01  0.000000E+00
0.183623E+01  0.607751E+01  0.000000E+00
0.189347E+01  0.637316E+01  0.000000E+00
0.195073E+01  0.666284E+01  0.000000E+00
0.200799E+01  0.694714E+01  0.000000E+00
0.206524E+01  0.722661E+01  0.000000E+00
0.212247E+01  0.750170E+01  0.000000E+00
0.217966E+01  0.777281E+01  0.000000E+00
0.223682E+01  0.804031E+01  0.000000E+00
0.229393E+01  0.830451E+01  0.000000E+00
0.235099E+01  0.856570E+01  0.000000E+00
0.240800E+01  0.882411E+01  0.000000E+00
0.246495E+01  0.907998E+01  0.000000E+00
0.252184E+01  0.933350E+01  0.000000E+00
0.257867E+01  0.958484E+01  0.000000E+00
0.263543E+01  0.983417E+01  0.000000E+00
0.269212E+01  0.100816E+02  0.000000E+00
0.274875E+01  0.103273E+02  0.000000E+00
0.280531E+01  0.105714E+02  0.000000E+00
0.286181E+01  0.108140E+02  0.000000E+00
0.291823E+01  0.110552E+02  0.000000E+00
0.297459E+01  0.112950E+02  0.000000E+00
0.303087E+01  0.115336E+02  0.000000E+00
0.308709E+01  0.117710E+02  0.000000E+00
0.314324E+01  0.120073E+02  0.000000E+00
0.319932E+01  0.122425E+02  0.000000E+00
0.325534E+01  0.124768E+02  0.000000E+00
0.331129E+01  0.127101E+02  0.000000E+00
0.336717E+01  0.129425E+02  0.000000E+00
0.342299E+01  0.131741E+02  0.000000E+00
0.347874E+01  0.134048E+02  0.000000E+00
0.353443E+01  0.136348E+02  0.000000E+00
0.359006E+01  0.138641E+02  0.000000E+00
0.364563E+01  0.140927E+02  0.000000E+00
0.370113E+01  0.143206E+02  0.000000E+00
0.375658E+01  0.145479E+02  0.000000E+00
0.381197E+01  0.147746E+02  0.000000E+00
0.386730E+01  0.150007E+02  0.000000E+00
0.392257E+01  0.152263E+02  0.000000E+00
0.397779E+01  0.154513E+02  0.000000E+00
0.403295E+01  0.156758E+02  0.000000E+00
0.408806E+01  0.158998E+02  0.000000E+00
0.414311E+01  0.161233E+02  0.000000E+00
0.419812E+01  0.163464E+02  0.000000E+00
0.425307E+01  0.165691E+02  0.000000E+00
0.430797E+01  0.167913E+02  0.000000E+00
0.436283E+01  0.170131E+02  0.000000E+00
0.441763E+01  0.172345E+02  0.000000E+00
0.447239E+01  0.174556E+02  0.000000E+00
0.452710E+01  0.176763E+02  0.000000E+00
0.458177E+01  0.178966E+02  0.000000E+00
0.463639E+01  0.181166E+02  0.000000E+00
0.469097E+01  0.183363E+02  0.000000E+00
0.474550E+01  0.185557E+02  0.000000E+00
0.480000E+01  0.187747E+02  0.000000E+00
0.485445E+01  0.189934E+02  0.000000E+00
0.490886E+01  0.192119E+02  0.000000E+00
0.496324E+01  0.194301E+02  0.000000E+00
0.501757E+01  0.196480E+02  0.000000E+00
0.507187E+01  0.198656E+02  0.000000E+00
0.512612E+01  0.200830E+02  0.000000E+00
0.518035E+01  0.203002E+02  0.000000E+00
0.523454E+01  0.205171E+02  0.000000E+00
0.528869E+01  0.207338E+02  0.000000E+00
0.534281E+01  0.209502E+02  0.000000E+00
0.539689E+01  0.211665E+02  0.000000E+00
0.545094E+01  0.213825E+02  0.000000E+00
0.550496E+01  0.215983E+02  0.000000E+00
0.555895E+01  0.218139E+02  0.000000E+00
0.561291E+01  0.220293E+02  0.000000E+00
0.566684E+01  0.222446E+02  0.000000E+00
0.572074E+01  0.224596E+02  0.000000E+00
0.577461E+01  0.226745E+02  0.000000E+00
0.582845E+01  0.228892E+02  0.000000E+00
0.588226E+01  0.231037E+02  0.000000E+00
0.593605E+01  0.233180E+02  0.000000E+00
0.598981E+01  0.235322E+02  0.000000E+00
0.604354E+01  0.237463E+02  0.000000E+00
0.609725E+01  0.239602E+02  0.000000E+00
0.615094E+01  0.241739E+02  0.000000E+00
0.620460E+01  0.243875E+02  0.000000E+00
0.625823E+01  0.246010E+02  0.000000E+00
0.631185E+01  0.248143E+02  0.000000E+00
0.636544E+01  0.250275E+02  0.000000E+00
0.641901E+01  0.252405E+02  0.000000E+00
0.647255E+01  0.254534E+02  0.000000E+00
0.652608E+01  0.256663E+02  0.000000E+00
