0.105263E+01  0.179101E+00  0.150050E+01
0.110603E+01  0.344272E+00  0.123151E+01
0.116010E+01  0.497578E+00  0.000000E+00
0.121476E+01  0.640757E+00  0.000000E+00
0.126991E+01  0.775261E+00  0.000000E+00
0.132550E+01  0.902310E+00  0.000000E+00
0.138145E+01  0.102293E+01  0.000000E+00
0.143770E+01  0.113798E+01  0.000000E+00
0.149419E+01  0.124819E+01  0.000000E+00
0.155090E+01  0.135417E+01  0.000000E+00
0.160776E+01  0.145646E+01  0.000000E+00
0.166476E+01  0.155550E+01  0.000000E+00
0.172185E+01  0.165166E+01  0.000000E+00
0.177901E+01  0.174529E+01  0.000000E+00
0.183623E+01  0.183665E+01  0.000000E+00
0.189347E+01  0.192600E+01  0.000000E+00
0.195073E+01  0.201354E+01  0.000000E+00
0.200799E+01  0.209946E+01  0.000000E+00
0.206524E+01  0.218392E+01  0.000000E+00
0.212247E+01  0.226705E+01  0.000000E+00
0.217966E+01  0.234898E+01  0.000000E+00
0.223682E+01  0.242982E+01  0.000000E+00
0.229393E+01  0.250966E+01  0.000000E+00
0.235099E+01  0.258860E+01  0.000000E+00
0.240800E+01  0.266669E+01  0.000000E+00
0.246495E+01  0.274401E+01  0.000000E+00
0.252184E+01  0.282063E+01  0.000000E+00
0.257867E+01  0.289658E+01  0.000000E+00
0.263543E+01  0.297193E+01  0.000000E+00
0.269212E+01  0.304672E+01  0.000000E+00
0.274875E+01  0.312097E+01  0.000000E+00
0.280531E+01  0.319474E+01  0.000000E+00
0.286181E+01  0.326805E+01  0.000000E+00
0.291823E+01  0.334093E+01  0.000000E+00
0.297459E+01  0.341341E+01  0.000000E+00
0.303087E+01  0.348550E+01  0.000000E+00
0.308709E+01  0.355725E+01  0.000000E+00
0.314324E+01  0.362865E+01  0.000000E+00
0.319932E+01  0.369974E+01  0.000000E+00
0.325534E+01  0.377053E+01  0.000000E+00
0.331129E+01  0.384104E+01  0.000000E+00
0.336717E+01  0.391128E+01  0.000000E+00
0.342299E+01  0.398126E+01  0.000000E+00
0.347874E+01  0.405100E+01  0.000000E+00
0.353443E+01  0.412051E+01  0.000000E+00
0.359006E+01  0.418980E+01  0.000000E+00
0.364563E+01  0.425888E+01  0.000000E+00
0.370113E+01  0.432776E+01  0.000000E+00
0.375658E+01  0.439645E+01  0.000000E+00
0.381197E+01  0.446495E+01  0.000000E+00
0.386730E+01  0.453328E+01  0.000000E+00
0.392257E+01  0.460145E+01  0.000000E+00
0.397779E+01  0.466945E+01  0.000000E+00
0.403295E+01  0.473729E+01  0.000000E+00
0.408806E+01  0.480499E+01  0.000000E+00
0.414311E+01  0.487255E+01  0.000000E+00
0.419812E+01  0.493996E+01  0.000000E+00
0.425307E+01  0.500725E+01  0.000000E+00
0.430797E+01  0.507441E+01  0.000000E+00
0.436283E+01  0.514144E+01  0.000000E+00
0.441763E+01  0.520836E+01  0.000000E+00
0.447239E+01  0.527517E+01  0.000000E+00
0.452710E+01  0.534186E+01  0.000000E+00
0.458177E+01  0.540845E+01  0.000000E+00
0.463639E+01  0.547493E+01  0.000000E+00
0.469097E+01  0.554132E+01  0.000000E+00
0.474550E+01  0.560761E+01  0.000000E+00
0.480000E+01  0.567380E+01  0.000000E+00
0.485445E+01  0.573991E+01  0.000000E+00
0.490886E+01  0.580593E+01  0.000000E+00
0.496324E+01  0.587186E+01  0.000000E+00
0.501757E+01  0.593772E+01  0.000000E+00
0.507187E+01  0.600349E+01  0.000000E+00
0.512612E+01  0.606919E+01  0.000000E+00
0.518035E+01  0.613481E+01  0.000000E+00
0.523454E+01  0.620036E+01  0.000000E+00
0.528869E+01  0.626584E+01  0.000000E+00
0.534281E+01  0.633126E+01  0.000000E+00
0.539689E+01  0.639660E+01  0.000000E+00
0.545094E+01  0.646189E+01  0.000000E+00
0.550496E+01  0.652711E+01  0.000000E+00
0.555895E+01  0.659227E+01  0.000000E+00
0.561291E+01  0.665737E+01  0.000000E+00
0.566684E+01  0.672241E+01  0.000000E+00
0.572074E+01  0.678740E+01  0.000000E+00
0.577461E+01  0.685233E+01  0.000000E+00
0.582845E+01  0.691721E+01  0.000000E+00
0.588226E+01  0.698204E+01  0.000000E+00
0.593605E+01  0.704682E+01  0.000000E+00
0.598981E+01  0.711155E+01  0.000000E+00
0.604354E+01  0.717624E+01  0.000000E+00
0.609725E+01  0.724088E+01  0.000000E+00
0.615094E+01  0.730547E+01  0.000000E+00
0.620460E+01  0.737002E+01  0.000000E+00
0.625823E+01  0.743453E+01  0.000000E+00
0.631185E+01  0.749899E+01  0.000000E+00
0.636544E+01  0.756342E+01  0.000000E+00
0.641901E+01  0.762780E+01  0.000000E+00
0.647255E+01  0.769215E+01  0.000000E+00
0.652608E+01  0.775646E+01  0.000000E+00
