0.105263E+01  0.713700E+00  0.597936E+01
0.110603E+01  0.137189E+01  0.490747E+01
0.116010E+01  0.198280E+01  0.000000E+00
0.121476E+01  0.255335E+01  0.000000E+00
0.126991E+01  0.308934E+01  0.000000E+00
0.132550E+01  0.359562E+01  0.000000E+00
0.138145E+01  0.407627E+01  0.000000E+00
0.143770E+01  0.453473E+01  0.000000E+00
0.149419E+01  0.497391E+01  0.000000E+00
0.155090E+01  0.539625E+01  0.000000E+00
0.160776E+01  0.580385E+01  0.000000E+00
0.166476E+01  0.619851E+01  0.000000E+00
0.172185E+01  0.658173E+01  0.000000E+00
0.177901E+01  0.695481E+01  0.000000E+00
0.183623E+01  0.731889E+01  0.000000E+00
0.189347E+01  0.767493E+01  0.000000E+00
0.195073E+01  0.802377E+01  0.000000E+00
0.200799E+01  0.836615E+01  0.000000E+00
0.206524E+01  0.870270E+01  0.000000E+00
0.212247E+01  0.903397E+01  0.000000E+00
0.217966E+01  0.936046E+01  0.000000E+00
0.223682E+01  0.968261E+01  0.000000E+00
0.229393E+01  0.100008E+02  0.000000E+00
0.235099E+01  0.103153E+02  0.000000E+00
0.240800E+01  0.106265E+02  0.000000E+00
0.246495E+01  0.109346E+02  0.000000E+00
0.252184E+01  0.112399E+02  0.000000E+00
0.257867E+01  0.115426E+02  0.000000E+00
0.263543E+01  0.118429E+02  0.000000E+00
0.269212E+01  0.121409E+02  0.000000E+00
0.274875E+01  0.124368E+02  0.000000E+00
0.280531E+01  0.127307E+02  0.000000E+00
0.286181E+01  0.130229E+02  0.000000E+00
0.291823E+01  0.133133E+02  0.000000E+00
0.297459E+01  0.136021E+02  0.000000E+00
0.303087E+01  0.138894E+02  0.000000E+00
0.308709E+01  0.141753E+02  0.000000E+00
0.314324E+01  0.144598E+02  0.000000E+00
0.319932E+01  0.147431E+02  0.000000E+00
0.325534E+01  0.150252E+02  0.000000E+00
0.331129E+01  0.153062E+02  0.000000E+00
0.336717E+01  0.155861E+02  0.000000E+00
0.342299E+01  0.158650E+02  0.000000E+00
0.347874E+01  0.161429E+02  0.000000E+00
0.353443E+01  0.164199E+02  0.000000E+00
0.359006E+01  0.166960E+02  0.000000E+00
0.364563E+01  0.169712E+02  0.000000E+00
0.370113E+01  0.172457E+02  0.000000E+00
0.375658E+01  0.175194E+02  0.000000E+00
0.381197E+01  0.177924E+02  0.000000E+00
0.386730E+01  0.180647E+02  0.000000E+00
0.392257E+01  0.183363E+02  0.000000E+00
0.397779E+01  0.186073E+02  0.000000E+00
0.403295E+01  0.188777E+02  0.000000E+00
0.408806E+01  0.191474E+02  0.000000E+00
0.414311E+01  0.194166E+02  0.000000E+00
0.419812E+01  0.196853E+02  0.000000E+00
0.425307E+01  0.199534E+02  0.000000E+00
0.430797E+01  0.202210E+02  0.000000E+00
0.436283E+01  0.204882E+02  0.000000E+00
0.441763E+01  0.207548E+02  0.000000E+00
0.447239E+01  0.210210E+02  0.000000E+00
0.452710E+01  0.212868E+02  0.000000E+00
0.458177E+01  0.215522E+02  0.000000E+00
0.463639E+01  0.218171E+02  0.000000E+00
0.469097E+01  0.220816E+02  0.000000E+00
0.474550E+01  0.223458E+02  0.000000E+00
0.480000E+01  0.226096E+02  0.000000E+00
0.485445E+01  0.228730E+02  0.000000E+00
0.490886E+01  0.231361E+02  0.000000E+00
0.496324E+01  0.233988E+02  0.000000E+00
0.501757E+01  0.236612E+02  0.000000E+00
0.507187E+01  0.239233E+02  0.000000E+00
0.512612E+01  0.241851E+02  0.000000E+00
0.518035E+01  0.244467E+02  0.000000E+00
0.523454E+01  0.247079E+02  0.000000E+00
0.528869E+01  0.249688E+02  0.000000E+00
0.534281E+01  0.252295E+02  0.000000E+00
0.539689E+01  0.254899E+02  0.000000E+00
0.545094E+01  0.257500E+02  0.000000E+00
0.550496E+01  0.260099E+02  0.000000E+00
0.555895E+01  0.262696E+02  0.000000E+00
0.561291E+01  0.265290E+02  0.000000E+00
0.566684E+01  0.267882E+02  0.000000E+00
0.572074E+01  0.270471E+02  0.000000E+00
0.577461E+01  0.273059E+02  0.000000E+00
0.582845E+01  0.275644E+02  0.000000E+00
0.588226E+01  0.278228E+02  0.000000E+00
0.593605E+01  0.280809E+02  0.000000E+00
0.598981E+01  0.283389E+02  0.000000E+00
0.604354E+01  0.285966E+02  0.000000E+00
0.609725E+01  0.288542E+02  0.000000E+00
0.615094E+01  0.291116E+02  0.000000E+00
0.620460E+01  0.293688E+02  0.000000E+00
0.625823E+01  0.296259E+02  0.000000E+00
0.631185E+01  0.298828E+02  0.000000E+00
0.636544E+01  0.301395E+02  0.000000E+00
0.641901E+01  0.303961E+02  0.000000E+00
0.647255E+01  0.306525E+02  0.000000E+00
0.652608E+01  0.309088E+02  0.000000E+00
