0.105263E+01  0.135170E+00  0.113245E+01
0.110603E+01  0.259828E+00  0.929445E+00
0.116010E+01  0.375531E+00  0.000000E+00
0.121476E+01  0.483590E+00  0.000000E+00
0.126991E+01  0.585103E+00  0.000000E+00
0.132550E+01  0.680989E+00  0.000000E+00
0.138145E+01  0.772021E+00  0.000000E+00
0.143770E+01  0.858851E+00  0.000000E+00
0.149419E+01  0.942028E+00  0.000000E+00
0.155090E+01  0.102202E+01  0.000000E+00
0.160776E+01  0.109921E+01  0.000000E+00
0.166476E+01  0.117396E+01  0.000000E+00
0.172185E+01  0.124654E+01  0.000000E+00
0.177901E+01  0.131720E+01  0.000000E+00
0.183623E+01  0.138615E+01  0.000000E+00
0.189347E+01  0.145359E+01  0.000000E+00
0.195073E+01  0.151965E+01  0.000000E+00
0.200799E+01  0.158450E+01  0.000000E+00
0.206524E+01  0.164824E+01  0.000000E+00
0.212247E+01  0.171098E+01  0.000000E+00
0.217966E+01  0.177281E+01  0.000000E+00
0.223682E+01  0.183383E+01  0.000000E+00
0.229393E+01  0.189409E+01  0.000000E+00
0.235099E+01  0.195366E+01  0.000000E+00
0.240800E+01  0.201260E+01  0.000000E+00
0.246495E+01  0.207095E+01  0.000000E+00
0.252184E+01  0.212878E+01  0.000000E+00
0.257867E+01  0.218610E+01  0.000000E+00
0.263543E+01  0.224297E+01  0.000000E+00
0.269212E+01  0.229941E+01  0.000000E+00
0.274875E+01  0.235545E+01  0.000000E+00
0.280531E+01  0.241113E+01  0.000000E+00
0.286181E+01  0.246645E+01  0.000000E+00
0.291823E+01  0.252146E+01  0.000000E+00
0.297459E+01  0.257616E+01  0.000000E+00
0.303087E+01  0.263057E+01  0.000000E+00
0.308709E+01  0.268471E+01  0.000000E+00
0.314324E+01  0.273861E+01  0.000000E+00
0.319932E+01  0.279226E+01  0.000000E+00
0.325534E+01  0.284569E+01  0.000000E+00
0.331129E+01  0.289890E+01  0.000000E+00
0.336717E+01  0.295191E+01  0.000000E+00
0.342299E+01  0.300473E+01  0.000000E+00
0.347874E+01  0.305736E+01  0.000000E+00
0.353443E+01  0.310982E+01  0.000000E+00
0.359006E+01  0.316211E+01  0.000000E+00
0.364563E+01  0.321425E+01  0.000000E+00
0.370113E+01  0.326624E+01  0.000000E+00
0.375658E+01  0.331808E+01  0.000000E+00
0.381197E+01  0.336978E+01  0.000000E+00
0.386730E+01  0.342135E+01  0.000000E+00
0.392257E+01  0.347279E+01  0.000000E+00
0.397779E+01  0.352411E+01  0.000000E+00
0.403295E+01  0.357532E+01  0.000000E+00
0.408806E+01  0.362641E+01  0.000000E+00
0.414311E+01  0.367739E+01  0.000000E+00
0.419812E+01  0.372828E+01  0.000000E+00
0.425307E+01  0.377906E+01  0.000000E+00
0.430797E+01  0.382974E+01  0.000000E+00
0.436283E+01  0.388034E+01  0.000000E+00
0.441763E+01  0.393084E+01  0.000000E+00
0.447239E+01  0.398126E+01  0.000000E+00
0.452710E+01  0.403159E+01  0.000000E+00
0.458177E+01  0.408185E+01  0.000000E+00
0.463639E+01  0.413202E+01  0.000000E+00
0.469097E+01  0.418213E+01  0.000000E+00
0.474550E+01  0.423216E+01  0.000000E+00
0.480000E+01  0.428212E+01  0.000000E+00
0.485445E+01  0.433201E+01  0.000000E+00
0.490886E+01  0.438183E+01  0.000000E+00
0.496324E+01  0.443160E+01  0.000000E+00
0.501757E+01  0.448130E+01  0.000000E+00
0.507187E+01  0.453094E+01  0.000000E+00
0.512612E+01  0.458052E+01  0.000000E+00
0.518035E+01  0.463005E+01  0.000000E+00
0.523454E+01  0.467952E+01  0.000000E+00
0.528869E+01  0.472894E+01  0.000000E+00
0.534281E+01  0.477831E+01  0.000000E+00
0.539689E+01  0.482763E+01  0.000000E+00
0.545094E+01  0.487690E+01  0.000000E+00
0.550496E+01  0.492612E+01  0.000000E+00
0.555895E+01  0.497530E+01  0.000000E+00
0.561291E+01  0.502443E+01  0.000000E+00
0.566684E+01  0.507352E+01  0.000000E+00
0.572074E+01  0.512256E+01  0.000000E+00
0.577461E+01  0.517157E+01  0.000000E+00
0.582845E+01  0.522054E+01  0.000000E+00
0.588226E+01  0.526947E+01  0.000000E+00
0.593605E+01  0.531836E+01  0.000000E+00
0.598981E+01  0.536721E+01  0.000000E+00
0.604354E+01  0.541603E+01  0.000000E+00
0.609725E+01  0.546481E+01  0.000000E+00
0.615094E+01  0.551356E+01  0.000000E+00
0.620460E+01  0.556228E+01  0.000000E+00
0.625823E+01  0.561096E+01  0.000000E+00
0.631185E+01  0.565962E+01  0.000000E+00
0.636544E+01  0.570824E+01  0.000000E+00
0.641901E+01  0.575683E+01  0.000000E+00
0.647255E+01  0.580540E+01  0.000000E+00
0.652608E+01  0.585393E+01  0.000000E+00
