0.105263E+01  0.359854E+00  0.301485E+01
0.110603E+01  0.691720E+00  0.247439E+01
0.116010E+01  0.999746E+00  0.000000E+00
0.121476E+01  0.128742E+01  0.000000E+00
0.126991E+01  0.155767E+01  0.000000E+00
0.132550E+01  0.181294E+01  0.000000E+00
0.138145E+01  0.205529E+01  0.000000E+00
0.143770E+01  0.228645E+01  0.000000E+00
0.149419E+01  0.250789E+01  0.000000E+00
0.155090E+01  0.272084E+01  0.000000E+00
0.160776E+01  0.292635E+01  0.000000E+00
0.166476E+01  0.312534E+01  0.000000E+00
0.172185E+01  0.331856E+01  0.000000E+00
0.177901E+01  0.350668E+01  0.000000E+00
0.183623E+01  0.369025E+01  0.000000E+00
0.189347E+01  0.386977E+01  0.000000E+00
0.195073E+01  0.404566E+01  0.000000E+00
0.200799E+01  0.421829E+01  0.000000E+00
0.206524E+01  0.438798E+01  0.000000E+00
0.212247E+01  0.455501E+01  0.000000E+00
0.217966E+01  0.471963E+01  0.000000E+00
0.223682E+01  0.488205E+01  0.000000E+00
0.229393E+01  0.504248E+01  0.000000E+00
0.235099E+01  0.520107E+01  0.000000E+00
0.240800E+01  0.535798E+01  0.000000E+00
0.246495E+01  0.551334E+01  0.000000E+00
0.252184E+01  0.566727E+01  0.000000E+00
0.257867E+01  0.581989E+01  0.000000E+00
0.263543E+01  0.597128E+01  0.000000E+00
0.269212E+01  0.612154E+01  0.000000E+00
0.274875E+01  0.627074E+01  0.000000E+00
0.280531E+01  0.641895E+01  0.000000E+00
0.286181E+01  0.656624E+01  0.000000E+00
0.291823E+01  0.671268E+01  0.000000E+00
0.297459E+01  0.685830E+01  0.000000E+00
0.303087E+01  0.700316E+01  0.000000E+00
0.308709E+01  0.714731E+01  0.000000E+00
0.314324E+01  0.729078E+01  0.000000E+00
0.319932E+01  0.743362E+01  0.000000E+00
0.325534E+01  0.757585E+01  0.000000E+00
0.331129E+01  0.771751E+01  0.000000E+00
0.336717E+01  0.785864E+01  0.000000E+00
0.342299E+01  0.799925E+01  0.000000E+00
0.347874E+01  0.813937E+01  0.000000E+00
0.353443E+01  0.827903E+01  0.000000E+00
0.359006E+01  0.841825E+01  0.000000E+00
0.364563E+01  0.855705E+01  0.000000E+00
0.370113E+01  0.869544E+01  0.000000E+00
0.375658E+01  0.883345E+01  0.000000E+00
0.381197E+01  0.897110E+01  0.000000E+00
0.386730E+01  0.910839E+01  0.000000E+00
0.392257E+01  0.924534E+01  0.000000E+00
0.397779E+01  0.938197E+01  0.000000E+00
0.403295E+01  0.951829E+01  0.000000E+00
0.408806E+01  0.965431E+01  0.000000E+00
0.414311E+01  0.979004E+01  0.000000E+00
0.419812E+01  0.992550E+01  0.000000E+00
0.425307E+01  0.100607E+02  0.000000E+00
0.430797E+01  0.101956E+02  0.000000E+00
0.436283E+01  0.103303E+02  0.000000E+00
0.441763E+01  0.104648E+02  0.000000E+00
0.447239E+01  0.105990E+02  0.000000E+00
0.452710E+01  0.107330E+02  0.000000E+00
0.458177E+01  0.108668E+02  0.000000E+00
0.463639E+01  0.110004E+02  0.000000E+00
0.469097E+01  0.111337E+02  0.000000E+00
0.474550E+01  0.112669E+02  0.000000E+00
0.480000E+01  0.113999E+02  0.000000E+00
0.485445E+01  0.115328E+02  0.000000E+00
0.490886E+01  0.116654E+02  0.000000E+00
0.496324E+01  0.117979E+02  0.000000E+00
0.501757E+01  0.119302E+02  0.000000E+00
0.507187E+01  0.120624E+02  0.000000E+00
0.512612E+01  0.121944E+02  0.000000E+00
0.518035E+01  0.123262E+02  0.000000E+00
0.523454E+01  0.124579E+02  0.000000E+00
0.528869E+01  0.125895E+02  0.000000E+00
0.534281E+01  0.127209E+02  0.000000E+00
0.539689E+01  0.128522E+02  0.000000E+00
0.545094E+01  0.129834E+02  0.000000E+00
0.550496E+01  0.131144E+02  0.000000E+00
0.555895E+01  0.132453E+02  0.000000E+00
0.561291E+01  0.133761E+02  0.000000E+00
0.566684E+01  0.135068E+02  0.000000E+00
0.572074E+01  0.136374E+02  0.000000E+00
0.577461E+01  0.137679E+02  0.000000E+00
0.582845E+01  0.138982E+02  0.000000E+00
0.588226E+01  0.140285E+02  0.000000E+00
0.593605E+01  0.141586E+02  0.000000E+00
0.598981E+01  0.142887E+02  0.000000E+00
0.604354E+01  0.144187E+02  0.000000E+00
0.609725E+01  0.145485E+02  0.000000E+00
0.615094E+01  0.146783E+02  0.000000E+00
0.620460E+01  0.148080E+02  0.000000E+00
0.625823E+01  0.149376E+02  0.000000E+00
0.631185E+01  0.150672E+02  0.000000E+00
0.636544E+01  0.151966E+02  0.000000E+00
0.641901E+01  0.153260E+02  0.000000E+00
0.647255E+01  0.154553E+02  0.000000E+00
0.652608E+01  0.155845E+02  0.000000E+00
