0.105263E+01  0.111516E+00  0.934275E+00
0.110603E+01  0.214358E+00  0.766793E+00
0.116010E+01  0.309813E+00  0.000000E+00
0.121476E+01  0.398962E+00  0.000000E+00
0.126991E+01  0.482710E+00  0.000000E+00
0.132550E+01  0.561816E+00  0.000000E+00
0.138145E+01  0.636917E+00  0.000000E+00
0.143770E+01  0.708552E+00  0.000000E+00
0.149419E+01  0.777173E+00  0.000000E+00
0.155090E+01  0.843164E+00  0.000000E+00
0.160776E+01  0.906852E+00  0.000000E+00
0.166476E+01  0.968517E+00  0.000000E+00
0.172185E+01  0.102839E+01  0.000000E+00
0.177901E+01  0.108669E+01  0.000000E+00
0.183623E+01  0.114358E+01  0.000000E+00
0.189347E+01  0.119921E+01  0.000000E+00
0.195073E+01  0.125371E+01  0.000000E+00
0.200799E+01  0.130721E+01  0.000000E+00
0.206524E+01  0.135980E+01  0.000000E+00
0.212247E+01  0.141156E+01  0.000000E+00
0.217966E+01  0.146257E+01  0.000000E+00
0.223682E+01  0.151291E+01  0.000000E+00
0.229393E+01  0.156262E+01  0.000000E+00
0.235099E+01  0.161177E+01  0.000000E+00
0.240800E+01  0.166039E+01  0.000000E+00
0.246495E+01  0.170854E+01  0.000000E+00
0.252184E+01  0.175624E+01  0.000000E+00
0.257867E+01  0.180353E+01  0.000000E+00
0.263543E+01  0.185045E+01  0.000000E+00
0.269212E+01  0.189701E+01  0.000000E+00
0.274875E+01  0.194325E+01  0.000000E+00
0.280531E+01  0.198918E+01  0.000000E+00
0.286181E+01  0.203482E+01  0.000000E+00
0.291823E+01  0.208020E+01  0.000000E+00
0.297459E+01  0.212533E+01  0.000000E+00
0.303087E+01  0.217022E+01  0.000000E+00
0.308709E+01  0.221489E+01  0.000000E+00
0.314324E+01  0.225935E+01  0.000000E+00
0.319932E+01  0.230361E+01  0.000000E+00
0.325534E+01  0.234769E+01  0.000000E+00
0.331129E+01  0.239159E+01  0.000000E+00
0.336717E+01  0.243533E+01  0.000000E+00
0.342299E+01  0.247890E+01  0.000000E+00
0.347874E+01  0.252232E+01  0.000000E+00
0.353443E+01  0.256560E+01  0.000000E+00
0.359006E+01  0.260874E+01  0.000000E+00
0.364563E+01  0.265176E+01  0.000000E+00
0.370113E+01  0.269464E+01  0.000000E+00
0.375658E+01  0.273741E+01  0.000000E+00
0.381197E+01  0.278007E+01  0.000000E+00
0.386730E+01  0.282261E+01  0.000000E+00
0.392257E+01  0.286505E+01  0.000000E+00
0.397779E+01  0.290739E+01  0.000000E+00
0.403295E+01  0.294964E+01  0.000000E+00
0.408806E+01  0.299179E+01  0.000000E+00
0.414311E+01  0.303385E+01  0.000000E+00
0.419812E+01  0.307583E+01  0.000000E+00
0.425307E+01  0.311772E+01  0.000000E+00
0.430797E+01  0.315954E+01  0.000000E+00
0.436283E+01  0.320128E+01  0.000000E+00
0.441763E+01  0.324294E+01  0.000000E+00
0.447239E+01  0.328454E+01  0.000000E+00
0.452710E+01  0.332606E+01  0.000000E+00
0.458177E+01  0.336752E+01  0.000000E+00
0.463639E+01  0.340892E+01  0.000000E+00
0.469097E+01  0.345025E+01  0.000000E+00
0.474550E+01  0.349153E+01  0.000000E+00
0.480000E+01  0.353275E+01  0.000000E+00
0.485445E+01  0.357391E+01  0.000000E+00
0.490886E+01  0.361501E+01  0.000000E+00
0.496324E+01  0.365607E+01  0.000000E+00
0.501757E+01  0.369707E+01  0.000000E+00
0.507187E+01  0.373802E+01  0.000000E+00
0.512612E+01  0.377893E+01  0.000000E+00
0.518035E+01  0.381979E+01  0.000000E+00
0.523454E+01  0.386060E+01  0.000000E+00
0.528869E+01  0.390137E+01  0.000000E+00
0.534281E+01  0.394210E+01  0.000000E+00
0.539689E+01  0.398279E+01  0.000000E+00
0.545094E+01  0.402344E+01  0.000000E+00
0.550496E+01  0.406405E+01  0.000000E+00
0.555895E+01  0.410462E+01  0.000000E+00
0.561291E+01  0.414515E+01  0.000000E+00
0.566684E+01  0.418565E+01  0.000000E+00
0.572074E+01  0.422612E+01  0.000000E+00
0.577461E+01  0.426655E+01  0.000000E+00
0.582845E+01  0.430694E+01  0.000000E+00
0.588226E+01  0.434731E+01  0.000000E+00
0.593605E+01  0.438764E+01  0.000000E+00
0.598981E+01  0.442795E+01  0.000000E+00
0.604354E+01  0.446822E+01  0.000000E+00
0.609725E+01  0.450847E+01  0.000000E+00
0.615094E+01  0.454869E+01  0.000000E+00
0.620460E+01  0.458888E+01  0.000000E+00
0.625823E+01  0.462905E+01  0.000000E+00
0.631185E+01  0.466918E+01  0.000000E+00
0.636544E+01  0.470930E+01  0.000000E+00
0.641901E+01  0.474939E+01  0.000000E+00
0.647255E+01  0.478945E+01  0.000000E+00
0.652608E+01  0.482950E+01  0.000000E+00
