0.105263E+01  0.229489E+00  0.192266E+01
0.110603E+01  0.441130E+00  0.157799E+01
0.116010E+01  0.637567E+00  0.000000E+00
0.121476E+01  0.821028E+00  0.000000E+00
0.126991E+01  0.993375E+00  0.000000E+00
0.132550E+01  0.115617E+01  0.000000E+00
0.138145E+01  0.131072E+01  0.000000E+00
0.143770E+01  0.145814E+01  0.000000E+00
0.149419E+01  0.159935E+01  0.000000E+00
0.155090E+01  0.173516E+01  0.000000E+00
0.160776E+01  0.186622E+01  0.000000E+00
0.166476E+01  0.199312E+01  0.000000E+00
0.172185E+01  0.211635E+01  0.000000E+00
0.177901E+01  0.223631E+01  0.000000E+00
0.183623E+01  0.235338E+01  0.000000E+00
0.189347E+01  0.246786E+01  0.000000E+00
0.195073E+01  0.258003E+01  0.000000E+00
0.200799E+01  0.269013E+01  0.000000E+00
0.206524E+01  0.279834E+01  0.000000E+00
0.212247E+01  0.290486E+01  0.000000E+00
0.217966E+01  0.300985E+01  0.000000E+00
0.223682E+01  0.311343E+01  0.000000E+00
0.229393E+01  0.321574E+01  0.000000E+00
0.235099E+01  0.331687E+01  0.000000E+00
0.240800E+01  0.341694E+01  0.000000E+00
0.246495E+01  0.351602E+01  0.000000E+00
0.252184E+01  0.361419E+01  0.000000E+00
0.257867E+01  0.371151E+01  0.000000E+00
0.263543E+01  0.380806E+01  0.000000E+00
0.269212E+01  0.390388E+01  0.000000E+00
0.274875E+01  0.399903E+01  0.000000E+00
0.280531E+01  0.409355E+01  0.000000E+00
0.286181E+01  0.418749E+01  0.000000E+00
0.291823E+01  0.428087E+01  0.000000E+00
0.297459E+01  0.437374E+01  0.000000E+00
0.303087E+01  0.446612E+01  0.000000E+00
0.308709E+01  0.455805E+01  0.000000E+00
0.314324E+01  0.464955E+01  0.000000E+00
0.319932E+01  0.474064E+01  0.000000E+00
0.325534E+01  0.483134E+01  0.000000E+00
0.331129E+01  0.492169E+01  0.000000E+00
0.336717E+01  0.501169E+01  0.000000E+00
0.342299E+01  0.510136E+01  0.000000E+00
0.347874E+01  0.519072E+01  0.000000E+00
0.353443E+01  0.527978E+01  0.000000E+00
0.359006E+01  0.536857E+01  0.000000E+00
0.364563E+01  0.545708E+01  0.000000E+00
0.370113E+01  0.554534E+01  0.000000E+00
0.375658E+01  0.563335E+01  0.000000E+00
0.381197E+01  0.572113E+01  0.000000E+00
0.386730E+01  0.580869E+01  0.000000E+00
0.392257E+01  0.589603E+01  0.000000E+00
0.397779E+01  0.598316E+01  0.000000E+00
0.403295E+01  0.607009E+01  0.000000E+00
0.408806E+01  0.615684E+01  0.000000E+00
0.414311E+01  0.624340E+01  0.000000E+00
0.419812E+01  0.632978E+01  0.000000E+00
0.425307E+01  0.641600E+01  0.000000E+00
0.430797E+01  0.650205E+01  0.000000E+00
0.436283E+01  0.658795E+01  0.000000E+00
0.441763E+01  0.667369E+01  0.000000E+00
0.447239E+01  0.675929E+01  0.000000E+00
0.452710E+01  0.684475E+01  0.000000E+00
0.458177E+01  0.693007E+01  0.000000E+00
0.463639E+01  0.701526E+01  0.000000E+00
0.469097E+01  0.710032E+01  0.000000E+00
0.474550E+01  0.718526E+01  0.000000E+00
0.480000E+01  0.727008E+01  0.000000E+00
0.485445E+01  0.735479E+01  0.000000E+00
0.490886E+01  0.743938E+01  0.000000E+00
0.496324E+01  0.752386E+01  0.000000E+00
0.501757E+01  0.760825E+01  0.000000E+00
0.507187E+01  0.769252E+01  0.000000E+00
0.512612E+01  0.777671E+01  0.000000E+00
0.518035E+01  0.786079E+01  0.000000E+00
0.523454E+01  0.794478E+01  0.000000E+00
0.528869E+01  0.802869E+01  0.000000E+00
0.534281E+01  0.811250E+01  0.000000E+00
0.539689E+01  0.819624E+01  0.000000E+00
0.545094E+01  0.827988E+01  0.000000E+00
0.550496E+01  0.836345E+01  0.000000E+00
0.555895E+01  0.844695E+01  0.000000E+00
0.561291E+01  0.853036E+01  0.000000E+00
0.566684E+01  0.861370E+01  0.000000E+00
0.572074E+01  0.869698E+01  0.000000E+00
0.577461E+01  0.878018E+01  0.000000E+00
0.582845E+01  0.886331E+01  0.000000E+00
0.588226E+01  0.894638E+01  0.000000E+00
0.593605E+01  0.902939E+01  0.000000E+00
0.598981E+01  0.911233E+01  0.000000E+00
0.604354E+01  0.919521E+01  0.000000E+00
0.609725E+01  0.927804E+01  0.000000E+00
0.615094E+01  0.936080E+01  0.000000E+00
0.620460E+01  0.944351E+01  0.000000E+00
0.625823E+01  0.952617E+01  0.000000E+00
0.631185E+01  0.960877E+01  0.000000E+00
0.636544E+01  0.969132E+01  0.000000E+00
0.641901E+01  0.977382E+01  0.000000E+00
0.647255E+01  0.985628E+01  0.000000E+00
0.652608E+01  0.993868E+01  0.000000E+00
