0.105263E+01  0.675852E-01  0.566227E+00
0.110603E+01  0.129914E+00  0.464723E+00
0.116010E+01  0.187765E+00  0.000000E+00
0.121476E+01  0.241795E+00  0.000000E+00
0.126991E+01  0.292551E+00  0.000000E+00
0.132550E+01  0.340494E+00  0.000000E+00
0.138145E+01  0.386011E+00  0.000000E+00
0.143770E+01  0.429425E+00  0.000000E+00
0.149419E+01  0.471014E+00  0.000000E+00
0.155090E+01  0.511009E+00  0.000000E+00
0.160776E+01  0.549607E+00  0.000000E+00
0.166476E+01  0.586980E+00  0.000000E+00
0.172185E+01  0.623270E+00  0.000000E+00
0.177901E+01  0.658600E+00  0.000000E+00
0.183623E+01  0.693077E+00  0.000000E+00
0.189347E+01  0.726793E+00  0.000000E+00
0.195073E+01  0.759827E+00  0.000000E+00
0.200799E+01  0.792249E+00  0.000000E+00
0.206524E+01  0.824119E+00  0.000000E+00
0.212247E+01  0.855490E+00  0.000000E+00
0.217966E+01  0.886407E+00  0.000000E+00
0.223682E+01  0.916913E+00  0.000000E+00
0.229393E+01  0.947043E+00  0.000000E+00
0.235099E+01  0.976828E+00  0.000000E+00
0.240800E+01  0.100630E+01  0.000000E+00
0.246495E+01  0.103548E+01  0.000000E+00
0.252184E+01  0.106439E+01  0.000000E+00
0.257867E+01  0.109305E+01  0.000000E+00
0.263543E+01  0.112148E+01  0.000000E+00
0.269212E+01  0.114970E+01  0.000000E+00
0.274875E+01  0.117773E+01  0.000000E+00
0.280531E+01  0.120556E+01  0.000000E+00
0.286181E+01  0.123323E+01  0.000000E+00
0.291823E+01  0.126073E+01  0.000000E+00
0.297459E+01  0.128808E+01  0.000000E+00
0.303087E+01  0.131528E+01  0.000000E+00
0.308709E+01  0.134236E+01  0.000000E+00
0.314324E+01  0.136930E+01  0.000000E+00
0.319932E+01  0.139613E+01  0.000000E+00
0.325534E+01  0.142284E+01  0.000000E+00
0.331129E+01  0.144945E+01  0.000000E+00
0.336717E+01  0.147595E+01  0.000000E+00
0.342299E+01  0.150236E+01  0.000000E+00
0.347874E+01  0.152868E+01  0.000000E+00
0.353443E+01  0.155491E+01  0.000000E+00
0.359006E+01  0.158106E+01  0.000000E+00
0.364563E+01  0.160713E+01  0.000000E+00
0.370113E+01  0.163312E+01  0.000000E+00
0.375658E+01  0.165904E+01  0.000000E+00
0.381197E+01  0.168489E+01  0.000000E+00
0.386730E+01  0.171067E+01  0.000000E+00
0.392257E+01  0.173639E+01  0.000000E+00
0.397779E+01  0.176206E+01  0.000000E+00
0.403295E+01  0.178766E+01  0.000000E+00
0.408806E+01  0.181320E+01  0.000000E+00
0.414311E+01  0.183870E+01  0.000000E+00
0.419812E+01  0.186414E+01  0.000000E+00
0.425307E+01  0.188953E+01  0.000000E+00
0.430797E+01  0.191487E+01  0.000000E+00
0.436283E+01  0.194017E+01  0.000000E+00
0.441763E+01  0.196542E+01  0.000000E+00
0.447239E+01  0.199063E+01  0.000000E+00
0.452710E+01  0.201580E+01  0.000000E+00
0.458177E+01  0.204092E+01  0.000000E+00
0.463639E+01  0.206601E+01  0.000000E+00
0.469097E+01  0.209106E+01  0.000000E+00
0.474550E+01  0.211608E+01  0.000000E+00
0.480000E+01  0.214106E+01  0.000000E+00
0.485445E+01  0.216600E+01  0.000000E+00
0.490886E+01  0.219092E+01  0.000000E+00
0.496324E+01  0.221580E+01  0.000000E+00
0.501757E+01  0.224065E+01  0.000000E+00
0.507187E+01  0.226547E+01  0.000000E+00
0.512612E+01  0.229026E+01  0.000000E+00
0.518035E+01  0.231502E+01  0.000000E+00
0.523454E+01  0.233976E+01  0.000000E+00
0.528869E+01  0.236447E+01  0.000000E+00
0.534281E+01  0.238915E+01  0.000000E+00
0.539689E+01  0.241381E+01  0.000000E+00
0.545094E+01  0.243845E+01  0.000000E+00
0.550496E+01  0.246306E+01  0.000000E+00
0.555895E+01  0.248765E+01  0.000000E+00
0.561291E+01  0.251221E+01  0.000000E+00
0.566684E+01  0.253676E+01  0.000000E+00
0.572074E+01  0.256128E+01  0.000000E+00
0.577461E+01  0.258579E+01  0.000000E+00
0.582845E+01  0.261027E+01  0.000000E+00
0.588226E+01  0.263473E+01  0.000000E+00
0.593605E+01  0.265918E+01  0.000000E+00
0.598981E+01  0.268361E+01  0.000000E+00
0.604354E+01  0.270801E+01  0.000000E+00
0.609725E+01  0.273241E+01  0.000000E+00
0.615094E+01  0.275678E+01  0.000000E+00
0.620460E+01  0.278114E+01  0.000000E+00
0.625823E+01  0.280548E+01  0.000000E+00
0.631185E+01  0.282981E+01  0.000000E+00
0.636544E+01  0.285412E+01  0.000000E+00
0.641901E+01  0.287842E+01  0.000000E+00
0.647255E+01  0.290270E+01  0.000000E+00
0.652608E+01  0.292697E+01  0.000000E+00
