0.105263E+01  0.118274E+00  0.990898E+00
0.110603E+01  0.227350E+00  0.813265E+00
0.116010E+01  0.328589E+00  0.000000E+00
0.121476E+01  0.423141E+00  0.000000E+00
0.126991E+01  0.511965E+00  0.000000E+00
0.132550E+01  0.595865E+00  0.000000E+00
0.138145E+01  0.675519E+00  0.000000E+00
0.143770E+01  0.751494E+00  0.000000E+00
0.149419E+01  0.824274E+00  0.000000E+00
0.155090E+01  0.894265E+00  0.000000E+00
0.160776E+01  0.961813E+00  0.000000E+00
0.166476E+01  0.102722E+01  0.000000E+00
0.172185E+01  0.109072E+01  0.000000E+00
0.177901E+01  0.115255E+01  0.000000E+00
0.183623E+01  0.121288E+01  0.000000E+00
0.189347E+01  0.127189E+01  0.000000E+00
0.195073E+01  0.132970E+01  0.000000E+00
0.200799E+01  0.138644E+01  0.000000E+00
0.206524E+01  0.144221E+01  0.000000E+00
0.212247E+01  0.149711E+01  0.000000E+00
0.217966E+01  0.155121E+01  0.000000E+00
0.223682E+01  0.160460E+01  0.000000E+00
0.229393E+01  0.165733E+01  0.000000E+00
0.235099E+01  0.170945E+01  0.000000E+00
0.240800E+01  0.176102E+01  0.000000E+00
0.246495E+01  0.181208E+01  0.000000E+00
0.252184E+01  0.186268E+01  0.000000E+00
0.257867E+01  0.191284E+01  0.000000E+00
0.263543E+01  0.196260E+01  0.000000E+00
0.269212E+01  0.201198E+01  0.000000E+00
0.274875E+01  0.206102E+01  0.000000E+00
0.280531E+01  0.210973E+01  0.000000E+00
0.286181E+01  0.215815E+01  0.000000E+00
0.291823E+01  0.220627E+01  0.000000E+00
0.297459E+01  0.225414E+01  0.000000E+00
0.303087E+01  0.230175E+01  0.000000E+00
0.308709E+01  0.234913E+01  0.000000E+00
0.314324E+01  0.239628E+01  0.000000E+00
0.319932E+01  0.244323E+01  0.000000E+00
0.325534E+01  0.248998E+01  0.000000E+00
0.331129E+01  0.253654E+01  0.000000E+00
0.336717E+01  0.258292E+01  0.000000E+00
0.342299E+01  0.262914E+01  0.000000E+00
0.347874E+01  0.267519E+01  0.000000E+00
0.353443E+01  0.272109E+01  0.000000E+00
0.359006E+01  0.276685E+01  0.000000E+00
0.364563E+01  0.281247E+01  0.000000E+00
0.370113E+01  0.285796E+01  0.000000E+00
0.375658E+01  0.290332E+01  0.000000E+00
0.381197E+01  0.294855E+01  0.000000E+00
0.386730E+01  0.299368E+01  0.000000E+00
0.392257E+01  0.303869E+01  0.000000E+00
0.397779E+01  0.308360E+01  0.000000E+00
0.403295E+01  0.312840E+01  0.000000E+00
0.408806E+01  0.317311E+01  0.000000E+00
0.414311E+01  0.321772E+01  0.000000E+00
0.419812E+01  0.326224E+01  0.000000E+00
0.425307E+01  0.330667E+01  0.000000E+00
0.430797E+01  0.335102E+01  0.000000E+00
0.436283E+01  0.339529E+01  0.000000E+00
0.441763E+01  0.343948E+01  0.000000E+00
0.447239E+01  0.348360E+01  0.000000E+00
0.452710E+01  0.352764E+01  0.000000E+00
0.458177E+01  0.357162E+01  0.000000E+00
0.463639E+01  0.361552E+01  0.000000E+00
0.469097E+01  0.365936E+01  0.000000E+00
0.474550E+01  0.370314E+01  0.000000E+00
0.480000E+01  0.374685E+01  0.000000E+00
0.485445E+01  0.379051E+01  0.000000E+00
0.490886E+01  0.383410E+01  0.000000E+00
0.496324E+01  0.387765E+01  0.000000E+00
0.501757E+01  0.392113E+01  0.000000E+00
0.507187E+01  0.396457E+01  0.000000E+00
0.512612E+01  0.400796E+01  0.000000E+00
0.518035E+01  0.405129E+01  0.000000E+00
0.523454E+01  0.409458E+01  0.000000E+00
0.528869E+01  0.413782E+01  0.000000E+00
0.534281E+01  0.418102E+01  0.000000E+00
0.539689E+01  0.422417E+01  0.000000E+00
0.545094E+01  0.426728E+01  0.000000E+00
0.550496E+01  0.431035E+01  0.000000E+00
0.555895E+01  0.435338E+01  0.000000E+00
0.561291E+01  0.439637E+01  0.000000E+00
0.566684E+01  0.443933E+01  0.000000E+00
0.572074E+01  0.448224E+01  0.000000E+00
0.577461E+01  0.452512E+01  0.000000E+00
0.582845E+01  0.456797E+01  0.000000E+00
0.588226E+01  0.461078E+01  0.000000E+00
0.593605E+01  0.465356E+01  0.000000E+00
0.598981E+01  0.469631E+01  0.000000E+00
0.604354E+01  0.473903E+01  0.000000E+00
0.609725E+01  0.478171E+01  0.000000E+00
0.615094E+01  0.482437E+01  0.000000E+00
0.620460E+01  0.486699E+01  0.000000E+00
0.625823E+01  0.490959E+01  0.000000E+00
0.631185E+01  0.495217E+01  0.000000E+00
0.636544E+01  0.499471E+01  0.000000E+00
0.641901E+01  0.503723E+01  0.000000E+00
0.647255E+01  0.507972E+01  0.000000E+00
0.652608E+01  0.512219E+01  0.000000E+00
