0.105263E+01  0.415724E+00  0.348293E+01
0.110603E+01  0.799116E+00  0.285856E+01
0.116010E+01  0.115496E+01  0.000000E+00
0.121476E+01  0.148731E+01  0.000000E+00
0.126991E+01  0.179952E+01  0.000000E+00
0.132550E+01  0.209442E+01  0.000000E+00
0.138145E+01  0.237439E+01  0.000000E+00
0.143770E+01  0.264144E+01  0.000000E+00
0.149419E+01  0.289726E+01  0.000000E+00
0.155090E+01  0.314327E+01  0.000000E+00
0.160776E+01  0.338070E+01  0.000000E+00
0.166476E+01  0.361058E+01  0.000000E+00
0.172185E+01  0.383380E+01  0.000000E+00
0.177901E+01  0.405112E+01  0.000000E+00
0.183623E+01  0.426319E+01  0.000000E+00
0.189347E+01  0.447058E+01  0.000000E+00
0.195073E+01  0.467378E+01  0.000000E+00
0.200799E+01  0.487321E+01  0.000000E+00
0.206524E+01  0.506925E+01  0.000000E+00
0.212247E+01  0.526221E+01  0.000000E+00
0.217966E+01  0.545239E+01  0.000000E+00
0.223682E+01  0.564004E+01  0.000000E+00
0.229393E+01  0.582537E+01  0.000000E+00
0.235099E+01  0.600858E+01  0.000000E+00
0.240800E+01  0.618985E+01  0.000000E+00
0.246495E+01  0.636933E+01  0.000000E+00
0.252184E+01  0.654717E+01  0.000000E+00
0.257867E+01  0.672348E+01  0.000000E+00
0.263543E+01  0.689837E+01  0.000000E+00
0.269212E+01  0.707196E+01  0.000000E+00
0.274875E+01  0.724432E+01  0.000000E+00
0.280531E+01  0.741555E+01  0.000000E+00
0.286181E+01  0.758571E+01  0.000000E+00
0.291823E+01  0.775488E+01  0.000000E+00
0.297459E+01  0.792311E+01  0.000000E+00
0.303087E+01  0.809046E+01  0.000000E+00
0.308709E+01  0.825699E+01  0.000000E+00
0.314324E+01  0.842274E+01  0.000000E+00
0.319932E+01  0.858775E+01  0.000000E+00
0.325534E+01  0.875207E+01  0.000000E+00
0.331129E+01  0.891573E+01  0.000000E+00
0.336717E+01  0.907876E+01  0.000000E+00
0.342299E+01  0.924120E+01  0.000000E+00
0.347874E+01  0.940308E+01  0.000000E+00
0.353443E+01  0.956443E+01  0.000000E+00
0.359006E+01  0.972526E+01  0.000000E+00
0.364563E+01  0.988561E+01  0.000000E+00
0.370113E+01  0.100455E+02  0.000000E+00
0.375658E+01  0.102049E+02  0.000000E+00
0.381197E+01  0.103639E+02  0.000000E+00
0.386730E+01  0.105225E+02  0.000000E+00
0.392257E+01  0.106808E+02  0.000000E+00
0.397779E+01  0.108386E+02  0.000000E+00
0.403295E+01  0.109961E+02  0.000000E+00
0.408806E+01  0.111532E+02  0.000000E+00
0.414311E+01  0.113100E+02  0.000000E+00
0.419812E+01  0.114665E+02  0.000000E+00
0.425307E+01  0.116227E+02  0.000000E+00
0.430797E+01  0.117786E+02  0.000000E+00
0.436283E+01  0.119342E+02  0.000000E+00
0.441763E+01  0.120895E+02  0.000000E+00
0.447239E+01  0.122446E+02  0.000000E+00
0.452710E+01  0.123994E+02  0.000000E+00
0.458177E+01  0.125539E+02  0.000000E+00
0.463639E+01  0.127083E+02  0.000000E+00
0.469097E+01  0.128624E+02  0.000000E+00
0.474550E+01  0.130162E+02  0.000000E+00
0.480000E+01  0.131699E+02  0.000000E+00
0.485445E+01  0.133233E+02  0.000000E+00
0.490886E+01  0.134766E+02  0.000000E+00
0.496324E+01  0.136296E+02  0.000000E+00
0.501757E+01  0.137825E+02  0.000000E+00
0.507187E+01  0.139351E+02  0.000000E+00
0.512612E+01  0.140876E+02  0.000000E+00
0.518035E+01  0.142400E+02  0.000000E+00
0.523454E+01  0.143921E+02  0.000000E+00
0.528869E+01  0.145441E+02  0.000000E+00
0.534281E+01  0.146959E+02  0.000000E+00
0.539689E+01  0.148476E+02  0.000000E+00
0.545094E+01  0.149992E+02  0.000000E+00
0.550496E+01  0.151505E+02  0.000000E+00
0.555895E+01  0.153018E+02  0.000000E+00
0.561291E+01  0.154529E+02  0.000000E+00
0.566684E+01  0.156039E+02  0.000000E+00
0.572074E+01  0.157547E+02  0.000000E+00
0.577461E+01  0.159055E+02  0.000000E+00
0.582845E+01  0.160561E+02  0.000000E+00
0.588226E+01  0.162065E+02  0.000000E+00
0.593605E+01  0.163569E+02  0.000000E+00
0.598981E+01  0.165072E+02  0.000000E+00
0.604354E+01  0.166573E+02  0.000000E+00
0.609725E+01  0.168073E+02  0.000000E+00
0.615094E+01  0.169573E+02  0.000000E+00
0.620460E+01  0.171071E+02  0.000000E+00
0.625823E+01  0.172568E+02  0.000000E+00
0.631185E+01  0.174065E+02  0.000000E+00
0.636544E+01  0.175560E+02  0.000000E+00
0.641901E+01  0.177055E+02  0.000000E+00
0.647255E+01  0.178548E+02  0.000000E+00
0.652608E+01  0.180041E+02  0.000000E+00
