0.105263E+01  0.195997E+00  0.164206E+01
0.110603E+01  0.376751E+00  0.134769E+01
0.116010E+01  0.544519E+00  0.000000E+00
0.121476E+01  0.701205E+00  0.000000E+00
0.126991E+01  0.848399E+00  0.000000E+00
0.132550E+01  0.987434E+00  0.000000E+00
0.138145E+01  0.111943E+01  0.000000E+00
0.143770E+01  0.124533E+01  0.000000E+00
0.149419E+01  0.136594E+01  0.000000E+00
0.155090E+01  0.148193E+01  0.000000E+00
0.160776E+01  0.159386E+01  0.000000E+00
0.166476E+01  0.170224E+01  0.000000E+00
0.172185E+01  0.180748E+01  0.000000E+00
0.177901E+01  0.190994E+01  0.000000E+00
0.183623E+01  0.200992E+01  0.000000E+00
0.189347E+01  0.210770E+01  0.000000E+00
0.195073E+01  0.220350E+01  0.000000E+00
0.200799E+01  0.229752E+01  0.000000E+00
0.206524E+01  0.238995E+01  0.000000E+00
0.212247E+01  0.248092E+01  0.000000E+00
0.217966E+01  0.257058E+01  0.000000E+00
0.223682E+01  0.265905E+01  0.000000E+00
0.229393E+01  0.274642E+01  0.000000E+00
0.235099E+01  0.283280E+01  0.000000E+00
0.240800E+01  0.291826E+01  0.000000E+00
0.246495E+01  0.300288E+01  0.000000E+00
0.252184E+01  0.308672E+01  0.000000E+00
0.257867E+01  0.316985E+01  0.000000E+00
0.263543E+01  0.325230E+01  0.000000E+00
0.269212E+01  0.333414E+01  0.000000E+00
0.274875E+01  0.341541E+01  0.000000E+00
0.280531E+01  0.349613E+01  0.000000E+00
0.286181E+01  0.357636E+01  0.000000E+00
0.291823E+01  0.365611E+01  0.000000E+00
0.297459E+01  0.373543E+01  0.000000E+00
0.303087E+01  0.381433E+01  0.000000E+00
0.308709E+01  0.389284E+01  0.000000E+00
0.314324E+01  0.397098E+01  0.000000E+00
0.319932E+01  0.404878E+01  0.000000E+00
0.325534E+01  0.412625E+01  0.000000E+00
0.331129E+01  0.420340E+01  0.000000E+00
0.336717E+01  0.428027E+01  0.000000E+00
0.342299E+01  0.435685E+01  0.000000E+00
0.347874E+01  0.443317E+01  0.000000E+00
0.353443E+01  0.450924E+01  0.000000E+00
0.359006E+01  0.458507E+01  0.000000E+00
0.364563E+01  0.466066E+01  0.000000E+00
0.370113E+01  0.473604E+01  0.000000E+00
0.375658E+01  0.481121E+01  0.000000E+00
0.381197E+01  0.488618E+01  0.000000E+00
0.386730E+01  0.496095E+01  0.000000E+00
0.392257E+01  0.503555E+01  0.000000E+00
0.397779E+01  0.510996E+01  0.000000E+00
0.403295E+01  0.518421E+01  0.000000E+00
0.408806E+01  0.525829E+01  0.000000E+00
0.414311E+01  0.533222E+01  0.000000E+00
0.419812E+01  0.540600E+01  0.000000E+00
0.425307E+01  0.547963E+01  0.000000E+00
0.430797E+01  0.555313E+01  0.000000E+00
0.436283E+01  0.562649E+01  0.000000E+00
0.441763E+01  0.569972E+01  0.000000E+00
0.447239E+01  0.577282E+01  0.000000E+00
0.452710E+01  0.584581E+01  0.000000E+00
0.458177E+01  0.591868E+01  0.000000E+00
0.463639E+01  0.599144E+01  0.000000E+00
0.469097E+01  0.606408E+01  0.000000E+00
0.474550E+01  0.613663E+01  0.000000E+00
0.480000E+01  0.620907E+01  0.000000E+00
0.485445E+01  0.628141E+01  0.000000E+00
0.490886E+01  0.635366E+01  0.000000E+00
0.496324E+01  0.642581E+01  0.000000E+00
0.501757E+01  0.649788E+01  0.000000E+00
0.507187E+01  0.656986E+01  0.000000E+00
0.512612E+01  0.664175E+01  0.000000E+00
0.518035E+01  0.671357E+01  0.000000E+00
0.523454E+01  0.678530E+01  0.000000E+00
0.528869E+01  0.685696E+01  0.000000E+00
0.534281E+01  0.692855E+01  0.000000E+00
0.539689E+01  0.700006E+01  0.000000E+00
0.545094E+01  0.707150E+01  0.000000E+00
0.550496E+01  0.714287E+01  0.000000E+00
0.555895E+01  0.721418E+01  0.000000E+00
0.561291E+01  0.728542E+01  0.000000E+00
0.566684E+01  0.735660E+01  0.000000E+00
0.572074E+01  0.742772E+01  0.000000E+00
0.577461E+01  0.749878E+01  0.000000E+00
0.582845E+01  0.756978E+01  0.000000E+00
0.588226E+01  0.764073E+01  0.000000E+00
0.593605E+01  0.771162E+01  0.000000E+00
0.598981E+01  0.778246E+01  0.000000E+00
0.604354E+01  0.785324E+01  0.000000E+00
0.609725E+01  0.792398E+01  0.000000E+00
0.615094E+01  0.799466E+01  0.000000E+00
0.620460E+01  0.806530E+01  0.000000E+00
0.625823E+01  0.813590E+01  0.000000E+00
0.631185E+01  0.820644E+01  0.000000E+00
0.636544E+01  0.827695E+01  0.000000E+00
0.641901E+01  0.834741E+01  0.000000E+00
0.647255E+01  0.841783E+01  0.000000E+00
0.652608E+01  0.848820E+01  0.000000E+00
