0.105263E+01  0.546088E+00  0.457512E+01
0.110603E+01  0.104971E+01  0.375496E+01
0.116010E+01  0.151714E+01  0.000000E+00
0.121476E+01  0.195370E+01  0.000000E+00
0.126991E+01  0.236382E+01  0.000000E+00
0.132550E+01  0.275120E+01  0.000000E+00
0.138145E+01  0.311897E+01  0.000000E+00
0.143770E+01  0.346976E+01  0.000000E+00
0.149419E+01  0.380579E+01  0.000000E+00
0.155090E+01  0.412895E+01  0.000000E+00
0.160776E+01  0.444083E+01  0.000000E+00
0.166476E+01  0.474280E+01  0.000000E+00
0.172185E+01  0.503602E+01  0.000000E+00
0.177901E+01  0.532148E+01  0.000000E+00
0.183623E+01  0.560006E+01  0.000000E+00
0.189347E+01  0.587248E+01  0.000000E+00
0.195073E+01  0.613940E+01  0.000000E+00
0.200799E+01  0.640137E+01  0.000000E+00
0.206524E+01  0.665888E+01  0.000000E+00
0.212247E+01  0.691236E+01  0.000000E+00
0.217966E+01  0.716217E+01  0.000000E+00
0.223682E+01  0.740866E+01  0.000000E+00
0.229393E+01  0.765211E+01  0.000000E+00
0.235099E+01  0.789277E+01  0.000000E+00
0.240800E+01  0.813089E+01  0.000000E+00
0.246495E+01  0.836665E+01  0.000000E+00
0.252184E+01  0.860025E+01  0.000000E+00
0.257867E+01  0.883185E+01  0.000000E+00
0.263543E+01  0.906159E+01  0.000000E+00
0.269212E+01  0.928961E+01  0.000000E+00
0.274875E+01  0.951603E+01  0.000000E+00
0.280531E+01  0.974095E+01  0.000000E+00
0.286181E+01  0.996447E+01  0.000000E+00
0.291823E+01  0.101867E+02  0.000000E+00
0.297459E+01  0.104077E+02  0.000000E+00
0.303087E+01  0.106275E+02  0.000000E+00
0.308709E+01  0.108462E+02  0.000000E+00
0.314324E+01  0.110640E+02  0.000000E+00
0.319932E+01  0.112807E+02  0.000000E+00
0.325534E+01  0.114966E+02  0.000000E+00
0.331129E+01  0.117116E+02  0.000000E+00
0.336717E+01  0.119257E+02  0.000000E+00
0.342299E+01  0.121391E+02  0.000000E+00
0.347874E+01  0.123517E+02  0.000000E+00
0.353443E+01  0.125637E+02  0.000000E+00
0.359006E+01  0.127749E+02  0.000000E+00
0.364563E+01  0.129856E+02  0.000000E+00
0.370113E+01  0.131956E+02  0.000000E+00
0.375658E+01  0.134050E+02  0.000000E+00
0.381197E+01  0.136139E+02  0.000000E+00
0.386730E+01  0.138222E+02  0.000000E+00
0.392257E+01  0.140301E+02  0.000000E+00
0.397779E+01  0.142374E+02  0.000000E+00
0.403295E+01  0.144443E+02  0.000000E+00
0.408806E+01  0.146507E+02  0.000000E+00
0.414311E+01  0.148567E+02  0.000000E+00
0.419812E+01  0.150622E+02  0.000000E+00
0.425307E+01  0.152674E+02  0.000000E+00
0.430797E+01  0.154722E+02  0.000000E+00
0.436283E+01  0.156766E+02  0.000000E+00
0.441763E+01  0.158806E+02  0.000000E+00
0.447239E+01  0.160843E+02  0.000000E+00
0.452710E+01  0.162876E+02  0.000000E+00
0.458177E+01  0.164907E+02  0.000000E+00
0.463639E+01  0.166934E+02  0.000000E+00
0.469097E+01  0.168958E+02  0.000000E+00
0.474550E+01  0.170979E+02  0.000000E+00
0.480000E+01  0.172997E+02  0.000000E+00
0.485445E+01  0.175013E+02  0.000000E+00
0.490886E+01  0.177026E+02  0.000000E+00
0.496324E+01  0.179036E+02  0.000000E+00
0.501757E+01  0.181044E+02  0.000000E+00
0.507187E+01  0.183050E+02  0.000000E+00
0.512612E+01  0.185053E+02  0.000000E+00
0.518035E+01  0.187054E+02  0.000000E+00
0.523454E+01  0.189053E+02  0.000000E+00
0.528869E+01  0.191049E+02  0.000000E+00
0.534281E+01  0.193044E+02  0.000000E+00
0.539689E+01  0.195036E+02  0.000000E+00
0.545094E+01  0.197027E+02  0.000000E+00
0.550496E+01  0.199015E+02  0.000000E+00
0.555895E+01  0.201002E+02  0.000000E+00
0.561291E+01  0.202987E+02  0.000000E+00
0.566684E+01  0.204970E+02  0.000000E+00
0.572074E+01  0.206952E+02  0.000000E+00
0.577461E+01  0.208931E+02  0.000000E+00
0.582845E+01  0.210910E+02  0.000000E+00
0.588226E+01  0.212886E+02  0.000000E+00
0.593605E+01  0.214862E+02  0.000000E+00
0.598981E+01  0.216835E+02  0.000000E+00
0.604354E+01  0.218808E+02  0.000000E+00
0.609725E+01  0.220778E+02  0.000000E+00
0.615094E+01  0.222748E+02  0.000000E+00
0.620460E+01  0.224716E+02  0.000000E+00
0.625823E+01  0.226683E+02  0.000000E+00
0.631185E+01  0.228649E+02  0.000000E+00
0.636544E+01  0.230613E+02  0.000000E+00
0.641901E+01  0.232576E+02  0.000000E+00
0.647255E+01  0.234538E+02  0.000000E+00
0.652608E+01  0.236499E+02  0.000000E+00
