0.105263E+01  0.155446E+00  0.130232E+01
0.110603E+01  0.298802E+00  0.106886E+01
0.116010E+01  0.431860E+00  0.000000E+00
0.121476E+01  0.556128E+00  0.000000E+00
0.126991E+01  0.672868E+00  0.000000E+00
0.132550E+01  0.783137E+00  0.000000E+00
0.138145E+01  0.887824E+00  0.000000E+00
0.143770E+01  0.987678E+00  0.000000E+00
0.149419E+01  0.108333E+01  0.000000E+00
0.155090E+01  0.117532E+01  0.000000E+00
0.160776E+01  0.126410E+01  0.000000E+00
0.166476E+01  0.135005E+01  0.000000E+00
0.172185E+01  0.143352E+01  0.000000E+00
0.177901E+01  0.151478E+01  0.000000E+00
0.183623E+01  0.159408E+01  0.000000E+00
0.189347E+01  0.167162E+01  0.000000E+00
0.195073E+01  0.174760E+01  0.000000E+00
0.200799E+01  0.182217E+01  0.000000E+00
0.206524E+01  0.189547E+01  0.000000E+00
0.212247E+01  0.196763E+01  0.000000E+00
0.217966E+01  0.203874E+01  0.000000E+00
0.223682E+01  0.210890E+01  0.000000E+00
0.229393E+01  0.217820E+01  0.000000E+00
0.235099E+01  0.224671E+01  0.000000E+00
0.240800E+01  0.231448E+01  0.000000E+00
0.246495E+01  0.238160E+01  0.000000E+00
0.252184E+01  0.244809E+01  0.000000E+00
0.257867E+01  0.251402E+01  0.000000E+00
0.263543E+01  0.257941E+01  0.000000E+00
0.269212E+01  0.264432E+01  0.000000E+00
0.274875E+01  0.270877E+01  0.000000E+00
0.280531E+01  0.277279E+01  0.000000E+00
0.286181E+01  0.283642E+01  0.000000E+00
0.291823E+01  0.289967E+01  0.000000E+00
0.297459E+01  0.296258E+01  0.000000E+00
0.303087E+01  0.302515E+01  0.000000E+00
0.308709E+01  0.308742E+01  0.000000E+00
0.314324E+01  0.314940E+01  0.000000E+00
0.319932E+01  0.321110E+01  0.000000E+00
0.325534E+01  0.327254E+01  0.000000E+00
0.331129E+01  0.333373E+01  0.000000E+00
0.336717E+01  0.339470E+01  0.000000E+00
0.342299E+01  0.345544E+01  0.000000E+00
0.347874E+01  0.351596E+01  0.000000E+00
0.353443E+01  0.357629E+01  0.000000E+00
0.359006E+01  0.363643E+01  0.000000E+00
0.364563E+01  0.369639E+01  0.000000E+00
0.370113E+01  0.375617E+01  0.000000E+00
0.375658E+01  0.381579E+01  0.000000E+00
0.381197E+01  0.387524E+01  0.000000E+00
0.386730E+01  0.393455E+01  0.000000E+00
0.392257E+01  0.399371E+01  0.000000E+00
0.397779E+01  0.405273E+01  0.000000E+00
0.403295E+01  0.411161E+01  0.000000E+00
0.408806E+01  0.417037E+01  0.000000E+00
0.414311E+01  0.422900E+01  0.000000E+00
0.419812E+01  0.428752E+01  0.000000E+00
0.425307E+01  0.434592E+01  0.000000E+00
0.430797E+01  0.440420E+01  0.000000E+00
0.436283E+01  0.446239E+01  0.000000E+00
0.441763E+01  0.452047E+01  0.000000E+00
0.447239E+01  0.457845E+01  0.000000E+00
0.452710E+01  0.463633E+01  0.000000E+00
0.458177E+01  0.469412E+01  0.000000E+00
0.463639E+01  0.475183E+01  0.000000E+00
0.469097E+01  0.480945E+01  0.000000E+00
0.474550E+01  0.486698E+01  0.000000E+00
0.480000E+01  0.492443E+01  0.000000E+00
0.485445E+01  0.498181E+01  0.000000E+00
0.490886E+01  0.503911E+01  0.000000E+00
0.496324E+01  0.509634E+01  0.000000E+00
0.501757E+01  0.515349E+01  0.000000E+00
0.507187E+01  0.521058E+01  0.000000E+00
0.512612E+01  0.526760E+01  0.000000E+00
0.518035E+01  0.532455E+01  0.000000E+00
0.523454E+01  0.538145E+01  0.000000E+00
0.528869E+01  0.543828E+01  0.000000E+00
0.534281E+01  0.549505E+01  0.000000E+00
0.539689E+01  0.555177E+01  0.000000E+00
0.545094E+01  0.560843E+01  0.000000E+00
0.550496E+01  0.566504E+01  0.000000E+00
0.555895E+01  0.572159E+01  0.000000E+00
0.561291E+01  0.577809E+01  0.000000E+00
0.566684E+01  0.583454E+01  0.000000E+00
0.572074E+01  0.589095E+01  0.000000E+00
0.577461E+01  0.594731E+01  0.000000E+00
0.582845E+01  0.600362E+01  0.000000E+00
0.588226E+01  0.605989E+01  0.000000E+00
0.593605E+01  0.611611E+01  0.000000E+00
0.598981E+01  0.617229E+01  0.000000E+00
0.604354E+01  0.622843E+01  0.000000E+00
0.609725E+01  0.628453E+01  0.000000E+00
0.615094E+01  0.634060E+01  0.000000E+00
0.620460E+01  0.639662E+01  0.000000E+00
0.625823E+01  0.645261E+01  0.000000E+00
0.631185E+01  0.650856E+01  0.000000E+00
0.636544E+01  0.656448E+01  0.000000E+00
0.641901E+01  0.662036E+01  0.000000E+00
0.647255E+01  0.667621E+01  0.000000E+00
0.652608E+01  0.673202E+01  0.000000E+00
