0.105263E+01  0.648517E+00  0.543326E+01
0.110603E+01  0.124660E+01  0.445927E+01
0.116010E+01  0.180171E+01  0.000000E+00
0.121476E+01  0.232016E+01  0.000000E+00
0.126991E+01  0.280719E+01  0.000000E+00
0.132550E+01  0.326723E+01  0.000000E+00
0.138145E+01  0.370399E+01  0.000000E+00
0.143770E+01  0.412057E+01  0.000000E+00
0.149419E+01  0.451964E+01  0.000000E+00
0.155090E+01  0.490341E+01  0.000000E+00
0.160776E+01  0.527379E+01  0.000000E+00
0.166476E+01  0.563240E+01  0.000000E+00
0.172185E+01  0.598062E+01  0.000000E+00
0.177901E+01  0.631963E+01  0.000000E+00
0.183623E+01  0.665045E+01  0.000000E+00
0.189347E+01  0.697398E+01  0.000000E+00
0.195073E+01  0.729096E+01  0.000000E+00
0.200799E+01  0.760207E+01  0.000000E+00
0.206524E+01  0.790788E+01  0.000000E+00
0.212247E+01  0.820890E+01  0.000000E+00
0.217966E+01  0.850557E+01  0.000000E+00
0.223682E+01  0.879829E+01  0.000000E+00
0.229393E+01  0.908740E+01  0.000000E+00
0.235099E+01  0.937321E+01  0.000000E+00
0.240800E+01  0.965599E+01  0.000000E+00
0.246495E+01  0.993597E+01  0.000000E+00
0.252184E+01  0.102134E+02  0.000000E+00
0.257867E+01  0.104884E+02  0.000000E+00
0.263543E+01  0.107613E+02  0.000000E+00
0.269212E+01  0.110321E+02  0.000000E+00
0.274875E+01  0.113009E+02  0.000000E+00
0.280531E+01  0.115680E+02  0.000000E+00
0.286181E+01  0.118335E+02  0.000000E+00
0.291823E+01  0.120974E+02  0.000000E+00
0.297459E+01  0.123598E+02  0.000000E+00
0.303087E+01  0.126209E+02  0.000000E+00
0.308709E+01  0.128807E+02  0.000000E+00
0.314324E+01  0.131392E+02  0.000000E+00
0.319932E+01  0.133966E+02  0.000000E+00
0.325534E+01  0.136530E+02  0.000000E+00
0.331129E+01  0.139083E+02  0.000000E+00
0.336717E+01  0.141626E+02  0.000000E+00
0.342299E+01  0.144160E+02  0.000000E+00
0.347874E+01  0.146685E+02  0.000000E+00
0.353443E+01  0.149202E+02  0.000000E+00
0.359006E+01  0.151711E+02  0.000000E+00
0.364563E+01  0.154213E+02  0.000000E+00
0.370113E+01  0.156707E+02  0.000000E+00
0.375658E+01  0.159194E+02  0.000000E+00
0.381197E+01  0.161674E+02  0.000000E+00
0.386730E+01  0.164149E+02  0.000000E+00
0.392257E+01  0.166617E+02  0.000000E+00
0.397779E+01  0.169079E+02  0.000000E+00
0.403295E+01  0.171536E+02  0.000000E+00
0.408806E+01  0.173987E+02  0.000000E+00
0.414311E+01  0.176433E+02  0.000000E+00
0.419812E+01  0.178874E+02  0.000000E+00
0.425307E+01  0.181311E+02  0.000000E+00
0.430797E+01  0.183743E+02  0.000000E+00
0.436283E+01  0.186170E+02  0.000000E+00
0.441763E+01  0.188593E+02  0.000000E+00
0.447239E+01  0.191012E+02  0.000000E+00
0.452710E+01  0.193427E+02  0.000000E+00
0.458177E+01  0.195838E+02  0.000000E+00
0.463639E+01  0.198245E+02  0.000000E+00
0.469097E+01  0.200649E+02  0.000000E+00
0.474550E+01  0.203049E+02  0.000000E+00
0.480000E+01  0.205446E+02  0.000000E+00
0.485445E+01  0.207840E+02  0.000000E+00
0.490886E+01  0.210231E+02  0.000000E+00
0.496324E+01  0.212618E+02  0.000000E+00
0.501757E+01  0.215003E+02  0.000000E+00
0.507187E+01  0.217384E+02  0.000000E+00
0.512612E+01  0.219763E+02  0.000000E+00
0.518035E+01  0.222139E+02  0.000000E+00
0.523454E+01  0.224513E+02  0.000000E+00
0.528869E+01  0.226884E+02  0.000000E+00
0.534281E+01  0.229253E+02  0.000000E+00
0.539689E+01  0.231619E+02  0.000000E+00
0.545094E+01  0.233983E+02  0.000000E+00
0.550496E+01  0.236344E+02  0.000000E+00
0.555895E+01  0.238704E+02  0.000000E+00
0.561291E+01  0.241061E+02  0.000000E+00
0.566684E+01  0.243416E+02  0.000000E+00
0.572074E+01  0.245769E+02  0.000000E+00
0.577461E+01  0.248120E+02  0.000000E+00
0.582845E+01  0.250470E+02  0.000000E+00
0.588226E+01  0.252817E+02  0.000000E+00
0.593605E+01  0.255163E+02  0.000000E+00
0.598981E+01  0.257507E+02  0.000000E+00
0.604354E+01  0.259849E+02  0.000000E+00
0.609725E+01  0.262190E+02  0.000000E+00
0.615094E+01  0.264528E+02  0.000000E+00
0.620460E+01  0.266866E+02  0.000000E+00
0.625823E+01  0.269202E+02  0.000000E+00
0.631185E+01  0.271536E+02  0.000000E+00
0.636544E+01  0.273869E+02  0.000000E+00
0.641901E+01  0.276200E+02  0.000000E+00
0.647255E+01  0.278530E+02  0.000000E+00
0.652608E+01  0.280859E+02  0.000000E+00
