0.105263E+01  0.695076E+00  0.582333E+01
0.110603E+01  0.133609E+01  0.477941E+01
0.116010E+01  0.193106E+01  0.000000E+00
0.121476E+01  0.248673E+01  0.000000E+00
0.126991E+01  0.300873E+01  0.000000E+00
0.132550E+01  0.350180E+01  0.000000E+00
0.138145E+01  0.396990E+01  0.000000E+00
0.143770E+01  0.441640E+01  0.000000E+00
0.149419E+01  0.484411E+01  0.000000E+00
0.155090E+01  0.525544E+01  0.000000E+00
0.160776E+01  0.565241E+01  0.000000E+00
0.166476E+01  0.603677E+01  0.000000E+00
0.172185E+01  0.640998E+01  0.000000E+00
0.177901E+01  0.677333E+01  0.000000E+00
0.183623E+01  0.712791E+01  0.000000E+00
0.189347E+01  0.747466E+01  0.000000E+00
0.195073E+01  0.781440E+01  0.000000E+00
0.200799E+01  0.814784E+01  0.000000E+00
0.206524E+01  0.847561E+01  0.000000E+00
0.212247E+01  0.879824E+01  0.000000E+00
0.217966E+01  0.911621E+01  0.000000E+00
0.223682E+01  0.942995E+01  0.000000E+00
0.229393E+01  0.973981E+01  0.000000E+00
0.235099E+01  0.100461E+02  0.000000E+00
0.240800E+01  0.103492E+02  0.000000E+00
0.246495E+01  0.106493E+02  0.000000E+00
0.252184E+01  0.109466E+02  0.000000E+00
0.257867E+01  0.112414E+02  0.000000E+00
0.263543E+01  0.115338E+02  0.000000E+00
0.269212E+01  0.118241E+02  0.000000E+00
0.274875E+01  0.121123E+02  0.000000E+00
0.280531E+01  0.123985E+02  0.000000E+00
0.286181E+01  0.126830E+02  0.000000E+00
0.291823E+01  0.129659E+02  0.000000E+00
0.297459E+01  0.132472E+02  0.000000E+00
0.303087E+01  0.135270E+02  0.000000E+00
0.308709E+01  0.138054E+02  0.000000E+00
0.314324E+01  0.140825E+02  0.000000E+00
0.319932E+01  0.143584E+02  0.000000E+00
0.325534E+01  0.146332E+02  0.000000E+00
0.331129E+01  0.149068E+02  0.000000E+00
0.336717E+01  0.151794E+02  0.000000E+00
0.342299E+01  0.154510E+02  0.000000E+00
0.347874E+01  0.157216E+02  0.000000E+00
0.353443E+01  0.159914E+02  0.000000E+00
0.359006E+01  0.162603E+02  0.000000E+00
0.364563E+01  0.165284E+02  0.000000E+00
0.370113E+01  0.167957E+02  0.000000E+00
0.375658E+01  0.170623E+02  0.000000E+00
0.381197E+01  0.173281E+02  0.000000E+00
0.386730E+01  0.175933E+02  0.000000E+00
0.392257E+01  0.178579E+02  0.000000E+00
0.397779E+01  0.181218E+02  0.000000E+00
0.403295E+01  0.183851E+02  0.000000E+00
0.408806E+01  0.186478E+02  0.000000E+00
0.414311E+01  0.189100E+02  0.000000E+00
0.419812E+01  0.191716E+02  0.000000E+00
0.425307E+01  0.194328E+02  0.000000E+00
0.430797E+01  0.196934E+02  0.000000E+00
0.436283E+01  0.199535E+02  0.000000E+00
0.441763E+01  0.202133E+02  0.000000E+00
0.447239E+01  0.204725E+02  0.000000E+00
0.452710E+01  0.207313E+02  0.000000E+00
0.458177E+01  0.209898E+02  0.000000E+00
0.463639E+01  0.212478E+02  0.000000E+00
0.469097E+01  0.215054E+02  0.000000E+00
0.474550E+01  0.217627E+02  0.000000E+00
0.480000E+01  0.220196E+02  0.000000E+00
0.485445E+01  0.222761E+02  0.000000E+00
0.490886E+01  0.225324E+02  0.000000E+00
0.496324E+01  0.227882E+02  0.000000E+00
0.501757E+01  0.230438E+02  0.000000E+00
0.507187E+01  0.232991E+02  0.000000E+00
0.512612E+01  0.235541E+02  0.000000E+00
0.518035E+01  0.238087E+02  0.000000E+00
0.523454E+01  0.240631E+02  0.000000E+00
0.528869E+01  0.243173E+02  0.000000E+00
0.534281E+01  0.245711E+02  0.000000E+00
0.539689E+01  0.248247E+02  0.000000E+00
0.545094E+01  0.250781E+02  0.000000E+00
0.550496E+01  0.253312E+02  0.000000E+00
0.555895E+01  0.255841E+02  0.000000E+00
0.561291E+01  0.258367E+02  0.000000E+00
0.566684E+01  0.260892E+02  0.000000E+00
0.572074E+01  0.263414E+02  0.000000E+00
0.577461E+01  0.265934E+02  0.000000E+00
0.582845E+01  0.268452E+02  0.000000E+00
0.588226E+01  0.270968E+02  0.000000E+00
0.593605E+01  0.273482E+02  0.000000E+00
0.598981E+01  0.275994E+02  0.000000E+00
0.604354E+01  0.278504E+02  0.000000E+00
0.609725E+01  0.281013E+02  0.000000E+00
0.615094E+01  0.283520E+02  0.000000E+00
0.620460E+01  0.286025E+02  0.000000E+00
0.625823E+01  0.288528E+02  0.000000E+00
0.631185E+01  0.291030E+02  0.000000E+00
0.636544E+01  0.293530E+02  0.000000E+00
0.641901E+01  0.296029E+02  0.000000E+00
0.647255E+01  0.298526E+02  0.000000E+00
0.652608E+01  0.301022E+02  0.000000E+00
