0.105263E+01  0.192618E+00  0.161375E+01
0.110603E+01  0.370255E+00  0.132446E+01
0.116010E+01  0.535131E+00  0.000000E+00
0.121476E+01  0.689116E+00  0.000000E+00
0.126991E+01  0.833772E+00  0.000000E+00
0.132550E+01  0.970409E+00  0.000000E+00
0.138145E+01  0.110013E+01  0.000000E+00
0.143770E+01  0.122386E+01  0.000000E+00
0.149419E+01  0.134239E+01  0.000000E+00
0.155090E+01  0.145637E+01  0.000000E+00
0.160776E+01  0.156638E+01  0.000000E+00
0.166476E+01  0.167289E+01  0.000000E+00
0.172185E+01  0.177632E+01  0.000000E+00
0.177901E+01  0.187701E+01  0.000000E+00
0.183623E+01  0.197527E+01  0.000000E+00
0.189347E+01  0.207136E+01  0.000000E+00
0.195073E+01  0.216551E+01  0.000000E+00
0.200799E+01  0.225791E+01  0.000000E+00
0.206524E+01  0.234874E+01  0.000000E+00
0.212247E+01  0.243815E+01  0.000000E+00
0.217966E+01  0.252626E+01  0.000000E+00
0.223682E+01  0.261320E+01  0.000000E+00
0.229393E+01  0.269907E+01  0.000000E+00
0.235099E+01  0.278396E+01  0.000000E+00
0.240800E+01  0.286795E+01  0.000000E+00
0.246495E+01  0.295111E+01  0.000000E+00
0.252184E+01  0.303350E+01  0.000000E+00
0.257867E+01  0.311519E+01  0.000000E+00
0.263543E+01  0.319623E+01  0.000000E+00
0.269212E+01  0.327666E+01  0.000000E+00
0.274875E+01  0.335652E+01  0.000000E+00
0.280531E+01  0.343585E+01  0.000000E+00
0.286181E+01  0.351469E+01  0.000000E+00
0.291823E+01  0.359307E+01  0.000000E+00
0.297459E+01  0.367102E+01  0.000000E+00
0.303087E+01  0.374856E+01  0.000000E+00
0.308709E+01  0.382572E+01  0.000000E+00
0.314324E+01  0.390251E+01  0.000000E+00
0.319932E+01  0.397897E+01  0.000000E+00
0.325534E+01  0.405510E+01  0.000000E+00
0.331129E+01  0.413093E+01  0.000000E+00
0.336717E+01  0.420647E+01  0.000000E+00
0.342299E+01  0.428174E+01  0.000000E+00
0.347874E+01  0.435674E+01  0.000000E+00
0.353443E+01  0.443149E+01  0.000000E+00
0.359006E+01  0.450601E+01  0.000000E+00
0.364563E+01  0.458031E+01  0.000000E+00
0.370113E+01  0.465438E+01  0.000000E+00
0.375658E+01  0.472826E+01  0.000000E+00
0.381197E+01  0.480193E+01  0.000000E+00
0.386730E+01  0.487542E+01  0.000000E+00
0.392257E+01  0.494873E+01  0.000000E+00
0.397779E+01  0.502186E+01  0.000000E+00
0.403295E+01  0.509483E+01  0.000000E+00
0.408806E+01  0.516763E+01  0.000000E+00
0.414311E+01  0.524029E+01  0.000000E+00
0.419812E+01  0.531279E+01  0.000000E+00
0.425307E+01  0.538516E+01  0.000000E+00
0.430797E+01  0.545738E+01  0.000000E+00
0.436283E+01  0.552948E+01  0.000000E+00
0.441763E+01  0.560145E+01  0.000000E+00
0.447239E+01  0.567329E+01  0.000000E+00
0.452710E+01  0.574502E+01  0.000000E+00
0.458177E+01  0.581663E+01  0.000000E+00
0.463639E+01  0.588813E+01  0.000000E+00
0.469097E+01  0.595953E+01  0.000000E+00
0.474550E+01  0.603082E+01  0.000000E+00
0.480000E+01  0.610201E+01  0.000000E+00
0.485445E+01  0.617311E+01  0.000000E+00
0.490886E+01  0.624411E+01  0.000000E+00
0.496324E+01  0.631502E+01  0.000000E+00
0.501757E+01  0.638585E+01  0.000000E+00
0.507187E+01  0.645659E+01  0.000000E+00
0.512612E+01  0.652724E+01  0.000000E+00
0.518035E+01  0.659782E+01  0.000000E+00
0.523454E+01  0.666832E+01  0.000000E+00
0.528869E+01  0.673874E+01  0.000000E+00
0.534281E+01  0.680909E+01  0.000000E+00
0.539689E+01  0.687937E+01  0.000000E+00
0.545094E+01  0.694958E+01  0.000000E+00
0.550496E+01  0.701972E+01  0.000000E+00
0.555895E+01  0.708980E+01  0.000000E+00
0.561291E+01  0.715981E+01  0.000000E+00
0.566684E+01  0.722976E+01  0.000000E+00
0.572074E+01  0.729965E+01  0.000000E+00
0.577461E+01  0.736949E+01  0.000000E+00
0.582845E+01  0.743927E+01  0.000000E+00
0.588226E+01  0.750899E+01  0.000000E+00
0.593605E+01  0.757866E+01  0.000000E+00
0.598981E+01  0.764827E+01  0.000000E+00
0.604354E+01  0.771784E+01  0.000000E+00
0.609725E+01  0.778736E+01  0.000000E+00
0.615094E+01  0.785683E+01  0.000000E+00
0.620460E+01  0.792625E+01  0.000000E+00
0.625823E+01  0.799562E+01  0.000000E+00
0.631185E+01  0.806495E+01  0.000000E+00
0.636544E+01  0.813424E+01  0.000000E+00
0.641901E+01  0.820349E+01  0.000000E+00
0.647255E+01  0.827269E+01  0.000000E+00
0.652608E+01  0.834186E+01  0.000000E+00
