0.105263E+01  0.629894E+00  0.527723E+01
0.110603E+01  0.121080E+01  0.433121E+01
0.116010E+01  0.174997E+01  0.000000E+00
0.121476E+01  0.225353E+01  0.000000E+00
0.126991E+01  0.272658E+01  0.000000E+00
0.132550E+01  0.317341E+01  0.000000E+00
0.138145E+01  0.359762E+01  0.000000E+00
0.143770E+01  0.400224E+01  0.000000E+00
0.149419E+01  0.438985E+01  0.000000E+00
0.155090E+01  0.476260E+01  0.000000E+00
0.160776E+01  0.512234E+01  0.000000E+00
0.166476E+01  0.547066E+01  0.000000E+00
0.172185E+01  0.580887E+01  0.000000E+00
0.177901E+01  0.613815E+01  0.000000E+00
0.183623E+01  0.645947E+01  0.000000E+00
0.189347E+01  0.677371E+01  0.000000E+00
0.195073E+01  0.708159E+01  0.000000E+00
0.200799E+01  0.738376E+01  0.000000E+00
0.206524E+01  0.768079E+01  0.000000E+00
0.212247E+01  0.797317E+01  0.000000E+00
0.217966E+01  0.826132E+01  0.000000E+00
0.223682E+01  0.854563E+01  0.000000E+00
0.229393E+01  0.882644E+01  0.000000E+00
0.235099E+01  0.910404E+01  0.000000E+00
0.240800E+01  0.937870E+01  0.000000E+00
0.246495E+01  0.965064E+01  0.000000E+00
0.252184E+01  0.992009E+01  0.000000E+00
0.257867E+01  0.101872E+02  0.000000E+00
0.263543E+01  0.104522E+02  0.000000E+00
0.269212E+01  0.107152E+02  0.000000E+00
0.274875E+01  0.109764E+02  0.000000E+00
0.280531E+01  0.112358E+02  0.000000E+00
0.286181E+01  0.114937E+02  0.000000E+00
0.291823E+01  0.117500E+02  0.000000E+00
0.297459E+01  0.120049E+02  0.000000E+00
0.303087E+01  0.122585E+02  0.000000E+00
0.308709E+01  0.125108E+02  0.000000E+00
0.314324E+01  0.127619E+02  0.000000E+00
0.319932E+01  0.130119E+02  0.000000E+00
0.325534E+01  0.132609E+02  0.000000E+00
0.331129E+01  0.135089E+02  0.000000E+00
0.336717E+01  0.137559E+02  0.000000E+00
0.342299E+01  0.140020E+02  0.000000E+00
0.347874E+01  0.142473E+02  0.000000E+00
0.353443E+01  0.144918E+02  0.000000E+00
0.359006E+01  0.147355E+02  0.000000E+00
0.364563E+01  0.149784E+02  0.000000E+00
0.370113E+01  0.152207E+02  0.000000E+00
0.375658E+01  0.154622E+02  0.000000E+00
0.381197E+01  0.157032E+02  0.000000E+00
0.386730E+01  0.159435E+02  0.000000E+00
0.392257E+01  0.161832E+02  0.000000E+00
0.397779E+01  0.164224E+02  0.000000E+00
0.403295E+01  0.166610E+02  0.000000E+00
0.408806E+01  0.168991E+02  0.000000E+00
0.414311E+01  0.171367E+02  0.000000E+00
0.419812E+01  0.173738E+02  0.000000E+00
0.425307E+01  0.176104E+02  0.000000E+00
0.430797E+01  0.178466E+02  0.000000E+00
0.436283E+01  0.180824E+02  0.000000E+00
0.441763E+01  0.183177E+02  0.000000E+00
0.447239E+01  0.185527E+02  0.000000E+00
0.452710E+01  0.187872E+02  0.000000E+00
0.458177E+01  0.190214E+02  0.000000E+00
0.463639E+01  0.192552E+02  0.000000E+00
0.469097E+01  0.194887E+02  0.000000E+00
0.474550E+01  0.197218E+02  0.000000E+00
0.480000E+01  0.199547E+02  0.000000E+00
0.485445E+01  0.201872E+02  0.000000E+00
0.490886E+01  0.204193E+02  0.000000E+00
0.496324E+01  0.206512E+02  0.000000E+00
0.501757E+01  0.208828E+02  0.000000E+00
0.507187E+01  0.211142E+02  0.000000E+00
0.512612E+01  0.213452E+02  0.000000E+00
0.518035E+01  0.215760E+02  0.000000E+00
0.523454E+01  0.218066E+02  0.000000E+00
0.528869E+01  0.220369E+02  0.000000E+00
0.534281E+01  0.222669E+02  0.000000E+00
0.539689E+01  0.224967E+02  0.000000E+00
0.545094E+01  0.227263E+02  0.000000E+00
0.550496E+01  0.229557E+02  0.000000E+00
0.555895E+01  0.231849E+02  0.000000E+00
0.561291E+01  0.234138E+02  0.000000E+00
0.566684E+01  0.236426E+02  0.000000E+00
0.572074E+01  0.238712E+02  0.000000E+00
0.577461E+01  0.240995E+02  0.000000E+00
0.582845E+01  0.243277E+02  0.000000E+00
0.588226E+01  0.245557E+02  0.000000E+00
0.593605E+01  0.247835E+02  0.000000E+00
0.598981E+01  0.250112E+02  0.000000E+00
0.604354E+01  0.252387E+02  0.000000E+00
0.609725E+01  0.254660E+02  0.000000E+00
0.615094E+01  0.256932E+02  0.000000E+00
0.620460E+01  0.259202E+02  0.000000E+00
0.625823E+01  0.261471E+02  0.000000E+00
0.631185E+01  0.263738E+02  0.000000E+00
0.636544E+01  0.266004E+02  0.000000E+00
0.641901E+01  0.268268E+02  0.000000E+00
0.647255E+01  0.270532E+02  0.000000E+00
0.652608E+01  0.272793E+02  0.000000E+00
