0.105263E+01  0.141929E+00  0.118908E+01
0.110603E+01  0.272820E+00  0.975917E+00
0.116010E+01  0.394307E+00  0.000000E+00
0.121476E+01  0.507769E+00  0.000000E+00
0.126991E+01  0.614358E+00  0.000000E+00
0.132550E+01  0.715038E+00  0.000000E+00
0.138145E+01  0.810622E+00  0.000000E+00
0.143770E+01  0.901793E+00  0.000000E+00
0.149419E+01  0.989129E+00  0.000000E+00
0.155090E+01  0.107312E+01  0.000000E+00
0.160776E+01  0.115418E+01  0.000000E+00
0.166476E+01  0.123266E+01  0.000000E+00
0.172185E+01  0.130887E+01  0.000000E+00
0.177901E+01  0.138306E+01  0.000000E+00
0.183623E+01  0.145546E+01  0.000000E+00
0.189347E+01  0.152626E+01  0.000000E+00
0.195073E+01  0.159564E+01  0.000000E+00
0.200799E+01  0.166372E+01  0.000000E+00
0.206524E+01  0.173065E+01  0.000000E+00
0.212247E+01  0.179653E+01  0.000000E+00
0.217966E+01  0.186146E+01  0.000000E+00
0.223682E+01  0.192552E+01  0.000000E+00
0.229393E+01  0.198879E+01  0.000000E+00
0.235099E+01  0.205134E+01  0.000000E+00
0.240800E+01  0.211323E+01  0.000000E+00
0.246495E+01  0.217450E+01  0.000000E+00
0.252184E+01  0.223521E+01  0.000000E+00
0.257867E+01  0.229541E+01  0.000000E+00
0.263543E+01  0.235512E+01  0.000000E+00
0.269212E+01  0.241438E+01  0.000000E+00
0.274875E+01  0.247322E+01  0.000000E+00
0.280531E+01  0.253168E+01  0.000000E+00
0.286181E+01  0.258978E+01  0.000000E+00
0.291823E+01  0.264753E+01  0.000000E+00
0.297459E+01  0.270496E+01  0.000000E+00
0.303087E+01  0.276210E+01  0.000000E+00
0.308709E+01  0.281895E+01  0.000000E+00
0.314324E+01  0.287554E+01  0.000000E+00
0.319932E+01  0.293187E+01  0.000000E+00
0.325534E+01  0.298797E+01  0.000000E+00
0.331129E+01  0.304384E+01  0.000000E+00
0.336717E+01  0.309950E+01  0.000000E+00
0.342299E+01  0.315496E+01  0.000000E+00
0.347874E+01  0.321023E+01  0.000000E+00
0.353443E+01  0.326531E+01  0.000000E+00
0.359006E+01  0.332022E+01  0.000000E+00
0.364563E+01  0.337496E+01  0.000000E+00
0.370113E+01  0.342955E+01  0.000000E+00
0.375658E+01  0.348398E+01  0.000000E+00
0.381197E+01  0.353827E+01  0.000000E+00
0.386730E+01  0.359241E+01  0.000000E+00
0.392257E+01  0.364643E+01  0.000000E+00
0.397779E+01  0.370032E+01  0.000000E+00
0.403295E+01  0.375408E+01  0.000000E+00
0.408806E+01  0.380773E+01  0.000000E+00
0.414311E+01  0.386126E+01  0.000000E+00
0.419812E+01  0.391469E+01  0.000000E+00
0.425307E+01  0.396801E+01  0.000000E+00
0.430797E+01  0.402123E+01  0.000000E+00
0.436283E+01  0.407435E+01  0.000000E+00
0.441763E+01  0.412738E+01  0.000000E+00
0.447239E+01  0.418032E+01  0.000000E+00
0.452710E+01  0.423317E+01  0.000000E+00
0.458177E+01  0.428594E+01  0.000000E+00
0.463639E+01  0.433863E+01  0.000000E+00
0.469097E+01  0.439123E+01  0.000000E+00
0.474550E+01  0.444376E+01  0.000000E+00
0.480000E+01  0.449622E+01  0.000000E+00
0.485445E+01  0.454861E+01  0.000000E+00
0.490886E+01  0.460093E+01  0.000000E+00
0.496324E+01  0.465318E+01  0.000000E+00
0.501757E+01  0.470536E+01  0.000000E+00
0.507187E+01  0.475748E+01  0.000000E+00
0.512612E+01  0.480955E+01  0.000000E+00
0.518035E+01  0.486155E+01  0.000000E+00
0.523454E+01  0.491350E+01  0.000000E+00
0.528869E+01  0.496539E+01  0.000000E+00
0.534281E+01  0.501722E+01  0.000000E+00
0.539689E+01  0.506901E+01  0.000000E+00
0.545094E+01  0.512074E+01  0.000000E+00
0.550496E+01  0.517242E+01  0.000000E+00
0.555895E+01  0.522406E+01  0.000000E+00
0.561291E+01  0.527565E+01  0.000000E+00
0.566684E+01  0.532719E+01  0.000000E+00
0.572074E+01  0.537869E+01  0.000000E+00
0.577461E+01  0.543015E+01  0.000000E+00
0.582845E+01  0.548156E+01  0.000000E+00
0.588226E+01  0.553294E+01  0.000000E+00
0.593605E+01  0.558427E+01  0.000000E+00
0.598981E+01  0.563557E+01  0.000000E+00
0.604354E+01  0.568683E+01  0.000000E+00
0.609725E+01  0.573805E+01  0.000000E+00
0.615094E+01  0.578924E+01  0.000000E+00
0.620460E+01  0.584039E+01  0.000000E+00
0.625823E+01  0.589151E+01  0.000000E+00
0.631185E+01  0.594260E+01  0.000000E+00
0.636544E+01  0.599365E+01  0.000000E+00
0.641901E+01  0.604468E+01  0.000000E+00
0.647255E+01  0.609567E+01  0.000000E+00
0.652608E+01  0.614663E+01  0.000000E+00
