0.105263E+01  0.732323E+00  0.613539E+01
0.110603E+01  0.140769E+01  0.503553E+01
0.116010E+01  0.203454E+01  0.000000E+00
0.121476E+01  0.261998E+01  0.000000E+00
0.126991E+01  0.316996E+01  0.000000E+00
0.132550E+01  0.368945E+01  0.000000E+00
0.138145E+01  0.418264E+01  0.000000E+00
0.143770E+01  0.465306E+01  0.000000E+00
0.149419E+01  0.510370E+01  0.000000E+00
0.155090E+01  0.553706E+01  0.000000E+00
0.160776E+01  0.595530E+01  0.000000E+00
0.166476E+01  0.636026E+01  0.000000E+00
0.172185E+01  0.675347E+01  0.000000E+00
0.177901E+01  0.713629E+01  0.000000E+00
0.183623E+01  0.750987E+01  0.000000E+00
0.189347E+01  0.787520E+01  0.000000E+00
0.195073E+01  0.823315E+01  0.000000E+00
0.200799E+01  0.858446E+01  0.000000E+00
0.206524E+01  0.892979E+01  0.000000E+00
0.212247E+01  0.926971E+01  0.000000E+00
0.217966E+01  0.960472E+01  0.000000E+00
0.223682E+01  0.993527E+01  0.000000E+00
0.229393E+01  0.102617E+02  0.000000E+00
0.235099E+01  0.105845E+02  0.000000E+00
0.240800E+01  0.109038E+02  0.000000E+00
0.246495E+01  0.112200E+02  0.000000E+00
0.252184E+01  0.115332E+02  0.000000E+00
0.257867E+01  0.118438E+02  0.000000E+00
0.263543E+01  0.121519E+02  0.000000E+00
0.269212E+01  0.124577E+02  0.000000E+00
0.274875E+01  0.127613E+02  0.000000E+00
0.280531E+01  0.130629E+02  0.000000E+00
0.286181E+01  0.133627E+02  0.000000E+00
0.291823E+01  0.136607E+02  0.000000E+00
0.297459E+01  0.139570E+02  0.000000E+00
0.303087E+01  0.142518E+02  0.000000E+00
0.308709E+01  0.145452E+02  0.000000E+00
0.314324E+01  0.148372E+02  0.000000E+00
0.319932E+01  0.151278E+02  0.000000E+00
0.325534E+01  0.154173E+02  0.000000E+00
0.331129E+01  0.157056E+02  0.000000E+00
0.336717E+01  0.159928E+02  0.000000E+00
0.342299E+01  0.162789E+02  0.000000E+00
0.347874E+01  0.165641E+02  0.000000E+00
0.353443E+01  0.168483E+02  0.000000E+00
0.359006E+01  0.171316E+02  0.000000E+00
0.364563E+01  0.174141E+02  0.000000E+00
0.370113E+01  0.176957E+02  0.000000E+00
0.375658E+01  0.179766E+02  0.000000E+00
0.381197E+01  0.182567E+02  0.000000E+00
0.386730E+01  0.185361E+02  0.000000E+00
0.392257E+01  0.188148E+02  0.000000E+00
0.397779E+01  0.190929E+02  0.000000E+00
0.403295E+01  0.193703E+02  0.000000E+00
0.408806E+01  0.196471E+02  0.000000E+00
0.414311E+01  0.199233E+02  0.000000E+00
0.419812E+01  0.201990E+02  0.000000E+00
0.425307E+01  0.204741E+02  0.000000E+00
0.430797E+01  0.207487E+02  0.000000E+00
0.436283E+01  0.210228E+02  0.000000E+00
0.441763E+01  0.212964E+02  0.000000E+00
0.447239E+01  0.215696E+02  0.000000E+00
0.452710E+01  0.218423E+02  0.000000E+00
0.458177E+01  0.221145E+02  0.000000E+00
0.463639E+01  0.223864E+02  0.000000E+00
0.469097E+01  0.226578E+02  0.000000E+00
0.474550E+01  0.229289E+02  0.000000E+00
0.480000E+01  0.231996E+02  0.000000E+00
0.485445E+01  0.234699E+02  0.000000E+00
0.490886E+01  0.237398E+02  0.000000E+00
0.496324E+01  0.240094E+02  0.000000E+00
0.501757E+01  0.242787E+02  0.000000E+00
0.507187E+01  0.245476E+02  0.000000E+00
0.512612E+01  0.248162E+02  0.000000E+00
0.518035E+01  0.250846E+02  0.000000E+00
0.523454E+01  0.253526E+02  0.000000E+00
0.528869E+01  0.256203E+02  0.000000E+00
0.534281E+01  0.258878E+02  0.000000E+00
0.539689E+01  0.261550E+02  0.000000E+00
0.545094E+01  0.264219E+02  0.000000E+00
0.550496E+01  0.266886E+02  0.000000E+00
0.555895E+01  0.269550E+02  0.000000E+00
0.561291E+01  0.272212E+02  0.000000E+00
0.566684E+01  0.274872E+02  0.000000E+00
0.572074E+01  0.277529E+02  0.000000E+00
0.577461E+01  0.280184E+02  0.000000E+00
0.582845E+01  0.282837E+02  0.000000E+00
0.588226E+01  0.285488E+02  0.000000E+00
0.593605E+01  0.288137E+02  0.000000E+00
0.598981E+01  0.290784E+02  0.000000E+00
0.604354E+01  0.293428E+02  0.000000E+00
0.609725E+01  0.296071E+02  0.000000E+00
0.615094E+01  0.298713E+02  0.000000E+00
0.620460E+01  0.301352E+02  0.000000E+00
0.625823E+01  0.303990E+02  0.000000E+00
0.631185E+01  0.306625E+02  0.000000E+00
0.636544E+01  0.309260E+02  0.000000E+00
0.641901E+01  0.311892E+02  0.000000E+00
0.647255E+01  0.314524E+02  0.000000E+00
0.652608E+01  0.317153E+02  0.000000E+00
