0.105263E+01  0.294671E+00  0.246875E+01
0.110603E+01  0.566425E+00  0.202619E+01
0.116010E+01  0.818657E+00  0.000000E+00
0.121476E+01  0.105423E+01  0.000000E+00
0.126991E+01  0.127552E+01  0.000000E+00
0.132550E+01  0.148456E+01  0.000000E+00
0.138145E+01  0.168301E+01  0.000000E+00
0.143770E+01  0.187229E+01  0.000000E+00
0.149419E+01  0.205362E+01  0.000000E+00
0.155090E+01  0.222800E+01  0.000000E+00
0.160776E+01  0.239629E+01  0.000000E+00
0.166476E+01  0.255923E+01  0.000000E+00
0.172185E+01  0.271746E+01  0.000000E+00
0.177901E+01  0.287149E+01  0.000000E+00
0.183623E+01  0.302181E+01  0.000000E+00
0.189347E+01  0.316882E+01  0.000000E+00
0.195073E+01  0.331285E+01  0.000000E+00
0.200799E+01  0.345421E+01  0.000000E+00
0.206524E+01  0.359316E+01  0.000000E+00
0.212247E+01  0.372994E+01  0.000000E+00
0.217966E+01  0.386474E+01  0.000000E+00
0.223682E+01  0.399774E+01  0.000000E+00
0.229393E+01  0.412911E+01  0.000000E+00
0.235099E+01  0.425897E+01  0.000000E+00
0.240800E+01  0.438746E+01  0.000000E+00
0.246495E+01  0.451468E+01  0.000000E+00
0.252184E+01  0.464073E+01  0.000000E+00
0.257867E+01  0.476570E+01  0.000000E+00
0.263543E+01  0.488967E+01  0.000000E+00
0.269212E+01  0.501271E+01  0.000000E+00
0.274875E+01  0.513489E+01  0.000000E+00
0.280531E+01  0.525625E+01  0.000000E+00
0.286181E+01  0.537687E+01  0.000000E+00
0.291823E+01  0.549677E+01  0.000000E+00
0.297459E+01  0.561602E+01  0.000000E+00
0.303087E+01  0.573464E+01  0.000000E+00
0.308709E+01  0.585268E+01  0.000000E+00
0.314324E+01  0.597016E+01  0.000000E+00
0.319932E+01  0.608713E+01  0.000000E+00
0.325534E+01  0.620360E+01  0.000000E+00
0.331129E+01  0.631960E+01  0.000000E+00
0.336717E+01  0.643516E+01  0.000000E+00
0.342299E+01  0.655030E+01  0.000000E+00
0.347874E+01  0.666505E+01  0.000000E+00
0.353443E+01  0.677941E+01  0.000000E+00
0.359006E+01  0.689341E+01  0.000000E+00
0.364563E+01  0.700707E+01  0.000000E+00
0.370113E+01  0.712039E+01  0.000000E+00
0.375658E+01  0.723340E+01  0.000000E+00
0.381197E+01  0.734611E+01  0.000000E+00
0.386730E+01  0.745854E+01  0.000000E+00
0.392257E+01  0.757068E+01  0.000000E+00
0.397779E+01  0.768256E+01  0.000000E+00
0.403295E+01  0.779419E+01  0.000000E+00
0.408806E+01  0.790557E+01  0.000000E+00
0.414311E+01  0.801672E+01  0.000000E+00
0.419812E+01  0.812764E+01  0.000000E+00
0.425307E+01  0.823834E+01  0.000000E+00
0.430797E+01  0.834884E+01  0.000000E+00
0.436283E+01  0.845913E+01  0.000000E+00
0.441763E+01  0.856923E+01  0.000000E+00
0.447239E+01  0.867914E+01  0.000000E+00
0.452710E+01  0.878887E+01  0.000000E+00
0.458177E+01  0.889843E+01  0.000000E+00
0.463639E+01  0.900781E+01  0.000000E+00
0.469097E+01  0.911704E+01  0.000000E+00
0.474550E+01  0.922610E+01  0.000000E+00
0.480000E+01  0.933501E+01  0.000000E+00
0.485445E+01  0.944378E+01  0.000000E+00
0.490886E+01  0.955240E+01  0.000000E+00
0.496324E+01  0.966088E+01  0.000000E+00
0.501757E+01  0.976923E+01  0.000000E+00
0.507187E+01  0.987744E+01  0.000000E+00
0.512612E+01  0.998553E+01  0.000000E+00
0.518035E+01  0.100935E+02  0.000000E+00
0.523454E+01  0.102014E+02  0.000000E+00
0.528869E+01  0.103091E+02  0.000000E+00
0.534281E+01  0.104167E+02  0.000000E+00
0.539689E+01  0.105242E+02  0.000000E+00
0.545094E+01  0.106316E+02  0.000000E+00
0.550496E+01  0.107389E+02  0.000000E+00
0.555895E+01  0.108461E+02  0.000000E+00
0.561291E+01  0.109533E+02  0.000000E+00
0.566684E+01  0.110603E+02  0.000000E+00
0.572074E+01  0.111672E+02  0.000000E+00
0.577461E+01  0.112740E+02  0.000000E+00
0.582845E+01  0.113808E+02  0.000000E+00
0.588226E+01  0.114874E+02  0.000000E+00
0.593605E+01  0.115940E+02  0.000000E+00
0.598981E+01  0.117005E+02  0.000000E+00
0.604354E+01  0.118069E+02  0.000000E+00
0.609725E+01  0.119133E+02  0.000000E+00
0.615094E+01  0.120196E+02  0.000000E+00
0.620460E+01  0.121258E+02  0.000000E+00
0.625823E+01  0.122319E+02  0.000000E+00
0.631185E+01  0.123380E+02  0.000000E+00
0.636544E+01  0.124440E+02  0.000000E+00
0.641901E+01  0.125499E+02  0.000000E+00
0.647255E+01  0.126558E+02  0.000000E+00
0.652608E+01  0.127616E+02  0.000000E+00
