0.105263E+01  0.378477E+00  0.317087E+01
0.110603E+01  0.727519E+00  0.260245E+01
0.116010E+01  0.105149E+01  0.000000E+00
0.121476E+01  0.135405E+01  0.000000E+00
0.126991E+01  0.163829E+01  0.000000E+00
0.132550E+01  0.190677E+01  0.000000E+00
0.138145E+01  0.216166E+01  0.000000E+00
0.143770E+01  0.240478E+01  0.000000E+00
0.149419E+01  0.263768E+01  0.000000E+00
0.155090E+01  0.286165E+01  0.000000E+00
0.160776E+01  0.307780E+01  0.000000E+00
0.166476E+01  0.328709E+01  0.000000E+00
0.172185E+01  0.349031E+01  0.000000E+00
0.177901E+01  0.368816E+01  0.000000E+00
0.183623E+01  0.388123E+01  0.000000E+00
0.189347E+01  0.407004E+01  0.000000E+00
0.195073E+01  0.425503E+01  0.000000E+00
0.200799E+01  0.443659E+01  0.000000E+00
0.206524E+01  0.461507E+01  0.000000E+00
0.212247E+01  0.479074E+01  0.000000E+00
0.217966E+01  0.496388E+01  0.000000E+00
0.223682E+01  0.513472E+01  0.000000E+00
0.229393E+01  0.530344E+01  0.000000E+00
0.235099E+01  0.547024E+01  0.000000E+00
0.240800E+01  0.563527E+01  0.000000E+00
0.246495E+01  0.579867E+01  0.000000E+00
0.252184E+01  0.596057E+01  0.000000E+00
0.257867E+01  0.612108E+01  0.000000E+00
0.263543E+01  0.628031E+01  0.000000E+00
0.269212E+01  0.643834E+01  0.000000E+00
0.274875E+01  0.659527E+01  0.000000E+00
0.280531E+01  0.675115E+01  0.000000E+00
0.286181E+01  0.690607E+01  0.000000E+00
0.291823E+01  0.706008E+01  0.000000E+00
0.297459E+01  0.721323E+01  0.000000E+00
0.303087E+01  0.736559E+01  0.000000E+00
0.308709E+01  0.751720E+01  0.000000E+00
0.314324E+01  0.766810E+01  0.000000E+00
0.319932E+01  0.781833E+01  0.000000E+00
0.325534E+01  0.796792E+01  0.000000E+00
0.331129E+01  0.811692E+01  0.000000E+00
0.336717E+01  0.826535E+01  0.000000E+00
0.342299E+01  0.841323E+01  0.000000E+00
0.347874E+01  0.856061E+01  0.000000E+00
0.353443E+01  0.870750E+01  0.000000E+00
0.359006E+01  0.885392E+01  0.000000E+00
0.364563E+01  0.899990E+01  0.000000E+00
0.370113E+01  0.914546E+01  0.000000E+00
0.375658E+01  0.929061E+01  0.000000E+00
0.381197E+01  0.943538E+01  0.000000E+00
0.386730E+01  0.957977E+01  0.000000E+00
0.392257E+01  0.972381E+01  0.000000E+00
0.397779E+01  0.986751E+01  0.000000E+00
0.403295E+01  0.100109E+02  0.000000E+00
0.408806E+01  0.101539E+02  0.000000E+00
0.414311E+01  0.102967E+02  0.000000E+00
0.419812E+01  0.104392E+02  0.000000E+00
0.425307E+01  0.105814E+02  0.000000E+00
0.430797E+01  0.107233E+02  0.000000E+00
0.436283E+01  0.108649E+02  0.000000E+00
0.441763E+01  0.110064E+02  0.000000E+00
0.447239E+01  0.111475E+02  0.000000E+00
0.452710E+01  0.112885E+02  0.000000E+00
0.458177E+01  0.114292E+02  0.000000E+00
0.463639E+01  0.115697E+02  0.000000E+00
0.469097E+01  0.117100E+02  0.000000E+00
0.474550E+01  0.118500E+02  0.000000E+00
0.480000E+01  0.119899E+02  0.000000E+00
0.485445E+01  0.121296E+02  0.000000E+00
0.490886E+01  0.122691E+02  0.000000E+00
0.496324E+01  0.124085E+02  0.000000E+00
0.501757E+01  0.125476E+02  0.000000E+00
0.507187E+01  0.126866E+02  0.000000E+00
0.512612E+01  0.128255E+02  0.000000E+00
0.518035E+01  0.129641E+02  0.000000E+00
0.523454E+01  0.131027E+02  0.000000E+00
0.528869E+01  0.132410E+02  0.000000E+00
0.534281E+01  0.133793E+02  0.000000E+00
0.539689E+01  0.135174E+02  0.000000E+00
0.545094E+01  0.136553E+02  0.000000E+00
0.550496E+01  0.137931E+02  0.000000E+00
0.555895E+01  0.139308E+02  0.000000E+00
0.561291E+01  0.140684E+02  0.000000E+00
0.566684E+01  0.142058E+02  0.000000E+00
0.572074E+01  0.143432E+02  0.000000E+00
0.577461E+01  0.144804E+02  0.000000E+00
0.582845E+01  0.146175E+02  0.000000E+00
0.588226E+01  0.147545E+02  0.000000E+00
0.593605E+01  0.148914E+02  0.000000E+00
0.598981E+01  0.150282E+02  0.000000E+00
0.604354E+01  0.151649E+02  0.000000E+00
0.609725E+01  0.153015E+02  0.000000E+00
0.615094E+01  0.154380E+02  0.000000E+00
0.620460E+01  0.155744E+02  0.000000E+00
0.625823E+01  0.157107E+02  0.000000E+00
0.631185E+01  0.158469E+02  0.000000E+00
0.636544E+01  0.159831E+02  0.000000E+00
0.641901E+01  0.161191E+02  0.000000E+00
0.647255E+01  0.162551E+02  0.000000E+00
0.652608E+01  0.163910E+02  0.000000E+00
