0.105263E+01  0.125033E+00  0.104752E+01
0.110603E+01  0.240341E+00  0.859737E+00
0.116010E+01  0.347366E+00  0.000000E+00
0.121476E+01  0.447321E+00  0.000000E+00
0.126991E+01  0.541220E+00  0.000000E+00
0.132550E+01  0.629915E+00  0.000000E+00
0.138145E+01  0.714120E+00  0.000000E+00
0.143770E+01  0.794437E+00  0.000000E+00
0.149419E+01  0.871375E+00  0.000000E+00
0.155090E+01  0.945366E+00  0.000000E+00
0.160776E+01  0.101677E+01  0.000000E+00
0.166476E+01  0.108591E+01  0.000000E+00
0.172185E+01  0.115305E+01  0.000000E+00
0.177901E+01  0.121841E+01  0.000000E+00
0.183623E+01  0.128219E+01  0.000000E+00
0.189347E+01  0.134457E+01  0.000000E+00
0.195073E+01  0.140568E+01  0.000000E+00
0.200799E+01  0.146566E+01  0.000000E+00
0.206524E+01  0.152462E+01  0.000000E+00
0.212247E+01  0.158266E+01  0.000000E+00
0.217966E+01  0.163985E+01  0.000000E+00
0.223682E+01  0.169629E+01  0.000000E+00
0.229393E+01  0.175203E+01  0.000000E+00
0.235099E+01  0.180713E+01  0.000000E+00
0.240800E+01  0.186165E+01  0.000000E+00
0.246495E+01  0.191563E+01  0.000000E+00
0.252184E+01  0.196912E+01  0.000000E+00
0.257867E+01  0.202214E+01  0.000000E+00
0.263543E+01  0.207475E+01  0.000000E+00
0.269212E+01  0.212695E+01  0.000000E+00
0.274875E+01  0.217879E+01  0.000000E+00
0.280531E+01  0.223029E+01  0.000000E+00
0.286181E+01  0.228147E+01  0.000000E+00
0.291823E+01  0.233235E+01  0.000000E+00
0.297459E+01  0.238294E+01  0.000000E+00
0.303087E+01  0.243328E+01  0.000000E+00
0.308709E+01  0.248336E+01  0.000000E+00
0.314324E+01  0.253321E+01  0.000000E+00
0.319932E+01  0.258284E+01  0.000000E+00
0.325534E+01  0.263226E+01  0.000000E+00
0.331129E+01  0.268148E+01  0.000000E+00
0.336717E+01  0.273052E+01  0.000000E+00
0.342299E+01  0.277937E+01  0.000000E+00
0.347874E+01  0.282806E+01  0.000000E+00
0.353443E+01  0.287658E+01  0.000000E+00
0.359006E+01  0.292496E+01  0.000000E+00
0.364563E+01  0.297318E+01  0.000000E+00
0.370113E+01  0.302127E+01  0.000000E+00
0.375658E+01  0.306922E+01  0.000000E+00
0.381197E+01  0.311704E+01  0.000000E+00
0.386730E+01  0.316475E+01  0.000000E+00
0.392257E+01  0.321233E+01  0.000000E+00
0.397779E+01  0.325980E+01  0.000000E+00
0.403295E+01  0.330717E+01  0.000000E+00
0.408806E+01  0.335443E+01  0.000000E+00
0.414311E+01  0.340159E+01  0.000000E+00
0.419812E+01  0.344865E+01  0.000000E+00
0.425307E+01  0.349563E+01  0.000000E+00
0.430797E+01  0.354251E+01  0.000000E+00
0.436283E+01  0.358931E+01  0.000000E+00
0.441763E+01  0.363603E+01  0.000000E+00
0.447239E+01  0.368266E+01  0.000000E+00
0.452710E+01  0.372922E+01  0.000000E+00
0.458177E+01  0.377571E+01  0.000000E+00
0.463639E+01  0.382212E+01  0.000000E+00
0.469097E+01  0.386847E+01  0.000000E+00
0.474550E+01  0.391474E+01  0.000000E+00
0.480000E+01  0.396096E+01  0.000000E+00
0.485445E+01  0.400711E+01  0.000000E+00
0.490886E+01  0.405320E+01  0.000000E+00
0.496324E+01  0.409923E+01  0.000000E+00
0.501757E+01  0.414520E+01  0.000000E+00
0.507187E+01  0.419112E+01  0.000000E+00
0.512612E+01  0.423698E+01  0.000000E+00
0.518035E+01  0.428279E+01  0.000000E+00
0.523454E+01  0.432856E+01  0.000000E+00
0.528869E+01  0.437427E+01  0.000000E+00
0.534281E+01  0.441993E+01  0.000000E+00
0.539689E+01  0.446555E+01  0.000000E+00
0.545094E+01  0.451113E+01  0.000000E+00
0.550496E+01  0.455666E+01  0.000000E+00
0.555895E+01  0.460215E+01  0.000000E+00
0.561291E+01  0.464760E+01  0.000000E+00
0.566684E+01  0.469300E+01  0.000000E+00
0.572074E+01  0.473837E+01  0.000000E+00
0.577461E+01  0.478370E+01  0.000000E+00
0.582845E+01  0.482900E+01  0.000000E+00
0.588226E+01  0.487426E+01  0.000000E+00
0.593605E+01  0.491948E+01  0.000000E+00
0.598981E+01  0.496467E+01  0.000000E+00
0.604354E+01  0.500983E+01  0.000000E+00
0.609725E+01  0.505495E+01  0.000000E+00
0.615094E+01  0.510004E+01  0.000000E+00
0.620460E+01  0.514511E+01  0.000000E+00
0.625823E+01  0.519014E+01  0.000000E+00
0.631185E+01  0.523515E+01  0.000000E+00
0.636544E+01  0.528012E+01  0.000000E+00
0.641901E+01  0.532507E+01  0.000000E+00
0.647255E+01  0.536999E+01  0.000000E+00
0.652608E+01  0.541489E+01  0.000000E+00
