0.105263E+01  0.462283E+00  0.387299E+01
0.110603E+01  0.888612E+00  0.317870E+01
0.116010E+01  0.128431E+01  0.000000E+00
0.121476E+01  0.165388E+01  0.000000E+00
0.126991E+01  0.200105E+01  0.000000E+00
0.132550E+01  0.232898E+01  0.000000E+00
0.138145E+01  0.264031E+01  0.000000E+00
0.143770E+01  0.293727E+01  0.000000E+00
0.149419E+01  0.322173E+01  0.000000E+00
0.155090E+01  0.349530E+01  0.000000E+00
0.160776E+01  0.375931E+01  0.000000E+00
0.166476E+01  0.401494E+01  0.000000E+00
0.172185E+01  0.426316E+01  0.000000E+00
0.177901E+01  0.450482E+01  0.000000E+00
0.183623E+01  0.474064E+01  0.000000E+00
0.189347E+01  0.497126E+01  0.000000E+00
0.195073E+01  0.519722E+01  0.000000E+00
0.200799E+01  0.541898E+01  0.000000E+00
0.206524E+01  0.563697E+01  0.000000E+00
0.212247E+01  0.585155E+01  0.000000E+00
0.217966E+01  0.606303E+01  0.000000E+00
0.223682E+01  0.627169E+01  0.000000E+00
0.229393E+01  0.647777E+01  0.000000E+00
0.235099E+01  0.668151E+01  0.000000E+00
0.240800E+01  0.688308E+01  0.000000E+00
0.246495E+01  0.708266E+01  0.000000E+00
0.252184E+01  0.728041E+01  0.000000E+00
0.257867E+01  0.747647E+01  0.000000E+00
0.263543E+01  0.767095E+01  0.000000E+00
0.269212E+01  0.786398E+01  0.000000E+00
0.274875E+01  0.805565E+01  0.000000E+00
0.280531E+01  0.824605E+01  0.000000E+00
0.286181E+01  0.843527E+01  0.000000E+00
0.291823E+01  0.862338E+01  0.000000E+00
0.297459E+01  0.881045E+01  0.000000E+00
0.303087E+01  0.899655E+01  0.000000E+00
0.308709E+01  0.918172E+01  0.000000E+00
0.314324E+01  0.936603E+01  0.000000E+00
0.319932E+01  0.954953E+01  0.000000E+00
0.325534E+01  0.973225E+01  0.000000E+00
0.331129E+01  0.991424E+01  0.000000E+00
0.336717E+01  0.100955E+02  0.000000E+00
0.342299E+01  0.102762E+02  0.000000E+00
0.347874E+01  0.104562E+02  0.000000E+00
0.353443E+01  0.106356E+02  0.000000E+00
0.359006E+01  0.108144E+02  0.000000E+00
0.364563E+01  0.109927E+02  0.000000E+00
0.370113E+01  0.111705E+02  0.000000E+00
0.375658E+01  0.113478E+02  0.000000E+00
0.381197E+01  0.115246E+02  0.000000E+00
0.386730E+01  0.117010E+02  0.000000E+00
0.392257E+01  0.118769E+02  0.000000E+00
0.397779E+01  0.120525E+02  0.000000E+00
0.403295E+01  0.122276E+02  0.000000E+00
0.408806E+01  0.124023E+02  0.000000E+00
0.414311E+01  0.125767E+02  0.000000E+00
0.419812E+01  0.127507E+02  0.000000E+00
0.425307E+01  0.129244E+02  0.000000E+00
0.430797E+01  0.130977E+02  0.000000E+00
0.436283E+01  0.132707E+02  0.000000E+00
0.441763E+01  0.134435E+02  0.000000E+00
0.447239E+01  0.136159E+02  0.000000E+00
0.452710E+01  0.137880E+02  0.000000E+00
0.458177E+01  0.139599E+02  0.000000E+00
0.463639E+01  0.141315E+02  0.000000E+00
0.469097E+01  0.143029E+02  0.000000E+00
0.474550E+01  0.144740E+02  0.000000E+00
0.480000E+01  0.146448E+02  0.000000E+00
0.485445E+01  0.148155E+02  0.000000E+00
0.490886E+01  0.149859E+02  0.000000E+00
0.496324E+01  0.151561E+02  0.000000E+00
0.501757E+01  0.153260E+02  0.000000E+00
0.507187E+01  0.154958E+02  0.000000E+00
0.512612E+01  0.156654E+02  0.000000E+00
0.518035E+01  0.158348E+02  0.000000E+00
0.523454E+01  0.160040E+02  0.000000E+00
0.528869E+01  0.161730E+02  0.000000E+00
0.534281E+01  0.163418E+02  0.000000E+00
0.539689E+01  0.165105E+02  0.000000E+00
0.545094E+01  0.166790E+02  0.000000E+00
0.550496E+01  0.168473E+02  0.000000E+00
0.555895E+01  0.170155E+02  0.000000E+00
0.561291E+01  0.171835E+02  0.000000E+00
0.566684E+01  0.173514E+02  0.000000E+00
0.572074E+01  0.175192E+02  0.000000E+00
0.577461E+01  0.176868E+02  0.000000E+00
0.582845E+01  0.178542E+02  0.000000E+00
0.588226E+01  0.180216E+02  0.000000E+00
0.593605E+01  0.181888E+02  0.000000E+00
0.598981E+01  0.183559E+02  0.000000E+00
0.604354E+01  0.185228E+02  0.000000E+00
0.609725E+01  0.186897E+02  0.000000E+00
0.615094E+01  0.188564E+02  0.000000E+00
0.620460E+01  0.190230E+02  0.000000E+00
0.625823E+01  0.191895E+02  0.000000E+00
0.631185E+01  0.193559E+02  0.000000E+00
0.636544E+01  0.195222E+02  0.000000E+00
0.641901E+01  0.196884E+02  0.000000E+00
0.647255E+01  0.198545E+02  0.000000E+00
0.652608E+01  0.200205E+02  0.000000E+00
