0.105263E+01  0.248113E+00  0.207868E+01
0.110603E+01  0.476929E+00  0.170605E+01
0.116010E+01  0.689307E+00  0.000000E+00
0.121476E+01  0.887656E+00  0.000000E+00
0.126991E+01  0.107399E+01  0.000000E+00
0.132550E+01  0.124999E+01  0.000000E+00
0.138145E+01  0.141709E+01  0.000000E+00
0.143770E+01  0.157647E+01  0.000000E+00
0.149419E+01  0.172914E+01  0.000000E+00
0.155090E+01  0.187597E+01  0.000000E+00
0.160776E+01  0.201767E+01  0.000000E+00
0.166476E+01  0.215487E+01  0.000000E+00
0.172185E+01  0.228809E+01  0.000000E+00
0.177901E+01  0.241779E+01  0.000000E+00
0.183623E+01  0.254436E+01  0.000000E+00
0.189347E+01  0.266814E+01  0.000000E+00
0.195073E+01  0.278941E+01  0.000000E+00
0.200799E+01  0.290843E+01  0.000000E+00
0.206524E+01  0.302543E+01  0.000000E+00
0.212247E+01  0.314060E+01  0.000000E+00
0.217966E+01  0.325410E+01  0.000000E+00
0.223682E+01  0.336609E+01  0.000000E+00
0.229393E+01  0.347670E+01  0.000000E+00
0.235099E+01  0.358605E+01  0.000000E+00
0.240800E+01  0.369423E+01  0.000000E+00
0.246495E+01  0.380135E+01  0.000000E+00
0.252184E+01  0.390749E+01  0.000000E+00
0.257867E+01  0.401271E+01  0.000000E+00
0.263543E+01  0.411709E+01  0.000000E+00
0.269212E+01  0.422069E+01  0.000000E+00
0.274875E+01  0.432356E+01  0.000000E+00
0.280531E+01  0.442575E+01  0.000000E+00
0.286181E+01  0.452731E+01  0.000000E+00
0.291823E+01  0.462827E+01  0.000000E+00
0.297459E+01  0.472868E+01  0.000000E+00
0.303087E+01  0.482856E+01  0.000000E+00
0.308709E+01  0.492794E+01  0.000000E+00
0.314324E+01  0.502686E+01  0.000000E+00
0.319932E+01  0.512535E+01  0.000000E+00
0.325534E+01  0.522342E+01  0.000000E+00
0.331129E+01  0.532109E+01  0.000000E+00
0.336717E+01  0.541839E+01  0.000000E+00
0.342299E+01  0.551534E+01  0.000000E+00
0.347874E+01  0.561196E+01  0.000000E+00
0.353443E+01  0.570825E+01  0.000000E+00
0.359006E+01  0.580424E+01  0.000000E+00
0.364563E+01  0.589994E+01  0.000000E+00
0.370113E+01  0.599536E+01  0.000000E+00
0.375658E+01  0.609051E+01  0.000000E+00
0.381197E+01  0.618541E+01  0.000000E+00
0.386730E+01  0.628007E+01  0.000000E+00
0.392257E+01  0.637450E+01  0.000000E+00
0.397779E+01  0.646870E+01  0.000000E+00
0.403295E+01  0.656269E+01  0.000000E+00
0.408806E+01  0.665647E+01  0.000000E+00
0.414311E+01  0.675006E+01  0.000000E+00
0.419812E+01  0.684346E+01  0.000000E+00
0.425307E+01  0.693667E+01  0.000000E+00
0.430797E+01  0.702971E+01  0.000000E+00
0.436283E+01  0.712257E+01  0.000000E+00
0.441763E+01  0.721527E+01  0.000000E+00
0.447239E+01  0.730782E+01  0.000000E+00
0.452710E+01  0.740021E+01  0.000000E+00
0.458177E+01  0.749246E+01  0.000000E+00
0.463639E+01  0.758456E+01  0.000000E+00
0.469097E+01  0.767653E+01  0.000000E+00
0.474550E+01  0.776836E+01  0.000000E+00
0.480000E+01  0.786006E+01  0.000000E+00
0.485445E+01  0.795164E+01  0.000000E+00
0.490886E+01  0.804310E+01  0.000000E+00
0.496324E+01  0.813444E+01  0.000000E+00
0.501757E+01  0.822567E+01  0.000000E+00
0.507187E+01  0.831679E+01  0.000000E+00
0.512612E+01  0.840780E+01  0.000000E+00
0.518035E+01  0.849871E+01  0.000000E+00
0.523454E+01  0.858952E+01  0.000000E+00
0.528869E+01  0.868023E+01  0.000000E+00
0.534281E+01  0.877085E+01  0.000000E+00
0.539689E+01  0.886137E+01  0.000000E+00
0.545094E+01  0.895181E+01  0.000000E+00
0.550496E+01  0.904216E+01  0.000000E+00
0.555895E+01  0.913243E+01  0.000000E+00
0.561291E+01  0.922262E+01  0.000000E+00
0.566684E+01  0.931272E+01  0.000000E+00
0.572074E+01  0.940275E+01  0.000000E+00
0.577461E+01  0.949271E+01  0.000000E+00
0.582845E+01  0.958259E+01  0.000000E+00
0.588226E+01  0.967240E+01  0.000000E+00
0.593605E+01  0.976214E+01  0.000000E+00
0.598981E+01  0.985181E+01  0.000000E+00
0.604354E+01  0.994142E+01  0.000000E+00
0.609725E+01  0.100310E+02  0.000000E+00
0.615094E+01  0.101204E+02  0.000000E+00
0.620460E+01  0.102099E+02  0.000000E+00
0.625823E+01  0.102992E+02  0.000000E+00
0.631185E+01  0.103885E+02  0.000000E+00
0.636544E+01  0.104778E+02  0.000000E+00
0.641901E+01  0.105670E+02  0.000000E+00
0.647255E+01  0.106561E+02  0.000000E+00
0.652608E+01  0.107452E+02  0.000000E+00
