0.105263E+01  0.138550E+00  0.116077E+01
0.110603E+01  0.266324E+00  0.952680E+00
0.116010E+01  0.384919E+00  0.000000E+00
0.121476E+01  0.495680E+00  0.000000E+00
0.126991E+01  0.599730E+00  0.000000E+00
0.132550E+01  0.698014E+00  0.000000E+00
0.138145E+01  0.791322E+00  0.000000E+00
0.143770E+01  0.880322E+00  0.000000E+00
0.149419E+01  0.965578E+00  0.000000E+00
0.155090E+01  0.104757E+01  0.000000E+00
0.160776E+01  0.112670E+01  0.000000E+00
0.166476E+01  0.120331E+01  0.000000E+00
0.172185E+01  0.127770E+01  0.000000E+00
0.177901E+01  0.135013E+01  0.000000E+00
0.183623E+01  0.142081E+01  0.000000E+00
0.189347E+01  0.148992E+01  0.000000E+00
0.195073E+01  0.155765E+01  0.000000E+00
0.200799E+01  0.162411E+01  0.000000E+00
0.206524E+01  0.168944E+01  0.000000E+00
0.212247E+01  0.175375E+01  0.000000E+00
0.217966E+01  0.181714E+01  0.000000E+00
0.223682E+01  0.187967E+01  0.000000E+00
0.229393E+01  0.194144E+01  0.000000E+00
0.235099E+01  0.200250E+01  0.000000E+00
0.240800E+01  0.206291E+01  0.000000E+00
0.246495E+01  0.212273E+01  0.000000E+00
0.252184E+01  0.218199E+01  0.000000E+00
0.257867E+01  0.224075E+01  0.000000E+00
0.263543E+01  0.229904E+01  0.000000E+00
0.269212E+01  0.235689E+01  0.000000E+00
0.274875E+01  0.241434E+01  0.000000E+00
0.280531E+01  0.247140E+01  0.000000E+00
0.286181E+01  0.252811E+01  0.000000E+00
0.291823E+01  0.258449E+01  0.000000E+00
0.297459E+01  0.264056E+01  0.000000E+00
0.303087E+01  0.269633E+01  0.000000E+00
0.308709E+01  0.275183E+01  0.000000E+00
0.314324E+01  0.280707E+01  0.000000E+00
0.319932E+01  0.286207E+01  0.000000E+00
0.325534E+01  0.291683E+01  0.000000E+00
0.331129E+01  0.297137E+01  0.000000E+00
0.336717E+01  0.302571E+01  0.000000E+00
0.342299E+01  0.307984E+01  0.000000E+00
0.347874E+01  0.313379E+01  0.000000E+00
0.353443E+01  0.318757E+01  0.000000E+00
0.359006E+01  0.324117E+01  0.000000E+00
0.364563E+01  0.329461E+01  0.000000E+00
0.370113E+01  0.334789E+01  0.000000E+00
0.375658E+01  0.340103E+01  0.000000E+00
0.381197E+01  0.345402E+01  0.000000E+00
0.386730E+01  0.350688E+01  0.000000E+00
0.392257E+01  0.355961E+01  0.000000E+00
0.397779E+01  0.361221E+01  0.000000E+00
0.403295E+01  0.366470E+01  0.000000E+00
0.408806E+01  0.371707E+01  0.000000E+00
0.414311E+01  0.376933E+01  0.000000E+00
0.419812E+01  0.382148E+01  0.000000E+00
0.425307E+01  0.387353E+01  0.000000E+00
0.430797E+01  0.392549E+01  0.000000E+00
0.436283E+01  0.397734E+01  0.000000E+00
0.441763E+01  0.402911E+01  0.000000E+00
0.447239E+01  0.408079E+01  0.000000E+00
0.452710E+01  0.413238E+01  0.000000E+00
0.458177E+01  0.418389E+01  0.000000E+00
0.463639E+01  0.423532E+01  0.000000E+00
0.469097E+01  0.428668E+01  0.000000E+00
0.474550E+01  0.433796E+01  0.000000E+00
0.480000E+01  0.438917E+01  0.000000E+00
0.485445E+01  0.444031E+01  0.000000E+00
0.490886E+01  0.449138E+01  0.000000E+00
0.496324E+01  0.454239E+01  0.000000E+00
0.501757E+01  0.459333E+01  0.000000E+00
0.507187E+01  0.464421E+01  0.000000E+00
0.512612E+01  0.469503E+01  0.000000E+00
0.518035E+01  0.474580E+01  0.000000E+00
0.523454E+01  0.479651E+01  0.000000E+00
0.528869E+01  0.484716E+01  0.000000E+00
0.534281E+01  0.489776E+01  0.000000E+00
0.539689E+01  0.494832E+01  0.000000E+00
0.545094E+01  0.499882E+01  0.000000E+00
0.550496E+01  0.504927E+01  0.000000E+00
0.555895E+01  0.509968E+01  0.000000E+00
0.561291E+01  0.515004E+01  0.000000E+00
0.566684E+01  0.520036E+01  0.000000E+00
0.572074E+01  0.525063E+01  0.000000E+00
0.577461E+01  0.530086E+01  0.000000E+00
0.582845E+01  0.535105E+01  0.000000E+00
0.588226E+01  0.540120E+01  0.000000E+00
0.593605E+01  0.545132E+01  0.000000E+00
0.598981E+01  0.550139E+01  0.000000E+00
0.604354E+01  0.555143E+01  0.000000E+00
0.609725E+01  0.560143E+01  0.000000E+00
0.615094E+01  0.565140E+01  0.000000E+00
0.620460E+01  0.570134E+01  0.000000E+00
0.625823E+01  0.575124E+01  0.000000E+00
0.631185E+01  0.580111E+01  0.000000E+00
0.636544E+01  0.585095E+01  0.000000E+00
0.641901E+01  0.590075E+01  0.000000E+00
0.647255E+01  0.595053E+01  0.000000E+00
0.652608E+01  0.600028E+01  0.000000E+00
