0.105263E+01  0.266736E+00  0.223471E+01
0.110603E+01  0.512728E+00  0.183410E+01
0.116010E+01  0.741047E+00  0.000000E+00
0.121476E+01  0.954284E+00  0.000000E+00
0.126991E+01  0.115460E+01  0.000000E+00
0.132550E+01  0.134382E+01  0.000000E+00
0.138145E+01  0.152346E+01  0.000000E+00
0.143770E+01  0.169480E+01  0.000000E+00
0.149419E+01  0.185893E+01  0.000000E+00
0.155090E+01  0.201678E+01  0.000000E+00
0.160776E+01  0.216912E+01  0.000000E+00
0.166476E+01  0.231662E+01  0.000000E+00
0.172185E+01  0.245984E+01  0.000000E+00
0.177901E+01  0.259927E+01  0.000000E+00
0.183623E+01  0.273534E+01  0.000000E+00
0.189347E+01  0.286841E+01  0.000000E+00
0.195073E+01  0.299878E+01  0.000000E+00
0.200799E+01  0.312674E+01  0.000000E+00
0.206524E+01  0.325252E+01  0.000000E+00
0.212247E+01  0.337633E+01  0.000000E+00
0.217966E+01  0.349835E+01  0.000000E+00
0.223682E+01  0.361875E+01  0.000000E+00
0.229393E+01  0.373766E+01  0.000000E+00
0.235099E+01  0.385522E+01  0.000000E+00
0.240800E+01  0.397152E+01  0.000000E+00
0.246495E+01  0.408668E+01  0.000000E+00
0.252184E+01  0.420078E+01  0.000000E+00
0.257867E+01  0.431391E+01  0.000000E+00
0.263543E+01  0.442612E+01  0.000000E+00
0.269212E+01  0.453750E+01  0.000000E+00
0.274875E+01  0.464809E+01  0.000000E+00
0.280531E+01  0.475795E+01  0.000000E+00
0.286181E+01  0.486713E+01  0.000000E+00
0.291823E+01  0.497567E+01  0.000000E+00
0.297459E+01  0.508361E+01  0.000000E+00
0.303087E+01  0.519099E+01  0.000000E+00
0.308709E+01  0.529784E+01  0.000000E+00
0.314324E+01  0.540418E+01  0.000000E+00
0.319932E+01  0.551006E+01  0.000000E+00
0.325534E+01  0.561549E+01  0.000000E+00
0.331129E+01  0.572049E+01  0.000000E+00
0.336717E+01  0.582510E+01  0.000000E+00
0.342299E+01  0.592933E+01  0.000000E+00
0.347874E+01  0.603319E+01  0.000000E+00
0.353443E+01  0.613671E+01  0.000000E+00
0.359006E+01  0.623991E+01  0.000000E+00
0.364563E+01  0.634279E+01  0.000000E+00
0.370113E+01  0.644537E+01  0.000000E+00
0.375658E+01  0.654767E+01  0.000000E+00
0.381197E+01  0.664969E+01  0.000000E+00
0.386730E+01  0.675146E+01  0.000000E+00
0.392257E+01  0.685297E+01  0.000000E+00
0.397779E+01  0.695425E+01  0.000000E+00
0.403295E+01  0.705529E+01  0.000000E+00
0.408806E+01  0.715611E+01  0.000000E+00
0.414311E+01  0.725672E+01  0.000000E+00
0.419812E+01  0.735713E+01  0.000000E+00
0.425307E+01  0.745734E+01  0.000000E+00
0.430797E+01  0.755736E+01  0.000000E+00
0.436283E+01  0.765720E+01  0.000000E+00
0.441763E+01  0.775686E+01  0.000000E+00
0.447239E+01  0.785635E+01  0.000000E+00
0.452710E+01  0.795568E+01  0.000000E+00
0.458177E+01  0.805484E+01  0.000000E+00
0.463639E+01  0.815386E+01  0.000000E+00
0.469097E+01  0.825273E+01  0.000000E+00
0.474550E+01  0.835145E+01  0.000000E+00
0.480000E+01  0.845004E+01  0.000000E+00
0.485445E+01  0.854849E+01  0.000000E+00
0.490886E+01  0.864682E+01  0.000000E+00
0.496324E+01  0.874502E+01  0.000000E+00
0.501757E+01  0.884309E+01  0.000000E+00
0.507187E+01  0.894105E+01  0.000000E+00
0.512612E+01  0.903889E+01  0.000000E+00
0.518035E+01  0.913663E+01  0.000000E+00
0.523454E+01  0.923425E+01  0.000000E+00
0.528869E+01  0.933177E+01  0.000000E+00
0.534281E+01  0.942919E+01  0.000000E+00
0.539689E+01  0.952651E+01  0.000000E+00
0.545094E+01  0.962374E+01  0.000000E+00
0.550496E+01  0.972087E+01  0.000000E+00
0.555895E+01  0.981792E+01  0.000000E+00
0.561291E+01  0.991487E+01  0.000000E+00
0.566684E+01  0.100117E+02  0.000000E+00
0.572074E+01  0.101085E+02  0.000000E+00
0.577461E+01  0.102052E+02  0.000000E+00
0.582845E+01  0.103019E+02  0.000000E+00
0.588226E+01  0.103984E+02  0.000000E+00
0.593605E+01  0.104949E+02  0.000000E+00
0.598981E+01  0.105913E+02  0.000000E+00
0.604354E+01  0.106876E+02  0.000000E+00
0.609725E+01  0.107839E+02  0.000000E+00
0.615094E+01  0.108801E+02  0.000000E+00
0.620460E+01  0.109762E+02  0.000000E+00
0.625823E+01  0.110723E+02  0.000000E+00
0.631185E+01  0.111683E+02  0.000000E+00
0.636544E+01  0.112643E+02  0.000000E+00
0.641901E+01  0.113602E+02  0.000000E+00
0.647255E+01  0.114560E+02  0.000000E+00
0.652608E+01  0.115518E+02  0.000000E+00
