0.105263E+01  0.238801E+00  0.200067E+01
0.110603E+01  0.459030E+00  0.164202E+01
0.116010E+01  0.663437E+00  0.000000E+00
0.121476E+01  0.854342E+00  0.000000E+00
0.126991E+01  0.103368E+01  0.000000E+00
0.132550E+01  0.120308E+01  0.000000E+00
0.138145E+01  0.136390E+01  0.000000E+00
0.143770E+01  0.151730E+01  0.000000E+00
0.149419E+01  0.166425E+01  0.000000E+00
0.155090E+01  0.180556E+01  0.000000E+00
0.160776E+01  0.194195E+01  0.000000E+00
0.166476E+01  0.207400E+01  0.000000E+00
0.172185E+01  0.220222E+01  0.000000E+00
0.177901E+01  0.232705E+01  0.000000E+00
0.183623E+01  0.244887E+01  0.000000E+00
0.189347E+01  0.256800E+01  0.000000E+00
0.195073E+01  0.268472E+01  0.000000E+00
0.200799E+01  0.279928E+01  0.000000E+00
0.206524E+01  0.291189E+01  0.000000E+00
0.212247E+01  0.302273E+01  0.000000E+00
0.217966E+01  0.313197E+01  0.000000E+00
0.223682E+01  0.323976E+01  0.000000E+00
0.229393E+01  0.334622E+01  0.000000E+00
0.235099E+01  0.345146E+01  0.000000E+00
0.240800E+01  0.355559E+01  0.000000E+00
0.246495E+01  0.365868E+01  0.000000E+00
0.252184E+01  0.376084E+01  0.000000E+00
0.257867E+01  0.386211E+01  0.000000E+00
0.263543E+01  0.396258E+01  0.000000E+00
0.269212E+01  0.406229E+01  0.000000E+00
0.274875E+01  0.416130E+01  0.000000E+00
0.280531E+01  0.425965E+01  0.000000E+00
0.286181E+01  0.435740E+01  0.000000E+00
0.291823E+01  0.445457E+01  0.000000E+00
0.297459E+01  0.455121E+01  0.000000E+00
0.303087E+01  0.464734E+01  0.000000E+00
0.308709E+01  0.474300E+01  0.000000E+00
0.314324E+01  0.483821E+01  0.000000E+00
0.319932E+01  0.493299E+01  0.000000E+00
0.325534E+01  0.502738E+01  0.000000E+00
0.331129E+01  0.512139E+01  0.000000E+00
0.336717E+01  0.521504E+01  0.000000E+00
0.342299E+01  0.530835E+01  0.000000E+00
0.347874E+01  0.540134E+01  0.000000E+00
0.353443E+01  0.549402E+01  0.000000E+00
0.359006E+01  0.558640E+01  0.000000E+00
0.364563E+01  0.567851E+01  0.000000E+00
0.370113E+01  0.577035E+01  0.000000E+00
0.375658E+01  0.586193E+01  0.000000E+00
0.381197E+01  0.595327E+01  0.000000E+00
0.386730E+01  0.604438E+01  0.000000E+00
0.392257E+01  0.613526E+01  0.000000E+00
0.397779E+01  0.622593E+01  0.000000E+00
0.403295E+01  0.631639E+01  0.000000E+00
0.408806E+01  0.640666E+01  0.000000E+00
0.414311E+01  0.649673E+01  0.000000E+00
0.419812E+01  0.658662E+01  0.000000E+00
0.425307E+01  0.667633E+01  0.000000E+00
0.430797E+01  0.676588E+01  0.000000E+00
0.436283E+01  0.685526E+01  0.000000E+00
0.441763E+01  0.694448E+01  0.000000E+00
0.447239E+01  0.703356E+01  0.000000E+00
0.452710E+01  0.712248E+01  0.000000E+00
0.458177E+01  0.721126E+01  0.000000E+00
0.463639E+01  0.729991E+01  0.000000E+00
0.469097E+01  0.738842E+01  0.000000E+00
0.474550E+01  0.747681E+01  0.000000E+00
0.480000E+01  0.756507E+01  0.000000E+00
0.485445E+01  0.765321E+01  0.000000E+00
0.490886E+01  0.774124E+01  0.000000E+00
0.496324E+01  0.782915E+01  0.000000E+00
0.501757E+01  0.791696E+01  0.000000E+00
0.507187E+01  0.800466E+01  0.000000E+00
0.512612E+01  0.809225E+01  0.000000E+00
0.518035E+01  0.817975E+01  0.000000E+00
0.523454E+01  0.826715E+01  0.000000E+00
0.528869E+01  0.835446E+01  0.000000E+00
0.534281E+01  0.844168E+01  0.000000E+00
0.539689E+01  0.852881E+01  0.000000E+00
0.545094E+01  0.861585E+01  0.000000E+00
0.550496E+01  0.870281E+01  0.000000E+00
0.555895E+01  0.878969E+01  0.000000E+00
0.561291E+01  0.887649E+01  0.000000E+00
0.566684E+01  0.896321E+01  0.000000E+00
0.572074E+01  0.904986E+01  0.000000E+00
0.577461E+01  0.913644E+01  0.000000E+00
0.582845E+01  0.922295E+01  0.000000E+00
0.588226E+01  0.930939E+01  0.000000E+00
0.593605E+01  0.939576E+01  0.000000E+00
0.598981E+01  0.948207E+01  0.000000E+00
0.604354E+01  0.956832E+01  0.000000E+00
0.609725E+01  0.965450E+01  0.000000E+00
0.615094E+01  0.974063E+01  0.000000E+00
0.620460E+01  0.982669E+01  0.000000E+00
0.625823E+01  0.991270E+01  0.000000E+00
0.631185E+01  0.999866E+01  0.000000E+00
0.636544E+01  0.100846E+02  0.000000E+00
0.641901E+01  0.101704E+02  0.000000E+00
0.647255E+01  0.102562E+02  0.000000E+00
0.652608E+01  0.103420E+02  0.000000E+00
