0.105263E+01  0.322607E+00  0.270279E+01
0.110603E+01  0.620123E+00  0.221828E+01
0.116010E+01  0.896266E+00  0.000000E+00
0.121476E+01  0.115417E+01  0.000000E+00
0.126991E+01  0.139645E+01  0.000000E+00
0.132550E+01  0.162529E+01  0.000000E+00
0.138145E+01  0.184256E+01  0.000000E+00
0.143770E+01  0.204979E+01  0.000000E+00
0.149419E+01  0.224831E+01  0.000000E+00
0.155090E+01  0.243921E+01  0.000000E+00
0.160776E+01  0.262346E+01  0.000000E+00
0.166476E+01  0.280185E+01  0.000000E+00
0.172185E+01  0.297507E+01  0.000000E+00
0.177901E+01  0.314372E+01  0.000000E+00
0.183623E+01  0.330829E+01  0.000000E+00
0.189347E+01  0.346922E+01  0.000000E+00
0.195073E+01  0.362691E+01  0.000000E+00
0.200799E+01  0.378167E+01  0.000000E+00
0.206524E+01  0.393380E+01  0.000000E+00
0.212247E+01  0.408354E+01  0.000000E+00
0.217966E+01  0.423112E+01  0.000000E+00
0.223682E+01  0.437673E+01  0.000000E+00
0.229393E+01  0.452055E+01  0.000000E+00
0.235099E+01  0.466273E+01  0.000000E+00
0.240800E+01  0.480339E+01  0.000000E+00
0.246495E+01  0.494268E+01  0.000000E+00
0.252184E+01  0.508068E+01  0.000000E+00
0.257867E+01  0.521750E+01  0.000000E+00
0.263543E+01  0.535322E+01  0.000000E+00
0.269212E+01  0.548792E+01  0.000000E+00
0.274875E+01  0.562168E+01  0.000000E+00
0.280531E+01  0.575455E+01  0.000000E+00
0.286181E+01  0.588660E+01  0.000000E+00
0.291823E+01  0.601787E+01  0.000000E+00
0.297459E+01  0.614842E+01  0.000000E+00
0.303087E+01  0.627829E+01  0.000000E+00
0.308709E+01  0.640752E+01  0.000000E+00
0.314324E+01  0.653614E+01  0.000000E+00
0.319932E+01  0.666419E+01  0.000000E+00
0.325534E+01  0.679171E+01  0.000000E+00
0.331129E+01  0.691871E+01  0.000000E+00
0.336717E+01  0.704522E+01  0.000000E+00
0.342299E+01  0.717128E+01  0.000000E+00
0.347874E+01  0.729690E+01  0.000000E+00
0.353443E+01  0.742211E+01  0.000000E+00
0.359006E+01  0.754691E+01  0.000000E+00
0.364563E+01  0.767134E+01  0.000000E+00
0.370113E+01  0.779541E+01  0.000000E+00
0.375658E+01  0.791914E+01  0.000000E+00
0.381197E+01  0.804253E+01  0.000000E+00
0.386730E+01  0.816561E+01  0.000000E+00
0.392257E+01  0.828839E+01  0.000000E+00
0.397779E+01  0.841088E+01  0.000000E+00
0.403295E+01  0.853309E+01  0.000000E+00
0.408806E+01  0.865503E+01  0.000000E+00
0.414311E+01  0.877671E+01  0.000000E+00
0.419812E+01  0.889815E+01  0.000000E+00
0.425307E+01  0.901935E+01  0.000000E+00
0.430797E+01  0.914032E+01  0.000000E+00
0.436283E+01  0.926107E+01  0.000000E+00
0.441763E+01  0.938160E+01  0.000000E+00
0.447239E+01  0.950193E+01  0.000000E+00
0.452710E+01  0.962207E+01  0.000000E+00
0.458177E+01  0.974201E+01  0.000000E+00
0.463639E+01  0.986176E+01  0.000000E+00
0.469097E+01  0.998134E+01  0.000000E+00
0.474550E+01  0.101007E+02  0.000000E+00
0.480000E+01  0.102200E+02  0.000000E+00
0.485445E+01  0.103391E+02  0.000000E+00
0.490886E+01  0.104580E+02  0.000000E+00
0.496324E+01  0.105767E+02  0.000000E+00
0.501757E+01  0.106954E+02  0.000000E+00
0.507187E+01  0.108138E+02  0.000000E+00
0.512612E+01  0.109322E+02  0.000000E+00
0.518035E+01  0.110504E+02  0.000000E+00
0.523454E+01  0.111685E+02  0.000000E+00
0.528869E+01  0.112864E+02  0.000000E+00
0.534281E+01  0.114042E+02  0.000000E+00
0.539689E+01  0.115219E+02  0.000000E+00
0.545094E+01  0.116395E+02  0.000000E+00
0.550496E+01  0.117570E+02  0.000000E+00
0.555895E+01  0.118744E+02  0.000000E+00
0.561291E+01  0.119916E+02  0.000000E+00
0.566684E+01  0.121088E+02  0.000000E+00
0.572074E+01  0.122259E+02  0.000000E+00
0.577461E+01  0.123428E+02  0.000000E+00
0.582845E+01  0.124597E+02  0.000000E+00
0.588226E+01  0.125765E+02  0.000000E+00
0.593605E+01  0.126931E+02  0.000000E+00
0.598981E+01  0.128097E+02  0.000000E+00
0.604354E+01  0.129263E+02  0.000000E+00
0.609725E+01  0.130427E+02  0.000000E+00
0.615094E+01  0.131590E+02  0.000000E+00
0.620460E+01  0.132753E+02  0.000000E+00
0.625823E+01  0.133915E+02  0.000000E+00
0.631185E+01  0.135076E+02  0.000000E+00
0.636544E+01  0.136237E+02  0.000000E+00
0.641901E+01  0.137396E+02  0.000000E+00
0.647255E+01  0.138556E+02  0.000000E+00
0.652608E+01  0.139714E+02  0.000000E+00
