0.105263E+01  0.152067E+00  0.127401E+01
0.110603E+01  0.292307E+00  0.104563E+01
0.116010E+01  0.422472E+00  0.000000E+00
0.121476E+01  0.544039E+00  0.000000E+00
0.126991E+01  0.658241E+00  0.000000E+00
0.132550E+01  0.766113E+00  0.000000E+00
0.138145E+01  0.868524E+00  0.000000E+00
0.143770E+01  0.966207E+00  0.000000E+00
0.149419E+01  0.105978E+01  0.000000E+00
0.155090E+01  0.114977E+01  0.000000E+00
0.160776E+01  0.123662E+01  0.000000E+00
0.166476E+01  0.132071E+01  0.000000E+00
0.172185E+01  0.140236E+01  0.000000E+00
0.177901E+01  0.148185E+01  0.000000E+00
0.183623E+01  0.155942E+01  0.000000E+00
0.189347E+01  0.163528E+01  0.000000E+00
0.195073E+01  0.170961E+01  0.000000E+00
0.200799E+01  0.178256E+01  0.000000E+00
0.206524E+01  0.185427E+01  0.000000E+00
0.212247E+01  0.192485E+01  0.000000E+00
0.217966E+01  0.199442E+01  0.000000E+00
0.223682E+01  0.206306E+01  0.000000E+00
0.229393E+01  0.213085E+01  0.000000E+00
0.235099E+01  0.219786E+01  0.000000E+00
0.240800E+01  0.226417E+01  0.000000E+00
0.246495E+01  0.232982E+01  0.000000E+00
0.252184E+01  0.239487E+01  0.000000E+00
0.257867E+01  0.245936E+01  0.000000E+00
0.263543E+01  0.252334E+01  0.000000E+00
0.269212E+01  0.258683E+01  0.000000E+00
0.274875E+01  0.264988E+01  0.000000E+00
0.280531E+01  0.271252E+01  0.000000E+00
0.286181E+01  0.277476E+01  0.000000E+00
0.291823E+01  0.283664E+01  0.000000E+00
0.297459E+01  0.289817E+01  0.000000E+00
0.303087E+01  0.295939E+01  0.000000E+00
0.308709E+01  0.302030E+01  0.000000E+00
0.314324E+01  0.308093E+01  0.000000E+00
0.319932E+01  0.314129E+01  0.000000E+00
0.325534E+01  0.320140E+01  0.000000E+00
0.331129E+01  0.326126E+01  0.000000E+00
0.336717E+01  0.332090E+01  0.000000E+00
0.342299E+01  0.338032E+01  0.000000E+00
0.347874E+01  0.343953E+01  0.000000E+00
0.353443E+01  0.349855E+01  0.000000E+00
0.359006E+01  0.355738E+01  0.000000E+00
0.364563E+01  0.361603E+01  0.000000E+00
0.370113E+01  0.367451E+01  0.000000E+00
0.375658E+01  0.373283E+01  0.000000E+00
0.381197E+01  0.379100E+01  0.000000E+00
0.386730E+01  0.384902E+01  0.000000E+00
0.392257E+01  0.390689E+01  0.000000E+00
0.397779E+01  0.396463E+01  0.000000E+00
0.403295E+01  0.402223E+01  0.000000E+00
0.408806E+01  0.407971E+01  0.000000E+00
0.414311E+01  0.413707E+01  0.000000E+00
0.419812E+01  0.419431E+01  0.000000E+00
0.425307E+01  0.425144E+01  0.000000E+00
0.430797E+01  0.430846E+01  0.000000E+00
0.436283E+01  0.436538E+01  0.000000E+00
0.441763E+01  0.442219E+01  0.000000E+00
0.447239E+01  0.447891E+01  0.000000E+00
0.452710E+01  0.453554E+01  0.000000E+00
0.458177E+01  0.459208E+01  0.000000E+00
0.463639E+01  0.464853E+01  0.000000E+00
0.469097E+01  0.470489E+01  0.000000E+00
0.474550E+01  0.476118E+01  0.000000E+00
0.480000E+01  0.481738E+01  0.000000E+00
0.485445E+01  0.487351E+01  0.000000E+00
0.490886E+01  0.492956E+01  0.000000E+00
0.496324E+01  0.498555E+01  0.000000E+00
0.501757E+01  0.504146E+01  0.000000E+00
0.507187E+01  0.509730E+01  0.000000E+00
0.512612E+01  0.515309E+01  0.000000E+00
0.518035E+01  0.520880E+01  0.000000E+00
0.523454E+01  0.526446E+01  0.000000E+00
0.528869E+01  0.532006E+01  0.000000E+00
0.534281E+01  0.537560E+01  0.000000E+00
0.539689E+01  0.543108E+01  0.000000E+00
0.545094E+01  0.548651E+01  0.000000E+00
0.550496E+01  0.554188E+01  0.000000E+00
0.555895E+01  0.559721E+01  0.000000E+00
0.561291E+01  0.565248E+01  0.000000E+00
0.566684E+01  0.570771E+01  0.000000E+00
0.572074E+01  0.576289E+01  0.000000E+00
0.577461E+01  0.581802E+01  0.000000E+00
0.582845E+01  0.587311E+01  0.000000E+00
0.588226E+01  0.592815E+01  0.000000E+00
0.593605E+01  0.598315E+01  0.000000E+00
0.598981E+01  0.603811E+01  0.000000E+00
0.604354E+01  0.609303E+01  0.000000E+00
0.609725E+01  0.614791E+01  0.000000E+00
0.615094E+01  0.620276E+01  0.000000E+00
0.620460E+01  0.625756E+01  0.000000E+00
0.625823E+01  0.631233E+01  0.000000E+00
0.631185E+01  0.636707E+01  0.000000E+00
0.636544E+01  0.642177E+01  0.000000E+00
0.641901E+01  0.647644E+01  0.000000E+00
0.647255E+01  0.653107E+01  0.000000E+00
0.652608E+01  0.658568E+01  0.000000E+00
