0.105263E+01  0.425036E+00  0.356094E+01
0.110603E+01  0.817015E+00  0.292259E+01
0.116010E+01  0.118083E+01  0.000000E+00
0.121476E+01  0.152062E+01  0.000000E+00
0.126991E+01  0.183982E+01  0.000000E+00
0.132550E+01  0.214133E+01  0.000000E+00
0.138145E+01  0.242758E+01  0.000000E+00
0.143770E+01  0.270061E+01  0.000000E+00
0.149419E+01  0.296215E+01  0.000000E+00
0.155090E+01  0.321368E+01  0.000000E+00
0.160776E+01  0.345642E+01  0.000000E+00
0.166476E+01  0.369145E+01  0.000000E+00
0.172185E+01  0.391967E+01  0.000000E+00
0.177901E+01  0.414186E+01  0.000000E+00
0.183623E+01  0.435868E+01  0.000000E+00
0.189347E+01  0.457072E+01  0.000000E+00
0.195073E+01  0.477847E+01  0.000000E+00
0.200799E+01  0.498237E+01  0.000000E+00
0.206524E+01  0.518279E+01  0.000000E+00
0.212247E+01  0.538008E+01  0.000000E+00
0.217966E+01  0.557452E+01  0.000000E+00
0.223682E+01  0.576637E+01  0.000000E+00
0.229393E+01  0.595585E+01  0.000000E+00
0.235099E+01  0.614316E+01  0.000000E+00
0.240800E+01  0.632850E+01  0.000000E+00
0.246495E+01  0.651200E+01  0.000000E+00
0.252184E+01  0.669382E+01  0.000000E+00
0.257867E+01  0.687407E+01  0.000000E+00
0.263543E+01  0.705289E+01  0.000000E+00
0.269212E+01  0.723036E+01  0.000000E+00
0.274875E+01  0.740659E+01  0.000000E+00
0.280531E+01  0.758165E+01  0.000000E+00
0.286181E+01  0.775562E+01  0.000000E+00
0.291823E+01  0.792858E+01  0.000000E+00
0.297459E+01  0.810058E+01  0.000000E+00
0.303087E+01  0.827168E+01  0.000000E+00
0.308709E+01  0.844194E+01  0.000000E+00
0.314324E+01  0.861140E+01  0.000000E+00
0.319932E+01  0.878011E+01  0.000000E+00
0.325534E+01  0.894810E+01  0.000000E+00
0.331129E+01  0.911543E+01  0.000000E+00
0.336717E+01  0.928211E+01  0.000000E+00
0.342299E+01  0.944820E+01  0.000000E+00
0.347874E+01  0.961370E+01  0.000000E+00
0.353443E+01  0.977866E+01  0.000000E+00
0.359006E+01  0.994309E+01  0.000000E+00
0.364563E+01  0.101070E+02  0.000000E+00
0.370113E+01  0.102705E+02  0.000000E+00
0.375658E+01  0.104335E+02  0.000000E+00
0.381197E+01  0.105961E+02  0.000000E+00
0.386730E+01  0.107582E+02  0.000000E+00
0.392257E+01  0.109200E+02  0.000000E+00
0.397779E+01  0.110814E+02  0.000000E+00
0.403295E+01  0.112424E+02  0.000000E+00
0.408806E+01  0.114030E+02  0.000000E+00
0.414311E+01  0.115634E+02  0.000000E+00
0.419812E+01  0.117234E+02  0.000000E+00
0.425307E+01  0.118830E+02  0.000000E+00
0.430797E+01  0.120424E+02  0.000000E+00
0.436283E+01  0.122015E+02  0.000000E+00
0.441763E+01  0.123603E+02  0.000000E+00
0.447239E+01  0.125188E+02  0.000000E+00
0.452710E+01  0.126771E+02  0.000000E+00
0.458177E+01  0.128351E+02  0.000000E+00
0.463639E+01  0.129929E+02  0.000000E+00
0.469097E+01  0.131505E+02  0.000000E+00
0.474550E+01  0.133078E+02  0.000000E+00
0.480000E+01  0.134649E+02  0.000000E+00
0.485445E+01  0.136218E+02  0.000000E+00
0.490886E+01  0.137784E+02  0.000000E+00
0.496324E+01  0.139349E+02  0.000000E+00
0.501757E+01  0.140912E+02  0.000000E+00
0.507187E+01  0.142473E+02  0.000000E+00
0.512612E+01  0.144032E+02  0.000000E+00
0.518035E+01  0.145589E+02  0.000000E+00
0.523454E+01  0.147145E+02  0.000000E+00
0.528869E+01  0.148699E+02  0.000000E+00
0.534281E+01  0.150251E+02  0.000000E+00
0.539689E+01  0.151802E+02  0.000000E+00
0.545094E+01  0.153351E+02  0.000000E+00
0.550496E+01  0.154899E+02  0.000000E+00
0.555895E+01  0.156445E+02  0.000000E+00
0.561291E+01  0.157990E+02  0.000000E+00
0.566684E+01  0.159534E+02  0.000000E+00
0.572074E+01  0.161076E+02  0.000000E+00
0.577461E+01  0.162617E+02  0.000000E+00
0.582845E+01  0.164157E+02  0.000000E+00
0.588226E+01  0.165695E+02  0.000000E+00
0.593605E+01  0.167233E+02  0.000000E+00
0.598981E+01  0.168769E+02  0.000000E+00
0.604354E+01  0.170304E+02  0.000000E+00
0.609725E+01  0.171838E+02  0.000000E+00
0.615094E+01  0.173371E+02  0.000000E+00
0.620460E+01  0.174903E+02  0.000000E+00
0.625823E+01  0.176434E+02  0.000000E+00
0.631185E+01  0.177964E+02  0.000000E+00
0.636544E+01  0.179492E+02  0.000000E+00
0.641901E+01  0.181020E+02  0.000000E+00
0.647255E+01  0.182548E+02  0.000000E+00
0.652608E+01  0.184074E+02  0.000000E+00
