0.996400E+00  -.659260E-01
0.992800E+00  -.132576E+00
0.989200E+00  -.199966E+00
0.985600E+00  -.268112E+00
0.982000E+00  -.337032E+00
0.978400E+00  -.406742E+00
0.974800E+00  -.477260E+00
0.971200E+00  -.548605E+00
0.967600E+00  -.620795E+00
0.964000E+00  -.693850E+00
0.960400E+00  -.767788E+00
0.956800E+00  -.842630E+00
0.953200E+00  -.918396E+00
0.949600E+00  -.995108E+00
0.946000E+00  -.107279E+01
0.942400E+00  -.115146E+01
0.938800E+00  -.123114E+01
0.935200E+00  -.131185E+01
0.931600E+00  -.139363E+01
0.928000E+00  -.147649E+01
0.924400E+00  -.156046E+01
0.920800E+00  -.164557E+01
0.917200E+00  -.173184E+01
0.913600E+00  -.181930E+01
0.910000E+00  -.190797E+01
0.906400E+00  -.199790E+01
0.902800E+00  -.208909E+01
0.899200E+00  -.218160E+01
0.895600E+00  -.227544E+01
0.892000E+00  -.237066E+01
0.888400E+00  -.246728E+01
0.884800E+00  -.256533E+01
0.881200E+00  -.266486E+01
0.877600E+00  -.276589E+01
0.874000E+00  -.286847E+01
0.870400E+00  -.297264E+01
0.866800E+00  -.307842E+01
0.863200E+00  -.318587E+01
0.859600E+00  -.329502E+01
0.856000E+00  -.340591E+01
0.852400E+00  -.351860E+01
0.848800E+00  -.363311E+01
0.845200E+00  -.374951E+01
0.841600E+00  -.386784E+01
0.838000E+00  -.398814E+01
0.834400E+00  -.411048E+01
0.830800E+00  -.423489E+01
0.827200E+00  -.436143E+01
0.823600E+00  -.449016E+01
0.820000E+00  -.462114E+01
0.816400E+00  -.475442E+01
0.812800E+00  -.489006E+01
0.809200E+00  -.502813E+01
0.805600E+00  -.516869E+01
0.802000E+00  -.531180E+01
0.798400E+00  -.545753E+01
0.794800E+00  -.560596E+01
0.791200E+00  -.575716E+01
0.787600E+00  -.591119E+01
0.784000E+00  -.606814E+01
0.780400E+00  -.622809E+01
0.776800E+00  -.639112E+01
0.773200E+00  -.655730E+01
0.769600E+00  -.672674E+01
0.766000E+00  -.689952E+01
0.762400E+00  -.707573E+01
0.758800E+00  -.725547E+01
0.755200E+00  -.743884E+01
0.751600E+00  -.762593E+01
0.748000E+00  -.781687E+01
0.744400E+00  -.801175E+01
0.740800E+00  -.821068E+01
0.737200E+00  -.841380E+01
0.733600E+00  -.862120E+01
0.730000E+00  -.883303E+01
0.726400E+00  -.904941E+01
0.722800E+00  -.927048E+01
0.719200E+00  -.949636E+01
0.715600E+00  -.972721E+01
0.712000E+00  -.996317E+01
0.708400E+00  -.102044E+02
0.704800E+00  -.104511E+02
0.701200E+00  -.107033E+02
0.697600E+00  -.109613E+02
0.694000E+00  -.112252E+02
0.690400E+00  -.114953E+02
0.686800E+00  -.117716E+02
0.683200E+00  -.120545E+02
0.679600E+00  -.123441E+02
0.676000E+00  -.126406E+02
0.672400E+00  -.129442E+02
0.668800E+00  -.132552E+02
0.665200E+00  -.135738E+02
0.661600E+00  -.139002E+02
0.658000E+00  -.142347E+02
0.654400E+00  -.145776E+02
0.650800E+00  -.149292E+02
0.647200E+00  -.152896E+02
0.643600E+00  -.156593E+02
0.640000E+00  -.160384E+02
