0.996400E+00  -.414549E-01
0.992800E+00  -.833896E-01
0.989200E+00  -.125840E+00
0.985600E+00  -.168842E+00
0.982000E+00  -.212436E+00
0.978400E+00  -.256659E+00
0.974800E+00  -.301553E+00
0.971200E+00  -.347161E+00
0.967600E+00  -.393527E+00
0.964000E+00  -.440695E+00
0.960400E+00  -.488714E+00
0.956800E+00  -.537633E+00
0.953200E+00  -.587503E+00
0.949600E+00  -.638377E+00
0.946000E+00  -.690310E+00
0.942400E+00  -.743361E+00
0.938800E+00  -.797587E+00
0.935200E+00  -.853053E+00
0.931600E+00  -.909822E+00
0.928000E+00  -.967963E+00
0.924400E+00  -.102755E+01
0.920800E+00  -.108864E+01
0.917200E+00  -.115133E+01
0.913600E+00  -.121570E+01
0.910000E+00  -.128182E+01
0.906400E+00  -.134978E+01
0.902800E+00  -.141967E+01
0.899200E+00  -.149160E+01
0.895600E+00  -.156565E+01
0.892000E+00  -.164194E+01
0.888400E+00  -.172057E+01
0.884800E+00  -.180165E+01
0.881200E+00  -.188531E+01
0.877600E+00  -.197167E+01
0.874000E+00  -.206086E+01
0.870400E+00  -.215302E+01
0.866800E+00  -.224830E+01
0.863200E+00  -.234684E+01
0.859600E+00  -.244879E+01
0.856000E+00  -.255434E+01
0.852400E+00  -.266365E+01
0.848800E+00  -.277690E+01
0.845200E+00  -.289429E+01
0.841600E+00  -.301601E+01
0.838000E+00  -.314229E+01
0.834400E+00  -.327334E+01
0.830800E+00  -.340939E+01
0.827200E+00  -.355070E+01
0.823600E+00  -.369752E+01
0.820000E+00  -.385012E+01
0.816400E+00  -.400880E+01
0.812800E+00  -.417384E+01
0.809200E+00  -.434558E+01
0.805600E+00  -.452435E+01
0.802000E+00  -.471049E+01
0.798400E+00  -.490438E+01
0.794800E+00  -.510642E+01
0.791200E+00  -.531701E+01
0.787600E+00  -.553660E+01
0.784000E+00  -.576564E+01
0.780400E+00  -.600462E+01
0.776800E+00  -.625405E+01
0.773200E+00  -.651448E+01
0.769600E+00  -.678648E+01
0.766000E+00  -.707065E+01
0.762400E+00  -.736763E+01
0.758800E+00  -.767810E+01
0.755200E+00  -.800278E+01
0.751600E+00  -.834242E+01
0.748000E+00  -.869782E+01
0.744400E+00  -.906984E+01
0.740800E+00  -.945936E+01
0.737200E+00  -.986735E+01
0.733600E+00  -.102948E+02
0.730000E+00  -.107428E+02
0.726400E+00  -.112125E+02
0.722800E+00  -.117050E+02
0.719200E+00  -.122217E+02
0.715600E+00  -.127639E+02
0.712000E+00  -.133331E+02
0.708400E+00  -.139307E+02
0.704800E+00  -.145584E+02
0.701200E+00  -.152179E+02
0.697600E+00  -.159111E+02
0.694000E+00  -.166399E+02
0.690400E+00  -.174063E+02
0.686800E+00  -.182126E+02
0.683200E+00  -.190612E+02
0.679600E+00  -.199544E+02
0.676000E+00  -.208951E+02
0.672400E+00  -.218860E+02
0.668800E+00  -.229301E+02
0.665200E+00  -.240307E+02
0.661600E+00  -.251913E+02
0.658000E+00  -.264154E+02
0.654400E+00  -.277070E+02
0.650800E+00  -.290704E+02
0.647200E+00  -.305100E+02
0.643600E+00  -.320305E+02
0.640000E+00  -.336371E+02
