0.996400E+00  -.764711E-01
0.992800E+00  -.153780E+00
0.989200E+00  -.231945E+00
0.985600E+00  -.310983E+00
0.982000E+00  -.390912E+00
0.978400E+00  -.471750E+00
0.974800E+00  -.553517E+00
0.971200E+00  -.636232E+00
0.967600E+00  -.719915E+00
0.964000E+00  -.804585E+00
0.960400E+00  -.890266E+00
0.956800E+00  -.976977E+00
0.953200E+00  -.106474E+01
0.949600E+00  -.115358E+01
0.946000E+00  -.124352E+01
0.942400E+00  -.133458E+01
0.938800E+00  -.142679E+01
0.935200E+00  -.152017E+01
0.931600E+00  -.161475E+01
0.928000E+00  -.171056E+01
0.924400E+00  -.180762E+01
0.920800E+00  -.190596E+01
0.917200E+00  -.200561E+01
0.913600E+00  -.210660E+01
0.910000E+00  -.220897E+01
0.906400E+00  -.231274E+01
0.902800E+00  -.241795E+01
0.899200E+00  -.252464E+01
0.895600E+00  -.263283E+01
0.892000E+00  -.274256E+01
0.888400E+00  -.285388E+01
0.884800E+00  -.296681E+01
0.881200E+00  -.308141E+01
0.877600E+00  -.319771E+01
0.874000E+00  -.331576E+01
0.870400E+00  -.343559E+01
0.866800E+00  -.355726E+01
0.863200E+00  -.368082E+01
0.859600E+00  -.380631E+01
0.856000E+00  -.393379E+01
0.852400E+00  -.406331E+01
0.848800E+00  -.419492E+01
0.845200E+00  -.432868E+01
0.841600E+00  -.446465E+01
0.838000E+00  -.460290E+01
0.834400E+00  -.474348E+01
0.830800E+00  -.488647E+01
0.827200E+00  -.503194E+01
0.823600E+00  -.517995E+01
0.820000E+00  -.533058E+01
0.816400E+00  -.548391E+01
0.812800E+00  -.564002E+01
0.809200E+00  -.579901E+01
0.805600E+00  -.596094E+01
0.802000E+00  -.612593E+01
0.798400E+00  -.629406E+01
0.794800E+00  -.646544E+01
0.791200E+00  -.664017E+01
0.787600E+00  -.681836E+01
0.784000E+00  -.700013E+01
0.780400E+00  -.718559E+01
0.776800E+00  -.737488E+01
0.773200E+00  -.756813E+01
0.769600E+00  -.776546E+01
0.766000E+00  -.796704E+01
0.762400E+00  -.817300E+01
0.758800E+00  -.838351E+01
0.755200E+00  -.859874E+01
0.751600E+00  -.881886E+01
0.748000E+00  -.904404E+01
0.744400E+00  -.927450E+01
0.740800E+00  -.951042E+01
0.737200E+00  -.975203E+01
0.733600E+00  -.999954E+01
0.730000E+00  -.102532E+02
0.726400E+00  -.105132E+02
0.722800E+00  -.107799E+02
0.719200E+00  -.110536E+02
0.715600E+00  -.113344E+02
0.712000E+00  -.116228E+02
0.708400E+00  -.119190E+02
0.704800E+00  -.122234E+02
0.701200E+00  -.125363E+02
0.697600E+00  -.128582E+02
0.694000E+00  -.131894E+02
0.690400E+00  -.135304E+02
0.686800E+00  -.138816E+02
0.683200E+00  -.142435E+02
0.679600E+00  -.146166E+02
0.676000E+00  -.150014E+02
0.672400E+00  -.153985E+02
0.668800E+00  -.158085E+02
0.665200E+00  -.162320E+02
0.661600E+00  -.166698E+02
0.658000E+00  -.171225E+02
0.654400E+00  -.175910E+02
0.650800E+00  -.180759E+02
0.647200E+00  -.185783E+02
0.643600E+00  -.190990E+02
0.640000E+00  -.196390E+02
