0.996400E+00  -.383980E-01
0.992800E+00  -.772207E-01
0.989200E+00  -.116481E+00
0.985600E+00  -.156190E+00
0.982000E+00  -.196364E+00
0.978400E+00  -.237014E+00
0.974800E+00  -.278155E+00
0.971200E+00  -.319801E+00
0.967600E+00  -.361967E+00
0.964000E+00  -.404668E+00
0.960400E+00  -.447921E+00
0.956800E+00  -.491740E+00
0.953200E+00  -.536142E+00
0.949600E+00  -.581145E+00
0.946000E+00  -.626766E+00
0.942400E+00  -.673023E+00
0.938800E+00  -.719935E+00
0.935200E+00  -.767520E+00
0.931600E+00  -.815799E+00
0.928000E+00  -.864791E+00
0.924400E+00  -.914517E+00
0.920800E+00  -.965000E+00
0.917200E+00  -.101626E+01
0.913600E+00  -.106832E+01
0.910000E+00  -.112121E+01
0.906400E+00  -.117494E+01
0.902800E+00  -.122955E+01
0.899200E+00  -.128505E+01
0.895600E+00  -.134148E+01
0.892000E+00  -.139887E+01
0.888400E+00  -.145723E+01
0.884800E+00  -.151660E+01
0.881200E+00  -.157702E+01
0.877600E+00  -.163850E+01
0.874000E+00  -.170109E+01
0.870400E+00  -.176481E+01
0.866800E+00  -.182970E+01
0.863200E+00  -.189579E+01
0.859600E+00  -.196313E+01
0.856000E+00  -.203174E+01
0.852400E+00  -.210166E+01
0.848800E+00  -.217294E+01
0.845200E+00  -.224562E+01
0.841600E+00  -.231974E+01
0.838000E+00  -.239534E+01
0.834400E+00  -.247246E+01
0.830800E+00  -.255116E+01
0.827200E+00  -.263149E+01
0.823600E+00  -.271348E+01
0.820000E+00  -.279720E+01
0.816400E+00  -.288269E+01
0.812800E+00  -.297002E+01
0.809200E+00  -.305924E+01
0.805600E+00  -.315040E+01
0.802000E+00  -.324357E+01
0.798400E+00  -.333882E+01
0.794800E+00  -.343620E+01
0.791200E+00  -.353578E+01
0.787600E+00  -.363764E+01
0.784000E+00  -.374185E+01
0.780400E+00  -.384848E+01
0.776800E+00  -.395761E+01
0.773200E+00  -.406931E+01
0.769600E+00  -.418368E+01
0.766000E+00  -.430080E+01
0.762400E+00  -.442076E+01
0.758800E+00  -.454365E+01
0.755200E+00  -.466957E+01
0.751600E+00  -.479861E+01
0.748000E+00  -.493089E+01
0.744400E+00  -.506650E+01
0.740800E+00  -.520556E+01
0.737200E+00  -.534819E+01
0.733600E+00  -.549449E+01
0.730000E+00  -.564461E+01
0.726400E+00  -.579867E+01
0.722800E+00  -.595679E+01
0.719200E+00  -.611912E+01
0.715600E+00  -.628581E+01
0.712000E+00  -.645701E+01
0.708400E+00  -.663286E+01
0.704800E+00  -.681354E+01
0.701200E+00  -.699921E+01
0.697600E+00  -.719004E+01
0.694000E+00  -.738623E+01
0.690400E+00  -.758795E+01
0.686800E+00  -.779541E+01
0.683200E+00  -.800881E+01
0.679600E+00  -.822836E+01
0.676000E+00  -.845430E+01
0.672400E+00  -.868684E+01
0.668800E+00  -.892623E+01
0.665200E+00  -.917272E+01
0.661600E+00  -.942658E+01
0.658000E+00  -.968807E+01
0.654400E+00  -.995748E+01
0.650800E+00  -.102351E+02
0.647200E+00  -.105213E+02
0.643600E+00  -.108163E+02
0.640000E+00  -.111205E+02
