0.996400E+00  -.170508E+00
0.992800E+00  -.342975E+00
0.989200E+00  -.517532E+00
0.985600E+00  -.694314E+00
0.982000E+00  -.873462E+00
0.978400E+00  -.105512E+01
0.974800E+00  -.123944E+01
0.971200E+00  -.142658E+01
0.967600E+00  -.161669E+01
0.964000E+00  -.180995E+01
0.960400E+00  -.200653E+01
0.956800E+00  -.220661E+01
0.953200E+00  -.241038E+01
0.949600E+00  -.261802E+01
0.946000E+00  -.282975E+01
0.942400E+00  -.304578E+01
0.938800E+00  -.326631E+01
0.935200E+00  -.349158E+01
0.931600E+00  -.372183E+01
0.928000E+00  -.395731E+01
0.924400E+00  -.419826E+01
0.920800E+00  -.444496E+01
0.917200E+00  -.469769E+01
0.913600E+00  -.495674E+01
0.910000E+00  -.522241E+01
0.906400E+00  -.549502E+01
0.902800E+00  -.577490E+01
0.899200E+00  -.606240E+01
0.895600E+00  -.635788E+01
0.892000E+00  -.666172E+01
0.888400E+00  -.697432E+01
0.884800E+00  -.729609E+01
0.881200E+00  -.762746E+01
0.877600E+00  -.796888E+01
0.874000E+00  -.832084E+01
0.870400E+00  -.868384E+01
0.866800E+00  -.905838E+01
0.863200E+00  -.944502E+01
0.859600E+00  -.984434E+01
0.856000E+00  -.102569E+02
0.852400E+00  -.106834E+02
0.848800E+00  -.111245E+02
0.845200E+00  -.115809E+02
0.841600E+00  -.120532E+02
0.838000E+00  -.125423E+02
0.834400E+00  -.130490E+02
0.830800E+00  -.135742E+02
0.827200E+00  -.141186E+02
0.823600E+00  -.146833E+02
0.820000E+00  -.152693E+02
0.816400E+00  -.158775E+02
0.812800E+00  -.165092E+02
0.809200E+00  -.171654E+02
0.805600E+00  -.178474E+02
0.802000E+00  -.185564E+02
0.798400E+00  -.192939E+02
0.794800E+00  -.200612E+02
0.791200E+00  -.208598E+02
0.787600E+00  -.216914E+02
0.784000E+00  -.225577E+02
0.780400E+00  -.234603E+02
0.776800E+00  -.244012E+02
0.773200E+00  -.253824E+02
0.769600E+00  -.264060E+02
0.766000E+00  -.274741E+02
0.762400E+00  -.285892E+02
0.758800E+00  -.297537E+02
0.755200E+00  -.309703E+02
0.751600E+00  -.322418E+02
0.748000E+00  -.335711E+02
0.744400E+00  -.349613E+02
0.740800E+00  -.364157E+02
0.737200E+00  -.379380E+02
0.733600E+00  -.395318E+02
0.730000E+00  -.412012E+02
0.726400E+00  -.429502E+02
0.722800E+00  -.447835E+02
0.719200E+00  -.467057E+02
0.715600E+00  -.487220E+02
0.712000E+00  -.508377E+02
0.708400E+00  -.530585E+02
0.704800E+00  -.553906E+02
0.701200E+00  -.578404E+02
0.697600E+00  -.604149E+02
0.694000E+00  -.631213E+02
0.690400E+00  -.659677E+02
0.686800E+00  -.689622E+02
0.683200E+00  -.721140E+02
0.679600E+00  -.754324E+02
0.676000E+00  -.789278E+02
0.672400E+00  -.826109E+02
0.668800E+00  -.864934E+02
0.665200E+00  -.905878E+02
0.661600E+00  -.949072E+02
0.658000E+00  -.994660E+02
0.654400E+00  -.104279E+03
0.650800E+00  -.109363E+03
0.647200E+00  -.114736E+03
0.643600E+00  -.120415E+03
0.640000E+00  -.126422E+03
