0.996400E+00  -.130410E+00
0.992800E+00  -.262313E+00
0.989200E+00  -.395805E+00
0.985600E+00  -.530983E+00
0.982000E+00  -.667949E+00
0.978400E+00  -.806809E+00
0.974800E+00  -.947672E+00
0.971200E+00  -.109065E+01
0.967600E+00  -.123586E+01
0.964000E+00  -.138343E+01
0.960400E+00  -.153348E+01
0.956800E+00  -.168614E+01
0.953200E+00  -.184156E+01
0.949600E+00  -.199986E+01
0.946000E+00  -.216120E+01
0.942400E+00  -.232574E+01
0.938800E+00  -.249363E+01
0.935200E+00  -.266504E+01
0.931600E+00  -.284015E+01
0.928000E+00  -.301913E+01
0.924400E+00  -.320218E+01
0.920800E+00  -.338949E+01
0.917200E+00  -.358128E+01
0.913600E+00  -.377775E+01
0.910000E+00  -.397914E+01
0.906400E+00  -.418568E+01
0.902800E+00  -.439762E+01
0.899200E+00  -.461522E+01
0.895600E+00  -.483874E+01
0.892000E+00  -.506848E+01
0.888400E+00  -.530473E+01
0.884800E+00  -.554781E+01
0.881200E+00  -.579803E+01
0.877600E+00  -.605576E+01
0.874000E+00  -.632134E+01
0.870400E+00  -.659516E+01
0.866800E+00  -.687762E+01
0.863200E+00  -.716913E+01
0.859600E+00  -.747014E+01
0.856000E+00  -.778111E+01
0.852400E+00  -.810252E+01
0.848800E+00  -.843489E+01
0.845200E+00  -.877876E+01
0.841600E+00  -.913470E+01
0.838000E+00  -.950330E+01
0.834400E+00  -.988520E+01
0.830800E+00  -.102811E+02
0.827200E+00  -.106916E+02
0.823600E+00  -.111175E+02
0.820000E+00  -.115596E+02
0.816400E+00  -.120187E+02
0.812800E+00  -.124957E+02
0.809200E+00  -.129915E+02
0.805600E+00  -.135071E+02
0.802000E+00  -.140434E+02
0.798400E+00  -.146017E+02
0.794800E+00  -.151829E+02
0.791200E+00  -.157884E+02
0.787600E+00  -.164194E+02
0.784000E+00  -.170773E+02
0.780400E+00  -.177635E+02
0.776800E+00  -.184796E+02
0.773200E+00  -.192271E+02
0.769600E+00  -.200078E+02
0.766000E+00  -.208235E+02
0.762400E+00  -.216761E+02
0.758800E+00  -.225677E+02
0.755200E+00  -.235003E+02
0.751600E+00  -.244764E+02
0.748000E+00  -.254984E+02
0.744400E+00  -.265689E+02
0.740800E+00  -.276905E+02
0.737200E+00  -.288664E+02
0.733600E+00  -.300995E+02
0.730000E+00  -.313932E+02
0.726400E+00  -.327510E+02
0.722800E+00  -.341767E+02
0.719200E+00  -.356744E+02
0.715600E+00  -.372482E+02
0.712000E+00  -.389026E+02
0.708400E+00  -.406427E+02
0.704800E+00  -.424734E+02
0.701200E+00  -.444004E+02
0.697600E+00  -.464294E+02
0.694000E+00  -.485669E+02
0.690400E+00  -.508194E+02
0.686800E+00  -.531942E+02
0.683200E+00  -.556988E+02
0.679600E+00  -.583416E+02
0.676000E+00  -.611312E+02
0.672400E+00  -.640770E+02
0.668800E+00  -.671890E+02
0.665200E+00  -.704779E+02
0.661600E+00  -.739553E+02
0.658000E+00  -.776334E+02
0.654400E+00  -.815255E+02
0.650800E+00  -.856458E+02
0.647200E+00  -.900093E+02
0.643600E+00  -.946324E+02
0.640000E+00  -.995327E+02
