0.996400E+00  -.108384E+00
0.992800E+00  -.218005E+00
0.989200E+00  -.328937E+00
0.985600E+00  -.441257E+00
0.982000E+00  -.555045E+00
0.978400E+00  -.670382E+00
0.974800E+00  -.787355E+00
0.971200E+00  -.906051E+00
0.967600E+00  -.102656E+01
0.964000E+00  -.114898E+01
0.960400E+00  -.127341E+01
0.956800E+00  -.139995E+01
0.953200E+00  -.152870E+01
0.949600E+00  -.165978E+01
0.946000E+00  -.179330E+01
0.942400E+00  -.192937E+01
0.938800E+00  -.206813E+01
0.935200E+00  -.220969E+01
0.931600E+00  -.235419E+01
0.928000E+00  -.250177E+01
0.924400E+00  -.265258E+01
0.920800E+00  -.280676E+01
0.917200E+00  -.296447E+01
0.913600E+00  -.312587E+01
0.910000E+00  -.329113E+01
0.906400E+00  -.346044E+01
0.902800E+00  -.363397E+01
0.899200E+00  -.381192E+01
0.895600E+00  -.399448E+01
0.892000E+00  -.418188E+01
0.888400E+00  -.437432E+01
0.884800E+00  -.457205E+01
0.881200E+00  -.477529E+01
0.877600E+00  -.498430E+01
0.874000E+00  -.519935E+01
0.870400E+00  -.542070E+01
0.866800E+00  -.564865E+01
0.863200E+00  -.588349E+01
0.859600E+00  -.612555E+01
0.856000E+00  -.637516E+01
0.852400E+00  -.663265E+01
0.848800E+00  -.689840E+01
0.845200E+00  -.717279E+01
0.841600E+00  -.745621E+01
0.838000E+00  -.774909E+01
0.834400E+00  -.805186E+01
0.830800E+00  -.836500E+01
0.827200E+00  -.868899E+01
0.823600E+00  -.902434E+01
0.820000E+00  -.937159E+01
0.816400E+00  -.973130E+01
0.812800E+00  -.101041E+02
0.809200E+00  -.104905E+02
0.805600E+00  -.108913E+02
0.802000E+00  -.113072E+02
0.798400E+00  -.117388E+02
0.794800E+00  -.121869E+02
0.791200E+00  -.126525E+02
0.787600E+00  -.131362E+02
0.784000E+00  -.136390E+02
0.780400E+00  -.141619E+02
0.776800E+00  -.147059E+02
0.773200E+00  -.152720E+02
0.769600E+00  -.158614E+02
0.766000E+00  -.164752E+02
0.762400E+00  -.171147E+02
0.758800E+00  -.177812E+02
0.755200E+00  -.184761E+02
0.751600E+00  -.192010E+02
0.748000E+00  -.199573E+02
0.744400E+00  -.207467E+02
0.740800E+00  -.215710E+02
0.737200E+00  -.224321E+02
0.733600E+00  -.233318E+02
0.730000E+00  -.242724E+02
0.726400E+00  -.252560E+02
0.722800E+00  -.262850E+02
0.719200E+00  -.273619E+02
0.715600E+00  -.284892E+02
0.712000E+00  -.296700E+02
0.708400E+00  -.309070E+02
0.704800E+00  -.322036E+02
0.701200E+00  -.335631E+02
0.697600E+00  -.349890E+02
0.694000E+00  -.364853E+02
0.690400E+00  -.380559E+02
0.686800E+00  -.397053E+02
0.683200E+00  -.414380E+02
0.679600E+00  -.432589E+02
0.676000E+00  -.451734E+02
0.672400E+00  -.471870E+02
0.668800E+00  -.493056E+02
0.665200E+00  -.515357E+02
0.661600E+00  -.538841E+02
0.658000E+00  -.563579E+02
0.654400E+00  -.589651E+02
0.650800E+00  -.617139E+02
0.647200E+00  -.646131E+02
0.643600E+00  -.676724E+02
0.640000E+00  -.709018E+02
