0.996400E+00  -.428129E-01
0.992800E+00  -.861042E-01
0.989200E+00  -.129893E+00
0.985600E+00  -.174199E+00
0.982000E+00  -.219043E+00
0.978400E+00  -.264445E+00
0.974800E+00  -.310427E+00
0.971200E+00  -.357012E+00
0.967600E+00  -.404222E+00
0.964000E+00  -.452080E+00
0.960400E+00  -.500612E+00
0.956800E+00  -.549843E+00
0.953200E+00  -.599798E+00
0.949600E+00  -.650505E+00
0.946000E+00  -.701992E+00
0.942400E+00  -.754286E+00
0.938800E+00  -.807418E+00
0.935200E+00  -.861419E+00
0.931600E+00  -.916320E+00
0.928000E+00  -.972154E+00
0.924400E+00  -.102895E+01
0.920800E+00  -.108676E+01
0.917200E+00  -.114560E+01
0.913600E+00  -.120551E+01
0.910000E+00  -.126655E+01
0.906400E+00  -.132873E+01
0.902800E+00  -.139212E+01
0.899200E+00  -.145674E+01
0.895600E+00  -.152265E+01
0.892000E+00  -.158989E+01
0.888400E+00  -.165851E+01
0.884800E+00  -.172856E+01
0.881200E+00  -.180009E+01
0.877600E+00  -.187316E+01
0.874000E+00  -.194781E+01
0.870400E+00  -.202412E+01
0.866800E+00  -.210213E+01
0.863200E+00  -.218192E+01
0.859600E+00  -.226354E+01
0.856000E+00  -.234706E+01
0.852400E+00  -.243255E+01
0.848800E+00  -.252009E+01
0.845200E+00  -.260975E+01
0.841600E+00  -.270161E+01
0.838000E+00  -.279575E+01
0.834400E+00  -.289226E+01
0.830800E+00  -.299121E+01
0.827200E+00  -.309271E+01
0.823600E+00  -.319685E+01
0.820000E+00  -.330374E+01
0.816400E+00  -.341346E+01
0.812800E+00  -.352613E+01
0.809200E+00  -.364187E+01
0.805600E+00  -.376078E+01
0.802000E+00  -.388300E+01
0.798400E+00  -.400864E+01
0.794800E+00  -.413785E+01
0.791200E+00  -.427075E+01
0.787600E+00  -.440749E+01
0.784000E+00  -.454823E+01
0.780400E+00  -.469311E+01
0.776800E+00  -.484231E+01
0.773200E+00  -.499599E+01
0.769600E+00  -.515433E+01
0.766000E+00  -.531751E+01
0.762400E+00  -.548574E+01
0.758800E+00  -.565920E+01
0.755200E+00  -.583813E+01
0.751600E+00  -.602273E+01
0.748000E+00  -.621324E+01
0.744400E+00  -.640990E+01
0.740800E+00  -.661297E+01
0.737200E+00  -.682271E+01
0.733600E+00  -.703940E+01
0.730000E+00  -.726333E+01
0.726400E+00  -.749480E+01
0.722800E+00  -.773414E+01
0.719200E+00  -.798168E+01
0.715600E+00  -.823776E+01
0.712000E+00  -.850276E+01
0.708400E+00  -.877706E+01
0.704800E+00  -.906107E+01
0.701200E+00  -.935520E+01
0.697600E+00  -.965991E+01
0.694000E+00  -.997565E+01
0.690400E+00  -.103029E+02
0.686800E+00  -.106423E+02
0.683200E+00  -.109942E+02
0.679600E+00  -.113592E+02
0.676000E+00  -.117380E+02
0.672400E+00  -.121312E+02
0.668800E+00  -.125394E+02
0.665200E+00  -.129634E+02
0.661600E+00  -.134038E+02
0.658000E+00  -.138615E+02
0.654400E+00  -.143372E+02
0.650800E+00  -.148318E+02
0.647200E+00  -.153461E+02
0.643600E+00  -.158813E+02
0.640000E+00  -.164381E+02
