0.996400E+00  -.488539E-01
0.992800E+00  -.983083E-01
0.989200E+00  -.148442E+00
0.985600E+00  -.199335E+00
0.982000E+00  -.251072E+00
0.978400E+00  -.303741E+00
0.974800E+00  -.357432E+00
0.971200E+00  -.412241E+00
0.967600E+00  -.468263E+00
0.964000E+00  -.525603E+00
0.960400E+00  -.584367E+00
0.956800E+00  -.644665E+00
0.953200E+00  -.706613E+00
0.949600E+00  -.770332E+00
0.946000E+00  -.835948E+00
0.942400E+00  -.903593E+00
0.938800E+00  -.973403E+00
0.935200E+00  -.104552E+01
0.931600E+00  -.112011E+01
0.928000E+00  -.119731E+01
0.924400E+00  -.127729E+01
0.920800E+00  -.136023E+01
0.917200E+00  -.144631E+01
0.913600E+00  -.153572E+01
0.910000E+00  -.162866E+01
0.906400E+00  -.172533E+01
0.902800E+00  -.182596E+01
0.899200E+00  -.193079E+01
0.895600E+00  -.204004E+01
0.892000E+00  -.215398E+01
0.888400E+00  -.227288E+01
0.884800E+00  -.239702E+01
0.881200E+00  -.252670E+01
0.877600E+00  -.266223E+01
0.874000E+00  -.280393E+01
0.870400E+00  -.295217E+01
0.866800E+00  -.310730E+01
0.863200E+00  -.326972E+01
0.859600E+00  -.343982E+01
0.856000E+00  -.361804E+01
0.852400E+00  -.380484E+01
0.848800E+00  -.400069E+01
0.845200E+00  -.420610E+01
0.841600E+00  -.442160E+01
0.838000E+00  -.464776E+01
0.834400E+00  -.488517E+01
0.830800E+00  -.513447E+01
0.827200E+00  -.539632E+01
0.823600E+00  -.567143E+01
0.820000E+00  -.596055E+01
0.816400E+00  -.626446E+01
0.812800E+00  -.658401E+01
0.809200E+00  -.692008E+01
0.805600E+00  -.727361E+01
0.802000E+00  -.764560E+01
0.798400E+00  -.803710E+01
0.794800E+00  -.844924E+01
0.791200E+00  -.888319E+01
0.787600E+00  -.934022E+01
0.784000E+00  -.982167E+01
0.780400E+00  -.103290E+02
0.776800E+00  -.108636E+02
0.773200E+00  -.114272E+02
0.769600E+00  -.120214E+02
0.766000E+00  -.126481E+02
0.762400E+00  -.133091E+02
0.758800E+00  -.140066E+02
0.755200E+00  -.147427E+02
0.751600E+00  -.155197E+02
0.748000E+00  -.163401E+02
0.744400E+00  -.172065E+02
0.740800E+00  -.181217E+02
0.737200E+00  -.190887E+02
0.733600E+00  -.201107E+02
0.730000E+00  -.211910E+02
0.726400E+00  -.223333E+02
0.722800E+00  -.235414E+02
0.719200E+00  -.248194E+02
0.715600E+00  -.261718E+02
0.712000E+00  -.276032E+02
0.708400E+00  -.291186E+02
0.704800E+00  -.307235E+02
0.701200E+00  -.324234E+02
0.697600E+00  -.342247E+02
0.694000E+00  -.361337E+02
0.690400E+00  -.381575E+02
0.686800E+00  -.403038E+02
0.683200E+00  -.425803E+02
0.679600E+00  -.449960E+02
0.676000E+00  -.475598E+02
0.672400E+00  -.502818E+02
0.668800E+00  -.531727E+02
0.665200E+00  -.562437E+02
0.661600E+00  -.595072E+02
0.658000E+00  -.629763E+02
0.654400E+00  -.666651E+02
0.650800E+00  -.705888E+02
0.647200E+00  -.747638E+02
0.643600E+00  -.792077E+02
0.640000E+00  -.839392E+02
