0.996400E+00  -.171553E+00
0.992800E+00  -.345015E+00
0.989200E+00  -.520451E+00
0.985600E+00  -.697933E+00
0.982000E+00  -.877531E+00
0.978400E+00  -.105932E+01
0.974800E+00  -.124337E+01
0.971200E+00  -.142977E+01
0.967600E+00  -.161859E+01
0.964000E+00  -.180991E+01
0.960400E+00  -.200383E+01
0.956800E+00  -.220043E+01
0.953200E+00  -.239981E+01
0.949600E+00  -.260205E+01
0.946000E+00  -.280725E+01
0.942400E+00  -.301551E+01
0.938800E+00  -.322695E+01
0.935200E+00  -.344166E+01
0.931600E+00  -.365975E+01
0.928000E+00  -.388135E+01
0.924400E+00  -.410657E+01
0.920800E+00  -.433553E+01
0.917200E+00  -.456835E+01
0.913600E+00  -.480518E+01
0.910000E+00  -.504615E+01
0.906400E+00  -.529140E+01
0.902800E+00  -.554107E+01
0.899200E+00  -.579531E+01
0.895600E+00  -.605429E+01
0.892000E+00  -.631817E+01
0.888400E+00  -.658711E+01
0.884800E+00  -.686130E+01
0.881200E+00  -.714090E+01
0.877600E+00  -.742612E+01
0.874000E+00  -.771715E+01
0.870400E+00  -.801418E+01
0.866800E+00  -.831745E+01
0.863200E+00  -.862715E+01
0.859600E+00  -.894352E+01
0.856000E+00  -.926680E+01
0.852400E+00  -.959724E+01
0.848800E+00  -.993509E+01
0.845200E+00  -.102806E+02
0.841600E+00  -.106341E+02
0.838000E+00  -.109958E+02
0.834400E+00  -.113661E+02
0.830800E+00  -.117453E+02
0.827200E+00  -.121336E+02
0.823600E+00  -.125315E+02
0.820000E+00  -.129392E+02
0.816400E+00  -.133573E+02
0.812800E+00  -.137859E+02
0.809200E+00  -.142256E+02
0.805600E+00  -.146768E+02
0.802000E+00  -.151399E+02
0.798400E+00  -.156153E+02
0.794800E+00  -.161036E+02
0.791200E+00  -.166052E+02
0.787600E+00  -.171207E+02
0.784000E+00  -.176506E+02
0.780400E+00  -.181955E+02
0.776800E+00  -.187559E+02
0.773200E+00  -.193326E+02
0.769600E+00  -.199261E+02
0.766000E+00  -.205372E+02
0.762400E+00  -.211665E+02
0.758800E+00  -.218148E+02
0.755200E+00  -.224829E+02
0.751600E+00  -.231716E+02
0.748000E+00  -.238818E+02
0.744400E+00  -.246144E+02
0.740800E+00  -.253703E+02
0.737200E+00  -.261505E+02
0.733600E+00  -.269560E+02
0.730000E+00  -.277880E+02
0.726400E+00  -.286476E+02
0.722800E+00  -.295361E+02
0.719200E+00  -.304546E+02
0.715600E+00  -.314045E+02
0.712000E+00  -.323872E+02
0.708400E+00  -.334042E+02
0.704800E+00  -.344570E+02
0.701200E+00  -.355472E+02
0.697600E+00  -.366767E+02
0.694000E+00  -.378471E+02
0.690400E+00  -.390604E+02
0.686800E+00  -.403185E+02
0.683200E+00  -.416237E+02
0.679600E+00  -.429780E+02
0.676000E+00  -.443839E+02
0.672400E+00  -.458438E+02
0.668800E+00  -.473603E+02
0.665200E+00  -.489362E+02
0.661600E+00  -.505744E+02
0.658000E+00  -.522780E+02
0.654400E+00  -.540501E+02
0.650800E+00  -.558943E+02
0.647200E+00  -.578141E+02
0.643600E+00  -.598134E+02
0.640000E+00  -.618963E+02
