0.996400E+00  -.116599E+00
0.992800E+00  -.234533E+00
0.989200E+00  -.353885E+00
0.985600E+00  -.474744E+00
0.982000E+00  -.597198E+00
0.978400E+00  -.721342E+00
0.974800E+00  -.847272E+00
0.971200E+00  -.975089E+00
0.967600E+00  -.110489E+01
0.964000E+00  -.123680E+01
0.960400E+00  -.137091E+01
0.956800E+00  -.150734E+01
0.953200E+00  -.164622E+01
0.949600E+00  -.178767E+01
0.946000E+00  -.193181E+01
0.942400E+00  -.207878E+01
0.938800E+00  -.222873E+01
0.935200E+00  -.238179E+01
0.931600E+00  -.253811E+01
0.928000E+00  -.269786E+01
0.924400E+00  -.286119E+01
0.920800E+00  -.302828E+01
0.917200E+00  -.319931E+01
0.913600E+00  -.337445E+01
0.910000E+00  -.355390E+01
0.906400E+00  -.373786E+01
0.902800E+00  -.392654E+01
0.899200E+00  -.412015E+01
0.895600E+00  -.431893E+01
0.892000E+00  -.452312E+01
0.888400E+00  -.473295E+01
0.884800E+00  -.494870E+01
0.881200E+00  -.517063E+01
0.877600E+00  -.539902E+01
0.874000E+00  -.563417E+01
0.870400E+00  -.587640E+01
0.866800E+00  -.612602E+01
0.863200E+00  -.638337E+01
0.859600E+00  -.664881E+01
0.856000E+00  -.692272E+01
0.852400E+00  -.720548E+01
0.848800E+00  -.749750E+01
0.845200E+00  -.779921E+01
0.841600E+00  -.811106E+01
0.838000E+00  -.843352E+01
0.834400E+00  -.876709E+01
0.830800E+00  -.911227E+01
0.827200E+00  -.946963E+01
0.823600E+00  -.983973E+01
0.820000E+00  -.102232E+02
0.816400E+00  -.106206E+02
0.812800E+00  -.110326E+02
0.809200E+00  -.114600E+02
0.805600E+00  -.119035E+02
0.802000E+00  -.123637E+02
0.798400E+00  -.128417E+02
0.794800E+00  -.133381E+02
0.791200E+00  -.138540E+02
0.787600E+00  -.143902E+02
0.784000E+00  -.149478E+02
0.780400E+00  -.155278E+02
0.776800E+00  -.161313E+02
0.773200E+00  -.167594E+02
0.769600E+00  -.174136E+02
0.766000E+00  -.180949E+02
0.762400E+00  -.188049E+02
0.758800E+00  -.195449E+02
0.755200E+00  -.203165E+02
0.751600E+00  -.211213E+02
0.748000E+00  -.219610E+02
0.744400E+00  -.228374E+02
0.740800E+00  -.237526E+02
0.737200E+00  -.247083E+02
0.733600E+00  -.257069E+02
0.730000E+00  -.267506E+02
0.726400E+00  -.278418E+02
0.722800E+00  -.289830E+02
0.719200E+00  -.301769E+02
0.715600E+00  -.314264E+02
0.712000E+00  -.327345E+02
0.708400E+00  -.341045E+02
0.704800E+00  -.355397E+02
0.701200E+00  -.370437E+02
0.697600E+00  -.386204E+02
0.694000E+00  -.402739E+02
0.690400E+00  -.420086E+02
0.686800E+00  -.438289E+02
0.683200E+00  -.457398E+02
0.679600E+00  -.477466E+02
0.676000E+00  -.498547E+02
0.672400E+00  -.520701E+02
0.668800E+00  -.543991E+02
0.665200E+00  -.568482E+02
0.661600E+00  -.594248E+02
0.658000E+00  -.621363E+02
0.654400E+00  -.649909E+02
0.650800E+00  -.679972E+02
0.647200E+00  -.711645E+02
0.643600E+00  -.745026E+02
0.640000E+00  -.780220E+02
