0.996400E+00  -.999347E-01
0.992800E+00  -.200986E+00
0.989200E+00  -.303199E+00
0.985600E+00  -.406618E+00
0.982000E+00  -.511292E+00
0.978400E+00  -.617268E+00
0.974800E+00  -.724597E+00
0.971200E+00  -.833331E+00
0.967600E+00  -.943523E+00
0.964000E+00  -.105523E+01
0.960400E+00  -.116850E+01
0.956800E+00  -.128341E+01
0.953200E+00  -.140000E+01
0.949600E+00  -.151834E+01
0.946000E+00  -.163850E+01
0.942400E+00  -.176055E+01
0.938800E+00  -.188454E+01
0.935200E+00  -.201056E+01
0.931600E+00  -.213867E+01
0.928000E+00  -.226896E+01
0.924400E+00  -.240150E+01
0.920800E+00  -.253638E+01
0.917200E+00  -.267367E+01
0.913600E+00  -.281346E+01
0.910000E+00  -.295585E+01
0.906400E+00  -.310093E+01
0.902800E+00  -.324880E+01
0.899200E+00  -.339955E+01
0.895600E+00  -.355329E+01
0.892000E+00  -.371013E+01
0.888400E+00  -.387018E+01
0.884800E+00  -.403356E+01
0.881200E+00  -.420038E+01
0.877600E+00  -.437076E+01
0.874000E+00  -.454485E+01
0.870400E+00  -.472277E+01
0.866800E+00  -.490466E+01
0.863200E+00  -.509067E+01
0.859600E+00  -.528094E+01
0.856000E+00  -.547564E+01
0.852400E+00  -.567492E+01
0.848800E+00  -.587895E+01
0.845200E+00  -.608790E+01
0.841600E+00  -.630196E+01
0.838000E+00  -.652132E+01
0.834400E+00  -.674617E+01
0.830800E+00  -.697671E+01
0.827200E+00  -.721316E+01
0.823600E+00  -.745574E+01
0.820000E+00  -.770467E+01
0.816400E+00  -.796021E+01
0.812800E+00  -.822258E+01
0.809200E+00  -.849207E+01
0.805600E+00  -.876893E+01
0.802000E+00  -.905344E+01
0.798400E+00  -.934591E+01
0.794800E+00  -.964663E+01
0.791200E+00  -.995592E+01
0.787600E+00  -.102741E+02
0.784000E+00  -.106016E+02
0.780400E+00  -.109387E+02
0.776800E+00  -.112857E+02
0.773200E+00  -.116432E+02
0.769600E+00  -.120114E+02
0.766000E+00  -.123909E+02
0.762400E+00  -.127820E+02
0.758800E+00  -.131853E+02
0.755200E+00  -.136013E+02
0.751600E+00  -.140304E+02
0.748000E+00  -.144732E+02
0.744400E+00  -.149302E+02
0.740800E+00  -.154020E+02
0.737200E+00  -.158893E+02
0.733600E+00  -.163927E+02
0.730000E+00  -.169129E+02
0.726400E+00  -.174505E+02
0.722800E+00  -.180063E+02
0.719200E+00  -.185811E+02
0.715600E+00  -.191757E+02
0.712000E+00  -.197909E+02
0.708400E+00  -.204277E+02
0.704800E+00  -.210869E+02
0.701200E+00  -.217696E+02
0.697600E+00  -.224767E+02
0.694000E+00  -.232094E+02
0.690400E+00  -.239688E+02
0.686800E+00  -.247561E+02
0.683200E+00  -.255725E+02
0.679600E+00  -.264194E+02
0.676000E+00  -.272981E+02
0.672400E+00  -.282101E+02
0.668800E+00  -.291569E+02
0.665200E+00  -.301402E+02
0.661600E+00  -.311616E+02
0.658000E+00  -.322229E+02
0.654400E+00  -.333261E+02
0.650800E+00  -.344730E+02
0.647200E+00  -.356658E+02
0.643600E+00  -.369067E+02
0.640000E+00  -.381980E+02
