0.996400E+00  -.819629E-01
0.992800E+00  -.164822E+00
0.989200E+00  -.248592E+00
0.985600E+00  -.333290E+00
0.982000E+00  -.418932E+00
0.978400E+00  -.505535E+00
0.974800E+00  -.593116E+00
0.971200E+00  -.681692E+00
0.967600E+00  -.771282E+00
0.964000E+00  -.861904E+00
0.960400E+00  -.953576E+00
0.956800E+00  -.104632E+01
0.953200E+00  -.114015E+01
0.949600E+00  -.123509E+01
0.946000E+00  -.133116E+01
0.942400E+00  -.142837E+01
0.938800E+00  -.152677E+01
0.935200E+00  -.162635E+01
0.931600E+00  -.172715E+01
0.928000E+00  -.182919E+01
0.924400E+00  -.193249E+01
0.920800E+00  -.203707E+01
0.917200E+00  -.214297E+01
0.913600E+00  -.225020E+01
0.910000E+00  -.235879E+01
0.906400E+00  -.246877E+01
0.902800E+00  -.258016E+01
0.899200E+00  -.269300E+01
0.895600E+00  -.280730E+01
0.892000E+00  -.292310E+01
0.888400E+00  -.304043E+01
0.884800E+00  -.315932E+01
0.881200E+00  -.327979E+01
0.877600E+00  -.340188E+01
0.874000E+00  -.352563E+01
0.870400E+00  -.365106E+01
0.866800E+00  -.377821E+01
0.863200E+00  -.390712E+01
0.859600E+00  -.403782E+01
0.856000E+00  -.417034E+01
0.852400E+00  -.430472E+01
0.848800E+00  -.444101E+01
0.845200E+00  -.457924E+01
0.841600E+00  -.471946E+01
0.838000E+00  -.486169E+01
0.834400E+00  -.500599E+01
0.830800E+00  -.515240E+01
0.827200E+00  -.530097E+01
0.823600E+00  -.545173E+01
0.820000E+00  -.560475E+01
0.816400E+00  -.576005E+01
0.812800E+00  -.591770E+01
0.809200E+00  -.607775E+01
0.805600E+00  -.624024E+01
0.802000E+00  -.640524E+01
0.798400E+00  -.657279E+01
0.794800E+00  -.674295E+01
0.791200E+00  -.691578E+01
0.787600E+00  -.709135E+01
0.784000E+00  -.726970E+01
0.780400E+00  -.745091E+01
0.776800E+00  -.763503E+01
0.773200E+00  -.782214E+01
0.769600E+00  -.801230E+01
0.766000E+00  -.820558E+01
0.762400E+00  -.840206E+01
0.758800E+00  -.860180E+01
0.755200E+00  -.880489E+01
0.751600E+00  -.901141E+01
0.748000E+00  -.922142E+01
0.744400E+00  -.943502E+01
0.740800E+00  -.965229E+01
0.737200E+00  -.987332E+01
0.733600E+00  -.100982E+02
0.730000E+00  -.103270E+02
0.726400E+00  -.105599E+02
0.722800E+00  -.107969E+02
0.719200E+00  -.110381E+02
0.715600E+00  -.112837E+02
0.712000E+00  -.115337E+02
0.708400E+00  -.117883E+02
0.704800E+00  -.120475E+02
0.701200E+00  -.123116E+02
0.697600E+00  -.125805E+02
0.694000E+00  -.128545E+02
0.690400E+00  -.131337E+02
0.686800E+00  -.134181E+02
0.683200E+00  -.137080E+02
0.679600E+00  -.140035E+02
0.676000E+00  -.143047E+02
0.672400E+00  -.146117E+02
0.668800E+00  -.149248E+02
0.665200E+00  -.152441E+02
0.661600E+00  -.155698E+02
0.658000E+00  -.159019E+02
0.654400E+00  -.162408E+02
0.650800E+00  -.165865E+02
0.647200E+00  -.169393E+02
0.643600E+00  -.172994E+02
0.640000E+00  -.176670E+02
