0.996400E+00  -.319789E-01
0.992800E+00  -.643369E-01
0.989200E+00  -.971110E-01
0.985600E+00  -.130339E+00
0.982000E+00  -.164061E+00
0.978400E+00  -.198318E+00
0.974800E+00  -.233152E+00
0.971200E+00  -.268608E+00
0.967600E+00  -.304731E+00
0.964000E+00  -.341569E+00
0.960400E+00  -.379172E+00
0.956800E+00  -.417590E+00
0.953200E+00  -.456879E+00
0.949600E+00  -.497094E+00
0.946000E+00  -.538294E+00
0.942400E+00  -.580538E+00
0.938800E+00  -.623891E+00
0.935200E+00  -.668420E+00
0.931600E+00  -.714192E+00
0.928000E+00  -.761280E+00
0.924400E+00  -.809761E+00
0.920800E+00  -.859713E+00
0.917200E+00  -.911218E+00
0.913600E+00  -.964364E+00
0.910000E+00  -.101924E+01
0.906400E+00  -.107594E+01
0.902800E+00  -.113457E+01
0.899200E+00  -.119523E+01
0.895600E+00  -.125802E+01
0.892000E+00  -.132307E+01
0.888400E+00  -.139049E+01
0.884800E+00  -.146041E+01
0.881200E+00  -.153297E+01
0.877600E+00  -.160830E+01
0.874000E+00  -.168654E+01
0.870400E+00  -.176786E+01
0.866800E+00  -.185241E+01
0.863200E+00  -.194036E+01
0.859600E+00  -.203190E+01
0.856000E+00  -.212721E+01
0.852400E+00  -.222648E+01
0.848800E+00  -.232994E+01
0.845200E+00  -.243780E+01
0.841600E+00  -.255028E+01
0.838000E+00  -.266764E+01
0.834400E+00  -.279014E+01
0.830800E+00  -.291803E+01
0.827200E+00  -.305162E+01
0.823600E+00  -.319120E+01
0.820000E+00  -.333710E+01
0.816400E+00  -.348964E+01
0.812800E+00  -.364919E+01
0.809200E+00  -.381612E+01
0.805600E+00  -.399083E+01
0.802000E+00  -.417374E+01
0.798400E+00  -.436529E+01
0.794800E+00  -.456596E+01
0.791200E+00  -.477624E+01
0.787600E+00  -.499665E+01
0.784000E+00  -.522775E+01
0.780400E+00  -.547014E+01
0.776800E+00  -.572444E+01
0.773200E+00  -.599130E+01
0.769600E+00  -.627143E+01
0.766000E+00  -.656557E+01
0.762400E+00  -.687451E+01
0.758800E+00  -.719909E+01
0.755200E+00  -.754019E+01
0.751600E+00  -.789874E+01
0.748000E+00  -.827576E+01
0.744400E+00  -.867230E+01
0.740800E+00  -.908949E+01
0.737200E+00  -.952852E+01
0.733600E+00  -.999067E+01
0.730000E+00  -.104773E+02
0.726400E+00  -.109898E+02
0.722800E+00  -.115298E+02
0.719200E+00  -.120988E+02
0.715600E+00  -.126986E+02
0.712000E+00  -.133311E+02
0.708400E+00  -.139981E+02
0.704800E+00  -.147019E+02
0.701200E+00  -.154446E+02
0.697600E+00  -.162286E+02
0.694000E+00  -.170565E+02
0.690400E+00  -.179310E+02
0.686800E+00  -.188549E+02
0.683200E+00  -.198313E+02
0.679600E+00  -.208636E+02
0.676000E+00  -.219552E+02
0.672400E+00  -.231100E+02
0.668800E+00  -.243319E+02
0.665200E+00  -.256253E+02
0.661600E+00  -.269947E+02
0.658000E+00  -.284451E+02
0.654400E+00  -.299817E+02
0.650800E+00  -.316103E+02
0.647200E+00  -.333368E+02
0.643600E+00  -.351678E+02
0.640000E+00  -.371103E+02
