0.996400E+00  -.572098E-01
0.992800E+00  -.115062E+00
0.989200E+00  -.173583E+00
0.985600E+00  -.232804E+00
0.982000E+00  -.292754E+00
0.978400E+00  -.353463E+00
0.974800E+00  -.414965E+00
0.971200E+00  -.477291E+00
0.967600E+00  -.540476E+00
0.964000E+00  -.604555E+00
0.960400E+00  -.669564E+00
0.956800E+00  -.735542E+00
0.953200E+00  -.802526E+00
0.949600E+00  -.870558E+00
0.946000E+00  -.939679E+00
0.942400E+00  -.100993E+01
0.938800E+00  -.108136E+01
0.935200E+00  -.115402E+01
0.931600E+00  -.122794E+01
0.928000E+00  -.130319E+01
0.924400E+00  -.137981E+01
0.920800E+00  -.145786E+01
0.917200E+00  -.153739E+01
0.913600E+00  -.161846E+01
0.910000E+00  -.170113E+01
0.906400E+00  -.178547E+01
0.902800E+00  -.187153E+01
0.899200E+00  -.195940E+01
0.895600E+00  -.204913E+01
0.892000E+00  -.214080E+01
0.888400E+00  -.223448E+01
0.884800E+00  -.233026E+01
0.881200E+00  -.242822E+01
0.877600E+00  -.252845E+01
0.874000E+00  -.263103E+01
0.870400E+00  -.273605E+01
0.866800E+00  -.284362E+01
0.863200E+00  -.295384E+01
0.859600E+00  -.306681E+01
0.856000E+00  -.318265E+01
0.852400E+00  -.330146E+01
0.848800E+00  -.342338E+01
0.845200E+00  -.354852E+01
0.841600E+00  -.367702E+01
0.838000E+00  -.380901E+01
0.834400E+00  -.394465E+01
0.830800E+00  -.408408E+01
0.827200E+00  -.422745E+01
0.823600E+00  -.437494E+01
0.820000E+00  -.452672E+01
0.816400E+00  -.468296E+01
0.812800E+00  -.484386E+01
0.809200E+00  -.500962E+01
0.805600E+00  -.518044E+01
0.802000E+00  -.535654E+01
0.798400E+00  -.553815E+01
0.794800E+00  -.572552E+01
0.791200E+00  -.591888E+01
0.787600E+00  -.611852E+01
0.784000E+00  -.632470E+01
0.780400E+00  -.653772E+01
0.776800E+00  -.675788E+01
0.773200E+00  -.698551E+01
0.769600E+00  -.722095E+01
0.766000E+00  -.746455E+01
0.762400E+00  -.771668E+01
0.758800E+00  -.797775E+01
0.755200E+00  -.824817E+01
0.751600E+00  -.852838E+01
0.748000E+00  -.881883E+01
0.744400E+00  -.912002E+01
0.740800E+00  -.943245E+01
0.737200E+00  -.975668E+01
0.733600E+00  -.100933E+02
0.730000E+00  -.104428E+02
0.726400E+00  -.108059E+02
0.722800E+00  -.111833E+02
0.719200E+00  -.115757E+02
0.715600E+00  -.119838E+02
0.712000E+00  -.124084E+02
0.708400E+00  -.128504E+02
0.704800E+00  -.133106E+02
0.701200E+00  -.137900E+02
0.697600E+00  -.142895E+02
0.694000E+00  -.148103E+02
0.690400E+00  -.153534E+02
0.686800E+00  -.159200E+02
0.683200E+00  -.165114E+02
0.679600E+00  -.171289E+02
0.676000E+00  -.177739E+02
0.672400E+00  -.184478E+02
0.668800E+00  -.191524E+02
0.665200E+00  -.198892E+02
0.661600E+00  -.206601E+02
0.658000E+00  -.214669E+02
0.654400E+00  -.223117E+02
0.650800E+00  -.231967E+02
0.647200E+00  -.241241E+02
0.643600E+00  -.250964E+02
0.640000E+00  -.261161E+02
