0.996400E+00  -.343324E-01
0.992800E+00  -.690605E-01
0.989200E+00  -.104212E+00
0.985600E+00  -.139816E+00
0.982000E+00  -.175903E+00
0.978400E+00  -.212502E+00
0.974800E+00  -.249646E+00
0.971200E+00  -.287368E+00
0.967600E+00  -.325703E+00
0.964000E+00  -.364685E+00
0.960400E+00  -.404353E+00
0.956800E+00  -.444743E+00
0.953200E+00  -.485897E+00
0.949600E+00  -.527856E+00
0.946000E+00  -.570662E+00
0.942400E+00  -.614361E+00
0.938800E+00  -.659000E+00
0.935200E+00  -.704626E+00
0.931600E+00  -.751291E+00
0.928000E+00  -.799048E+00
0.924400E+00  -.847951E+00
0.920800E+00  -.898058E+00
0.917200E+00  -.949429E+00
0.913600E+00  -.100213E+01
0.910000E+00  -.105622E+01
0.906400E+00  -.111177E+01
0.902800E+00  -.116885E+01
0.899200E+00  -.122754E+01
0.895600E+00  -.128791E+01
0.892000E+00  -.135005E+01
0.888400E+00  -.141404E+01
0.884800E+00  -.147997E+01
0.881200E+00  -.154794E+01
0.877600E+00  -.161804E+01
0.874000E+00  -.169038E+01
0.870400E+00  -.176507E+01
0.866800E+00  -.184221E+01
0.863200E+00  -.192193E+01
0.859600E+00  -.200436E+01
0.856000E+00  -.208962E+01
0.852400E+00  -.217785E+01
0.848800E+00  -.226920E+01
0.845200E+00  -.236382E+01
0.841600E+00  -.246187E+01
0.838000E+00  -.256352E+01
0.834400E+00  -.266894E+01
0.830800E+00  -.277833E+01
0.827200E+00  -.289189E+01
0.823600E+00  -.300981E+01
0.820000E+00  -.313231E+01
0.816400E+00  -.325964E+01
0.812800E+00  -.339202E+01
0.809200E+00  -.352973E+01
0.805600E+00  -.367302E+01
0.802000E+00  -.382218E+01
0.798400E+00  -.397752E+01
0.794800E+00  -.413936E+01
0.791200E+00  -.430802E+01
0.787600E+00  -.448387E+01
0.784000E+00  -.466729E+01
0.780400E+00  -.485867E+01
0.776800E+00  -.505843E+01
0.773200E+00  -.526702E+01
0.769600E+00  -.548492E+01
0.766000E+00  -.571262E+01
0.762400E+00  -.595065E+01
0.758800E+00  -.619959E+01
0.755200E+00  -.646001E+01
0.751600E+00  -.673257E+01
0.748000E+00  -.701792E+01
0.744400E+00  -.731679E+01
0.740800E+00  -.762993E+01
0.737200E+00  -.795815E+01
0.733600E+00  -.830230E+01
0.730000E+00  -.866330E+01
0.726400E+00  -.904211E+01
0.722800E+00  -.943976E+01
0.719200E+00  -.985736E+01
0.715600E+00  -.102961E+02
0.712000E+00  -.107571E+02
0.708400E+00  -.112419E+02
0.704800E+00  -.117517E+02
0.701200E+00  -.122882E+02
0.697600E+00  -.128529E+02
0.694000E+00  -.134475E+02
0.690400E+00  -.140739E+02
0.686800E+00  -.147340E+02
0.683200E+00  -.154300E+02
0.679600E+00  -.161641E+02
0.676000E+00  -.169387E+02
0.672400E+00  -.177564E+02
0.668800E+00  -.186198E+02
0.665200E+00  -.195321E+02
0.661600E+00  -.204963E+02
0.658000E+00  -.215159E+02
0.654400E+00  -.225944E+02
0.650800E+00  -.237358E+02
0.647200E+00  -.249443E+02
0.643600E+00  -.262243E+02
0.640000E+00  -.275809E+02
