0.996400E+00  -.775484E-01
0.992800E+00  -.156003E+00
0.989200E+00  -.235439E+00
0.985600E+00  -.315936E+00
0.982000E+00  -.397573E+00
0.978400E+00  -.480435E+00
0.974800E+00  -.564610E+00
0.971200E+00  -.650186E+00
0.967600E+00  -.737258E+00
0.964000E+00  -.825924E+00
0.960400E+00  -.916283E+00
0.956800E+00  -.100844E+01
0.953200E+00  -.110251E+01
0.949600E+00  -.119860E+01
0.946000E+00  -.129683E+01
0.942400E+00  -.139733E+01
0.938800E+00  -.150022E+01
0.935200E+00  -.160563E+01
0.931600E+00  -.171372E+01
0.928000E+00  -.182461E+01
0.924400E+00  -.193848E+01
0.920800E+00  -.205546E+01
0.917200E+00  -.217574E+01
0.913600E+00  -.229949E+01
0.910000E+00  -.242688E+01
0.906400E+00  -.255811E+01
0.902800E+00  -.269337E+01
0.899200E+00  -.283288E+01
0.895600E+00  -.297686E+01
0.892000E+00  -.312552E+01
0.888400E+00  -.327913E+01
0.884800E+00  -.343791E+01
0.881200E+00  -.360215E+01
0.877600E+00  -.377211E+01
0.874000E+00  -.394808E+01
0.870400E+00  -.413038E+01
0.866800E+00  -.431932E+01
0.863200E+00  -.451524E+01
0.859600E+00  -.471849E+01
0.856000E+00  -.492944E+01
0.852400E+00  -.514850E+01
0.848800E+00  -.537606E+01
0.845200E+00  -.561256E+01
0.841600E+00  -.585847E+01
0.838000E+00  -.611425E+01
0.834400E+00  -.638041E+01
0.830800E+00  -.665750E+01
0.827200E+00  -.694606E+01
0.823600E+00  -.724670E+01
0.820000E+00  -.756004E+01
0.816400E+00  -.788673E+01
0.812800E+00  -.822748E+01
0.809200E+00  -.858301E+01
0.805600E+00  -.895411E+01
0.802000E+00  -.934159E+01
0.798400E+00  -.974632E+01
0.794800E+00  -.101692E+02
0.791200E+00  -.106112E+02
0.787600E+00  -.110734E+02
0.784000E+00  -.115568E+02
0.780400E+00  -.120626E+02
0.776800E+00  -.125920E+02
0.773200E+00  -.131463E+02
0.769600E+00  -.137268E+02
0.766000E+00  -.143350E+02
0.762400E+00  -.149723E+02
0.758800E+00  -.156406E+02
0.755200E+00  -.163413E+02
0.751600E+00  -.170764E+02
0.748000E+00  -.178478E+02
0.744400E+00  -.186576E+02
0.740800E+00  -.195078E+02
0.737200E+00  -.204010E+02
0.733600E+00  -.213394E+02
0.730000E+00  -.223257E+02
0.726400E+00  -.233627E+02
0.722800E+00  -.244534E+02
0.719200E+00  -.256009E+02
0.715600E+00  -.268085E+02
0.712000E+00  -.280798E+02
0.708400E+00  -.294187E+02
0.704800E+00  -.308291E+02
0.701200E+00  -.323153E+02
0.697600E+00  -.338821E+02
0.694000E+00  -.355342E+02
0.690400E+00  -.372770E+02
0.686800E+00  -.391160E+02
0.683200E+00  -.410571E+02
0.679600E+00  -.431068E+02
0.676000E+00  -.452719E+02
0.672400E+00  -.475597E+02
0.668800E+00  -.499778E+02
0.665200E+00  -.525348E+02
0.661600E+00  -.552395E+02
0.658000E+00  -.581015E+02
0.654400E+00  -.611310E+02
0.650800E+00  -.643389E+02
0.647200E+00  -.677371E+02
0.643600E+00  -.713381E+02
0.640000E+00  -.751555E+02
