0.996400E+00  -.101384E+00
0.992800E+00  -.203898E+00
0.989200E+00  -.307586E+00
0.985600E+00  -.412492E+00
0.982000E+00  -.518662E+00
0.978400E+00  -.626143E+00
0.974800E+00  -.734982E+00
0.971200E+00  -.845230E+00
0.967600E+00  -.956939E+00
0.964000E+00  -.107016E+01
0.960400E+00  -.118495E+01
0.956800E+00  -.130136E+01
0.953200E+00  -.141946E+01
0.949600E+00  -.153930E+01
0.946000E+00  -.166095E+01
0.942400E+00  -.178446E+01
0.938800E+00  -.190991E+01
0.935200E+00  -.203736E+01
0.931600E+00  -.216689E+01
0.928000E+00  -.229856E+01
0.924400E+00  -.243246E+01
0.920800E+00  -.256866E+01
0.917200E+00  -.270723E+01
0.913600E+00  -.284827E+01
0.910000E+00  -.299186E+01
0.906400E+00  -.313810E+01
0.902800E+00  -.328706E+01
0.899200E+00  -.343885E+01
0.895600E+00  -.359356E+01
0.892000E+00  -.375130E+01
0.888400E+00  -.391218E+01
0.884800E+00  -.407630E+01
0.881200E+00  -.424377E+01
0.877600E+00  -.441473E+01
0.874000E+00  -.458927E+01
0.870400E+00  -.476754E+01
0.866800E+00  -.494967E+01
0.863200E+00  -.513578E+01
0.859600E+00  -.532603E+01
0.856000E+00  -.552055E+01
0.852400E+00  -.571950E+01
0.848800E+00  -.592304E+01
0.845200E+00  -.613133E+01
0.841600E+00  -.634453E+01
0.838000E+00  -.656283E+01
0.834400E+00  -.678641E+01
0.830800E+00  -.701546E+01
0.827200E+00  -.725018E+01
0.823600E+00  -.749076E+01
0.820000E+00  -.773743E+01
0.816400E+00  -.799041E+01
0.812800E+00  -.824992E+01
0.809200E+00  -.851621E+01
0.805600E+00  -.878953E+01
0.802000E+00  -.907013E+01
0.798400E+00  -.935830E+01
0.794800E+00  -.965430E+01
0.791200E+00  -.995843E+01
0.787600E+00  -.102710E+02
0.784000E+00  -.105923E+02
0.780400E+00  -.109227E+02
0.776800E+00  -.112626E+02
0.773200E+00  -.116122E+02
0.769600E+00  -.119720E+02
0.766000E+00  -.123424E+02
0.762400E+00  -.127238E+02
0.758800E+00  -.131165E+02
0.755200E+00  -.135211E+02
0.751600E+00  -.139380E+02
0.748000E+00  -.143677E+02
0.744400E+00  -.148106E+02
0.740800E+00  -.152674E+02
0.737200E+00  -.157386E+02
0.733600E+00  -.162248E+02
0.730000E+00  -.167265E+02
0.726400E+00  -.172445E+02
0.722800E+00  -.177793E+02
0.719200E+00  -.183316E+02
0.715600E+00  -.189023E+02
0.712000E+00  -.194919E+02
0.708400E+00  -.201014E+02
0.704800E+00  -.207316E+02
0.701200E+00  -.213834E+02
0.697600E+00  -.220576E+02
0.694000E+00  -.227552E+02
0.690400E+00  -.234772E+02
0.686800E+00  -.242248E+02
0.683200E+00  -.249989E+02
0.679600E+00  -.258008E+02
0.676000E+00  -.266316E+02
0.672400E+00  -.274927E+02
0.668800E+00  -.283854E+02
0.665200E+00  -.293112E+02
0.661600E+00  -.302714E+02
0.658000E+00  -.312678E+02
0.654400E+00  -.323018E+02
0.650800E+00  -.333753E+02
0.647200E+00  -.344901E+02
0.643600E+00  -.356481E+02
0.640000E+00  -.368513E+02
