0.996400E+00  -.236279E-02
0.992800E+00  -.475570E-02
0.989200E+00  -.718364E-02
0.985600E+00  -.965168E-02
0.982000E+00  -.121651E-01
0.978400E+00  -.147294E-01
0.974800E+00  -.173502E-01
0.971200E+00  -.200336E-01
0.967600E+00  -.227855E-01
0.964000E+00  -.256126E-01
0.960400E+00  -.285213E-01
0.956800E+00  -.315188E-01
0.953200E+00  -.346123E-01
0.949600E+00  -.378094E-01
0.946000E+00  -.411179E-01
0.942400E+00  -.445463E-01
0.938800E+00  -.481031E-01
0.935200E+00  -.517974E-01
0.931600E+00  -.556388E-01
0.928000E+00  -.596371E-01
0.924400E+00  -.638027E-01
0.920800E+00  -.681466E-01
0.917200E+00  -.726802E-01
0.913600E+00  -.774154E-01
0.910000E+00  -.823650E-01
0.906400E+00  -.875420E-01
0.902800E+00  -.929603E-01
0.899200E+00  -.986347E-01
0.895600E+00  -.104580E+00
0.892000E+00  -.110813E+00
0.888400E+00  -.117350E+00
0.884800E+00  -.124210E+00
0.881200E+00  -.131410E+00
0.877600E+00  -.138971E+00
0.874000E+00  -.146913E+00
0.870400E+00  -.155259E+00
0.866800E+00  -.164030E+00
0.863200E+00  -.173253E+00
0.859600E+00  -.182952E+00
0.856000E+00  -.193154E+00
0.852400E+00  -.203888E+00
0.848800E+00  -.215184E+00
0.845200E+00  -.227073E+00
0.841600E+00  -.239590E+00
0.838000E+00  -.252769E+00
0.834400E+00  -.266648E+00
0.830800E+00  -.281266E+00
0.827200E+00  -.296666E+00
0.823600E+00  -.312890E+00
0.820000E+00  -.329987E+00
0.816400E+00  -.348004E+00
0.812800E+00  -.366995E+00
0.809200E+00  -.387014E+00
0.805600E+00  -.408120E+00
0.802000E+00  -.430375E+00
0.798400E+00  -.453843E+00
0.794800E+00  -.478595E+00
0.791200E+00  -.504704E+00
0.787600E+00  -.532247E+00
0.784000E+00  -.561307E+00
0.780400E+00  -.591971E+00
0.776800E+00  -.624333E+00
0.773200E+00  -.658490E+00
0.769600E+00  -.694547E+00
0.766000E+00  -.732614E+00
0.762400E+00  -.772809E+00
0.758800E+00  -.815257E+00
0.755200E+00  -.860089E+00
0.751600E+00  -.907448E+00
0.748000E+00  -.957482E+00
0.744400E+00  -.101035E+01
0.740800E+00  -.106622E+01
0.737200E+00  -.112528E+01
0.733600E+00  -.118770E+01
0.730000E+00  -.125371E+01
0.726400E+00  -.132351E+01
0.722800E+00  -.139733E+01
0.719200E+00  -.147543E+01
0.715600E+00  -.155805E+01
0.712000E+00  -.164549E+01
0.708400E+00  -.173803E+01
0.704800E+00  -.183599E+01
0.701200E+00  -.193971E+01
0.697600E+00  -.204955E+01
0.694000E+00  -.216590E+01
0.690400E+00  -.228916E+01
0.686800E+00  -.241978E+01
0.683200E+00  -.255821E+01
0.679600E+00  -.270496E+01
0.676000E+00  -.286057E+01
0.672400E+00  -.302560E+01
0.668800E+00  -.320067E+01
0.665200E+00  -.338642E+01
0.661600E+00  -.358356E+01
0.658000E+00  -.379283E+01
0.654400E+00  -.401504E+01
0.650800E+00  -.425105E+01
0.647200E+00  -.450177E+01
0.643600E+00  -.476819E+01
0.640000E+00  -.505136E+01
