0.996400E+00  -.367207E-03
0.992800E+00  -.755923E-03
0.989200E+00  -.118435E-02
0.985600E+00  -.167140E-02
0.982000E+00  -.223672E-02
0.978400E+00  -.290075E-02
0.974800E+00  -.368476E-02
0.971200E+00  -.461094E-02
0.967600E+00  -.570239E-02
0.964000E+00  -.698324E-02
0.960400E+00  -.847867E-02
0.956800E+00  -.102150E-01
0.953200E+00  -.122198E-01
0.949600E+00  -.145217E-01
0.946000E+00  -.171510E-01
0.942400E+00  -.201391E-01
0.938800E+00  -.235192E-01
0.935200E+00  -.273260E-01
0.931600E+00  -.315957E-01
0.928000E+00  -.363666E-01
0.924400E+00  -.416787E-01
0.920800E+00  -.475741E-01
0.917200E+00  -.540971E-01
0.913600E+00  -.612942E-01
0.910000E+00  -.692142E-01
0.906400E+00  -.779086E-01
0.902800E+00  -.874316E-01
0.899200E+00  -.978401E-01
0.895600E+00  -.109194E+00
0.892000E+00  -.121557E+00
0.888400E+00  -.134995E+00
0.884800E+00  -.149579E+00
0.881200E+00  -.165383E+00
0.877600E+00  -.182485E+00
0.874000E+00  -.200967E+00
0.870400E+00  -.220916E+00
0.866800E+00  -.242424E+00
0.863200E+00  -.265588E+00
0.859600E+00  -.290510E+00
0.856000E+00  -.317298E+00
0.852400E+00  -.346067E+00
0.848800E+00  -.376937E+00
0.845200E+00  -.410035E+00
0.841600E+00  -.445497E+00
0.838000E+00  -.483465E+00
0.834400E+00  -.524089E+00
0.830800E+00  -.567530E+00
0.827200E+00  -.613956E+00
0.823600E+00  -.663545E+00
0.820000E+00  -.716487E+00
0.816400E+00  -.772982E+00
0.812800E+00  -.833241E+00
0.809200E+00  -.897490E+00
0.805600E+00  -.965967E+00
0.802000E+00  -.103892E+01
0.798400E+00  -.111662E+01
0.794800E+00  -.119936E+01
0.791200E+00  -.128742E+01
0.787600E+00  -.138113E+01
0.784000E+00  -.148082E+01
0.780400E+00  -.158686E+01
0.776800E+00  -.169962E+01
0.773200E+00  -.181951E+01
0.769600E+00  -.194696E+01
0.766000E+00  -.208242E+01
0.762400E+00  -.222637E+01
0.758800E+00  -.237933E+01
0.755200E+00  -.254185E+01
0.751600E+00  -.271449E+01
0.748000E+00  -.289788E+01
0.744400E+00  -.309268E+01
0.740800E+00  -.329958E+01
0.737200E+00  -.351931E+01
0.733600E+00  -.375268E+01
0.730000E+00  -.400051E+01
0.726400E+00  -.426371E+01
0.722800E+00  -.454322E+01
0.719200E+00  -.484005E+01
0.715600E+00  -.515528E+01
0.712000E+00  -.549007E+01
0.708400E+00  -.584564E+01
0.704800E+00  -.622329E+01
0.701200E+00  -.662443E+01
0.697600E+00  -.705052E+01
0.694000E+00  -.750316E+01
0.690400E+00  -.798405E+01
0.686800E+00  -.849498E+01
0.683200E+00  -.903789E+01
0.679600E+00  -.961483E+01
0.676000E+00  -.102280E+02
0.672400E+00  -.108798E+02
0.668800E+00  -.115727E+02
0.665200E+00  -.123093E+02
0.661600E+00  -.130927E+02
0.658000E+00  -.139258E+02
0.654400E+00  -.148119E+02
0.650800E+00  -.157546E+02
0.647200E+00  -.167577E+02
0.643600E+00  -.178251E+02
0.640000E+00  -.189614E+02
