0.996400E+00  -.945896E-01
0.992800E+00  -.190222E+00
0.989200E+00  -.286924E+00
0.985600E+00  -.384724E+00
0.982000E+00  -.483651E+00
0.978400E+00  -.583734E+00
0.974800E+00  -.685004E+00
0.971200E+00  -.787491E+00
0.967600E+00  -.891228E+00
0.964000E+00  -.996248E+00
0.960400E+00  -.110258E+01
0.956800E+00  -.121027E+01
0.953200E+00  -.131935E+01
0.949600E+00  -.142985E+01
0.946000E+00  -.154181E+01
0.942400E+00  -.165527E+01
0.938800E+00  -.177027E+01
0.935200E+00  -.188685E+01
0.931600E+00  -.200506E+01
0.928000E+00  -.212494E+01
0.924400E+00  -.224653E+01
0.920800E+00  -.236988E+01
0.917200E+00  -.249504E+01
0.913600E+00  -.262205E+01
0.910000E+00  -.275097E+01
0.906400E+00  -.288186E+01
0.902800E+00  -.301475E+01
0.899200E+00  -.314972E+01
0.895600E+00  -.328681E+01
0.892000E+00  -.342609E+01
0.888400E+00  -.356761E+01
0.884800E+00  -.371145E+01
0.881200E+00  -.385766E+01
0.877600E+00  -.400631E+01
0.874000E+00  -.415748E+01
0.870400E+00  -.431123E+01
0.866800E+00  -.446764E+01
0.863200E+00  -.462678E+01
0.859600E+00  -.478874E+01
0.856000E+00  -.495359E+01
0.852400E+00  -.512142E+01
0.848800E+00  -.529232E+01
0.845200E+00  -.546638E+01
0.841600E+00  -.564368E+01
0.838000E+00  -.582434E+01
0.834400E+00  -.600844E+01
0.830800E+00  -.619610E+01
0.827200E+00  -.638742E+01
0.823600E+00  -.658251E+01
0.820000E+00  -.678148E+01
0.816400E+00  -.698446E+01
0.812800E+00  -.719157E+01
0.809200E+00  -.740294E+01
0.805600E+00  -.761870E+01
0.802000E+00  -.783899E+01
0.798400E+00  -.806396E+01
0.794800E+00  -.829374E+01
0.791200E+00  -.852850E+01
0.787600E+00  -.876839E+01
0.784000E+00  -.901359E+01
0.780400E+00  -.926426E+01
0.776800E+00  -.952058E+01
0.773200E+00  -.978275E+01
0.769600E+00  -.100509E+02
0.766000E+00  -.103254E+02
0.762400E+00  -.106063E+02
0.758800E+00  -.108938E+02
0.755200E+00  -.111882E+02
0.751600E+00  -.114898E+02
0.748000E+00  -.117987E+02
0.744400E+00  -.121152E+02
0.740800E+00  -.124397E+02
0.737200E+00  -.127723E+02
0.733600E+00  -.131134E+02
0.730000E+00  -.134632E+02
0.726400E+00  -.138221E+02
0.722800E+00  -.141903E+02
0.719200E+00  -.145684E+02
0.715600E+00  -.149565E+02
0.712000E+00  -.153551E+02
0.708400E+00  -.157645E+02
0.704800E+00  -.161852E+02
0.701200E+00  -.166175E+02
0.697600E+00  -.170620E+02
0.694000E+00  -.175191E+02
0.690400E+00  -.179892E+02
0.686800E+00  -.184729E+02
0.683200E+00  -.189707E+02
0.679600E+00  -.194832E+02
0.676000E+00  -.200108E+02
0.672400E+00  -.205543E+02
0.668800E+00  -.211143E+02
0.665200E+00  -.216913E+02
0.661600E+00  -.222862E+02
0.658000E+00  -.228996E+02
0.654400E+00  -.235323E+02
0.650800E+00  -.241852E+02
0.647200E+00  -.248589E+02
0.643600E+00  -.255545E+02
0.640000E+00  -.262729E+02
