0.996400E+00  -.653873E-01
0.992800E+00  -.131542E+00
0.989200E+00  -.198533E+00
0.985600E+00  -.266429E+00
0.982000E+00  -.335303E+00
0.978400E+00  -.405230E+00
0.974800E+00  -.476288E+00
0.971200E+00  -.548557E+00
0.967600E+00  -.622121E+00
0.964000E+00  -.697067E+00
0.960400E+00  -.773485E+00
0.956800E+00  -.851469E+00
0.953200E+00  -.931117E+00
0.949600E+00  -.101253E+01
0.946000E+00  -.109581E+01
0.942400E+00  -.118107E+01
0.938800E+00  -.126843E+01
0.935200E+00  -.135799E+01
0.931600E+00  -.144990E+01
0.928000E+00  -.154426E+01
0.924400E+00  -.164123E+01
0.920800E+00  -.174094E+01
0.917200E+00  -.184354E+01
0.913600E+00  -.194917E+01
0.910000E+00  -.205800E+01
0.906400E+00  -.217020E+01
0.902800E+00  -.228594E+01
0.899200E+00  -.240540E+01
0.895600E+00  -.252877E+01
0.892000E+00  -.265626E+01
0.888400E+00  -.278806E+01
0.884800E+00  -.292440E+01
0.881200E+00  -.306551E+01
0.877600E+00  -.321162E+01
0.874000E+00  -.336298E+01
0.870400E+00  -.351986E+01
0.866800E+00  -.368253E+01
0.863200E+00  -.385128E+01
0.859600E+00  -.402641E+01
0.856000E+00  -.420823E+01
0.852400E+00  -.439709E+01
0.848800E+00  -.459332E+01
0.845200E+00  -.479729E+01
0.841600E+00  -.500940E+01
0.838000E+00  -.523003E+01
0.834400E+00  -.545962E+01
0.830800E+00  -.569861E+01
0.827200E+00  -.594746E+01
0.823600E+00  -.620668E+01
0.820000E+00  -.647678E+01
0.816400E+00  -.675829E+01
0.812800E+00  -.705181E+01
0.809200E+00  -.735792E+01
0.805600E+00  -.767727E+01
0.802000E+00  -.801051E+01
0.798400E+00  -.835837E+01
0.794800E+00  -.872157E+01
0.791200E+00  -.910090E+01
0.787600E+00  -.949719E+01
0.784000E+00  -.991130E+01
0.780400E+00  -.103441E+02
0.776800E+00  -.107967E+02
0.773200E+00  -.112700E+02
0.769600E+00  -.117651E+02
0.766000E+00  -.122831E+02
0.762400E+00  -.128252E+02
0.758800E+00  -.133928E+02
0.755200E+00  -.139871E+02
0.751600E+00  -.146096E+02
0.748000E+00  -.152618E+02
0.744400E+00  -.159452E+02
0.740800E+00  -.166615E+02
0.737200E+00  -.174125E+02
0.733600E+00  -.182001E+02
0.730000E+00  -.190262E+02
0.726400E+00  -.198930E+02
0.722800E+00  -.208027E+02
0.719200E+00  -.217577E+02
0.715600E+00  -.227604E+02
0.712000E+00  -.238135E+02
0.708400E+00  -.249198E+02
0.704800E+00  -.260823E+02
0.701200E+00  -.273042E+02
0.697600E+00  -.285888E+02
0.694000E+00  -.299398E+02
0.690400E+00  -.313608E+02
0.686800E+00  -.328560E+02
0.683200E+00  -.344296E+02
0.679600E+00  -.360862E+02
0.676000E+00  -.378306E+02
0.672400E+00  -.396679E+02
0.668800E+00  -.416037E+02
0.665200E+00  -.436438E+02
0.661600E+00  -.457944E+02
0.658000E+00  -.480622E+02
0.654400E+00  -.504541E+02
0.650800E+00  -.529778E+02
0.647200E+00  -.556412E+02
0.643600E+00  -.584529E+02
0.640000E+00  -.614220E+02
