0.996400E+00  -.583318E-01
0.992800E+00  -.117344E+00
0.989200E+00  -.177093E+00
0.985600E+00  -.237636E+00
0.982000E+00  -.299032E+00
0.978400E+00  -.361343E+00
0.974800E+00  -.424634E+00
0.971200E+00  -.488971E+00
0.967600E+00  -.554421E+00
0.964000E+00  -.621056E+00
0.960400E+00  -.688950E+00
0.956800E+00  -.758179E+00
0.953200E+00  -.828822E+00
0.949600E+00  -.900961E+00
0.946000E+00  -.974682E+00
0.942400E+00  -.105007E+01
0.938800E+00  -.112723E+01
0.935200E+00  -.120624E+01
0.931600E+00  -.128721E+01
0.928000E+00  -.137023E+01
0.924400E+00  -.145543E+01
0.920800E+00  -.154290E+01
0.917200E+00  -.163277E+01
0.913600E+00  -.172515E+01
0.910000E+00  -.182018E+01
0.906400E+00  -.191797E+01
0.902800E+00  -.201867E+01
0.899200E+00  -.212242E+01
0.895600E+00  -.222937E+01
0.892000E+00  -.233967E+01
0.888400E+00  -.245348E+01
0.884800E+00  -.257096E+01
0.881200E+00  -.269230E+01
0.877600E+00  -.281767E+01
0.874000E+00  -.294726E+01
0.870400E+00  -.308127E+01
0.866800E+00  -.321991E+01
0.863200E+00  -.336339E+01
0.859600E+00  -.351193E+01
0.856000E+00  -.366578E+01
0.852400E+00  -.382517E+01
0.848800E+00  -.399036E+01
0.845200E+00  -.416163E+01
0.841600E+00  -.433924E+01
0.838000E+00  -.452350E+01
0.834400E+00  -.471470E+01
0.830800E+00  -.491317E+01
0.827200E+00  -.511925E+01
0.823600E+00  -.533327E+01
0.820000E+00  -.555562E+01
0.816400E+00  -.578667E+01
0.812800E+00  -.602682E+01
0.809200E+00  -.627650E+01
0.805600E+00  -.653614E+01
0.802000E+00  -.680621E+01
0.798400E+00  -.708720E+01
0.794800E+00  -.737960E+01
0.791200E+00  -.768395E+01
0.787600E+00  -.800081E+01
0.784000E+00  -.833077E+01
0.780400E+00  -.867443E+01
0.776800E+00  -.903245E+01
0.773200E+00  -.940549E+01
0.769600E+00  -.979427E+01
0.766000E+00  -.101995E+02
0.762400E+00  -.106221E+02
0.758800E+00  -.110627E+02
0.755200E+00  -.115223E+02
0.751600E+00  -.120017E+02
0.748000E+00  -.125019E+02
0.744400E+00  -.130240E+02
0.740800E+00  -.135690E+02
0.737200E+00  -.141379E+02
0.733600E+00  -.147320E+02
0.730000E+00  -.153525E+02
0.726400E+00  -.160007E+02
0.722800E+00  -.166780E+02
0.719200E+00  -.173858E+02
0.715600E+00  -.181255E+02
0.712000E+00  -.188989E+02
0.708400E+00  -.197076E+02
0.704800E+00  -.205533E+02
0.701200E+00  -.214380E+02
0.697600E+00  -.223637E+02
0.694000E+00  -.233323E+02
0.690400E+00  -.243462E+02
0.686800E+00  -.254076E+02
0.683200E+00  -.265190E+02
0.679600E+00  -.276831E+02
0.676000E+00  -.289024E+02
0.672400E+00  -.301801E+02
0.668800E+00  -.315190E+02
0.665200E+00  -.329225E+02
0.661600E+00  -.343941E+02
0.658000E+00  -.359372E+02
0.654400E+00  -.375559E+02
0.650800E+00  -.392541E+02
0.647200E+00  -.410362E+02
0.643600E+00  -.429067E+02
0.640000E+00  -.448706E+02
