0.996400E+00  -.149352E-01
0.992800E+00  -.300474E-01
0.989200E+00  -.453539E-01
0.985600E+00  -.608724E-01
0.982000E+00  -.766214E-01
0.978400E+00  -.926200E-01
0.974800E+00  -.108888E+00
0.971200E+00  -.125446E+00
0.967600E+00  -.142315E+00
0.964000E+00  -.159517E+00
0.960400E+00  -.177075E+00
0.956800E+00  -.195013E+00
0.953200E+00  -.213355E+00
0.949600E+00  -.232128E+00
0.946000E+00  -.251358E+00
0.942400E+00  -.271073E+00
0.938800E+00  -.291301E+00
0.935200E+00  -.312073E+00
0.931600E+00  -.333420E+00
0.928000E+00  -.355375E+00
0.924400E+00  -.377971E+00
0.920800E+00  -.401245E+00
0.917200E+00  -.425232E+00
0.913600E+00  -.449971E+00
0.910000E+00  -.475502E+00
0.906400E+00  -.501868E+00
0.902800E+00  -.529112E+00
0.899200E+00  -.557279E+00
0.895600E+00  -.586418E+00
0.892000E+00  -.616577E+00
0.888400E+00  -.647809E+00
0.884800E+00  -.680167E+00
0.881200E+00  -.713710E+00
0.877600E+00  -.748496E+00
0.874000E+00  -.784586E+00
0.870400E+00  -.822047E+00
0.866800E+00  -.860946E+00
0.863200E+00  -.901353E+00
0.859600E+00  -.943344E+00
0.856000E+00  -.986997E+00
0.852400E+00  -.103239E+01
0.848800E+00  -.107962E+01
0.845200E+00  -.112876E+01
0.841600E+00  -.117991E+01
0.838000E+00  -.123317E+01
0.834400E+00  -.128865E+01
0.830800E+00  -.134645E+01
0.827200E+00  -.140668E+01
0.823600E+00  -.146947E+01
0.820000E+00  -.153494E+01
0.816400E+00  -.160322E+01
0.812800E+00  -.167444E+01
0.809200E+00  -.174877E+01
0.805600E+00  -.182633E+01
0.802000E+00  -.190730E+01
0.798400E+00  -.199185E+01
0.794800E+00  -.208014E+01
0.791200E+00  -.217237E+01
0.787600E+00  -.226874E+01
0.784000E+00  -.236943E+01
0.780400E+00  -.247468E+01
0.776800E+00  -.258472E+01
0.773200E+00  -.269977E+01
0.769600E+00  -.282009E+01
0.766000E+00  -.294595E+01
0.762400E+00  -.307762E+01
0.758800E+00  -.321541E+01
0.755200E+00  -.335962E+01
0.751600E+00  -.351058E+01
0.748000E+00  -.366863E+01
0.744400E+00  -.383415E+01
0.740800E+00  -.400751E+01
0.737200E+00  -.418911E+01
0.733600E+00  -.437940E+01
0.730000E+00  -.457881E+01
0.726400E+00  -.478783E+01
0.722800E+00  -.500696E+01
0.719200E+00  -.523673E+01
0.715600E+00  -.547771E+01
0.712000E+00  -.573048E+01
0.708400E+00  -.599569E+01
0.704800E+00  -.627398E+01
0.701200E+00  -.656608E+01
0.697600E+00  -.687272E+01
0.694000E+00  -.719468E+01
0.690400E+00  -.753281E+01
0.686800E+00  -.788799E+01
0.683200E+00  -.826116E+01
0.679600E+00  -.865330E+01
0.676000E+00  -.906547E+01
0.672400E+00  -.949879E+01
0.668800E+00  -.995443E+01
0.665200E+00  -.104337E+02
0.661600E+00  -.109378E+02
0.658000E+00  -.114683E+02
0.654400E+00  -.120265E+02
0.650800E+00  -.126143E+02
0.647200E+00  -.132331E+02
0.643600E+00  -.138848E+02
0.640000E+00  -.145714E+02
