0.996400E+00  -.130474E+00
0.992800E+00  -.262384E+00
0.989200E+00  -.395764E+00
0.985600E+00  -.530651E+00
0.982000E+00  -.667080E+00
0.978400E+00  -.805089E+00
0.974800E+00  -.944718E+00
0.971200E+00  -.108601E+01
0.967600E+00  -.122899E+01
0.964000E+00  -.137372E+01
0.960400E+00  -.152023E+01
0.956800E+00  -.166857E+01
0.953200E+00  -.181878E+01
0.949600E+00  -.197091E+01
0.946000E+00  -.212501E+01
0.942400E+00  -.228112E+01
0.938800E+00  -.243930E+01
0.935200E+00  -.259960E+01
0.931600E+00  -.276207E+01
0.928000E+00  -.292676E+01
0.924400E+00  -.309373E+01
0.920800E+00  -.326305E+01
0.917200E+00  -.343476E+01
0.913600E+00  -.360892E+01
0.910000E+00  -.378561E+01
0.906400E+00  -.396489E+01
0.902800E+00  -.414681E+01
0.899200E+00  -.433146E+01
0.895600E+00  -.451890E+01
0.892000E+00  -.470919E+01
0.888400E+00  -.490242E+01
0.884800E+00  -.509867E+01
0.881200E+00  -.529800E+01
0.877600E+00  -.550050E+01
0.874000E+00  -.570626E+01
0.870400E+00  -.591536E+01
0.866800E+00  -.612789E+01
0.863200E+00  -.634393E+01
0.859600E+00  -.656359E+01
0.856000E+00  -.678695E+01
0.852400E+00  -.701412E+01
0.848800E+00  -.724521E+01
0.845200E+00  -.748030E+01
0.841600E+00  -.771953E+01
0.838000E+00  -.796298E+01
0.834400E+00  -.821079E+01
0.830800E+00  -.846307E+01
0.827200E+00  -.871995E+01
0.823600E+00  -.898154E+01
0.820000E+00  -.924799E+01
0.816400E+00  -.951942E+01
0.812800E+00  -.979598E+01
0.809200E+00  -.100778E+02
0.805600E+00  -.103651E+02
0.802000E+00  -.106579E+02
0.798400E+00  -.109564E+02
0.794800E+00  -.112609E+02
0.791200E+00  -.115714E+02
0.787600E+00  -.118881E+02
0.784000E+00  -.122112E+02
0.780400E+00  -.125410E+02
0.776800E+00  -.128775E+02
0.773200E+00  -.132211E+02
0.769600E+00  -.135718E+02
0.766000E+00  -.139300E+02
0.762400E+00  -.142958E+02
0.758800E+00  -.146694E+02
0.755200E+00  -.150512E+02
0.751600E+00  -.154413E+02
0.748000E+00  -.158400E+02
0.744400E+00  -.162475E+02
0.740800E+00  -.166641E+02
0.737200E+00  -.170902E+02
0.733600E+00  -.175260E+02
0.730000E+00  -.179717E+02
0.726400E+00  -.184278E+02
0.722800E+00  -.188945E+02
0.719200E+00  -.193722E+02
0.715600E+00  -.198612E+02
0.712000E+00  -.203618E+02
0.708400E+00  -.208745E+02
0.704800E+00  -.213997E+02
0.701200E+00  -.219377E+02
0.697600E+00  -.224889E+02
0.694000E+00  -.230538E+02
0.690400E+00  -.236329E+02
0.686800E+00  -.242266E+02
0.683200E+00  -.248353E+02
0.679600E+00  -.254597E+02
0.676000E+00  -.261002E+02
0.672400E+00  -.267574E+02
0.668800E+00  -.274317E+02
0.665200E+00  -.281240E+02
0.661600E+00  -.288346E+02
0.658000E+00  -.295643E+02
0.654400E+00  -.303138E+02
0.650800E+00  -.310837E+02
0.647200E+00  -.318747E+02
0.643600E+00  -.326877E+02
0.640000E+00  -.335233E+02
