0.996400E+00  -.975552E-01
0.992800E+00  -.196267E+00
0.989200E+00  -.296249E+00
0.985600E+00  -.397618E+00
0.982000E+00  -.500493E+00
0.978400E+00  -.605002E+00
0.974800E+00  -.711275E+00
0.971200E+00  -.819446E+00
0.967600E+00  -.929658E+00
0.964000E+00  -.104206E+01
0.960400E+00  -.115680E+01
0.956800E+00  -.127403E+01
0.953200E+00  -.139394E+01
0.949600E+00  -.151668E+01
0.946000E+00  -.164245E+01
0.942400E+00  -.177142E+01
0.938800E+00  -.190381E+01
0.935200E+00  -.203981E+01
0.931600E+00  -.217964E+01
0.928000E+00  -.232354E+01
0.924400E+00  -.247173E+01
0.920800E+00  -.262448E+01
0.917200E+00  -.278204E+01
0.913600E+00  -.294469E+01
0.910000E+00  -.311272E+01
0.906400E+00  -.328643E+01
0.902800E+00  -.346614E+01
0.899200E+00  -.365220E+01
0.895600E+00  -.384495E+01
0.892000E+00  -.404477E+01
0.888400E+00  -.425205E+01
0.884800E+00  -.446720E+01
0.881200E+00  -.469067E+01
0.877600E+00  -.492291E+01
0.874000E+00  -.516440E+01
0.870400E+00  -.541567E+01
0.866800E+00  -.567724E+01
0.863200E+00  -.594970E+01
0.859600E+00  -.623364E+01
0.856000E+00  -.652971E+01
0.852400E+00  -.683857E+01
0.848800E+00  -.716094E+01
0.845200E+00  -.749758E+01
0.841600E+00  -.784928E+01
0.838000E+00  -.821688E+01
0.834400E+00  -.860129E+01
0.830800E+00  -.900345E+01
0.827200E+00  -.942436E+01
0.823600E+00  -.986509E+01
0.820000E+00  -.103268E+02
0.816400E+00  -.108106E+02
0.812800E+00  -.113178E+02
0.809200E+00  -.118498E+02
0.805600E+00  -.124080E+02
0.802000E+00  -.129939E+02
0.798400E+00  -.136091E+02
0.794800E+00  -.142554E+02
0.791200E+00  -.149345E+02
0.787600E+00  -.156485E+02
0.784000E+00  -.163993E+02
0.780400E+00  -.171892E+02
0.776800E+00  -.180205E+02
0.773200E+00  -.188957E+02
0.769600E+00  -.198174E+02
0.766000E+00  -.207884E+02
0.762400E+00  -.218119E+02
0.758800E+00  -.228909E+02
0.755200E+00  -.240289E+02
0.751600E+00  -.252295E+02
0.748000E+00  -.264967E+02
0.744400E+00  -.278346E+02
0.740800E+00  -.292476E+02
0.737200E+00  -.307405E+02
0.733600E+00  -.323183E+02
0.730000E+00  -.339865E+02
0.726400E+00  -.357508E+02
0.722800E+00  -.376175E+02
0.719200E+00  -.395931E+02
0.715600E+00  -.416847E+02
0.712000E+00  -.439001E+02
0.708400E+00  -.462472E+02
0.704800E+00  -.487348E+02
0.701200E+00  -.513723E+02
0.697600E+00  -.541697E+02
0.694000E+00  -.571377E+02
0.690400E+00  -.602880E+02
0.686800E+00  -.636328E+02
0.683200E+00  -.671855E+02
0.679600E+00  -.709603E+02
0.676000E+00  -.749728E+02
0.672400E+00  -.792393E+02
0.668800E+00  -.837777E+02
0.665200E+00  -.886071E+02
0.661600E+00  -.937481E+02
0.658000E+00  -.992228E+02
0.654400E+00  -.105055E+03
0.650800E+00  -.111271E+03
0.647200E+00  -.117898E+03
0.643600E+00  -.124967E+03
0.640000E+00  -.132508E+03
