0.996400E+00  -.980915E-01
0.992800E+00  -.197338E+00
0.989200E+00  -.297845E+00
0.985600E+00  -.399720E+00
0.982000E+00  -.503076E+00
0.978400E+00  -.608030E+00
0.974800E+00  -.714701E+00
0.971200E+00  -.823215E+00
0.967600E+00  -.933701E+00
0.964000E+00  -.104629E+01
0.960400E+00  -.116114E+01
0.956800E+00  -.127837E+01
0.953200E+00  -.139814E+01
0.949600E+00  -.152061E+01
0.946000E+00  -.164595E+01
0.942400E+00  -.177432E+01
0.938800E+00  -.190589E+01
0.935200E+00  -.204085E+01
0.931600E+00  -.217940E+01
0.928000E+00  -.232172E+01
0.924400E+00  -.246804E+01
0.920800E+00  -.261855E+01
0.917200E+00  -.277350E+01
0.913600E+00  -.293311E+01
0.910000E+00  -.309763E+01
0.906400E+00  -.326731E+01
0.902800E+00  -.344242E+01
0.899200E+00  -.362324E+01
0.895600E+00  -.381007E+01
0.892000E+00  -.400320E+01
0.888400E+00  -.420295E+01
0.884800E+00  -.440966E+01
0.881200E+00  -.462367E+01
0.877600E+00  -.484535E+01
0.874000E+00  -.507507E+01
0.870400E+00  -.531325E+01
0.866800E+00  -.556028E+01
0.863200E+00  -.581662E+01
0.859600E+00  -.608271E+01
0.856000E+00  -.635905E+01
0.852400E+00  -.664612E+01
0.848800E+00  -.694446E+01
0.845200E+00  -.725462E+01
0.841600E+00  -.757717E+01
0.838000E+00  -.791274E+01
0.834400E+00  -.826195E+01
0.830800E+00  -.862547E+01
0.827200E+00  -.900402E+01
0.823600E+00  -.939832E+01
0.820000E+00  -.980916E+01
0.816400E+00  -.102373E+02
0.812800E+00  -.106837E+02
0.809200E+00  -.111492E+02
0.805600E+00  -.116348E+02
0.802000E+00  -.121414E+02
0.798400E+00  -.126702E+02
0.794800E+00  -.132221E+02
0.791200E+00  -.137984E+02
0.787600E+00  -.144003E+02
0.784000E+00  -.150291E+02
0.780400E+00  -.156862E+02
0.776800E+00  -.163729E+02
0.773200E+00  -.170909E+02
0.769600E+00  -.178416E+02
0.766000E+00  -.186268E+02
0.762400E+00  -.194482E+02
0.758800E+00  -.203078E+02
0.755200E+00  -.212074E+02
0.751600E+00  -.221492E+02
0.748000E+00  -.231354E+02
0.744400E+00  -.241684E+02
0.740800E+00  -.252505E+02
0.737200E+00  -.263843E+02
0.733600E+00  -.275727E+02
0.730000E+00  -.288185E+02
0.726400E+00  -.301249E+02
0.722800E+00  -.314950E+02
0.719200E+00  -.329324E+02
0.715600E+00  -.344406E+02
0.712000E+00  -.360237E+02
0.708400E+00  -.376855E+02
0.704800E+00  -.394306E+02
0.701200E+00  -.412635E+02
0.697600E+00  -.431892E+02
0.694000E+00  -.452128E+02
0.690400E+00  -.473397E+02
0.686800E+00  -.495760E+02
0.683200E+00  -.519278E+02
0.679600E+00  -.544017E+02
0.676000E+00  -.570047E+02
0.672400E+00  -.597443E+02
0.668800E+00  -.626284E+02
0.665200E+00  -.656655E+02
0.661600E+00  -.688645E+02
0.658000E+00  -.722351E+02
0.654400E+00  -.757874E+02
0.650800E+00  -.795323E+02
0.647200E+00  -.834813E+02
0.643600E+00  -.876469E+02
0.640000E+00  -.920421E+02
