0.996400E+00  -.333888E-01
0.992800E+00  -.671570E-01
0.989200E+00  -.101326E+00
0.985600E+00  -.135918E+00
0.982000E+00  -.170955E+00
0.978400E+00  -.206461E+00
0.974800E+00  -.242461E+00
0.971200E+00  -.278979E+00
0.967600E+00  -.316041E+00
0.964000E+00  -.353675E+00
0.960400E+00  -.391907E+00
0.956800E+00  -.430767E+00
0.953200E+00  -.470285E+00
0.949600E+00  -.510490E+00
0.946000E+00  -.551415E+00
0.942400E+00  -.593092E+00
0.938800E+00  -.635556E+00
0.935200E+00  -.678841E+00
0.931600E+00  -.722985E+00
0.928000E+00  -.768024E+00
0.924400E+00  -.813998E+00
0.920800E+00  -.860947E+00
0.917200E+00  -.908914E+00
0.913600E+00  -.957942E+00
0.910000E+00  -.100808E+01
0.906400E+00  -.105936E+01
0.902800E+00  -.111185E+01
0.899200E+00  -.116559E+01
0.895600E+00  -.122063E+01
0.892000E+00  -.127703E+01
0.888400E+00  -.133484E+01
0.884800E+00  -.139413E+01
0.881200E+00  -.145495E+01
0.877600E+00  -.151736E+01
0.874000E+00  -.158144E+01
0.870400E+00  -.164724E+01
0.866800E+00  -.171484E+01
0.863200E+00  -.178432E+01
0.859600E+00  -.185574E+01
0.856000E+00  -.192919E+01
0.852400E+00  -.200475E+01
0.848800E+00  -.208251E+01
0.845200E+00  -.216254E+01
0.841600E+00  -.224496E+01
0.838000E+00  -.232985E+01
0.834400E+00  -.241731E+01
0.830800E+00  -.250745E+01
0.827200E+00  -.260037E+01
0.823600E+00  -.269619E+01
0.820000E+00  -.279503E+01
0.816400E+00  -.289700E+01
0.812800E+00  -.300224E+01
0.809200E+00  -.311088E+01
0.805600E+00  -.322306E+01
0.802000E+00  -.333892E+01
0.798400E+00  -.345862E+01
0.794800E+00  -.358230E+01
0.791200E+00  -.371014E+01
0.787600E+00  -.384230E+01
0.784000E+00  -.397896E+01
0.780400E+00  -.412032E+01
0.776800E+00  -.426655E+01
0.773200E+00  -.441788E+01
0.769600E+00  -.457450E+01
0.766000E+00  -.473664E+01
0.762400E+00  -.490453E+01
0.758800E+00  -.507841E+01
0.755200E+00  -.525854E+01
0.751600E+00  -.544517E+01
0.748000E+00  -.563859E+01
0.744400E+00  -.583908E+01
0.740800E+00  -.604694E+01
0.737200E+00  -.626249E+01
0.733600E+00  -.648606E+01
0.730000E+00  -.671799E+01
0.726400E+00  -.695865E+01
0.722800E+00  -.720842E+01
0.719200E+00  -.746769E+01
0.715600E+00  -.773687E+01
0.712000E+00  -.801641E+01
0.708400E+00  -.830676E+01
0.704800E+00  -.860839E+01
0.701200E+00  -.892181E+01
0.697600E+00  -.924755E+01
0.694000E+00  -.958616E+01
0.690400E+00  -.993821E+01
0.686800E+00  -.103043E+02
0.683200E+00  -.106851E+02
0.679600E+00  -.110813E+02
0.676000E+00  -.114935E+02
0.672400E+00  -.119225E+02
0.668800E+00  -.123691E+02
0.665200E+00  -.128342E+02
0.661600E+00  -.133184E+02
0.658000E+00  -.138229E+02
0.654400E+00  -.143484E+02
0.650800E+00  -.148960E+02
0.647200E+00  -.154669E+02
0.643600E+00  -.160619E+02
0.640000E+00  -.166824E+02
