0.996400E+00  -.106173E+00
0.992800E+00  -.213596E+00
0.989200E+00  -.322382E+00
0.985600E+00  -.432647E+00
0.982000E+00  -.544512E+00
0.978400E+00  -.658104E+00
0.974800E+00  -.773552E+00
0.971200E+00  -.890991E+00
0.967600E+00  -.101056E+01
0.964000E+00  -.113241E+01
0.960400E+00  -.125669E+01
0.956800E+00  -.138356E+01
0.953200E+00  -.151318E+01
0.949600E+00  -.164572E+01
0.946000E+00  -.178137E+01
0.942400E+00  -.192030E+01
0.938800E+00  -.206272E+01
0.935200E+00  -.220883E+01
0.931600E+00  -.235883E+01
0.928000E+00  -.251296E+01
0.924400E+00  -.267143E+01
0.920800E+00  -.283451E+01
0.917200E+00  -.300243E+01
0.913600E+00  -.317547E+01
0.910000E+00  -.335390E+01
0.906400E+00  -.353801E+01
0.902800E+00  -.372812E+01
0.899200E+00  -.392454E+01
0.895600E+00  -.412760E+01
0.892000E+00  -.433767E+01
0.888400E+00  -.455512E+01
0.884800E+00  -.478032E+01
0.881200E+00  -.501370E+01
0.877600E+00  -.525568E+01
0.874000E+00  -.550671E+01
0.870400E+00  -.576727E+01
0.866800E+00  -.603787E+01
0.863200E+00  -.631903E+01
0.859600E+00  -.661130E+01
0.856000E+00  -.691527E+01
0.852400E+00  -.723156E+01
0.848800E+00  -.756081E+01
0.845200E+00  -.790371E+01
0.841600E+00  -.826099E+01
0.838000E+00  -.863339E+01
0.834400E+00  -.902174E+01
0.830800E+00  -.942688E+01
0.827200E+00  -.984969E+01
0.823600E+00  -.102911E+02
0.820000E+00  -.107522E+02
0.816400E+00  -.112340E+02
0.812800E+00  -.117376E+02
0.809200E+00  -.122641E+02
0.805600E+00  -.128149E+02
0.802000E+00  -.133913E+02
0.798400E+00  -.139947E+02
0.794800E+00  -.146264E+02
0.791200E+00  -.152883E+02
0.787600E+00  -.159818E+02
0.784000E+00  -.167087E+02
0.780400E+00  -.174710E+02
0.776800E+00  -.182706E+02
0.773200E+00  -.191096E+02
0.769600E+00  -.199903E+02
0.766000E+00  -.209150E+02
0.762400E+00  -.218862E+02
0.758800E+00  -.229067E+02
0.755200E+00  -.239792E+02
0.751600E+00  -.251068E+02
0.748000E+00  -.262928E+02
0.744400E+00  -.275404E+02
0.740800E+00  -.288534E+02
0.737200E+00  -.302356E+02
0.733600E+00  -.316912E+02
0.730000E+00  -.332245E+02
0.726400E+00  -.348402E+02
0.722800E+00  -.365433E+02
0.719200E+00  -.383391E+02
0.715600E+00  -.402333E+02
0.712000E+00  -.422319E+02
0.708400E+00  -.443413E+02
0.704800E+00  -.465685E+02
0.701200E+00  -.489207E+02
0.697600E+00  -.514059E+02
0.694000E+00  -.540324E+02
0.690400E+00  -.568092E+02
0.686800E+00  -.597459E+02
0.683200E+00  -.628527E+02
0.679600E+00  -.661406E+02
0.676000E+00  -.696215E+02
0.672400E+00  -.733078E+02
0.668800E+00  -.772131E+02
0.665200E+00  -.813518E+02
0.661600E+00  -.857395E+02
0.658000E+00  -.903927E+02
0.654400E+00  -.953294E+02
0.650800E+00  -.100569E+03
0.647200E+00  -.106131E+03
0.643600E+00  -.112039E+03
0.640000E+00  -.118316E+03
