0.996400E+00  -.898716E-01
0.992800E+00  -.180761E+00
0.989200E+00  -.272720E+00
0.985600E+00  -.365806E+00
0.982000E+00  -.460076E+00
0.978400E+00  -.555587E+00
0.974800E+00  -.652402E+00
0.971200E+00  -.750583E+00
0.967600E+00  -.850195E+00
0.964000E+00  -.951306E+00
0.960400E+00  -.105399E+01
0.956800E+00  -.115831E+01
0.953200E+00  -.126434E+01
0.949600E+00  -.137217E+01
0.946000E+00  -.148188E+01
0.942400E+00  -.159354E+01
0.938800E+00  -.170724E+01
0.935200E+00  -.182307E+01
0.931600E+00  -.194113E+01
0.928000E+00  -.206152E+01
0.924400E+00  -.218432E+01
0.920800E+00  -.230965E+01
0.917200E+00  -.243762E+01
0.913600E+00  -.256833E+01
0.910000E+00  -.270191E+01
0.906400E+00  -.283847E+01
0.902800E+00  -.297813E+01
0.899200E+00  -.312105E+01
0.895600E+00  -.326734E+01
0.892000E+00  -.341715E+01
0.888400E+00  -.357062E+01
0.884800E+00  -.372793E+01
0.881200E+00  -.388921E+01
0.877600E+00  -.405465E+01
0.874000E+00  -.422441E+01
0.870400E+00  -.439867E+01
0.866800E+00  -.457764E+01
0.863200E+00  -.476150E+01
0.859600E+00  -.495046E+01
0.856000E+00  -.514473E+01
0.852400E+00  -.534455E+01
0.848800E+00  -.555015E+01
0.845200E+00  -.576176E+01
0.841600E+00  -.597966E+01
0.838000E+00  -.620410E+01
0.834400E+00  -.643537E+01
0.830800E+00  -.667376E+01
0.827200E+00  -.691957E+01
0.823600E+00  -.717313E+01
0.820000E+00  -.743477E+01
0.816400E+00  -.770485E+01
0.812800E+00  -.798372E+01
0.809200E+00  -.827178E+01
0.805600E+00  -.856943E+01
0.802000E+00  -.887709E+01
0.798400E+00  -.919521E+01
0.794800E+00  -.952424E+01
0.791200E+00  -.986468E+01
0.787600E+00  -.102170E+02
0.784000E+00  -.105818E+02
0.780400E+00  -.109597E+02
0.776800E+00  -.113511E+02
0.773200E+00  -.117568E+02
0.769600E+00  -.121773E+02
0.766000E+00  -.126134E+02
0.762400E+00  -.130657E+02
0.758800E+00  -.135351E+02
0.755200E+00  -.140224E+02
0.751600E+00  -.145283E+02
0.748000E+00  -.150537E+02
0.744400E+00  -.155996E+02
0.740800E+00  -.161669E+02
0.737200E+00  -.167568E+02
0.733600E+00  -.173701E+02
0.730000E+00  -.180082E+02
0.726400E+00  -.186721E+02
0.722800E+00  -.193632E+02
0.719200E+00  -.200827E+02
0.715600E+00  -.208322E+02
0.712000E+00  -.216130E+02
0.708400E+00  -.224267E+02
0.704800E+00  -.232751E+02
0.701200E+00  -.241597E+02
0.697600E+00  -.250825E+02
0.694000E+00  -.260455E+02
0.690400E+00  -.270506E+02
0.686800E+00  -.281001E+02
0.683200E+00  -.291962E+02
0.679600E+00  -.303414E+02
0.676000E+00  -.315383E+02
0.672400E+00  -.327896E+02
0.668800E+00  -.340982E+02
0.665200E+00  -.354671E+02
0.661600E+00  -.368995E+02
0.658000E+00  -.383990E+02
0.654400E+00  -.399692E+02
0.650800E+00  -.416139E+02
0.647200E+00  -.433372E+02
0.643600E+00  -.451436E+02
0.640000E+00  -.470375E+02
