0.996400E+00  -.165075E+00
0.992800E+00  -.332059E+00
0.989200E+00  -.501093E+00
0.985600E+00  -.672323E+00
0.982000E+00  -.845899E+00
0.978400E+00  -.102198E+01
0.974800E+00  -.120072E+01
0.971200E+00  -.138230E+01
0.967600E+00  -.156688E+01
0.964000E+00  -.175465E+01
0.960400E+00  -.194580E+01
0.956800E+00  -.214052E+01
0.953200E+00  -.233902E+01
0.949600E+00  -.254152E+01
0.946000E+00  -.274822E+01
0.942400E+00  -.295937E+01
0.938800E+00  -.317520E+01
0.935200E+00  -.339598E+01
0.931600E+00  -.362195E+01
0.928000E+00  -.385341E+01
0.924400E+00  -.409063E+01
0.920800E+00  -.433391E+01
0.917200E+00  -.458358E+01
0.913600E+00  -.483997E+01
0.910000E+00  -.510342E+01
0.906400E+00  -.537429E+01
0.902800E+00  -.565297E+01
0.899200E+00  -.593986E+01
0.895600E+00  -.623537E+01
0.892000E+00  -.653995E+01
0.888400E+00  -.685407E+01
0.884800E+00  -.717820E+01
0.881200E+00  -.751286E+01
0.877600E+00  -.785860E+01
0.874000E+00  -.821598E+01
0.870400E+00  -.858559E+01
0.866800E+00  -.896806E+01
0.863200E+00  -.936407E+01
0.859600E+00  -.977430E+01
0.856000E+00  -.101995E+02
0.852400E+00  -.106404E+02
0.848800E+00  -.110979E+02
0.845200E+00  -.115729E+02
0.841600E+00  -.120661E+02
0.838000E+00  -.125787E+02
0.834400E+00  -.131116E+02
0.830800E+00  -.136659E+02
0.827200E+00  -.142428E+02
0.823600E+00  -.148434E+02
0.820000E+00  -.154690E+02
0.816400E+00  -.161210E+02
0.812800E+00  -.168009E+02
0.809200E+00  -.175100E+02
0.805600E+00  -.182501E+02
0.802000E+00  -.190228E+02
0.798400E+00  -.198299E+02
0.794800E+00  -.206734E+02
0.791200E+00  -.215552E+02
0.787600E+00  -.224775E+02
0.784000E+00  -.234427E+02
0.780400E+00  -.244531E+02
0.776800E+00  -.255113E+02
0.773200E+00  -.266201E+02
0.769600E+00  -.277823E+02
0.766000E+00  -.290011E+02
0.762400E+00  -.302797E+02
0.758800E+00  -.316217E+02
0.755200E+00  -.330308E+02
0.751600E+00  -.345109E+02
0.748000E+00  -.360664E+02
0.744400E+00  -.377016E+02
0.740800E+00  -.394215E+02
0.737200E+00  -.412311E+02
0.733600E+00  -.431359E+02
0.730000E+00  -.451417E+02
0.726400E+00  -.472548E+02
0.722800E+00  -.494819E+02
0.719200E+00  -.518299E+02
0.715600E+00  -.543066E+02
0.712000E+00  -.569200E+02
0.708400E+00  -.596789E+02
0.704800E+00  -.625924E+02
0.701200E+00  -.656706E+02
0.697600E+00  -.689240E+02
0.694000E+00  -.723642E+02
0.690400E+00  -.760032E+02
0.686800E+00  -.798542E+02
0.683200E+00  -.839313E+02
0.679600E+00  -.882493E+02
0.676000E+00  -.928247E+02
0.672400E+00  -.976746E+02
0.668800E+00  -.102818E+03
0.665200E+00  -.108274E+03
0.661600E+00  -.114065E+03
0.658000E+00  -.120214E+03
0.654400E+00  -.126746E+03
0.650800E+00  -.133687E+03
0.647200E+00  -.141067E+03
0.643600E+00  -.148916E+03
0.640000E+00  -.157268E+03
