0.996400E+00  -.831787E-01
0.992800E+00  -.167276E+00
0.989200E+00  -.252320E+00
0.985600E+00  -.338336E+00
0.982000E+00  -.425352E+00
0.978400E+00  -.513397E+00
0.974800E+00  -.602500E+00
0.971200E+00  -.692691E+00
0.967600E+00  -.784002E+00
0.964000E+00  -.876464E+00
0.960400E+00  -.970110E+00
0.956800E+00  -.106497E+01
0.953200E+00  -.116109E+01
0.949600E+00  -.125850E+01
0.946000E+00  -.135722E+01
0.942400E+00  -.145732E+01
0.938800E+00  -.155881E+01
0.935200E+00  -.166175E+01
0.931600E+00  -.176616E+01
0.928000E+00  -.187211E+01
0.924400E+00  -.197962E+01
0.920800E+00  -.208874E+01
0.917200E+00  -.219953E+01
0.913600E+00  -.231202E+01
0.910000E+00  -.242627E+01
0.906400E+00  -.254232E+01
0.902800E+00  -.266024E+01
0.899200E+00  -.278006E+01
0.895600E+00  -.290186E+01
0.892000E+00  -.302568E+01
0.888400E+00  -.315158E+01
0.884800E+00  -.327963E+01
0.881200E+00  -.340988E+01
0.877600E+00  -.354241E+01
0.874000E+00  -.367727E+01
0.870400E+00  -.381454E+01
0.866800E+00  -.395429E+01
0.863200E+00  -.409659E+01
0.859600E+00  -.424151E+01
0.856000E+00  -.438913E+01
0.852400E+00  -.453954E+01
0.848800E+00  -.469281E+01
0.845200E+00  -.484903E+01
0.841600E+00  -.500830E+01
0.838000E+00  -.517069E+01
0.834400E+00  -.533631E+01
0.830800E+00  -.550525E+01
0.827200E+00  -.567762E+01
0.823600E+00  -.585351E+01
0.820000E+00  -.603303E+01
0.816400E+00  -.621631E+01
0.812800E+00  -.640344E+01
0.809200E+00  -.659455E+01
0.805600E+00  -.678976E+01
0.802000E+00  -.698920E+01
0.798400E+00  -.719300E+01
0.794800E+00  -.740130E+01
0.791200E+00  -.761423E+01
0.787600E+00  -.783195E+01
0.784000E+00  -.805460E+01
0.780400E+00  -.828234E+01
0.776800E+00  -.851533E+01
0.773200E+00  -.875374E+01
0.769600E+00  -.899775E+01
0.766000E+00  -.924752E+01
0.762400E+00  -.950326E+01
0.758800E+00  -.976515E+01
0.755200E+00  -.100334E+02
0.751600E+00  -.103082E+02
0.748000E+00  -.105898E+02
0.744400E+00  -.108784E+02
0.740800E+00  -.111742E+02
0.737200E+00  -.114775E+02
0.733600E+00  -.117885E+02
0.730000E+00  -.121074E+02
0.726400E+00  -.124347E+02
0.722800E+00  -.127705E+02
0.719200E+00  -.131150E+02
0.715600E+00  -.134688E+02
0.712000E+00  -.138319E+02
0.708400E+00  -.142048E+02
0.704800E+00  -.145878E+02
0.701200E+00  -.149813E+02
0.697600E+00  -.153856E+02
0.694000E+00  -.158010E+02
0.690400E+00  -.162281E+02
0.686800E+00  -.166672E+02
0.683200E+00  -.171187E+02
0.679600E+00  -.175831E+02
0.676000E+00  -.180609E+02
0.672400E+00  -.185525E+02
0.668800E+00  -.190584E+02
0.665200E+00  -.195792E+02
0.661600E+00  -.201154E+02
0.658000E+00  -.206676E+02
0.654400E+00  -.212364E+02
0.650800E+00  -.218223E+02
0.647200E+00  -.224262E+02
0.643600E+00  -.230485E+02
0.640000E+00  -.236901E+02
