0.996400E+00  -.505277E-01
0.992800E+00  -.101652E+00
0.989200E+00  -.153428E+00
0.985600E+00  -.205912E+00
0.982000E+00  -.259166E+00
0.978400E+00  -.313250E+00
0.974800E+00  -.368228E+00
0.971200E+00  -.424167E+00
0.967600E+00  -.481135E+00
0.964000E+00  -.539206E+00
0.960400E+00  -.598453E+00
0.956800E+00  -.658955E+00
0.953200E+00  -.720793E+00
0.949600E+00  -.784052E+00
0.946000E+00  -.848820E+00
0.942400E+00  -.915189E+00
0.938800E+00  -.983257E+00
0.935200E+00  -.105312E+01
0.931600E+00  -.112489E+01
0.928000E+00  -.119868E+01
0.924400E+00  -.127460E+01
0.920800E+00  -.135277E+01
0.917200E+00  -.143332E+01
0.913600E+00  -.151638E+01
0.910000E+00  -.160209E+01
0.906400E+00  -.169060E+01
0.902800E+00  -.178206E+01
0.899200E+00  -.187663E+01
0.895600E+00  -.197449E+01
0.892000E+00  -.207581E+01
0.888400E+00  -.218078E+01
0.884800E+00  -.228960E+01
0.881200E+00  -.240247E+01
0.877600E+00  -.251962E+01
0.874000E+00  -.264127E+01
0.870400E+00  -.276766E+01
0.866800E+00  -.289906E+01
0.863200E+00  -.303573E+01
0.859600E+00  -.317796E+01
0.856000E+00  -.332604E+01
0.852400E+00  -.348029E+01
0.848800E+00  -.364105E+01
0.845200E+00  -.380866E+01
0.841600E+00  -.398351E+01
0.838000E+00  -.416598E+01
0.834400E+00  -.435649E+01
0.830800E+00  -.455547E+01
0.827200E+00  -.476340E+01
0.823600E+00  -.498076E+01
0.820000E+00  -.520807E+01
0.816400E+00  -.544589E+01
0.812800E+00  -.569479E+01
0.809200E+00  -.595538E+01
0.805600E+00  -.622834E+01
0.802000E+00  -.651433E+01
0.798400E+00  -.681410E+01
0.794800E+00  -.712842E+01
0.791200E+00  -.745812E+01
0.787600E+00  -.780406E+01
0.784000E+00  -.816718E+01
0.780400E+00  -.854846E+01
0.776800E+00  -.894893E+01
0.773200E+00  -.936971E+01
0.769600E+00  -.981198E+01
0.766000E+00  -.102770E+02
0.762400E+00  -.107660E+02
0.758800E+00  -.112806E+02
0.755200E+00  -.118220E+02
0.751600E+00  -.123921E+02
0.748000E+00  -.129924E+02
0.744400E+00  -.136248E+02
0.740800E+00  -.142912E+02
0.737200E+00  -.149936E+02
0.733600E+00  -.157343E+02
0.730000E+00  -.165155E+02
0.726400E+00  -.173396E+02
0.722800E+00  -.182095E+02
0.719200E+00  -.191278E+02
0.715600E+00  -.200976E+02
0.712000E+00  -.211220E+02
0.708400E+00  -.222046E+02
0.704800E+00  -.233489E+02
0.701200E+00  -.245588E+02
0.697600E+00  -.258385E+02
0.694000E+00  -.271924E+02
0.690400E+00  -.286253E+02
0.686800E+00  -.301423E+02
0.683200E+00  -.317489E+02
0.679600E+00  -.334508E+02
0.676000E+00  -.352542E+02
0.672400E+00  -.371659E+02
0.668800E+00  -.391930E+02
0.665200E+00  -.413431E+02
0.661600E+00  -.436245E+02
0.658000E+00  -.460459E+02
0.654400E+00  -.486168E+02
0.650800E+00  -.513473E+02
0.647200E+00  -.542484E+02
0.643600E+00  -.573316E+02
0.640000E+00  -.606095E+02
