0.996400E+00  -.242059E-01
0.992800E+00  -.487261E-01
0.989200E+00  -.736169E-01
0.985600E+00  -.989365E-01
0.982000E+00  -.124746E+00
0.978400E+00  -.151107E+00
0.974800E+00  -.178087E+00
0.971200E+00  -.205753E+00
0.967600E+00  -.234177E+00
0.964000E+00  -.263434E+00
0.960400E+00  -.293600E+00
0.956800E+00  -.324758E+00
0.953200E+00  -.356992E+00
0.949600E+00  -.390391E+00
0.946000E+00  -.425050E+00
0.942400E+00  -.461066E+00
0.938800E+00  -.498541E+00
0.935200E+00  -.537585E+00
0.931600E+00  -.578310E+00
0.928000E+00  -.620836E+00
0.924400E+00  -.665289E+00
0.920800E+00  -.711801E+00
0.917200E+00  -.760511E+00
0.913600E+00  -.811566E+00
0.910000E+00  -.865122E+00
0.906400E+00  -.921341E+00
0.902800E+00  -.980396E+00
0.899200E+00  -.104247E+01
0.895600E+00  -.110775E+01
0.892000E+00  -.117645E+01
0.888400E+00  -.124878E+01
0.884800E+00  -.132496E+01
0.881200E+00  -.140524E+01
0.877600E+00  -.148986E+01
0.874000E+00  -.157911E+01
0.870400E+00  -.167327E+01
0.866800E+00  -.177263E+01
0.863200E+00  -.187752E+01
0.859600E+00  -.198828E+01
0.856000E+00  -.210527E+01
0.852400E+00  -.222886E+01
0.848800E+00  -.235947E+01
0.845200E+00  -.249753E+01
0.841600E+00  -.264349E+01
0.838000E+00  -.279784E+01
0.834400E+00  -.296109E+01
0.830800E+00  -.313380E+01
0.827200E+00  -.331653E+01
0.823600E+00  -.350992E+01
0.820000E+00  -.371462E+01
0.816400E+00  -.393133E+01
0.812800E+00  -.416079E+01
0.809200E+00  -.440381E+01
0.805600E+00  -.466121E+01
0.802000E+00  -.493391E+01
0.798400E+00  -.522286E+01
0.794800E+00  -.552908E+01
0.791200E+00  -.585366E+01
0.787600E+00  -.619775E+01
0.784000E+00  -.656261E+01
0.780400E+00  -.694953E+01
0.776800E+00  -.735994E+01
0.773200E+00  -.779533E+01
0.769600E+00  -.825731E+01
0.766000E+00  -.874759E+01
0.762400E+00  -.926801E+01
0.758800E+00  -.982051E+01
0.755200E+00  -.104072E+02
0.751600E+00  -.110303E+02
0.748000E+00  -.116921E+02
0.744400E+00  -.123954E+02
0.740800E+00  -.131427E+02
0.737200E+00  -.139370E+02
0.733600E+00  -.147815E+02
0.730000E+00  -.156795E+02
0.726400E+00  -.166346E+02
0.722800E+00  -.176507E+02
0.719200E+00  -.187319E+02
0.715600E+00  -.198826E+02
0.712000E+00  -.211075E+02
0.708400E+00  -.224119E+02
0.704800E+00  -.238011E+02
0.701200E+00  -.252810E+02
0.697600E+00  -.268580E+02
0.694000E+00  -.285389E+02
0.690400E+00  -.303309E+02
0.686800E+00  -.322419E+02
0.683200E+00  -.342803E+02
0.679600E+00  -.364552E+02
0.676000E+00  -.387764E+02
0.672400E+00  -.412545E+02
0.668800E+00  -.439007E+02
0.665200E+00  -.467272E+02
0.661600E+00  -.497474E+02
0.658000E+00  -.529753E+02
0.654400E+00  -.564263E+02
0.650800E+00  -.601170E+02
0.647200E+00  -.640652E+02
0.643600E+00  -.682903E+02
0.640000E+00  -.728130E+02
