0.996400E+00  -.485922E-01
0.992800E+00  -.977612E-01
0.989200E+00  -.147564E+00
0.985600E+00  -.198058E+00
0.982000E+00  -.249306E+00
0.978400E+00  -.301370E+00
0.974800E+00  -.354316E+00
0.971200E+00  -.408211E+00
0.967600E+00  -.463126E+00
0.964000E+00  -.519135E+00
0.960400E+00  -.576313E+00
0.956800E+00  -.634740E+00
0.953200E+00  -.694498E+00
0.949600E+00  -.755674E+00
0.946000E+00  -.818357E+00
0.942400E+00  -.882641E+00
0.938800E+00  -.948622E+00
0.935200E+00  -.101640E+01
0.931600E+00  -.108609E+01
0.928000E+00  -.115779E+01
0.924400E+00  -.123163E+01
0.920800E+00  -.130772E+01
0.917200E+00  -.138619E+01
0.913600E+00  -.146717E+01
0.910000E+00  -.155081E+01
0.906400E+00  -.163724E+01
0.902800E+00  -.172662E+01
0.899200E+00  -.181911E+01
0.895600E+00  -.191488E+01
0.892000E+00  -.201410E+01
0.888400E+00  -.211695E+01
0.884800E+00  -.222363E+01
0.881200E+00  -.233434E+01
0.877600E+00  -.244930E+01
0.874000E+00  -.256872E+01
0.870400E+00  -.269284E+01
0.866800E+00  -.282192E+01
0.863200E+00  -.295620E+01
0.859600E+00  -.309596E+01
0.856000E+00  -.324149E+01
0.852400E+00  -.339310E+01
0.848800E+00  -.355110E+01
0.845200E+00  -.371582E+01
0.841600E+00  -.388762E+01
0.838000E+00  -.406687E+01
0.834400E+00  -.425397E+01
0.830800E+00  -.444932E+01
0.827200E+00  -.465337E+01
0.823600E+00  -.486658E+01
0.820000E+00  -.508943E+01
0.816400E+00  -.532244E+01
0.812800E+00  -.556614E+01
0.809200E+00  -.582112E+01
0.805600E+00  -.608798E+01
0.802000E+00  -.636735E+01
0.798400E+00  -.665992E+01
0.794800E+00  -.696640E+01
0.791200E+00  -.728754E+01
0.787600E+00  -.762416E+01
0.784000E+00  -.797710E+01
0.780400E+00  -.834726E+01
0.776800E+00  -.873558E+01
0.773200E+00  -.914309E+01
0.769600E+00  -.957084E+01
0.766000E+00  -.100200E+02
0.762400E+00  -.104917E+02
0.758800E+00  -.109873E+02
0.755200E+00  -.115081E+02
0.751600E+00  -.120556E+02
0.748000E+00  -.126312E+02
0.744400E+00  -.132367E+02
0.740800E+00  -.138737E+02
0.737200E+00  -.145441E+02
0.733600E+00  -.152497E+02
0.730000E+00  -.159928E+02
0.726400E+00  -.167755E+02
0.722800E+00  -.176001E+02
0.719200E+00  -.184692E+02
0.715600E+00  -.193854E+02
0.712000E+00  -.203516E+02
0.708400E+00  -.213707E+02
0.704800E+00  -.224461E+02
0.701200E+00  -.235812E+02
0.697600E+00  -.247796E+02
0.694000E+00  -.260452E+02
0.690400E+00  -.273824E+02
0.686800E+00  -.287955E+02
0.683200E+00  -.302893E+02
0.679600E+00  -.318691E+02
0.676000E+00  -.335401E+02
0.672400E+00  -.353084E+02
0.668800E+00  -.371801E+02
0.665200E+00  -.391620E+02
0.661600E+00  -.412613E+02
0.658000E+00  -.434858E+02
0.654400E+00  -.458436E+02
0.650800E+00  -.483437E+02
0.647200E+00  -.509956E+02
0.643600E+00  -.538095E+02
0.640000E+00  -.567964E+02
