0.996400E+00  -.154268E+00
0.992800E+00  -.310338E+00
0.989200E+00  -.468360E+00
0.985600E+00  -.628487E+00
0.982000E+00  -.790881E+00
0.978400E+00  -.955707E+00
0.974800E+00  -.112314E+01
0.971200E+00  -.129335E+01
0.967600E+00  -.146653E+01
0.964000E+00  -.164287E+01
0.960400E+00  -.182258E+01
0.956800E+00  -.200585E+01
0.953200E+00  -.219290E+01
0.949600E+00  -.238397E+01
0.946000E+00  -.257928E+01
0.942400E+00  -.277908E+01
0.938800E+00  -.298362E+01
0.935200E+00  -.319318E+01
0.931600E+00  -.340802E+01
0.928000E+00  -.362843E+01
0.924400E+00  -.385473E+01
0.920800E+00  -.408721E+01
0.917200E+00  -.432622E+01
0.913600E+00  -.457210E+01
0.910000E+00  -.482520E+01
0.906400E+00  -.508591E+01
0.902800E+00  -.535463E+01
0.899200E+00  -.563176E+01
0.895600E+00  -.591773E+01
0.892000E+00  -.621301E+01
0.888400E+00  -.651807E+01
0.884800E+00  -.683341E+01
0.881200E+00  -.715956E+01
0.877600E+00  -.749705E+01
0.874000E+00  -.784648E+01
0.870400E+00  -.820845E+01
0.866800E+00  -.858359E+01
0.863200E+00  -.897259E+01
0.859600E+00  -.937613E+01
0.856000E+00  -.979496E+01
0.852400E+00  -.102299E+02
0.848800E+00  -.106817E+02
0.845200E+00  -.111512E+02
0.841600E+00  -.116394E+02
0.838000E+00  -.121473E+02
0.834400E+00  -.126758E+02
0.830800E+00  -.132260E+02
0.827200E+00  -.137990E+02
0.823600E+00  -.143960E+02
0.820000E+00  -.150182E+02
0.816400E+00  -.156670E+02
0.812800E+00  -.163438E+02
0.809200E+00  -.170501E+02
0.805600E+00  -.177873E+02
0.802000E+00  -.185571E+02
0.798400E+00  -.193614E+02
0.794800E+00  -.202018E+02
0.791200E+00  -.210803E+02
0.787600E+00  -.219991E+02
0.784000E+00  -.229602E+02
0.780400E+00  -.239659E+02
0.776800E+00  -.250188E+02
0.773200E+00  -.261214E+02
0.769600E+00  -.272764E+02
0.766000E+00  -.284867E+02
0.762400E+00  -.297554E+02
0.758800E+00  -.310858E+02
0.755200E+00  -.324813E+02
0.751600E+00  -.339457E+02
0.748000E+00  -.354827E+02
0.744400E+00  -.370966E+02
0.740800E+00  -.387918E+02
0.737200E+00  -.405729E+02
0.733600E+00  -.424450E+02
0.730000E+00  -.444133E+02
0.726400E+00  -.464835E+02
0.722800E+00  -.486616E+02
0.719200E+00  -.509539E+02
0.715600E+00  -.533674E+02
0.712000E+00  -.559091E+02
0.708400E+00  -.585870E+02
0.704800E+00  -.614092E+02
0.701200E+00  -.643845E+02
0.697600E+00  -.675224E+02
0.694000E+00  -.708328E+02
0.690400E+00  -.743264E+02
0.686800E+00  -.780148E+02
0.683200E+00  -.819101E+02
0.679600E+00  -.860254E+02
0.676000E+00  -.903747E+02
0.672400E+00  -.949729E+02
0.668800E+00  -.998361E+02
0.665200E+00  -.104981E+03
0.661600E+00  -.110427E+03
0.658000E+00  -.116193E+03
0.654400E+00  -.122301E+03
0.650800E+00  -.128772E+03
0.647200E+00  -.135632E+03
0.643600E+00  -.142906E+03
0.640000E+00  -.150623E+03
