0.996400E+00  -.110929E+00
0.992800E+00  -.223123E+00
0.989200E+00  -.336655E+00
0.985600E+00  -.451602E+00
0.982000E+00  -.568045E+00
0.978400E+00  -.686066E+00
0.974800E+00  -.805750E+00
0.971200E+00  -.927185E+00
0.967600E+00  -.105046E+01
0.964000E+00  -.117568E+01
0.960400E+00  -.130293E+01
0.956800E+00  -.143232E+01
0.953200E+00  -.156396E+01
0.949600E+00  -.169795E+01
0.946000E+00  -.183441E+01
0.942400E+00  -.197345E+01
0.938800E+00  -.211521E+01
0.935200E+00  -.225980E+01
0.931600E+00  -.240737E+01
0.928000E+00  -.255805E+01
0.924400E+00  -.271199E+01
0.920800E+00  -.286933E+01
0.917200E+00  -.303024E+01
0.913600E+00  -.319488E+01
0.910000E+00  -.336342E+01
0.906400E+00  -.353604E+01
0.902800E+00  -.371292E+01
0.899200E+00  -.389426E+01
0.895600E+00  -.408027E+01
0.892000E+00  -.427115E+01
0.888400E+00  -.446712E+01
0.884800E+00  -.466843E+01
0.881200E+00  -.487531E+01
0.877600E+00  -.508802E+01
0.874000E+00  -.530682E+01
0.870400E+00  -.553199E+01
0.866800E+00  -.576383E+01
0.863200E+00  -.600263E+01
0.859600E+00  -.624873E+01
0.856000E+00  -.650245E+01
0.852400E+00  -.676415E+01
0.848800E+00  -.703420E+01
0.845200E+00  -.731298E+01
0.841600E+00  -.760091E+01
0.838000E+00  -.789842E+01
0.834400E+00  -.820594E+01
0.830800E+00  -.852396E+01
0.827200E+00  -.885297E+01
0.823600E+00  -.919349E+01
0.820000E+00  -.954608E+01
0.816400E+00  -.991131E+01
0.812800E+00  -.102898E+02
0.809200E+00  -.106821E+02
0.805600E+00  -.110891E+02
0.802000E+00  -.115113E+02
0.798400E+00  -.119495E+02
0.794800E+00  -.124045E+02
0.791200E+00  -.128772E+02
0.787600E+00  -.133684E+02
0.784000E+00  -.138791E+02
0.780400E+00  -.144102E+02
0.776800E+00  -.149627E+02
0.773200E+00  -.155378E+02
0.769600E+00  -.161366E+02
0.766000E+00  -.167603E+02
0.762400E+00  -.174102E+02
0.758800E+00  -.180876E+02
0.755200E+00  -.187941E+02
0.751600E+00  -.195310E+02
0.748000E+00  -.203001E+02
0.744400E+00  -.211031E+02
0.740800E+00  -.219417E+02
0.737200E+00  -.228178E+02
0.733600E+00  -.237335E+02
0.730000E+00  -.246910E+02
0.726400E+00  -.256924E+02
0.722800E+00  -.267403E+02
0.719200E+00  -.278372E+02
0.715600E+00  -.289859E+02
0.712000E+00  -.301891E+02
0.708400E+00  -.314500E+02
0.704800E+00  -.327719E+02
0.701200E+00  -.341582E+02
0.697600E+00  -.356126E+02
0.694000E+00  -.371391E+02
0.690400E+00  -.387418E+02
0.686800E+00  -.404251E+02
0.683200E+00  -.421939E+02
0.679600E+00  -.440531E+02
0.676000E+00  -.460082E+02
0.672400E+00  -.480649E+02
0.668800E+00  -.502292E+02
0.665200E+00  -.525077E+02
0.661600E+00  -.549075E+02
0.658000E+00  -.574358E+02
0.654400E+00  -.601007E+02
0.650800E+00  -.629106E+02
0.647200E+00  -.658747E+02
0.643600E+00  -.690025E+02
0.640000E+00  -.723045E+02
