0.996400E+00  -.353592E-01
0.992800E+00  -.711530E-01
0.989200E+00  -.107438E+00
0.985600E+00  -.144273E+00
0.982000E+00  -.181718E+00
0.978400E+00  -.219837E+00
0.974800E+00  -.258696E+00
0.971200E+00  -.298363E+00
0.967600E+00  -.338909E+00
0.964000E+00  -.380407E+00
0.960400E+00  -.422935E+00
0.956800E+00  -.466574E+00
0.953200E+00  -.511407E+00
0.949600E+00  -.557521E+00
0.946000E+00  -.605008E+00
0.942400E+00  -.653965E+00
0.938800E+00  -.704489E+00
0.935200E+00  -.756687E+00
0.931600E+00  -.810668E+00
0.928000E+00  -.866546E+00
0.924400E+00  -.924442E+00
0.920800E+00  -.984482E+00
0.917200E+00  -.104680E+01
0.913600E+00  -.111153E+01
0.910000E+00  -.117882E+01
0.906400E+00  -.124882E+01
0.902800E+00  -.132170E+01
0.899200E+00  -.139762E+01
0.895600E+00  -.147676E+01
0.892000E+00  -.155931E+01
0.888400E+00  -.164546E+01
0.884800E+00  -.173543E+01
0.881200E+00  -.182942E+01
0.877600E+00  -.192767E+01
0.874000E+00  -.203043E+01
0.870400E+00  -.213794E+01
0.866800E+00  -.225047E+01
0.863200E+00  -.236832E+01
0.859600E+00  -.249177E+01
0.856000E+00  -.262115E+01
0.852400E+00  -.275678E+01
0.848800E+00  -.289903E+01
0.845200E+00  -.304825E+01
0.841600E+00  -.320486E+01
0.838000E+00  -.336925E+01
0.834400E+00  -.354188E+01
0.830800E+00  -.372320E+01
0.827200E+00  -.391370E+01
0.823600E+00  -.411391E+01
0.820000E+00  -.432438E+01
0.816400E+00  -.454569E+01
0.812800E+00  -.477845E+01
0.809200E+00  -.502332E+01
0.805600E+00  -.528100E+01
0.802000E+00  -.555221E+01
0.798400E+00  -.583773E+01
0.794800E+00  -.613838E+01
0.791200E+00  -.645505E+01
0.787600E+00  -.678865E+01
0.784000E+00  -.714018E+01
0.780400E+00  -.751068E+01
0.776800E+00  -.790125E+01
0.773200E+00  -.831307E+01
0.769600E+00  -.874740E+01
0.766000E+00  -.920557E+01
0.762400E+00  -.968898E+01
0.758800E+00  -.101991E+02
0.755200E+00  -.107376E+02
0.751600E+00  -.113062E+02
0.748000E+00  -.119066E+02
0.744400E+00  -.125408E+02
0.740800E+00  -.132108E+02
0.737200E+00  -.139188E+02
0.733600E+00  -.146671E+02
0.730000E+00  -.154583E+02
0.726400E+00  -.162949E+02
0.722800E+00  -.171797E+02
0.719200E+00  -.181158E+02
0.715600E+00  -.191064E+02
0.712000E+00  -.201548E+02
0.708400E+00  -.212647E+02
0.704800E+00  -.224400E+02
0.701200E+00  -.236849E+02
0.697600E+00  -.250038E+02
0.694000E+00  -.264014E+02
0.690400E+00  -.278829E+02
0.686800E+00  -.294535E+02
0.683200E+00  -.311192E+02
0.679600E+00  -.328862E+02
0.676000E+00  -.347610E+02
0.672400E+00  -.367509E+02
0.668800E+00  -.388634E+02
0.665200E+00  -.411067E+02
0.661600E+00  -.434895E+02
0.658000E+00  -.460213E+02
0.654400E+00  -.487121E+02
0.650800E+00  -.515727E+02
0.647200E+00  -.546147E+02
0.643600E+00  -.578506E+02
0.640000E+00  -.612937E+02
