0.996400E+00  -.110486E+00
0.992800E+00  -.222244E+00
0.989200E+00  -.335362E+00
0.985600E+00  -.449931E+00
0.982000E+00  -.566047E+00
0.978400E+00  -.683805E+00
0.974800E+00  -.803307E+00
0.971200E+00  -.924658E+00
0.967600E+00  -.104797E+01
0.964000E+00  -.117334E+01
0.960400E+00  -.130090E+01
0.956800E+00  -.143077E+01
0.953200E+00  -.156307E+01
0.949600E+00  -.169793E+01
0.946000E+00  -.183549E+01
0.942400E+00  -.197588E+01
0.938800E+00  -.211926E+01
0.935200E+00  -.226577E+01
0.931600E+00  -.241557E+01
0.928000E+00  -.256883E+01
0.924400E+00  -.272571E+01
0.920800E+00  -.288640E+01
0.917200E+00  -.305107E+01
0.913600E+00  -.321993E+01
0.910000E+00  -.339317E+01
0.906400E+00  -.357100E+01
0.902800E+00  -.375364E+01
0.899200E+00  -.394132E+01
0.895600E+00  -.413427E+01
0.892000E+00  -.433275E+01
0.888400E+00  -.453701E+01
0.884800E+00  -.474732E+01
0.881200E+00  -.496396E+01
0.877600E+00  -.518724E+01
0.874000E+00  -.541745E+01
0.870400E+00  -.565492E+01
0.866800E+00  -.589999E+01
0.863200E+00  -.615301E+01
0.859600E+00  -.641435E+01
0.856000E+00  -.668439E+01
0.852400E+00  -.696355E+01
0.848800E+00  -.725223E+01
0.845200E+00  -.755090E+01
0.841600E+00  -.786001E+01
0.838000E+00  -.818005E+01
0.834400E+00  -.851153E+01
0.830800E+00  -.885498E+01
0.827200E+00  -.921098E+01
0.823600E+00  -.958011E+01
0.820000E+00  -.996298E+01
0.816400E+00  -.103603E+02
0.812800E+00  -.107726E+02
0.809200E+00  -.112008E+02
0.805600E+00  -.116455E+02
0.802000E+00  -.121075E+02
0.798400E+00  -.125878E+02
0.794800E+00  -.130870E+02
0.791200E+00  -.136063E+02
0.787600E+00  -.141465E+02
0.784000E+00  -.147087E+02
0.780400E+00  -.152939E+02
0.776800E+00  -.159032E+02
0.773200E+00  -.165380E+02
0.769600E+00  -.171993E+02
0.766000E+00  -.178886E+02
0.762400E+00  -.186073E+02
0.758800E+00  -.193567E+02
0.755200E+00  -.201385E+02
0.751600E+00  -.209543E+02
0.748000E+00  -.218058E+02
0.744400E+00  -.226949E+02
0.740800E+00  -.236234E+02
0.737200E+00  -.245935E+02
0.733600E+00  -.256072E+02
0.730000E+00  -.266669E+02
0.726400E+00  -.277750E+02
0.722800E+00  -.289339E+02
0.719200E+00  -.301464E+02
0.715600E+00  -.314154E+02
0.712000E+00  -.327438E+02
0.708400E+00  -.341349E+02
0.704800E+00  -.355920E+02
0.701200E+00  -.371188E+02
0.697600E+00  -.387190E+02
0.694000E+00  -.403967E+02
0.690400E+00  -.421561E+02
0.686800E+00  -.440018E+02
0.683200E+00  -.459387E+02
0.679600E+00  -.479718E+02
0.676000E+00  -.501066E+02
0.672400E+00  -.523489E+02
0.668800E+00  -.547048E+02
0.665200E+00  -.571808E+02
0.661600E+00  -.597840E+02
0.658000E+00  -.625217E+02
0.654400E+00  -.654018E+02
0.650800E+00  -.684327E+02
0.647200E+00  -.716233E+02
0.643600E+00  -.749832E+02
0.640000E+00  -.785226E+02
