0.996400E+00  -.126792E+00
0.992800E+00  -.254972E+00
0.989200E+00  -.384566E+00
0.985600E+00  -.515601E+00
0.982000E+00  -.648104E+00
0.978400E+00  -.782105E+00
0.974800E+00  -.917632E+00
0.971200E+00  -.105471E+01
0.967600E+00  -.119338E+01
0.964000E+00  -.133366E+01
0.960400E+00  -.147560E+01
0.956800E+00  -.161921E+01
0.953200E+00  -.176453E+01
0.949600E+00  -.191160E+01
0.946000E+00  -.206046E+01
0.942400E+00  -.221113E+01
0.938800E+00  -.236366E+01
0.935200E+00  -.251807E+01
0.931600E+00  -.267442E+01
0.928000E+00  -.283273E+01
0.924400E+00  -.299305E+01
0.920800E+00  -.315542E+01
0.917200E+00  -.331988E+01
0.913600E+00  -.348648E+01
0.910000E+00  -.365525E+01
0.906400E+00  -.382625E+01
0.902800E+00  -.399951E+01
0.899200E+00  -.417509E+01
0.895600E+00  -.435304E+01
0.892000E+00  -.453340E+01
0.888400E+00  -.471622E+01
0.884800E+00  -.490156E+01
0.881200E+00  -.508948E+01
0.877600E+00  -.528002E+01
0.874000E+00  -.547324E+01
0.870400E+00  -.566921E+01
0.866800E+00  -.586797E+01
0.863200E+00  -.606959E+01
0.859600E+00  -.627414E+01
0.856000E+00  -.648167E+01
0.852400E+00  -.669226E+01
0.848800E+00  -.690597E+01
0.845200E+00  -.712286E+01
0.841600E+00  -.734302E+01
0.838000E+00  -.756651E+01
0.834400E+00  -.779341E+01
0.830800E+00  -.802380E+01
0.827200E+00  -.825774E+01
0.823600E+00  -.849534E+01
0.820000E+00  -.873666E+01
0.816400E+00  -.898180E+01
0.812800E+00  -.923084E+01
0.809200E+00  -.948388E+01
0.805600E+00  -.974100E+01
0.802000E+00  -.100023E+02
0.798400E+00  -.102679E+02
0.794800E+00  -.105379E+02
0.791200E+00  -.108123E+02
0.787600E+00  -.110913E+02
0.784000E+00  -.113751E+02
0.780400E+00  -.116637E+02
0.776800E+00  -.119572E+02
0.773200E+00  -.122557E+02
0.769600E+00  -.125594E+02
0.766000E+00  -.128684E+02
0.762400E+00  -.131829E+02
0.758800E+00  -.135029E+02
0.755200E+00  -.138286E+02
0.751600E+00  -.141602E+02
0.748000E+00  -.144978E+02
0.744400E+00  -.148415E+02
0.740800E+00  -.151915E+02
0.737200E+00  -.155480E+02
0.733600E+00  -.159111E+02
0.730000E+00  -.162811E+02
0.726400E+00  -.166579E+02
0.722800E+00  -.170420E+02
0.719200E+00  -.174334E+02
0.715600E+00  -.178323E+02
0.712000E+00  -.182390E+02
0.708400E+00  -.186536E+02
0.704800E+00  -.190764E+02
0.701200E+00  -.195075E+02
0.697600E+00  -.199473E+02
0.694000E+00  -.203958E+02
0.690400E+00  -.208535E+02
0.686800E+00  -.213205E+02
0.683200E+00  -.217970E+02
0.679600E+00  -.222835E+02
0.676000E+00  -.227800E+02
0.672400E+00  -.232869E+02
0.668800E+00  -.238046E+02
0.665200E+00  -.243332E+02
0.661600E+00  -.248731E+02
0.658000E+00  -.254247E+02
0.654400E+00  -.259883E+02
0.650800E+00  -.265642E+02
0.647200E+00  -.271528E+02
0.643600E+00  -.277544E+02
0.640000E+00  -.283695E+02
