0.996400E+00  -.891770E-01
0.992800E+00  -.179362E+00
0.989200E+00  -.270608E+00
0.985600E+00  -.362966E+00
0.982000E+00  -.456494E+00
0.978400E+00  -.551248E+00
0.974800E+00  -.647286E+00
0.971200E+00  -.744671E+00
0.967600E+00  -.843466E+00
0.964000E+00  -.943735E+00
0.960400E+00  -.104555E+01
0.956800E+00  -.114897E+01
0.953200E+00  -.125409E+01
0.949600E+00  -.136096E+01
0.946000E+00  -.146968E+01
0.942400E+00  -.158032E+01
0.938800E+00  -.169296E+01
0.935200E+00  -.180771E+01
0.931600E+00  -.192464E+01
0.928000E+00  -.204385E+01
0.924400E+00  -.216545E+01
0.920800E+00  -.228953E+01
0.917200E+00  -.241620E+01
0.913600E+00  -.254559E+01
0.910000E+00  -.267779E+01
0.906400E+00  -.281295E+01
0.902800E+00  -.295117E+01
0.899200E+00  -.309260E+01
0.895600E+00  -.323738E+01
0.892000E+00  -.338564E+01
0.888400E+00  -.353755E+01
0.884800E+00  -.369326E+01
0.881200E+00  -.385293E+01
0.877600E+00  -.401674E+01
0.874000E+00  -.418487E+01
0.870400E+00  -.435751E+01
0.866800E+00  -.453486E+01
0.863200E+00  -.471713E+01
0.859600E+00  -.490453E+01
0.856000E+00  -.509729E+01
0.852400E+00  -.529565E+01
0.848800E+00  -.549987E+01
0.845200E+00  -.571021E+01
0.841600E+00  -.592694E+01
0.838000E+00  -.615035E+01
0.834400E+00  -.638076E+01
0.830800E+00  -.661847E+01
0.827200E+00  -.686383E+01
0.823600E+00  -.711720E+01
0.820000E+00  -.737893E+01
0.816400E+00  -.764943E+01
0.812800E+00  -.792911E+01
0.809200E+00  -.821840E+01
0.805600E+00  -.851777E+01
0.802000E+00  -.882768E+01
0.798400E+00  -.914864E+01
0.794800E+00  -.948120E+01
0.791200E+00  -.982592E+01
0.787600E+00  -.101834E+02
0.784000E+00  -.105542E+02
0.780400E+00  -.109391E+02
0.776800E+00  -.113387E+02
0.773200E+00  -.117538E+02
0.769600E+00  -.121852E+02
0.766000E+00  -.126336E+02
0.762400E+00  -.131000E+02
0.758800E+00  -.135853E+02
0.755200E+00  -.140904E+02
0.751600E+00  -.146163E+02
0.748000E+00  -.151643E+02
0.744400E+00  -.157354E+02
0.740800E+00  -.163308E+02
0.737200E+00  -.169519E+02
0.733600E+00  -.176000E+02
0.730000E+00  -.182765E+02
0.726400E+00  -.189831E+02
0.722800E+00  -.197214E+02
0.719200E+00  -.204931E+02
0.715600E+00  -.213000E+02
0.712000E+00  -.221442E+02
0.708400E+00  -.230277E+02
0.704800E+00  -.239527E+02
0.701200E+00  -.249216E+02
0.697600E+00  -.259369E+02
0.694000E+00  -.270012E+02
0.690400E+00  -.281175E+02
0.686800E+00  -.292887E+02
0.683200E+00  -.305181E+02
0.679600E+00  -.318091E+02
0.676000E+00  -.331654E+02
0.672400E+00  -.345908E+02
0.668800E+00  -.360896E+02
0.665200E+00  -.376661E+02
0.661600E+00  -.393253E+02
0.658000E+00  -.410720E+02
0.654400E+00  -.429118E+02
0.650800E+00  -.448505E+02
0.647200E+00  -.468941E+02
0.643600E+00  -.490495E+02
0.640000E+00  -.513236E+02
