0.996400E+00  -.122265E-01
0.992800E+00  -.245980E-01
0.989200E+00  -.371285E-01
0.985600E+00  -.498324E-01
0.982000E+00  -.627250E-01
0.978400E+00  -.758218E-01
0.974800E+00  -.891391E-01
0.971200E+00  -.102694E+00
0.967600E+00  -.116503E+00
0.964000E+00  -.130585E+00
0.960400E+00  -.144960E+00
0.956800E+00  -.159646E+00
0.953200E+00  -.174664E+00
0.949600E+00  -.190035E+00
0.946000E+00  -.205783E+00
0.942400E+00  -.221929E+00
0.938800E+00  -.238499E+00
0.935200E+00  -.255518E+00
0.931600E+00  -.273011E+00
0.928000E+00  -.291008E+00
0.924400E+00  -.309536E+00
0.920800E+00  -.328626E+00
0.917200E+00  -.348310E+00
0.913600E+00  -.368620E+00
0.910000E+00  -.389592E+00
0.906400E+00  -.411263E+00
0.902800E+00  -.433669E+00
0.899200E+00  -.456852E+00
0.895600E+00  -.480852E+00
0.892000E+00  -.505715E+00
0.888400E+00  -.531487E+00
0.884800E+00  -.558215E+00
0.881200E+00  -.585952E+00
0.877600E+00  -.614751E+00
0.874000E+00  -.644668E+00
0.870400E+00  -.675763E+00
0.866800E+00  -.708097E+00
0.863200E+00  -.741738E+00
0.859600E+00  -.776753E+00
0.856000E+00  -.813217E+00
0.852400E+00  -.851204E+00
0.848800E+00  -.890798E+00
0.845200E+00  -.932081E+00
0.841600E+00  -.975146E+00
0.838000E+00  -.102009E+01
0.834400E+00  -.106700E+01
0.830800E+00  -.111600E+01
0.827200E+00  -.116718E+01
0.823600E+00  -.122068E+01
0.820000E+00  -.127661E+01
0.816400E+00  -.133511E+01
0.812800E+00  -.139631E+01
0.809200E+00  -.146037E+01
0.805600E+00  -.152742E+01
0.802000E+00  -.159765E+01
0.798400E+00  -.167122E+01
0.794800E+00  -.174832E+01
0.791200E+00  -.182914E+01
0.787600E+00  -.191389E+01
0.784000E+00  -.200279E+01
0.780400E+00  -.209606E+01
0.776800E+00  -.219396E+01
0.773200E+00  -.229673E+01
0.769600E+00  -.240467E+01
0.766000E+00  -.251805E+01
0.762400E+00  -.263720E+01
0.758800E+00  -.276244E+01
0.755200E+00  -.289411E+01
0.751600E+00  -.303260E+01
0.748000E+00  -.317829E+01
0.744400E+00  -.333161E+01
0.740800E+00  -.349299E+01
0.737200E+00  -.366293E+01
0.733600E+00  -.384191E+01
0.730000E+00  -.403048E+01
0.726400E+00  -.422920E+01
0.722800E+00  -.443869E+01
0.719200E+00  -.465959E+01
0.715600E+00  -.489260E+01
0.712000E+00  -.513845E+01
0.708400E+00  -.539792E+01
0.704800E+00  -.567185E+01
0.701200E+00  -.596113E+01
0.697600E+00  -.626672E+01
0.694000E+00  -.658963E+01
0.690400E+00  -.693094E+01
0.686800E+00  -.729183E+01
0.683200E+00  -.767352E+01
0.679600E+00  -.807734E+01
0.676000E+00  -.850472E+01
0.672400E+00  -.895716E+01
0.668800E+00  -.943629E+01
0.665200E+00  -.994385E+01
0.661600E+00  -.104817E+02
0.658000E+00  -.110518E+02
0.654400E+00  -.116564E+02
0.650800E+00  -.122976E+02
0.647200E+00  -.129780E+02
0.643600E+00  -.137003E+02
0.640000E+00  -.144671E+02
