0.996400E+00  -.135508E+00
0.992800E+00  -.272510E+00
0.989200E+00  -.411044E+00
0.985600E+00  -.551150E+00
0.982000E+00  -.692868E+00
0.978400E+00  -.836242E+00
0.974800E+00  -.981313E+00
0.971200E+00  -.112813E+01
0.967600E+00  -.127673E+01
0.964000E+00  -.142716E+01
0.960400E+00  -.157948E+01
0.956800E+00  -.173373E+01
0.953200E+00  -.188996E+01
0.949600E+00  -.204823E+01
0.946000E+00  -.220859E+01
0.942400E+00  -.237108E+01
0.938800E+00  -.253578E+01
0.935200E+00  -.270274E+01
0.931600E+00  -.287202E+01
0.928000E+00  -.304368E+01
0.924400E+00  -.321778E+01
0.920800E+00  -.339439E+01
0.917200E+00  -.357358E+01
0.913600E+00  -.375541E+01
0.910000E+00  -.393997E+01
0.906400E+00  -.412732E+01
0.902800E+00  -.431753E+01
0.899200E+00  -.451069E+01
0.895600E+00  -.470688E+01
0.892000E+00  -.490619E+01
0.888400E+00  -.510868E+01
0.884800E+00  -.531447E+01
0.881200E+00  -.552363E+01
0.877600E+00  -.573626E+01
0.874000E+00  -.595246E+01
0.870400E+00  -.617233E+01
0.866800E+00  -.639597E+01
0.863200E+00  -.662349E+01
0.859600E+00  -.685500E+01
0.856000E+00  -.709061E+01
0.852400E+00  -.733045E+01
0.848800E+00  -.757463E+01
0.845200E+00  -.782328E+01
0.841600E+00  -.807653E+01
0.838000E+00  -.833451E+01
0.834400E+00  -.859737E+01
0.830800E+00  -.886525E+01
0.827200E+00  -.913830E+01
0.823600E+00  -.941666E+01
0.820000E+00  -.970051E+01
0.816400E+00  -.999000E+01
0.812800E+00  -.102853E+02
0.809200E+00  -.105866E+02
0.805600E+00  -.108941E+02
0.802000E+00  -.112079E+02
0.798400E+00  -.115283E+02
0.794800E+00  -.118555E+02
0.791200E+00  -.121897E+02
0.787600E+00  -.125310E+02
0.784000E+00  -.128798E+02
0.780400E+00  -.132363E+02
0.776800E+00  -.136006E+02
0.773200E+00  -.139731E+02
0.769600E+00  -.143541E+02
0.766000E+00  -.147437E+02
0.762400E+00  -.151423E+02
0.758800E+00  -.155502E+02
0.755200E+00  -.159677E+02
0.751600E+00  -.163951E+02
0.748000E+00  -.168327E+02
0.744400E+00  -.172809E+02
0.740800E+00  -.177401E+02
0.737200E+00  -.182105E+02
0.733600E+00  -.186927E+02
0.730000E+00  -.191869E+02
0.726400E+00  -.196937E+02
0.722800E+00  -.202135E+02
0.719200E+00  -.207466E+02
0.715600E+00  -.212937E+02
0.712000E+00  -.218551E+02
0.708400E+00  -.224315E+02
0.704800E+00  -.230233E+02
0.701200E+00  -.236310E+02
0.697600E+00  -.242554E+02
0.694000E+00  -.248970E+02
0.690400E+00  -.255564E+02
0.686800E+00  -.262344E+02
0.683200E+00  -.269315E+02
0.679600E+00  -.276486E+02
0.676000E+00  -.283863E+02
0.672400E+00  -.291455E+02
0.668800E+00  -.299271E+02
0.665200E+00  -.307318E+02
0.661600E+00  -.315606E+02
0.658000E+00  -.324144E+02
0.654400E+00  -.332942E+02
0.650800E+00  -.342012E+02
0.647200E+00  -.351363E+02
0.643600E+00  -.361007E+02
0.640000E+00  -.370956E+02
