0.996400E+00  -.821472E-01
0.992800E+00  -.165213E+00
0.989200E+00  -.249233E+00
0.985600E+00  -.334247E+00
0.982000E+00  -.420294E+00
0.978400E+00  -.507414E+00
0.974800E+00  -.595648E+00
0.971200E+00  -.685040E+00
0.967600E+00  -.775634E+00
0.964000E+00  -.867477E+00
0.960400E+00  -.960615E+00
0.956800E+00  -.105510E+01
0.953200E+00  -.115098E+01
0.949600E+00  -.124830E+01
0.946000E+00  -.134713E+01
0.942400E+00  -.144751E+01
0.938800E+00  -.154951E+01
0.935200E+00  -.165319E+01
0.931600E+00  -.175861E+01
0.928000E+00  -.186582E+01
0.924400E+00  -.197491E+01
0.920800E+00  -.208593E+01
0.917200E+00  -.219896E+01
0.913600E+00  -.231407E+01
0.910000E+00  -.243135E+01
0.906400E+00  -.255087E+01
0.902800E+00  -.267270E+01
0.899200E+00  -.279695E+01
0.895600E+00  -.292369E+01
0.892000E+00  -.305303E+01
0.888400E+00  -.318505E+01
0.884800E+00  -.331986E+01
0.881200E+00  -.345756E+01
0.877600E+00  -.359825E+01
0.874000E+00  -.374206E+01
0.870400E+00  -.388910E+01
0.866800E+00  -.403948E+01
0.863200E+00  -.419334E+01
0.859600E+00  -.435081E+01
0.856000E+00  -.451202E+01
0.852400E+00  -.467712E+01
0.848800E+00  -.484625E+01
0.845200E+00  -.501958E+01
0.841600E+00  -.519725E+01
0.838000E+00  -.537945E+01
0.834400E+00  -.556634E+01
0.830800E+00  -.575812E+01
0.827200E+00  -.595496E+01
0.823600E+00  -.615707E+01
0.820000E+00  -.636466E+01
0.816400E+00  -.657795E+01
0.812800E+00  -.679716E+01
0.809200E+00  -.702253E+01
0.805600E+00  -.725431E+01
0.802000E+00  -.749275E+01
0.798400E+00  -.773813E+01
0.794800E+00  -.799074E+01
0.791200E+00  -.825086E+01
0.787600E+00  -.851880E+01
0.784000E+00  -.879490E+01
0.780400E+00  -.907950E+01
0.776800E+00  -.937294E+01
0.773200E+00  -.967560E+01
0.769600E+00  -.998788E+01
0.766000E+00  -.103102E+02
0.762400E+00  -.106429E+02
0.758800E+00  -.109866E+02
0.755200E+00  -.113416E+02
0.751600E+00  -.117085E+02
0.748000E+00  -.120878E+02
0.744400E+00  -.124800E+02
0.740800E+00  -.128857E+02
0.737200E+00  -.133055E+02
0.733600E+00  -.137401E+02
0.730000E+00  -.141901E+02
0.726400E+00  -.146562E+02
0.722800E+00  -.151391E+02
0.719200E+00  -.156396E+02
0.715600E+00  -.161586E+02
0.712000E+00  -.166968E+02
0.708400E+00  -.172553E+02
0.704800E+00  -.178349E+02
0.701200E+00  -.184366E+02
0.697600E+00  -.190615E+02
0.694000E+00  -.197107E+02
0.690400E+00  -.203853E+02
0.686800E+00  -.210867E+02
0.683200E+00  -.218161E+02
0.679600E+00  -.225749E+02
0.676000E+00  -.233645E+02
0.672400E+00  -.241865E+02
0.668800E+00  -.250425E+02
0.665200E+00  -.259341E+02
0.661600E+00  -.268634E+02
0.658000E+00  -.278320E+02
0.654400E+00  -.288421E+02
0.650800E+00  -.298958E+02
0.647200E+00  -.309953E+02
0.643600E+00  -.321432E+02
0.640000E+00  -.333418E+02
