0.996400E+00  -.785221E-01
0.992800E+00  -.157926E+00
0.989200E+00  -.238253E+00
0.985600E+00  -.319542E+00
0.982000E+00  -.401837E+00
0.978400E+00  -.485181E+00
0.974800E+00  -.569620E+00
0.971200E+00  -.655200E+00
0.967600E+00  -.741970E+00
0.964000E+00  -.829979E+00
0.960400E+00  -.919280E+00
0.956800E+00  -.100992E+01
0.953200E+00  -.110197E+01
0.949600E+00  -.119547E+01
0.946000E+00  -.129049E+01
0.942400E+00  -.138709E+01
0.938800E+00  -.148533E+01
0.935200E+00  -.158527E+01
0.931600E+00  -.168700E+01
0.928000E+00  -.179057E+01
0.924400E+00  -.189606E+01
0.920800E+00  -.200355E+01
0.917200E+00  -.211311E+01
0.913600E+00  -.222484E+01
0.910000E+00  -.233881E+01
0.906400E+00  -.245512E+01
0.902800E+00  -.257386E+01
0.899200E+00  -.269512E+01
0.895600E+00  -.281901E+01
0.892000E+00  -.294562E+01
0.888400E+00  -.307508E+01
0.884800E+00  -.320749E+01
0.881200E+00  -.334298E+01
0.877600E+00  -.348165E+01
0.874000E+00  -.362366E+01
0.870400E+00  -.376912E+01
0.866800E+00  -.391818E+01
0.863200E+00  -.407098E+01
0.859600E+00  -.422768E+01
0.856000E+00  -.438844E+01
0.852400E+00  -.455342E+01
0.848800E+00  -.472280E+01
0.845200E+00  -.489676E+01
0.841600E+00  -.507549E+01
0.838000E+00  -.525919E+01
0.834400E+00  -.544807E+01
0.830800E+00  -.564235E+01
0.827200E+00  -.584225E+01
0.823600E+00  -.604801E+01
0.820000E+00  -.625989E+01
0.816400E+00  -.647814E+01
0.812800E+00  -.670305E+01
0.809200E+00  -.693490E+01
0.805600E+00  -.717400E+01
0.802000E+00  -.742066E+01
0.798400E+00  -.767521E+01
0.794800E+00  -.793802E+01
0.791200E+00  -.820944E+01
0.787600E+00  -.848987E+01
0.784000E+00  -.877971E+01
0.780400E+00  -.907938E+01
0.776800E+00  -.938935E+01
0.773200E+00  -.971008E+01
0.769600E+00  -.100421E+02
0.766000E+00  -.103859E+02
0.762400E+00  -.107420E+02
0.758800E+00  -.111110E+02
0.755200E+00  -.114936E+02
0.751600E+00  -.118904E+02
0.748000E+00  -.123021E+02
0.744400E+00  -.127293E+02
0.740800E+00  -.131729E+02
0.737200E+00  -.136337E+02
0.733600E+00  -.141124E+02
0.730000E+00  -.146101E+02
0.726400E+00  -.151276E+02
0.722800E+00  -.156660E+02
0.719200E+00  -.162263E+02
0.715600E+00  -.168097E+02
0.712000E+00  -.174173E+02
0.708400E+00  -.180504E+02
0.704800E+00  -.187103E+02
0.701200E+00  -.193984E+02
0.697600E+00  -.201164E+02
0.694000E+00  -.208656E+02
0.690400E+00  -.216479E+02
0.686800E+00  -.224650E+02
0.683200E+00  -.233188E+02
0.679600E+00  -.242114E+02
0.676000E+00  -.251449E+02
0.672400E+00  -.261215E+02
0.668800E+00  -.271438E+02
0.665200E+00  -.282142E+02
0.661600E+00  -.293357E+02
0.658000E+00  -.305110E+02
0.654400E+00  -.317433E+02
0.650800E+00  -.330360E+02
0.647200E+00  -.343926E+02
0.643600E+00  -.358169E+02
0.640000E+00  -.373130E+02
