0.996400E+00  -.805881E-01
0.992800E+00  -.162110E+00
0.989200E+00  -.244636E+00
0.985600E+00  -.328238E+00
0.982000E+00  -.412993E+00
0.978400E+00  -.498977E+00
0.974800E+00  -.586271E+00
0.971200E+00  -.674958E+00
0.967600E+00  -.765125E+00
0.964000E+00  -.856862E+00
0.960400E+00  -.950260E+00
0.956800E+00  -.104542E+01
0.953200E+00  -.114243E+01
0.949600E+00  -.124141E+01
0.946000E+00  -.134245E+01
0.942400E+00  -.144568E+01
0.938800E+00  -.155120E+01
0.935200E+00  -.165914E+01
0.931600E+00  -.176962E+01
0.928000E+00  -.188277E+01
0.924400E+00  -.199873E+01
0.920800E+00  -.211763E+01
0.917200E+00  -.223963E+01
0.913600E+00  -.236488E+01
0.910000E+00  -.249352E+01
0.906400E+00  -.262574E+01
0.902800E+00  -.276170E+01
0.899200E+00  -.290158E+01
0.895600E+00  -.304557E+01
0.892000E+00  -.319385E+01
0.888400E+00  -.334664E+01
0.884800E+00  -.350415E+01
0.881200E+00  -.366659E+01
0.877600E+00  -.383420E+01
0.874000E+00  -.400721E+01
0.870400E+00  -.418588E+01
0.866800E+00  -.437047E+01
0.863200E+00  -.456126E+01
0.859600E+00  -.475852E+01
0.856000E+00  -.496256E+01
0.852400E+00  -.517368E+01
0.848800E+00  -.539223E+01
0.845200E+00  -.561853E+01
0.841600E+00  -.585294E+01
0.838000E+00  -.609585E+01
0.834400E+00  -.634763E+01
0.830800E+00  -.660870E+01
0.827200E+00  -.687949E+01
0.823600E+00  -.716044E+01
0.820000E+00  -.745203E+01
0.816400E+00  -.775475E+01
0.812800E+00  -.806911E+01
0.809200E+00  -.839567E+01
0.805600E+00  -.873497E+01
0.802000E+00  -.908763E+01
0.798400E+00  -.945427E+01
0.794800E+00  -.983554E+01
0.791200E+00  -.102321E+02
0.787600E+00  -.106448E+02
0.784000E+00  -.110742E+02
0.780400E+00  -.115212E+02
0.776800E+00  -.119867E+02
0.773200E+00  -.124715E+02
0.769600E+00  -.129765E+02
0.766000E+00  -.135028E+02
0.762400E+00  -.140513E+02
0.758800E+00  -.146231E+02
0.755200E+00  -.152193E+02
0.751600E+00  -.158412E+02
0.748000E+00  -.164901E+02
0.744400E+00  -.171671E+02
0.740800E+00  -.178738E+02
0.737200E+00  -.186115E+02
0.733600E+00  -.193819E+02
0.730000E+00  -.201866E+02
0.726400E+00  -.210273E+02
0.722800E+00  -.219058E+02
0.719200E+00  -.228240E+02
0.715600E+00  -.237840E+02
0.712000E+00  -.247879E+02
0.708400E+00  -.258379E+02
0.704800E+00  -.269365E+02
0.701200E+00  -.280861E+02
0.697600E+00  -.292895E+02
0.694000E+00  -.305495E+02
0.690400E+00  -.318689E+02
0.686800E+00  -.332511E+02
0.683200E+00  -.346993E+02
0.679600E+00  -.362170E+02
0.676000E+00  -.378081E+02
0.672400E+00  -.394764E+02
0.668800E+00  -.412262E+02
0.665200E+00  -.430620E+02
0.661600E+00  -.449885E+02
0.658000E+00  -.470107E+02
0.654400E+00  -.491339E+02
0.650800E+00  -.513637E+02
0.647200E+00  -.537063E+02
0.643600E+00  -.561679E+02
0.640000E+00  -.587554E+02
