0.996400E+00  -.104555E+00
0.992800E+00  -.210289E+00
0.989200E+00  -.317263E+00
0.985600E+00  -.425536E+00
0.982000E+00  -.535172E+00
0.978400E+00  -.646234E+00
0.974800E+00  -.758791E+00
0.971200E+00  -.872911E+00
0.967600E+00  -.988666E+00
0.964000E+00  -.110613E+01
0.960400E+00  -.122538E+01
0.956800E+00  -.134650E+01
0.953200E+00  -.146957E+01
0.949600E+00  -.159467E+01
0.946000E+00  -.172190E+01
0.942400E+00  -.185135E+01
0.938800E+00  -.198311E+01
0.935200E+00  -.211729E+01
0.931600E+00  -.225399E+01
0.928000E+00  -.239331E+01
0.924400E+00  -.253538E+01
0.920800E+00  -.268031E+01
0.917200E+00  -.282822E+01
0.913600E+00  -.297925E+01
0.910000E+00  -.313352E+01
0.906400E+00  -.329118E+01
0.902800E+00  -.345238E+01
0.899200E+00  -.361726E+01
0.895600E+00  -.378598E+01
0.892000E+00  -.395872E+01
0.888400E+00  -.413565E+01
0.884800E+00  -.431694E+01
0.881200E+00  -.450280E+01
0.877600E+00  -.469342E+01
0.874000E+00  -.488902E+01
0.870400E+00  -.508980E+01
0.866800E+00  -.529602E+01
0.863200E+00  -.550790E+01
0.859600E+00  -.572570E+01
0.856000E+00  -.594969E+01
0.852400E+00  -.618015E+01
0.848800E+00  -.641737E+01
0.845200E+00  -.666167E+01
0.841600E+00  -.691337E+01
0.838000E+00  -.717282E+01
0.834400E+00  -.744036E+01
0.830800E+00  -.771640E+01
0.827200E+00  -.800131E+01
0.823600E+00  -.829553E+01
0.820000E+00  -.859951E+01
0.816400E+00  -.891370E+01
0.812800E+00  -.923860E+01
0.809200E+00  -.957474E+01
0.805600E+00  -.992266E+01
0.802000E+00  -.102830E+02
0.798400E+00  -.106562E+02
0.794800E+00  -.110431E+02
0.791200E+00  -.114443E+02
0.787600E+00  -.118606E+02
0.784000E+00  -.122927E+02
0.780400E+00  -.127413E+02
0.776800E+00  -.132075E+02
0.773200E+00  -.136920E+02
0.769600E+00  -.141960E+02
0.766000E+00  -.147202E+02
0.762400E+00  -.152660E+02
0.758800E+00  -.158344E+02
0.755200E+00  -.164266E+02
0.751600E+00  -.170439E+02
0.748000E+00  -.176878E+02
0.744400E+00  -.183596E+02
0.740800E+00  -.190610E+02
0.737200E+00  -.197935E+02
0.733600E+00  -.205591E+02
0.730000E+00  -.213594E+02
0.726400E+00  -.221965E+02
0.722800E+00  -.230726E+02
0.719200E+00  -.239898E+02
0.715600E+00  -.249507E+02
0.712000E+00  -.259578E+02
0.708400E+00  -.270138E+02
0.704800E+00  -.281216E+02
0.701200E+00  -.292845E+02
0.697600E+00  -.305056E+02
0.694000E+00  -.317887E+02
0.690400E+00  -.331374E+02
0.686800E+00  -.345560E+02
0.683200E+00  -.360487E+02
0.679600E+00  -.376202E+02
0.676000E+00  -.392756E+02
0.672400E+00  -.410202E+02
0.668800E+00  -.428597E+02
0.665200E+00  -.448003E+02
0.661600E+00  -.468487E+02
0.658000E+00  -.490118E+02
0.654400E+00  -.512975E+02
0.650800E+00  -.537137E+02
0.647200E+00  -.562694E+02
0.643600E+00  -.589740E+02
0.640000E+00  -.618377E+02
