0.996400E+00  -.355547E-01
0.992800E+00  -.715403E-01
0.989200E+00  -.108008E+00
0.985600E+00  -.145009E+00
0.982000E+00  -.182600E+00
0.978400E+00  -.220836E+00
0.974800E+00  -.259776E+00
0.971200E+00  -.299481E+00
0.967600E+00  -.340014E+00
0.964000E+00  -.381443E+00
0.960400E+00  -.423835E+00
0.956800E+00  -.467262E+00
0.953200E+00  -.511800E+00
0.949600E+00  -.557525E+00
0.946000E+00  -.604520E+00
0.942400E+00  -.652869E+00
0.938800E+00  -.702662E+00
0.935200E+00  -.753991E+00
0.931600E+00  -.806953E+00
0.928000E+00  -.861650E+00
0.924400E+00  -.918189E+00
0.920800E+00  -.976681E+00
0.917200E+00  -.103724E+01
0.913600E+00  -.110000E+01
0.910000E+00  -.116507E+01
0.906400E+00  -.123261E+01
0.902800E+00  -.130274E+01
0.899200E+00  -.137562E+01
0.895600E+00  -.145140E+01
0.892000E+00  -.153025E+01
0.888400E+00  -.161234E+01
0.884800E+00  -.169785E+01
0.881200E+00  -.178697E+01
0.877600E+00  -.187992E+01
0.874000E+00  -.197688E+01
0.870400E+00  -.207810E+01
0.866800E+00  -.218381E+01
0.863200E+00  -.229425E+01
0.859600E+00  -.240969E+01
0.856000E+00  -.253040E+01
0.852400E+00  -.265667E+01
0.848800E+00  -.278881E+01
0.845200E+00  -.292715E+01
0.841600E+00  -.307203E+01
0.838000E+00  -.322380E+01
0.834400E+00  -.338286E+01
0.830800E+00  -.354961E+01
0.827200E+00  -.372447E+01
0.823600E+00  -.390789E+01
0.820000E+00  -.410036E+01
0.816400E+00  -.430239E+01
0.812800E+00  -.451449E+01
0.809200E+00  -.473726E+01
0.805600E+00  -.497128E+01
0.802000E+00  -.521719E+01
0.798400E+00  -.547567E+01
0.794800E+00  -.574743E+01
0.791200E+00  -.603323E+01
0.787600E+00  -.633388E+01
0.784000E+00  -.665023E+01
0.780400E+00  -.698319E+01
0.776800E+00  -.733372E+01
0.773200E+00  -.770284E+01
0.769600E+00  -.809163E+01
0.766000E+00  -.850126E+01
0.762400E+00  -.893295E+01
0.758800E+00  -.938800E+01
0.755200E+00  -.986780E+01
0.751600E+00  -.103738E+02
0.748000E+00  -.109076E+02
0.744400E+00  -.114709E+02
0.740800E+00  -.120655E+02
0.737200E+00  -.126932E+02
0.733600E+00  -.133560E+02
0.730000E+00  -.140562E+02
0.726400E+00  -.147960E+02
0.722800E+00  -.155779E+02
0.719200E+00  -.164044E+02
0.715600E+00  -.172785E+02
0.712000E+00  -.182030E+02
0.708400E+00  -.191811E+02
0.704800E+00  -.202163E+02
0.701200E+00  -.213122E+02
0.697600E+00  -.224727E+02
0.694000E+00  -.237019E+02
0.690400E+00  -.250043E+02
0.686800E+00  -.263846E+02
0.683200E+00  -.278479E+02
0.679600E+00  -.293998E+02
0.676000E+00  -.310460E+02
0.672400E+00  -.327929E+02
0.668800E+00  -.346471E+02
0.665200E+00  -.366159E+02
0.661600E+00  -.387070E+02
0.658000E+00  -.409287E+02
0.654400E+00  -.432900E+02
0.650800E+00  -.458005E+02
0.647200E+00  -.484704E+02
0.643600E+00  -.513109E+02
0.640000E+00  -.543339E+02
