0.996400E+00  -.563762E-01
0.992800E+00  -.113368E+00
0.989200E+00  -.170987E+00
0.985600E+00  -.229243E+00
0.982000E+00  -.288147E+00
0.978400E+00  -.347710E+00
0.974800E+00  -.407945E+00
0.971200E+00  -.468863E+00
0.967600E+00  -.530475E+00
0.964000E+00  -.592794E+00
0.960400E+00  -.655833E+00
0.956800E+00  -.719604E+00
0.953200E+00  -.784120E+00
0.949600E+00  -.849396E+00
0.946000E+00  -.915444E+00
0.942400E+00  -.982279E+00
0.938800E+00  -.104991E+01
0.935200E+00  -.111837E+01
0.931600E+00  -.118765E+01
0.928000E+00  -.125778E+01
0.924400E+00  -.132877E+01
0.920800E+00  -.140063E+01
0.917200E+00  -.147340E+01
0.913600E+00  -.154707E+01
0.910000E+00  -.162168E+01
0.906400E+00  -.169723E+01
0.902800E+00  -.177374E+01
0.899200E+00  -.185124E+01
0.895600E+00  -.192974E+01
0.892000E+00  -.200927E+01
0.888400E+00  -.208983E+01
0.884800E+00  -.217147E+01
0.881200E+00  -.225418E+01
0.877600E+00  -.233801E+01
0.874000E+00  -.242296E+01
0.870400E+00  -.250906E+01
0.866800E+00  -.259634E+01
0.863200E+00  -.268482E+01
0.859600E+00  -.277453E+01
0.856000E+00  -.286549E+01
0.852400E+00  -.295773E+01
0.848800E+00  -.305127E+01
0.845200E+00  -.314614E+01
0.841600E+00  -.324238E+01
0.838000E+00  -.334000E+01
0.834400E+00  -.343905E+01
0.830800E+00  -.353955E+01
0.827200E+00  -.364154E+01
0.823600E+00  -.374505E+01
0.820000E+00  -.385011E+01
0.816400E+00  -.395676E+01
0.812800E+00  -.406504E+01
0.809200E+00  -.417498E+01
0.805600E+00  -.428663E+01
0.802000E+00  -.440002E+01
0.798400E+00  -.451519E+01
0.794800E+00  -.463219E+01
0.791200E+00  -.475106E+01
0.787600E+00  -.487185E+01
0.784000E+00  -.499461E+01
0.780400E+00  -.511938E+01
0.776800E+00  -.524622E+01
0.773200E+00  -.537517E+01
0.769600E+00  -.550630E+01
0.766000E+00  -.563965E+01
0.762400E+00  -.577530E+01
0.758800E+00  -.591329E+01
0.755200E+00  -.605369E+01
0.751600E+00  -.619657E+01
0.748000E+00  -.634199E+01
0.744400E+00  -.649002E+01
0.740800E+00  -.664074E+01
0.737200E+00  -.679422E+01
0.733600E+00  -.695055E+01
0.730000E+00  -.710979E+01
0.726400E+00  -.727204E+01
0.722800E+00  -.743739E+01
0.719200E+00  -.760593E+01
0.715600E+00  -.777774E+01
0.712000E+00  -.795294E+01
0.708400E+00  -.813163E+01
0.704800E+00  -.831392E+01
0.701200E+00  -.849991E+01
0.697600E+00  -.868973E+01
0.694000E+00  -.888350E+01
0.690400E+00  -.908135E+01
0.686800E+00  -.928341E+01
0.683200E+00  -.948983E+01
0.679600E+00  -.970075E+01
0.676000E+00  -.991632E+01
0.672400E+00  -.101367E+02
0.668800E+00  -.103621E+02
0.665200E+00  -.105926E+02
0.661600E+00  -.108285E+02
0.658000E+00  -.110699E+02
0.654400E+00  -.113171E+02
0.650800E+00  -.115703E+02
0.647200E+00  -.118296E+02
0.643600E+00  -.120953E+02
0.640000E+00  -.123678E+02
