0.996400E+00  -.648491E-01
0.992800E+00  -.130418E+00
0.989200E+00  -.196729E+00
0.985600E+00  -.263807E+00
0.982000E+00  -.331678E+00
0.978400E+00  -.400366E+00
0.974800E+00  -.469897E+00
0.971200E+00  -.540300E+00
0.967600E+00  -.611603E+00
0.964000E+00  -.683833E+00
0.960400E+00  -.757022E+00
0.956800E+00  -.831200E+00
0.953200E+00  -.906399E+00
0.949600E+00  -.982653E+00
0.946000E+00  -.106000E+01
0.942400E+00  -.113846E+01
0.938800E+00  -.121809E+01
0.935200E+00  -.129892E+01
0.931600E+00  -.138098E+01
0.928000E+00  -.146433E+01
0.924400E+00  -.154900E+01
0.920800E+00  -.163503E+01
0.917200E+00  -.172248E+01
0.913600E+00  -.181138E+01
0.910000E+00  -.190180E+01
0.906400E+00  -.199377E+01
0.902800E+00  -.208736E+01
0.899200E+00  -.218262E+01
0.895600E+00  -.227961E+01
0.892000E+00  -.237839E+01
0.888400E+00  -.247902E+01
0.884800E+00  -.258156E+01
0.881200E+00  -.268610E+01
0.877600E+00  -.279269E+01
0.874000E+00  -.290141E+01
0.870400E+00  -.301234E+01
0.866800E+00  -.312557E+01
0.863200E+00  -.324117E+01
0.859600E+00  -.335923E+01
0.856000E+00  -.347986E+01
0.852400E+00  -.360314E+01
0.848800E+00  -.372918E+01
0.845200E+00  -.385809E+01
0.841600E+00  -.398997E+01
0.838000E+00  -.412495E+01
0.834400E+00  -.426315E+01
0.830800E+00  -.440469E+01
0.827200E+00  -.454971E+01
0.823600E+00  -.469836E+01
0.820000E+00  -.485078E+01
0.816400E+00  -.500713E+01
0.812800E+00  -.516758E+01
0.809200E+00  -.533229E+01
0.805600E+00  -.550145E+01
0.802000E+00  -.567525E+01
0.798400E+00  -.585390E+01
0.794800E+00  -.603760E+01
0.791200E+00  -.622658E+01
0.787600E+00  -.642108E+01
0.784000E+00  -.662133E+01
0.780400E+00  -.682762E+01
0.776800E+00  -.704020E+01
0.773200E+00  -.725938E+01
0.769600E+00  -.748545E+01
0.766000E+00  -.771875E+01
0.762400E+00  -.795963E+01
0.758800E+00  -.820843E+01
0.755200E+00  -.846555E+01
0.751600E+00  -.873139E+01
0.748000E+00  -.900638E+01
0.744400E+00  -.929098E+01
0.740800E+00  -.958567E+01
0.737200E+00  -.989096E+01
0.733600E+00  -.102074E+02
0.730000E+00  -.105355E+02
0.726400E+00  -.108760E+02
0.722800E+00  -.112294E+02
0.719200E+00  -.115965E+02
0.715600E+00  -.119779E+02
0.712000E+00  -.123745E+02
0.708400E+00  -.127871E+02
0.704800E+00  -.132165E+02
0.701200E+00  -.136637E+02
0.697600E+00  -.141296E+02
0.694000E+00  -.146154E+02
0.690400E+00  -.151220E+02
0.686800E+00  -.156508E+02
0.683200E+00  -.162030E+02
0.679600E+00  -.167799E+02
0.676000E+00  -.173830E+02
0.672400E+00  -.180139E+02
0.668800E+00  -.186741E+02
0.665200E+00  -.193654E+02
0.661600E+00  -.200897E+02
0.658000E+00  -.208491E+02
0.654400E+00  -.216456E+02
0.650800E+00  -.224815E+02
0.647200E+00  -.233594E+02
0.643600E+00  -.242817E+02
0.640000E+00  -.252514E+02
