0.996400E+00  -.985716E-02
0.992800E+00  -.198557E-01
0.989200E+00  -.300325E-01
0.985600E+00  -.404255E-01
0.982000E+00  -.510746E-01
0.978400E+00  -.620208E-01
0.974800E+00  -.733071E-01
0.971200E+00  -.849782E-01
0.967600E+00  -.970804E-01
0.964000E+00  -.109662E+00
0.960400E+00  -.122775E+00
0.956800E+00  -.136471E+00
0.953200E+00  -.150805E+00
0.949600E+00  -.165836E+00
0.946000E+00  -.181623E+00
0.942400E+00  -.198231E+00
0.938800E+00  -.215725E+00
0.935200E+00  -.234176E+00
0.931600E+00  -.253655E+00
0.928000E+00  -.274240E+00
0.924400E+00  -.296010E+00
0.920800E+00  -.319051E+00
0.917200E+00  -.343451E+00
0.913600E+00  -.369303E+00
0.910000E+00  -.396704E+00
0.906400E+00  -.425759E+00
0.902800E+00  -.456576E+00
0.899200E+00  -.489268E+00
0.895600E+00  -.523957E+00
0.892000E+00  -.560768E+00
0.888400E+00  -.599837E+00
0.884800E+00  -.641303E+00
0.881200E+00  -.685315E+00
0.877600E+00  -.732031E+00
0.874000E+00  -.781615E+00
0.870400E+00  -.834242E+00
0.866800E+00  -.890097E+00
0.863200E+00  -.949375E+00
0.859600E+00  -.101228E+01
0.856000E+00  -.107903E+01
0.852400E+00  -.114986E+01
0.848800E+00  -.122501E+01
0.845200E+00  -.130474E+01
0.841600E+00  -.138931E+01
0.838000E+00  -.147902E+01
0.834400E+00  -.157417E+01
0.830800E+00  -.167509E+01
0.827200E+00  -.178212E+01
0.823600E+00  -.189561E+01
0.820000E+00  -.201596E+01
0.816400E+00  -.214357E+01
0.812800E+00  -.227886E+01
0.809200E+00  -.242231E+01
0.805600E+00  -.257439E+01
0.802000E+00  -.273561E+01
0.798400E+00  -.290653E+01
0.794800E+00  -.308772E+01
0.791200E+00  -.327980E+01
0.787600E+00  -.348342E+01
0.784000E+00  -.369928E+01
0.780400E+00  -.392811E+01
0.776800E+00  -.417069E+01
0.773200E+00  -.442786E+01
0.769600E+00  -.470051E+01
0.766000E+00  -.498957E+01
0.762400E+00  -.529604E+01
0.758800E+00  -.562100E+01
0.755200E+00  -.596557E+01
0.751600E+00  -.633097E+01
0.748000E+00  -.671848E+01
0.744400E+00  -.712947E+01
0.740800E+00  -.756539E+01
0.737200E+00  -.802781E+01
0.733600E+00  -.851839E+01
0.730000E+00  -.903888E+01
0.726400E+00  -.959118E+01
0.722800E+00  -.101773E+02
0.719200E+00  -.107994E+02
0.715600E+00  -.114597E+02
0.712000E+00  -.121608E+02
0.708400E+00  -.129051E+02
0.704800E+00  -.136956E+02
0.701200E+00  -.145352E+02
0.697600E+00  -.154271E+02
0.694000E+00  -.163746E+02
0.690400E+00  -.173816E+02
0.686800E+00  -.184518E+02
0.683200E+00  -.195895E+02
0.679600E+00  -.207991E+02
0.676000E+00  -.220855E+02
0.672400E+00  -.234537E+02
0.668800E+00  -.249093E+02
0.665200E+00  -.264583E+02
0.661600E+00  -.281069E+02
0.658000E+00  -.298620E+02
0.654400E+00  -.317308E+02
0.650800E+00  -.337213E+02
0.647200E+00  -.358418E+02
0.643600E+00  -.381014E+02
0.640000E+00  -.405099E+02
