0.996400E+00  -.508165E-01
0.992800E+00  -.102213E+00
0.989200E+00  -.154226E+00
0.985600E+00  -.206890E+00
0.982000E+00  -.260245E+00
0.978400E+00  -.314329E+00
0.974800E+00  -.369184E+00
0.971200E+00  -.424849E+00
0.967600E+00  -.481370E+00
0.964000E+00  -.538791E+00
0.960400E+00  -.597159E+00
0.956800E+00  -.656520E+00
0.953200E+00  -.716927E+00
0.949600E+00  -.778429E+00
0.946000E+00  -.841081E+00
0.942400E+00  -.904939E+00
0.938800E+00  -.970060E+00
0.935200E+00  -.103650E+01
0.931600E+00  -.110433E+01
0.928000E+00  -.117361E+01
0.924400E+00  -.124441E+01
0.920800E+00  -.131679E+01
0.917200E+00  -.139083E+01
0.913600E+00  -.146661E+01
0.910000E+00  -.154420E+01
0.906400E+00  -.162369E+01
0.902800E+00  -.170515E+01
0.899200E+00  -.178868E+01
0.895600E+00  -.187437E+01
0.892000E+00  -.196232E+01
0.888400E+00  -.205263E+01
0.884800E+00  -.214539E+01
0.881200E+00  -.224072E+01
0.877600E+00  -.233873E+01
0.874000E+00  -.243954E+01
0.870400E+00  -.254327E+01
0.866800E+00  -.265005E+01
0.863200E+00  -.276001E+01
0.859600E+00  -.287330E+01
0.856000E+00  -.299006E+01
0.852400E+00  -.311043E+01
0.848800E+00  -.323459E+01
0.845200E+00  -.336270E+01
0.841600E+00  -.349492E+01
0.838000E+00  -.363145E+01
0.834400E+00  -.377247E+01
0.830800E+00  -.391818E+01
0.827200E+00  -.406879E+01
0.823600E+00  -.422452E+01
0.820000E+00  -.438559E+01
0.816400E+00  -.455224E+01
0.812800E+00  -.472473E+01
0.809200E+00  -.490331E+01
0.805600E+00  -.508826E+01
0.802000E+00  -.527986E+01
0.798400E+00  -.547842E+01
0.794800E+00  -.568425E+01
0.791200E+00  -.589769E+01
0.787600E+00  -.611907E+01
0.784000E+00  -.634877E+01
0.780400E+00  -.658717E+01
0.776800E+00  -.683467E+01
0.773200E+00  -.709169E+01
0.769600E+00  -.735867E+01
0.766000E+00  -.763608E+01
0.762400E+00  -.792441E+01
0.758800E+00  -.822417E+01
0.755200E+00  -.853590E+01
0.751600E+00  -.886018E+01
0.748000E+00  -.919759E+01
0.744400E+00  -.954878E+01
0.740800E+00  -.991439E+01
0.737200E+00  -.102951E+02
0.733600E+00  -.106917E+02
0.730000E+00  -.111050E+02
0.726400E+00  -.115357E+02
0.722800E+00  -.119847E+02
0.719200E+00  -.124529E+02
0.715600E+00  -.129413E+02
0.712000E+00  -.134509E+02
0.708400E+00  -.139828E+02
0.704800E+00  -.145380E+02
0.701200E+00  -.151177E+02
0.697600E+00  -.157233E+02
0.694000E+00  -.163560E+02
0.690400E+00  -.170172E+02
0.686800E+00  -.177084E+02
0.683200E+00  -.184312E+02
0.679600E+00  -.191872E+02
0.676000E+00  -.199781E+02
0.672400E+00  -.208059E+02
0.668800E+00  -.216725E+02
0.665200E+00  -.225799E+02
0.661600E+00  -.235303E+02
0.658000E+00  -.245261E+02
0.654400E+00  -.255697E+02
0.650800E+00  -.266638E+02
0.647200E+00  -.278112E+02
0.643600E+00  -.290147E+02
0.640000E+00  -.302775E+02
