0.996400E+00  -.796446E-01
0.992800E+00  -.160253E+00
0.989200E+00  -.241935E+00
0.985600E+00  -.324809E+00
0.982000E+00  -.408993E+00
0.978400E+00  -.494612E+00
0.974800E+00  -.581795E+00
0.971200E+00  -.670677E+00
0.967600E+00  -.761398E+00
0.964000E+00  -.854102E+00
0.960400E+00  -.948942E+00
0.956800E+00  -.104608E+01
0.953200E+00  -.114567E+01
0.949600E+00  -.124789E+01
0.946000E+00  -.135293E+01
0.942400E+00  -.146096E+01
0.938800E+00  -.157219E+01
0.935200E+00  -.168681E+01
0.931600E+00  -.180506E+01
0.928000E+00  -.192714E+01
0.924400E+00  -.205331E+01
0.920800E+00  -.218380E+01
0.917200E+00  -.231887E+01
0.913600E+00  -.245881E+01
0.910000E+00  -.260388E+01
0.906400E+00  -.275441E+01
0.902800E+00  -.291069E+01
0.899200E+00  -.307307E+01
0.895600E+00  -.324190E+01
0.892000E+00  -.341753E+01
0.888400E+00  -.360037E+01
0.884800E+00  -.379081E+01
0.881200E+00  -.398929E+01
0.877600E+00  -.419625E+01
0.874000E+00  -.441219E+01
0.870400E+00  -.463759E+01
0.866800E+00  -.487300E+01
0.863200E+00  -.511897E+01
0.859600E+00  -.537609E+01
0.856000E+00  -.564500E+01
0.852400E+00  -.592634E+01
0.848800E+00  -.622082E+01
0.845200E+00  -.652917E+01
0.841600E+00  -.685218E+01
0.838000E+00  -.719066E+01
0.834400E+00  -.754550E+01
0.830800E+00  -.791762E+01
0.827200E+00  -.830799E+01
0.823600E+00  -.871765E+01
0.820000E+00  -.914770E+01
0.816400E+00  -.959930E+01
0.812800E+00  -.100737E+02
0.809200E+00  -.105722E+02
0.805600E+00  -.110961E+02
0.802000E+00  -.116471E+02
0.798400E+00  -.122265E+02
0.794800E+00  -.128361E+02
0.791200E+00  -.134777E+02
0.787600E+00  -.141530E+02
0.784000E+00  -.148642E+02
0.780400E+00  -.156133E+02
0.776800E+00  -.164026E+02
0.773200E+00  -.172344E+02
0.769600E+00  -.181113E+02
0.766000E+00  -.190361E+02
0.762400E+00  -.200116E+02
0.758800E+00  -.210408E+02
0.755200E+00  -.221271E+02
0.751600E+00  -.232740E+02
0.748000E+00  -.244852E+02
0.744400E+00  -.257646E+02
0.740800E+00  -.271165E+02
0.737200E+00  -.285454E+02
0.733600E+00  -.300561E+02
0.730000E+00  -.316539E+02
0.726400E+00  -.333441E+02
0.722800E+00  -.351328E+02
0.719200E+00  -.370262E+02
0.715600E+00  -.390309E+02
0.712000E+00  -.411544E+02
0.708400E+00  -.434041E+02
0.704800E+00  -.457885E+02
0.701200E+00  -.483163E+02
0.697600E+00  -.509971E+02
0.694000E+00  -.538409E+02
0.690400E+00  -.568587E+02
0.686800E+00  -.600621E+02
0.683200E+00  -.634638E+02
0.679600E+00  -.670771E+02
0.676000E+00  -.709165E+02
0.672400E+00  -.749975E+02
0.668800E+00  -.793368E+02
0.665200E+00  -.839525E+02
0.661600E+00  -.888637E+02
0.658000E+00  -.940912E+02
0.654400E+00  -.996575E+02
0.650800E+00  -.105587E+03
0.647200E+00  -.111904E+03
0.643600E+00  -.118639E+03
0.640000E+00  -.125821E+03
