0.996400E+00  -.198593E-01
0.992800E+00  -.399753E-01
0.989200E+00  -.603930E-01
0.985600E+00  -.811591E-01
0.982000E+00  -.102322E+00
0.978400E+00  -.123931E+00
0.974800E+00  -.146040E+00
0.971200E+00  -.168702E+00
0.967600E+00  -.191973E+00
0.964000E+00  -.215913E+00
0.960400E+00  -.240582E+00
0.956800E+00  -.266045E+00
0.953200E+00  -.292367E+00
0.949600E+00  -.319619E+00
0.946000E+00  -.347872E+00
0.942400E+00  -.377201E+00
0.938800E+00  -.407687E+00
0.935200E+00  -.439412E+00
0.931600E+00  -.472461E+00
0.928000E+00  -.506926E+00
0.924400E+00  -.542900E+00
0.920800E+00  -.580483E+00
0.917200E+00  -.619779E+00
0.913600E+00  -.660896E+00
0.910000E+00  -.703948E+00
0.906400E+00  -.749055E+00
0.902800E+00  -.796342E+00
0.899200E+00  -.845941E+00
0.895600E+00  -.897990E+00
0.892000E+00  -.952634E+00
0.888400E+00  -.101003E+01
0.884800E+00  -.107033E+01
0.881200E+00  -.113370E+01
0.877600E+00  -.120033E+01
0.874000E+00  -.127040E+01
0.870400E+00  -.134411E+01
0.866800E+00  -.142166E+01
0.863200E+00  -.150327E+01
0.859600E+00  -.158916E+01
0.856000E+00  -.167959E+01
0.852400E+00  -.177480E+01
0.848800E+00  -.187507E+01
0.845200E+00  -.198066E+01
0.841600E+00  -.209189E+01
0.838000E+00  -.220907E+01
0.834400E+00  -.233252E+01
0.830800E+00  -.246260E+01
0.827200E+00  -.259968E+01
0.823600E+00  -.274414E+01
0.820000E+00  -.289640E+01
0.816400E+00  -.305690E+01
0.812800E+00  -.322608E+01
0.809200E+00  -.340445E+01
0.805600E+00  -.359250E+01
0.802000E+00  -.379080E+01
0.798400E+00  -.399990E+01
0.794800E+00  -.422042E+01
0.791200E+00  -.445300E+01
0.787600E+00  -.469832E+01
0.784000E+00  -.495711E+01
0.780400E+00  -.523013E+01
0.776800E+00  -.551819E+01
0.773200E+00  -.582214E+01
0.769600E+00  -.614289E+01
0.766000E+00  -.648141E+01
0.762400E+00  -.683873E+01
0.758800E+00  -.721592E+01
0.755200E+00  -.761413E+01
0.751600E+00  -.803459E+01
0.748000E+00  -.847860E+01
0.744400E+00  -.894753E+01
0.740800E+00  -.944284E+01
0.737200E+00  -.996609E+01
0.733600E+00  -.105189E+02
0.730000E+00  -.111031E+02
0.726400E+00  -.117205E+02
0.722800E+00  -.123731E+02
0.719200E+00  -.130630E+02
0.715600E+00  -.137925E+02
0.712000E+00  -.145639E+02
0.708400E+00  -.153799E+02
0.704800E+00  -.162431E+02
0.701200E+00  -.171564E+02
0.697600E+00  -.181229E+02
0.694000E+00  -.191459E+02
0.690400E+00  -.202290E+02
0.686800E+00  -.213758E+02
0.683200E+00  -.225903E+02
0.679600E+00  -.238769E+02
0.676000E+00  -.252401E+02
0.672400E+00  -.266848E+02
0.668800E+00  -.282162E+02
0.665200E+00  -.298398E+02
0.661600E+00  -.315615E+02
0.658000E+00  -.333879E+02
0.654400E+00  -.353256E+02
0.650800E+00  -.373821E+02
0.647200E+00  -.395650E+02
0.643600E+00  -.418828E+02
0.640000E+00  -.443445E+02
