0.996400E+00  -.870769E-01
0.992800E+00  -.175156E+00
0.989200E+00  -.264306E+00
0.985600E+00  -.354598E+00
0.982000E+00  -.446106E+00
0.978400E+00  -.538905E+00
0.974800E+00  -.633075E+00
0.971200E+00  -.728698E+00
0.967600E+00  -.825858E+00
0.964000E+00  -.924642E+00
0.960400E+00  -.102514E+01
0.956800E+00  -.112745E+01
0.953200E+00  -.123167E+01
0.949600E+00  -.133789E+01
0.946000E+00  -.144623E+01
0.942400E+00  -.155679E+01
0.938800E+00  -.166970E+01
0.935200E+00  -.178505E+01
0.931600E+00  -.190299E+01
0.928000E+00  -.202363E+01
0.924400E+00  -.214711E+01
0.920800E+00  -.227356E+01
0.917200E+00  -.240314E+01
0.913600E+00  -.253600E+01
0.910000E+00  -.267227E+01
0.906400E+00  -.281215E+01
0.902800E+00  -.295578E+01
0.899200E+00  -.310335E+01
0.895600E+00  -.325504E+01
0.892000E+00  -.341105E+01
0.888400E+00  -.357158E+01
0.884800E+00  -.373683E+01
0.881200E+00  -.390703E+01
0.877600E+00  -.408240E+01
0.874000E+00  -.426319E+01
0.870400E+00  -.444965E+01
0.866800E+00  -.464203E+01
0.863200E+00  -.484061E+01
0.859600E+00  -.504568E+01
0.856000E+00  -.525754E+01
0.852400E+00  -.547649E+01
0.848800E+00  -.570288E+01
0.845200E+00  -.593703E+01
0.841600E+00  -.617932E+01
0.838000E+00  -.643011E+01
0.834400E+00  -.668981E+01
0.830800E+00  -.695883E+01
0.827200E+00  -.723760E+01
0.823600E+00  -.752658E+01
0.820000E+00  -.782625E+01
0.816400E+00  -.813710E+01
0.812800E+00  -.845967E+01
0.809200E+00  -.879451E+01
0.805600E+00  -.914220E+01
0.802000E+00  -.950335E+01
0.798400E+00  -.987859E+01
0.794800E+00  -.102686E+02
0.791200E+00  -.106741E+02
0.787600E+00  -.110959E+02
0.784000E+00  -.115346E+02
0.780400E+00  -.119912E+02
0.776800E+00  -.124665E+02
0.773200E+00  -.129614E+02
0.769600E+00  -.134769E+02
0.766000E+00  -.140140E+02
0.762400E+00  -.145738E+02
0.758800E+00  -.151574E+02
0.755200E+00  -.157659E+02
0.751600E+00  -.164007E+02
0.748000E+00  -.170630E+02
0.744400E+00  -.177543E+02
0.740800E+00  -.184760E+02
0.737200E+00  -.192297E+02
0.733600E+00  -.200170E+02
0.730000E+00  -.208397E+02
0.726400E+00  -.216995E+02
0.722800E+00  -.225984E+02
0.719200E+00  -.235386E+02
0.715600E+00  -.245220E+02
0.712000E+00  -.255511E+02
0.708400E+00  -.266282E+02
0.704800E+00  -.277560E+02
0.701200E+00  -.289371E+02
0.697600E+00  -.301744E+02
0.694000E+00  -.314709E+02
0.690400E+00  -.328300E+02
0.686800E+00  -.342550E+02
0.683200E+00  -.357496E+02
0.679600E+00  -.373176E+02
0.676000E+00  -.389632E+02
0.672400E+00  -.406907E+02
0.668800E+00  -.425046E+02
0.665200E+00  -.444100E+02
0.661600E+00  -.464121E+02
0.658000E+00  -.485163E+02
0.654400E+00  -.507286E+02
0.650800E+00  -.530553E+02
0.647200E+00  -.555031E+02
0.643600E+00  -.580791E+02
0.640000E+00  -.607908E+02
