0.996400E+00  -.519522E-01
0.992800E+00  -.104521E+00
0.989200E+00  -.157766E+00
0.985600E+00  -.211749E+00
0.982000E+00  -.266536E+00
0.978400E+00  -.322193E+00
0.974800E+00  -.378790E+00
0.971200E+00  -.436399E+00
0.967600E+00  -.495094E+00
0.964000E+00  -.554955E+00
0.960400E+00  -.616061E+00
0.956800E+00  -.678498E+00
0.953200E+00  -.742353E+00
0.949600E+00  -.807719E+00
0.946000E+00  -.874690E+00
0.942400E+00  -.943367E+00
0.938800E+00  -.101385E+01
0.935200E+00  -.108626E+01
0.931600E+00  -.116070E+01
0.928000E+00  -.123729E+01
0.924400E+00  -.131615E+01
0.920800E+00  -.139743E+01
0.917200E+00  -.148124E+01
0.913600E+00  -.156774E+01
0.910000E+00  -.165708E+01
0.906400E+00  -.174940E+01
0.902800E+00  -.184489E+01
0.899200E+00  -.194370E+01
0.895600E+00  -.204603E+01
0.892000E+00  -.215205E+01
0.888400E+00  -.226198E+01
0.884800E+00  -.237602E+01
0.881200E+00  -.249439E+01
0.877600E+00  -.261733E+01
0.874000E+00  -.274507E+01
0.870400E+00  -.287789E+01
0.866800E+00  -.301604E+01
0.863200E+00  -.315981E+01
0.859600E+00  -.330951E+01
0.856000E+00  -.346545E+01
0.852400E+00  -.362796E+01
0.848800E+00  -.379740E+01
0.845200E+00  -.397414E+01
0.841600E+00  -.415856E+01
0.838000E+00  -.435109E+01
0.834400E+00  -.455216E+01
0.830800E+00  -.476223E+01
0.827200E+00  -.498178E+01
0.823600E+00  -.521134E+01
0.820000E+00  -.545144E+01
0.816400E+00  -.570267E+01
0.812800E+00  -.596563E+01
0.809200E+00  -.624096E+01
0.805600E+00  -.652934E+01
0.802000E+00  -.683151E+01
0.798400E+00  -.714821E+01
0.794800E+00  -.748026E+01
0.791200E+00  -.782853E+01
0.787600E+00  -.819391E+01
0.784000E+00  -.857737E+01
0.780400E+00  -.897994E+01
0.776800E+00  -.940269E+01
0.773200E+00  -.984678E+01
0.769600E+00  -.103134E+02
0.766000E+00  -.108040E+02
0.762400E+00  -.113197E+02
0.758800E+00  -.118622E+02
0.755200E+00  -.124329E+02
0.751600E+00  -.130335E+02
0.748000E+00  -.136658E+02
0.744400E+00  -.143316E+02
0.740800E+00  -.150330E+02
0.737200E+00  -.157721E+02
0.733600E+00  -.165511E+02
0.730000E+00  -.173724E+02
0.726400E+00  -.182386E+02
0.722800E+00  -.191524E+02
0.719200E+00  -.201168E+02
0.715600E+00  -.211348E+02
0.712000E+00  -.222098E+02
0.708400E+00  -.233454E+02
0.704800E+00  -.245453E+02
0.701200E+00  -.258135E+02
0.697600E+00  -.271543E+02
0.694000E+00  -.285725E+02
0.690400E+00  -.300729E+02
0.686800E+00  -.316608E+02
0.683200E+00  -.333419E+02
0.679600E+00  -.351222E+02
0.676000E+00  -.370082E+02
0.672400E+00  -.390069E+02
0.668800E+00  -.411256E+02
0.665200E+00  -.433724E+02
0.661600E+00  -.457559E+02
0.658000E+00  -.482851E+02
0.654400E+00  -.509701E+02
0.650800E+00  -.538213E+02
0.647200E+00  -.568501E+02
0.643600E+00  -.600688E+02
0.640000E+00  -.634905E+02
