0.996400E+00  -.986695E-01
0.992800E+00  -.198461E+00
0.989200E+00  -.299438E+00
0.985600E+00  -.401667E+00
0.982000E+00  -.505217E+00
0.978400E+00  -.610156E+00
0.974800E+00  -.716559E+00
0.971200E+00  -.824501E+00
0.967600E+00  -.934060E+00
0.964000E+00  -.104532E+01
0.960400E+00  -.115835E+01
0.956800E+00  -.127325E+01
0.953200E+00  -.139011E+01
0.949600E+00  -.150902E+01
0.946000E+00  -.163007E+01
0.942400E+00  -.175337E+01
0.938800E+00  -.187901E+01
0.935200E+00  -.200710E+01
0.931600E+00  -.213776E+01
0.928000E+00  -.227110E+01
0.924400E+00  -.240723E+01
0.920800E+00  -.254628E+01
0.917200E+00  -.268839E+01
0.913600E+00  -.283367E+01
0.910000E+00  -.298228E+01
0.906400E+00  -.313435E+01
0.902800E+00  -.329003E+01
0.899200E+00  -.344948E+01
0.895600E+00  -.361286E+01
0.892000E+00  -.378034E+01
0.888400E+00  -.395209E+01
0.884800E+00  -.412829E+01
0.881200E+00  -.430913E+01
0.877600E+00  -.449481E+01
0.874000E+00  -.468552E+01
0.870400E+00  -.488150E+01
0.866800E+00  -.508294E+01
0.863200E+00  -.529010E+01
0.859600E+00  -.550320E+01
0.856000E+00  -.572250E+01
0.852400E+00  -.594825E+01
0.848800E+00  -.618074E+01
0.845200E+00  -.642024E+01
0.841600E+00  -.666705E+01
0.838000E+00  -.692148E+01
0.834400E+00  -.718386E+01
0.830800E+00  -.745451E+01
0.827200E+00  -.773380E+01
0.823600E+00  -.802208E+01
0.820000E+00  -.831974E+01
0.816400E+00  -.862718E+01
0.812800E+00  -.894483E+01
0.809200E+00  -.927311E+01
0.805600E+00  -.961248E+01
0.802000E+00  -.996343E+01
0.798400E+00  -.103265E+02
0.794800E+00  -.107021E+02
0.791200E+00  -.110908E+02
0.787600E+00  -.114933E+02
0.784000E+00  -.119101E+02
0.780400E+00  -.123419E+02
0.776800E+00  -.127892E+02
0.773200E+00  -.132529E+02
0.769600E+00  -.137335E+02
0.766000E+00  -.142320E+02
0.762400E+00  -.147490E+02
0.758800E+00  -.152854E+02
0.755200E+00  -.158421E+02
0.751600E+00  -.164200E+02
0.748000E+00  -.170201E+02
0.744400E+00  -.176433E+02
0.740800E+00  -.182907E+02
0.737200E+00  -.189635E+02
0.733600E+00  -.196628E+02
0.730000E+00  -.203899E+02
0.726400E+00  -.211459E+02
0.722800E+00  -.219324E+02
0.719200E+00  -.227507E+02
0.715600E+00  -.236024E+02
0.712000E+00  -.244889E+02
0.708400E+00  -.254121E+02
0.704800E+00  -.263735E+02
0.701200E+00  -.273752E+02
0.697600E+00  -.284189E+02
0.694000E+00  -.295069E+02
0.690400E+00  -.306412E+02
0.686800E+00  -.318241E+02
0.683200E+00  -.330580E+02
0.679600E+00  -.343455E+02
0.676000E+00  -.356892E+02
0.672400E+00  -.370920E+02
0.668800E+00  -.385567E+02
0.665200E+00  -.400867E+02
0.661600E+00  -.416852E+02
0.658000E+00  -.433557E+02
0.654400E+00  -.451019E+02
0.650800E+00  -.469278E+02
0.647200E+00  -.488376E+02
0.643600E+00  -.508355E+02
0.640000E+00  -.529264E+02
