0.996400E+00  -.900366E-01
0.992800E+00  -.181082E+00
0.989200E+00  -.273177E+00
0.985600E+00  -.366367E+00
0.982000E+00  -.460696E+00
0.978400E+00  -.556210E+00
0.974800E+00  -.652959E+00
0.971200E+00  -.750990E+00
0.967600E+00  -.850356E+00
0.964000E+00  -.951110E+00
0.960400E+00  -.105331E+01
0.956800E+00  -.115700E+01
0.953200E+00  -.126225E+01
0.949600E+00  -.136912E+01
0.946000E+00  -.147768E+01
0.942400E+00  -.158798E+01
0.938800E+00  -.170009E+01
0.935200E+00  -.181409E+01
0.931600E+00  -.193005E+01
0.928000E+00  -.204804E+01
0.924400E+00  -.216814E+01
0.920800E+00  -.229044E+01
0.917200E+00  -.241502E+01
0.913600E+00  -.254197E+01
0.910000E+00  -.267137E+01
0.906400E+00  -.280333E+01
0.902800E+00  -.293794E+01
0.899200E+00  -.307532E+01
0.895600E+00  -.321556E+01
0.892000E+00  -.335878E+01
0.888400E+00  -.350510E+01
0.884800E+00  -.365463E+01
0.881200E+00  -.380752E+01
0.877600E+00  -.396388E+01
0.874000E+00  -.412387E+01
0.870400E+00  -.428762E+01
0.866800E+00  -.445529E+01
0.863200E+00  -.462704E+01
0.859600E+00  -.480303E+01
0.856000E+00  -.498344E+01
0.852400E+00  -.516845E+01
0.848800E+00  -.535825E+01
0.845200E+00  -.555303E+01
0.841600E+00  -.575302E+01
0.838000E+00  -.595843E+01
0.834400E+00  -.616948E+01
0.830800E+00  -.638642E+01
0.827200E+00  -.660950E+01
0.823600E+00  -.683898E+01
0.820000E+00  -.707515E+01
0.816400E+00  -.731830E+01
0.812800E+00  -.756872E+01
0.809200E+00  -.782676E+01
0.805600E+00  -.809273E+01
0.802000E+00  -.836701E+01
0.798400E+00  -.864996E+01
0.794800E+00  -.894197E+01
0.791200E+00  -.924348E+01
0.787600E+00  -.955490E+01
0.784000E+00  -.987671E+01
0.780400E+00  -.102094E+02
0.776800E+00  -.105534E+02
0.773200E+00  -.109094E+02
0.769600E+00  -.112779E+02
0.766000E+00  -.116594E+02
0.762400E+00  -.120547E+02
0.758800E+00  -.124643E+02
0.755200E+00  -.128891E+02
0.751600E+00  -.133297E+02
0.748000E+00  -.137869E+02
0.744400E+00  -.142616E+02
0.740800E+00  -.147547E+02
0.737200E+00  -.152670E+02
0.733600E+00  -.157996E+02
0.730000E+00  -.163536E+02
0.726400E+00  -.169300E+02
0.722800E+00  -.175300E+02
0.719200E+00  -.181549E+02
0.715600E+00  -.188059E+02
0.712000E+00  -.194846E+02
0.708400E+00  -.201923E+02
0.704800E+00  -.209308E+02
0.701200E+00  -.217016E+02
0.697600E+00  -.225065E+02
0.694000E+00  -.233475E+02
0.690400E+00  -.242265E+02
0.686800E+00  -.251458E+02
0.683200E+00  -.261076E+02
0.679600E+00  -.271144E+02
0.676000E+00  -.281687E+02
0.672400E+00  -.292734E+02
0.668800E+00  -.304313E+02
0.665200E+00  -.316458E+02
0.661600E+00  -.329200E+02
0.658000E+00  -.342576E+02
0.654400E+00  -.356625E+02
0.650800E+00  -.371387E+02
0.647200E+00  -.386906E+02
0.643600E+00  -.403230E+02
0.640000E+00  -.420408E+02
