0.996400E+00  -.583740E-01
0.992800E+00  -.117400E+00
0.989200E+00  -.177105E+00
0.985600E+00  -.237515E+00
0.982000E+00  -.298659E+00
0.978400E+00  -.360563E+00
0.974800E+00  -.423259E+00
0.971200E+00  -.486776E+00
0.967600E+00  -.551145E+00
0.964000E+00  -.616400E+00
0.960400E+00  -.682572E+00
0.956800E+00  -.749697E+00
0.953200E+00  -.817810E+00
0.949600E+00  -.886947E+00
0.946000E+00  -.957146E+00
0.942400E+00  -.102845E+01
0.938800E+00  -.110089E+01
0.935200E+00  -.117452E+01
0.931600E+00  -.124937E+01
0.928000E+00  -.132549E+01
0.924400E+00  -.140293E+01
0.920800E+00  -.148173E+01
0.917200E+00  -.156195E+01
0.913600E+00  -.164363E+01
0.910000E+00  -.172683E+01
0.906400E+00  -.181160E+01
0.902800E+00  -.189800E+01
0.899200E+00  -.198608E+01
0.895600E+00  -.207591E+01
0.892000E+00  -.216754E+01
0.888400E+00  -.226105E+01
0.884800E+00  -.235650E+01
0.881200E+00  -.245396E+01
0.877600E+00  -.255350E+01
0.874000E+00  -.265520E+01
0.870400E+00  -.275913E+01
0.866800E+00  -.286537E+01
0.863200E+00  -.297401E+01
0.859600E+00  -.308513E+01
0.856000E+00  -.319882E+01
0.852400E+00  -.331518E+01
0.848800E+00  -.343430E+01
0.845200E+00  -.355628E+01
0.841600E+00  -.368122E+01
0.838000E+00  -.380924E+01
0.834400E+00  -.394044E+01
0.830800E+00  -.407493E+01
0.827200E+00  -.421285E+01
0.823600E+00  -.435432E+01
0.820000E+00  -.449946E+01
0.816400E+00  -.464842E+01
0.812800E+00  -.480132E+01
0.809200E+00  -.495833E+01
0.805600E+00  -.511959E+01
0.802000E+00  -.528526E+01
0.798400E+00  -.545551E+01
0.794800E+00  -.563050E+01
0.791200E+00  -.581043E+01
0.787600E+00  -.599546E+01
0.784000E+00  -.618581E+01
0.780400E+00  -.638166E+01
0.776800E+00  -.658324E+01
0.773200E+00  -.679076E+01
0.769600E+00  -.700445E+01
0.766000E+00  -.722455E+01
0.762400E+00  -.745131E+01
0.758800E+00  -.768498E+01
0.755200E+00  -.792585E+01
0.751600E+00  -.817420E+01
0.748000E+00  -.843031E+01
0.744400E+00  -.869450E+01
0.740800E+00  -.896709E+01
0.737200E+00  -.924843E+01
0.733600E+00  -.953885E+01
0.730000E+00  -.983873E+01
0.726400E+00  -.101485E+02
0.722800E+00  -.104684E+02
0.719200E+00  -.107991E+02
0.715600E+00  -.111408E+02
0.712000E+00  -.114941E+02
0.708400E+00  -.118595E+02
0.704800E+00  -.122375E+02
0.701200E+00  -.126285E+02
0.697600E+00  -.130331E+02
0.694000E+00  -.134520E+02
0.690400E+00  -.138857E+02
0.686800E+00  -.143349E+02
0.683200E+00  -.148003E+02
0.679600E+00  -.152825E+02
0.676000E+00  -.157822E+02
0.672400E+00  -.163004E+02
0.668800E+00  -.168377E+02
0.665200E+00  -.173950E+02
0.661600E+00  -.179733E+02
0.658000E+00  -.185734E+02
0.654400E+00  -.191964E+02
0.650800E+00  -.198433E+02
0.647200E+00  -.205152E+02
0.643600E+00  -.212133E+02
0.640000E+00  -.219387E+02
