0.996400E+00  -.795593E-01
0.992800E+00  -.159992E+00
0.989200E+00  -.241316E+00
0.985600E+00  -.323551E+00
0.982000E+00  -.406717E+00
0.978400E+00  -.490833E+00
0.974800E+00  -.575922E+00
0.971200E+00  -.662003E+00
0.967600E+00  -.749100E+00
0.964000E+00  -.837232E+00
0.960400E+00  -.926425E+00
0.956800E+00  -.101670E+01
0.953200E+00  -.110808E+01
0.949600E+00  -.120060E+01
0.946000E+00  -.129427E+01
0.942400E+00  -.138912E+01
0.938800E+00  -.148519E+01
0.935200E+00  -.158249E+01
0.931600E+00  -.168105E+01
0.928000E+00  -.178091E+01
0.924400E+00  -.188209E+01
0.920800E+00  -.198462E+01
0.917200E+00  -.208854E+01
0.913600E+00  -.219387E+01
0.910000E+00  -.230065E+01
0.906400E+00  -.240891E+01
0.902800E+00  -.251868E+01
0.899200E+00  -.263001E+01
0.895600E+00  -.274292E+01
0.892000E+00  -.285745E+01
0.888400E+00  -.297365E+01
0.884800E+00  -.309155E+01
0.881200E+00  -.321118E+01
0.877600E+00  -.333260E+01
0.874000E+00  -.345585E+01
0.870400E+00  -.358096E+01
0.866800E+00  -.370799E+01
0.863200E+00  -.383698E+01
0.859600E+00  -.396797E+01
0.856000E+00  -.410102E+01
0.852400E+00  -.423617E+01
0.848800E+00  -.437348E+01
0.845200E+00  -.451299E+01
0.841600E+00  -.465477E+01
0.838000E+00  -.479887E+01
0.834400E+00  -.494535E+01
0.830800E+00  -.509427E+01
0.827200E+00  -.524568E+01
0.823600E+00  -.539965E+01
0.820000E+00  -.555624E+01
0.816400E+00  -.571553E+01
0.812800E+00  -.587757E+01
0.809200E+00  -.604244E+01
0.805600E+00  -.621022E+01
0.802000E+00  -.638097E+01
0.798400E+00  -.655477E+01
0.794800E+00  -.673170E+01
0.791200E+00  -.691185E+01
0.787600E+00  -.709530E+01
0.784000E+00  -.728213E+01
0.780400E+00  -.747243E+01
0.776800E+00  -.766630E+01
0.773200E+00  -.786383E+01
0.769600E+00  -.806512E+01
0.766000E+00  -.827026E+01
0.762400E+00  -.847937E+01
0.758800E+00  -.869255E+01
0.755200E+00  -.890991E+01
0.751600E+00  -.913156E+01
0.748000E+00  -.935763E+01
0.744400E+00  -.958823E+01
0.740800E+00  -.982349E+01
0.737200E+00  -.100635E+02
0.733600E+00  -.103085E+02
0.730000E+00  -.105585E+02
0.726400E+00  -.108138E+02
0.722800E+00  -.110744E+02
0.719200E+00  -.113405E+02
0.715600E+00  -.116122E+02
0.712000E+00  -.118898E+02
0.708400E+00  -.121734E+02
0.704800E+00  -.124632E+02
0.701200E+00  -.127593E+02
0.697600E+00  -.130619E+02
0.694000E+00  -.133712E+02
0.690400E+00  -.136875E+02
0.686800E+00  -.140109E+02
0.683200E+00  -.143417E+02
0.679600E+00  -.146800E+02
0.676000E+00  -.150262E+02
0.672400E+00  -.153803E+02
0.668800E+00  -.157428E+02
0.665200E+00  -.161138E+02
0.661600E+00  -.164935E+02
0.658000E+00  -.168824E+02
0.654400E+00  -.172806E+02
0.650800E+00  -.176885E+02
0.647200E+00  -.181063E+02
0.643600E+00  -.185343E+02
0.640000E+00  -.189730E+02
