0.996400E+00  -.338342E-01
0.992800E+00  -.680757E-01
0.989200E+00  -.102770E+00
0.985600E+00  -.137964E+00
0.982000E+00  -.173706E+00
0.978400E+00  -.210046E+00
0.974800E+00  -.247038E+00
0.971200E+00  -.284736E+00
0.967600E+00  -.323195E+00
0.964000E+00  -.362475E+00
0.960400E+00  -.402638E+00
0.956800E+00  -.443745E+00
0.953200E+00  -.485865E+00
0.949600E+00  -.529065E+00
0.946000E+00  -.573418E+00
0.942400E+00  -.618999E+00
0.938800E+00  -.665885E+00
0.935200E+00  -.714159E+00
0.931600E+00  -.763906E+00
0.928000E+00  -.815215E+00
0.924400E+00  -.868178E+00
0.920800E+00  -.922894E+00
0.917200E+00  -.979464E+00
0.913600E+00  -.103800E+01
0.910000E+00  -.109860E+01
0.906400E+00  -.116139E+01
0.902800E+00  -.122649E+01
0.899200E+00  -.129404E+01
0.895600E+00  -.136415E+01
0.892000E+00  -.143699E+01
0.888400E+00  -.151268E+01
0.884800E+00  -.159139E+01
0.881200E+00  -.167328E+01
0.877600E+00  -.175853E+01
0.874000E+00  -.184730E+01
0.870400E+00  -.193980E+01
0.866800E+00  -.203621E+01
0.863200E+00  -.213675E+01
0.859600E+00  -.224163E+01
0.856000E+00  -.235109E+01
0.852400E+00  -.246537E+01
0.848800E+00  -.258472E+01
0.845200E+00  -.270941E+01
0.841600E+00  -.283973E+01
0.838000E+00  -.297596E+01
0.834400E+00  -.311844E+01
0.830800E+00  -.326748E+01
0.827200E+00  -.342343E+01
0.823600E+00  -.358667E+01
0.820000E+00  -.375757E+01
0.816400E+00  -.393656E+01
0.812800E+00  -.412405E+01
0.809200E+00  -.432051E+01
0.805600E+00  -.452641E+01
0.802000E+00  -.474227E+01
0.798400E+00  -.496861E+01
0.794800E+00  -.520601E+01
0.791200E+00  -.545505E+01
0.787600E+00  -.571638E+01
0.784000E+00  -.599067E+01
0.780400E+00  -.627861E+01
0.776800E+00  -.658095E+01
0.773200E+00  -.689850E+01
0.769600E+00  -.723208E+01
0.766000E+00  -.758258E+01
0.762400E+00  -.795094E+01
0.758800E+00  -.833815E+01
0.755200E+00  -.874526E+01
0.751600E+00  -.917340E+01
0.748000E+00  -.962374E+01
0.744400E+00  -.100975E+02
0.740800E+00  -.105961E+02
0.737200E+00  -.111209E+02
0.733600E+00  -.116734E+02
0.730000E+00  -.122552E+02
0.726400E+00  -.128679E+02
0.722800E+00  -.135134E+02
0.719200E+00  -.141936E+02
0.715600E+00  -.149104E+02
0.712000E+00  -.156661E+02
0.708400E+00  -.164629E+02
0.704800E+00  -.173033E+02
0.701200E+00  -.181898E+02
0.697600E+00  -.191252E+02
0.694000E+00  -.201124E+02
0.690400E+00  -.211546E+02
0.686800E+00  -.222550E+02
0.683200E+00  -.234172E+02
0.679600E+00  -.246450E+02
0.676000E+00  -.259424E+02
0.672400E+00  -.273137E+02
0.668800E+00  -.287634E+02
0.665200E+00  -.302965E+02
0.661600E+00  -.319182E+02
0.658000E+00  -.336339E+02
0.654400E+00  -.354498E+02
0.650800E+00  -.373720E+02
0.647200E+00  -.394075E+02
0.643600E+00  -.415634E+02
0.640000E+00  -.438476E+02
