0.996400E+00  -.272171E-01
0.992800E+00  -.547566E-01
0.989200E+00  -.826492E-01
0.985600E+00  -.110927E+00
0.982000E+00  -.139624E+00
0.978400E+00  -.168773E+00
0.974800E+00  -.198411E+00
0.971200E+00  -.228575E+00
0.967600E+00  -.259304E+00
0.964000E+00  -.290638E+00
0.960400E+00  -.322618E+00
0.956800E+00  -.355289E+00
0.953200E+00  -.388696E+00
0.949600E+00  -.422887E+00
0.946000E+00  -.457911E+00
0.942400E+00  -.493820E+00
0.938800E+00  -.530668E+00
0.935200E+00  -.568512E+00
0.931600E+00  -.607412E+00
0.928000E+00  -.647429E+00
0.924400E+00  -.688629E+00
0.920800E+00  -.731079E+00
0.917200E+00  -.774852E+00
0.913600E+00  -.820023E+00
0.910000E+00  -.866670E+00
0.906400E+00  -.914876E+00
0.902800E+00  -.964728E+00
0.899200E+00  -.101632E+01
0.895600E+00  -.106974E+01
0.892000E+00  -.112510E+01
0.888400E+00  -.118250E+01
0.884800E+00  -.124205E+01
0.881200E+00  -.130387E+01
0.877600E+00  -.136809E+01
0.874000E+00  -.143483E+01
0.870400E+00  -.150424E+01
0.866800E+00  -.157645E+01
0.863200E+00  -.165163E+01
0.859600E+00  -.172993E+01
0.856000E+00  -.181153E+01
0.852400E+00  -.189660E+01
0.848800E+00  -.198534E+01
0.845200E+00  -.207794E+01
0.841600E+00  -.217463E+01
0.838000E+00  -.227561E+01
0.834400E+00  -.238114E+01
0.830800E+00  -.249146E+01
0.827200E+00  -.260684E+01
0.823600E+00  -.272756E+01
0.820000E+00  -.285391E+01
0.816400E+00  -.298621E+01
0.812800E+00  -.312480E+01
0.809200E+00  -.327003E+01
0.805600E+00  -.342227E+01
0.802000E+00  -.358192E+01
0.798400E+00  -.374939E+01
0.794800E+00  -.392515E+01
0.791200E+00  -.410964E+01
0.787600E+00  -.430339E+01
0.784000E+00  -.450693E+01
0.780400E+00  -.472080E+01
0.776800E+00  -.494563E+01
0.773200E+00  -.518204E+01
0.769600E+00  -.543071E+01
0.766000E+00  -.569236E+01
0.762400E+00  -.596776E+01
0.758800E+00  -.625771E+01
0.755200E+00  -.656309E+01
0.751600E+00  -.688481E+01
0.748000E+00  -.722385E+01
0.744400E+00  -.758125E+01
0.740800E+00  -.795812E+01
0.737200E+00  -.835564E+01
0.733600E+00  -.877508E+01
0.730000E+00  -.921776E+01
0.726400E+00  -.968512E+01
0.722800E+00  -.101787E+02
0.719200E+00  -.107001E+02
0.715600E+00  -.112510E+02
0.712000E+00  -.118334E+02
0.708400E+00  -.124491E+02
0.704800E+00  -.131003E+02
0.701200E+00  -.137893E+02
0.697600E+00  -.145184E+02
0.694000E+00  -.152903E+02
0.690400E+00  -.161076E+02
0.686800E+00  -.169733E+02
0.683200E+00  -.178905E+02
0.679600E+00  -.188626E+02
0.676000E+00  -.198933E+02
0.672400E+00  -.209864E+02
0.668800E+00  -.221459E+02
0.665200E+00  -.233764E+02
0.661600E+00  -.246825E+02
0.658000E+00  -.260694E+02
0.654400E+00  -.275425E+02
0.650800E+00  -.291077E+02
0.647200E+00  -.307712E+02
0.643600E+00  -.325399E+02
0.640000E+00  -.344209E+02
