0.996400E+00  -.174000E-01
0.992800E+00  -.350063E-01
0.989200E+00  -.528389E-01
0.985600E+00  -.709187E-01
0.982000E+00  -.892671E-01
0.978400E+00  -.107906E+00
0.974800E+00  -.126860E+00
0.971200E+00  -.146151E+00
0.967600E+00  -.165804E+00
0.964000E+00  -.185847E+00
0.960400E+00  -.206304E+00
0.956800E+00  -.227205E+00
0.953200E+00  -.248577E+00
0.949600E+00  -.270451E+00
0.946000E+00  -.292858E+00
0.942400E+00  -.315831E+00
0.938800E+00  -.339403E+00
0.935200E+00  -.363610E+00
0.931600E+00  -.388487E+00
0.928000E+00  -.414074E+00
0.924400E+00  -.440410E+00
0.920800E+00  -.467536E+00
0.917200E+00  -.495496E+00
0.913600E+00  -.524334E+00
0.910000E+00  -.554098E+00
0.906400E+00  -.584837E+00
0.902800E+00  -.616601E+00
0.899200E+00  -.649446E+00
0.895600E+00  -.683425E+00
0.892000E+00  -.718598E+00
0.888400E+00  -.755026E+00
0.884800E+00  -.792773E+00
0.881200E+00  -.831905E+00
0.877600E+00  -.872492E+00
0.874000E+00  -.914608E+00
0.870400E+00  -.958328E+00
0.866800E+00  -.100373E+01
0.863200E+00  -.105091E+01
0.859600E+00  -.109994E+01
0.856000E+00  -.115091E+01
0.852400E+00  -.120394E+01
0.848800E+00  -.125911E+01
0.845200E+00  -.131653E+01
0.841600E+00  -.137631E+01
0.838000E+00  -.143858E+01
0.834400E+00  -.150344E+01
0.830800E+00  -.157104E+01
0.827200E+00  -.164150E+01
0.823600E+00  -.171496E+01
0.820000E+00  -.179158E+01
0.816400E+00  -.187152E+01
0.812800E+00  -.195493E+01
0.809200E+00  -.204198E+01
0.805600E+00  -.213287E+01
0.802000E+00  -.222777E+01
0.798400E+00  -.232690E+01
0.794800E+00  -.243046E+01
0.791200E+00  -.253867E+01
0.787600E+00  -.265176E+01
0.784000E+00  -.276999E+01
0.780400E+00  -.289361E+01
0.776800E+00  -.302290E+01
0.773200E+00  -.315814E+01
0.769600E+00  -.329963E+01
0.766000E+00  -.344770E+01
0.762400E+00  -.360268E+01
0.758800E+00  -.376492E+01
0.755200E+00  -.393481E+01
0.751600E+00  -.411273E+01
0.748000E+00  -.429911E+01
0.744400E+00  -.449438E+01
0.740800E+00  -.469901E+01
0.737200E+00  -.491349E+01
0.733600E+00  -.513834E+01
0.730000E+00  -.537411E+01
0.726400E+00  -.562138E+01
0.722800E+00  -.588076E+01
0.719200E+00  -.615290E+01
0.715600E+00  -.643849E+01
0.712000E+00  -.673825E+01
0.708400E+00  -.705295E+01
0.704800E+00  -.738340E+01
0.701200E+00  -.773048E+01
0.697600E+00  -.809508E+01
0.694000E+00  -.847818E+01
0.690400E+00  -.888081E+01
0.686800E+00  -.930405E+01
0.683200E+00  -.974906E+01
0.679600E+00  -.102171E+02
0.676000E+00  -.107093E+02
0.672400E+00  -.112273E+02
0.668800E+00  -.117724E+02
0.665200E+00  -.123462E+02
0.661600E+00  -.129503E+02
0.658000E+00  -.135866E+02
0.654400E+00  -.142568E+02
0.650800E+00  -.149630E+02
0.647200E+00  -.157073E+02
0.643600E+00  -.164919E+02
0.640000E+00  -.173192E+02
