0.996400E+00  -.126190E+00
0.992800E+00  -.253766E+00
0.989200E+00  -.382757E+00
0.985600E+00  -.513195E+00
0.982000E+00  -.645111E+00
0.978400E+00  -.778538E+00
0.974800E+00  -.913510E+00
0.971200E+00  -.105006E+01
0.967600E+00  -.118823E+01
0.964000E+00  -.132804E+01
0.960400E+00  -.146954E+01
0.956800E+00  -.161277E+01
0.953200E+00  -.175776E+01
0.949600E+00  -.190456E+01
0.946000E+00  -.205319E+01
0.942400E+00  -.220372E+01
0.938800E+00  -.235617E+01
0.935200E+00  -.251060E+01
0.931600E+00  -.266705E+01
0.928000E+00  -.282556E+01
0.924400E+00  -.298619E+01
0.920800E+00  -.314897E+01
0.917200E+00  -.331397E+01
0.913600E+00  -.348124E+01
0.910000E+00  -.365082E+01
0.906400E+00  -.382277E+01
0.902800E+00  -.399715E+01
0.899200E+00  -.417401E+01
0.895600E+00  -.435342E+01
0.892000E+00  -.453543E+01
0.888400E+00  -.472010E+01
0.884800E+00  -.490751E+01
0.881200E+00  -.509771E+01
0.877600E+00  -.529078E+01
0.874000E+00  -.548678E+01
0.870400E+00  -.568578E+01
0.866800E+00  -.588786E+01
0.863200E+00  -.609310E+01
0.859600E+00  -.630157E+01
0.856000E+00  -.651335E+01
0.852400E+00  -.672852E+01
0.848800E+00  -.694717E+01
0.845200E+00  -.716939E+01
0.841600E+00  -.739526E+01
0.838000E+00  -.762488E+01
0.834400E+00  -.785835E+01
0.830800E+00  -.809575E+01
0.827200E+00  -.833720E+01
0.823600E+00  -.858279E+01
0.820000E+00  -.883264E+01
0.816400E+00  -.908685E+01
0.812800E+00  -.934553E+01
0.809200E+00  -.960881E+01
0.805600E+00  -.987681E+01
0.802000E+00  -.101496E+02
0.798400E+00  -.104274E+02
0.794800E+00  -.107103E+02
0.791200E+00  -.109985E+02
0.787600E+00  -.112920E+02
0.784000E+00  -.115910E+02
0.780400E+00  -.118958E+02
0.776800E+00  -.122063E+02
0.773200E+00  -.125228E+02
0.769600E+00  -.128455E+02
0.766000E+00  -.131745E+02
0.762400E+00  -.135100E+02
0.758800E+00  -.138522E+02
0.755200E+00  -.142013E+02
0.751600E+00  -.145574E+02
0.748000E+00  -.149208E+02
0.744400E+00  -.152917E+02
0.740800E+00  -.156703E+02
0.737200E+00  -.160567E+02
0.733600E+00  -.164513E+02
0.730000E+00  -.168543E+02
0.726400E+00  -.172659E+02
0.722800E+00  -.176864E+02
0.719200E+00  -.181161E+02
0.715600E+00  -.185551E+02
0.712000E+00  -.190039E+02
0.708400E+00  -.194626E+02
0.704800E+00  -.199317E+02
0.701200E+00  -.204113E+02
0.697600E+00  -.209019E+02
0.694000E+00  -.214037E+02
0.690400E+00  -.219172E+02
0.686800E+00  -.224427E+02
0.683200E+00  -.229805E+02
0.679600E+00  -.235311E+02
0.676000E+00  -.240948E+02
0.672400E+00  -.246722E+02
0.668800E+00  -.252635E+02
0.665200E+00  -.258693E+02
0.661600E+00  -.264901E+02
0.658000E+00  -.271263E+02
0.654400E+00  -.277785E+02
0.650800E+00  -.284471E+02
0.647200E+00  -.291328E+02
0.643600E+00  -.298361E+02
0.640000E+00  -.305576E+02
