0.996400E+00  -.108007E-01
0.992800E+00  -.217344E-01
0.989200E+00  -.328190E-01
0.985600E+00  -.440726E-01
0.982000E+00  -.555142E-01
0.978400E+00  -.671634E-01
0.974800E+00  -.790407E-01
0.971200E+00  -.911670E-01
0.967600E+00  -.103564E+00
0.964000E+00  -.116255E+00
0.960400E+00  -.129263E+00
0.956800E+00  -.142612E+00
0.953200E+00  -.156329E+00
0.949600E+00  -.170438E+00
0.946000E+00  -.184967E+00
0.942400E+00  -.199946E+00
0.938800E+00  -.215403E+00
0.935200E+00  -.231368E+00
0.931600E+00  -.247874E+00
0.928000E+00  -.264953E+00
0.924400E+00  -.282641E+00
0.920800E+00  -.300972E+00
0.917200E+00  -.319984E+00
0.913600E+00  -.339715E+00
0.910000E+00  -.360206E+00
0.906400E+00  -.381499E+00
0.902800E+00  -.403637E+00
0.899200E+00  -.426666E+00
0.895600E+00  -.450632E+00
0.892000E+00  -.475585E+00
0.888400E+00  -.501577E+00
0.884800E+00  -.528661E+00
0.881200E+00  -.556892E+00
0.877600E+00  -.586328E+00
0.874000E+00  -.617030E+00
0.870400E+00  -.649062E+00
0.866800E+00  -.682489E+00
0.863200E+00  -.717379E+00
0.859600E+00  -.753804E+00
0.856000E+00  -.791840E+00
0.852400E+00  -.831563E+00
0.848800E+00  -.873056E+00
0.845200E+00  -.916404E+00
0.841600E+00  -.961695E+00
0.838000E+00  -.100902E+01
0.834400E+00  -.105848E+01
0.830800E+00  -.111018E+01
0.827200E+00  -.116421E+01
0.823600E+00  -.122070E+01
0.820000E+00  -.127975E+01
0.816400E+00  -.134149E+01
0.812800E+00  -.140604E+01
0.809200E+00  -.147354E+01
0.805600E+00  -.154413E+01
0.802000E+00  -.161794E+01
0.798400E+00  -.169514E+01
0.794800E+00  -.177587E+01
0.791200E+00  -.186031E+01
0.787600E+00  -.194863E+01
0.784000E+00  -.204101E+01
0.780400E+00  -.213765E+01
0.776800E+00  -.223874E+01
0.773200E+00  -.234449E+01
0.769600E+00  -.245513E+01
0.766000E+00  -.257088E+01
0.762400E+00  -.269198E+01
0.758800E+00  -.281870E+01
0.755200E+00  -.295128E+01
0.751600E+00  -.309003E+01
0.748000E+00  -.323521E+01
0.744400E+00  -.338716E+01
0.740800E+00  -.354617E+01
0.737200E+00  -.371261E+01
0.733600E+00  -.388682E+01
0.730000E+00  -.406917E+01
0.726400E+00  -.426006E+01
0.722800E+00  -.445991E+01
0.719200E+00  -.466914E+01
0.715600E+00  -.488822E+01
0.712000E+00  -.511762E+01
0.708400E+00  -.535786E+01
0.704800E+00  -.560945E+01
0.701200E+00  -.587297E+01
0.697600E+00  -.614900E+01
0.694000E+00  -.643817E+01
0.690400E+00  -.674112E+01
0.686800E+00  -.705855E+01
0.683200E+00  -.739119E+01
0.679600E+00  -.773979E+01
0.676000E+00  -.810517E+01
0.672400E+00  -.848817E+01
0.668800E+00  -.888970E+01
0.665200E+00  -.931070E+01
0.661600E+00  -.975218E+01
0.658000E+00  -.102152E+02
0.654400E+00  -.107008E+02
0.650800E+00  -.112103E+02
0.647200E+00  -.117448E+02
0.643600E+00  -.123058E+02
0.640000E+00  -.128944E+02
