0.996400E+00  -.562652E-01
0.992800E+00  -.113149E+00
0.989200E+00  -.170664E+00
0.985600E+00  -.228826E+00
0.982000E+00  -.287650E+00
0.978400E+00  -.347151E+00
0.974800E+00  -.407344E+00
0.971200E+00  -.468245E+00
0.967600E+00  -.529871E+00
0.964000E+00  -.592239E+00
0.960400E+00  -.655365E+00
0.956800E+00  -.719268E+00
0.953200E+00  -.783966E+00
0.949600E+00  -.849478E+00
0.946000E+00  -.915823E+00
0.942400E+00  -.983020E+00
0.938800E+00  -.105109E+01
0.935200E+00  -.112006E+01
0.931600E+00  -.118994E+01
0.928000E+00  -.126075E+01
0.924400E+00  -.133253E+01
0.920800E+00  -.140530E+01
0.917200E+00  -.147907E+01
0.913600E+00  -.155387E+01
0.910000E+00  -.162973E+01
0.906400E+00  -.170668E+01
0.902800E+00  -.178474E+01
0.899200E+00  -.186394E+01
0.895600E+00  -.194431E+01
0.892000E+00  -.202588E+01
0.888400E+00  -.210868E+01
0.884800E+00  -.219274E+01
0.881200E+00  -.227809E+01
0.877600E+00  -.236477E+01
0.874000E+00  -.245281E+01
0.870400E+00  -.254226E+01
0.866800E+00  -.263314E+01
0.863200E+00  -.272549E+01
0.859600E+00  -.281936E+01
0.856000E+00  -.291478E+01
0.852400E+00  -.301180E+01
0.848800E+00  -.311046E+01
0.845200E+00  -.321081E+01
0.841600E+00  -.331289E+01
0.838000E+00  -.341676E+01
0.834400E+00  -.352246E+01
0.830800E+00  -.363004E+01
0.827200E+00  -.373957E+01
0.823600E+00  -.385108E+01
0.820000E+00  -.396466E+01
0.816400E+00  -.408034E+01
0.812800E+00  -.419821E+01
0.809200E+00  -.431831E+01
0.805600E+00  -.444072E+01
0.802000E+00  -.456551E+01
0.798400E+00  -.469275E+01
0.794800E+00  -.482252E+01
0.791200E+00  -.495489E+01
0.787600E+00  -.508995E+01
0.784000E+00  -.522778E+01
0.780400E+00  -.536847E+01
0.776800E+00  -.551211E+01
0.773200E+00  -.565879E+01
0.769600E+00  -.580862E+01
0.766000E+00  -.596169E+01
0.762400E+00  -.611812E+01
0.758800E+00  -.627802E+01
0.755200E+00  -.644151E+01
0.751600E+00  -.660870E+01
0.748000E+00  -.677972E+01
0.744400E+00  -.695471E+01
0.740800E+00  -.713381E+01
0.737200E+00  -.731715E+01
0.733600E+00  -.750490E+01
0.730000E+00  -.769720E+01
0.726400E+00  -.789423E+01
0.722800E+00  -.809616E+01
0.719200E+00  -.830316E+01
0.715600E+00  -.851543E+01
0.712000E+00  -.873315E+01
0.708400E+00  -.895655E+01
0.704800E+00  -.918584E+01
0.701200E+00  -.942124E+01
0.697600E+00  -.966300E+01
0.694000E+00  -.991135E+01
0.690400E+00  -.101666E+02
0.686800E+00  -.104289E+02
0.683200E+00  -.106987E+02
0.679600E+00  -.109762E+02
0.676000E+00  -.112618E+02
0.672400E+00  -.115558E+02
0.668800E+00  -.118585E+02
0.665200E+00  -.121703E+02
0.661600E+00  -.124916E+02
0.658000E+00  -.128228E+02
0.654400E+00  -.131643E+02
0.650800E+00  -.135167E+02
0.647200E+00  -.138803E+02
0.643600E+00  -.142558E+02
0.640000E+00  -.146435E+02
