0.996400E+00  -.212190E-01
0.992800E+00  -.426868E-01
0.989200E+00  -.644252E-01
0.985600E+00  -.864565E-01
0.982000E+00  -.108804E+00
0.978400E+00  -.131492E+00
0.974800E+00  -.154544E+00
0.971200E+00  -.177988E+00
0.967600E+00  -.201850E+00
0.964000E+00  -.226158E+00
0.960400E+00  -.250940E+00
0.956800E+00  -.276228E+00
0.953200E+00  -.302052E+00
0.949600E+00  -.328445E+00
0.946000E+00  -.355442E+00
0.942400E+00  -.383078E+00
0.938800E+00  -.411391E+00
0.935200E+00  -.440418E+00
0.931600E+00  -.470200E+00
0.928000E+00  -.500779E+00
0.924400E+00  -.532201E+00
0.920800E+00  -.564510E+00
0.917200E+00  -.597755E+00
0.913600E+00  -.631987E+00
0.910000E+00  -.667258E+00
0.906400E+00  -.703624E+00
0.902800E+00  -.741142E+00
0.899200E+00  -.779874E+00
0.895600E+00  -.819884E+00
0.892000E+00  -.861237E+00
0.888400E+00  -.904005E+00
0.884800E+00  -.948261E+00
0.881200E+00  -.994082E+00
0.877600E+00  -.104155E+01
0.874000E+00  -.109075E+01
0.870400E+00  -.114177E+01
0.866800E+00  -.119471E+01
0.863200E+00  -.124966E+01
0.859600E+00  -.130673E+01
0.856000E+00  -.136604E+01
0.852400E+00  -.142768E+01
0.848800E+00  -.149180E+01
0.845200E+00  -.155851E+01
0.841600E+00  -.162796E+01
0.838000E+00  -.170027E+01
0.834400E+00  -.177562E+01
0.830800E+00  -.185415E+01
0.827200E+00  -.193603E+01
0.823600E+00  -.202144E+01
0.820000E+00  -.211057E+01
0.816400E+00  -.220362E+01
0.812800E+00  -.230078E+01
0.809200E+00  -.240230E+01
0.805600E+00  -.250839E+01
0.802000E+00  -.261930E+01
0.798400E+00  -.273531E+01
0.794800E+00  -.285668E+01
0.791200E+00  -.298371E+01
0.787600E+00  -.311670E+01
0.784000E+00  -.325600E+01
0.780400E+00  -.340194E+01
0.776800E+00  -.355489E+01
0.773200E+00  -.371526E+01
0.769600E+00  -.388345E+01
0.766000E+00  -.405991E+01
0.762400E+00  -.424510E+01
0.758800E+00  -.443953E+01
0.755200E+00  -.464372E+01
0.751600E+00  -.485824E+01
0.748000E+00  -.508368E+01
0.744400E+00  -.532068E+01
0.740800E+00  -.556992E+01
0.737200E+00  -.583211E+01
0.733600E+00  -.610803E+01
0.730000E+00  -.639849E+01
0.726400E+00  -.670435E+01
0.722800E+00  -.702655E+01
0.719200E+00  -.736608E+01
0.715600E+00  -.772398E+01
0.712000E+00  -.810139E+01
0.708400E+00  -.849950E+01
0.704800E+00  -.891959E+01
0.701200E+00  -.936303E+01
0.697600E+00  -.983129E+01
0.694000E+00  -.103259E+02
0.690400E+00  -.108486E+02
0.686800E+00  -.114012E+02
0.683200E+00  -.119854E+02
0.679600E+00  -.126035E+02
0.676000E+00  -.132576E+02
0.672400E+00  -.139500E+02
0.668800E+00  -.146833E+02
0.665200E+00  -.154602E+02
0.661600E+00  -.162835E+02
0.658000E+00  -.171564E+02
0.654400E+00  -.180823E+02
0.650800E+00  -.190647E+02
0.647200E+00  -.201074E+02
0.643600E+00  -.212147E+02
0.640000E+00  -.223909E+02
