0.996400E+00  -.361398E-01
0.992800E+00  -.726817E-01
0.989200E+00  -.109640E+00
0.985600E+00  -.147029E+00
0.982000E+00  -.184864E+00
0.978400E+00  -.223160E+00
0.974800E+00  -.261933E+00
0.971200E+00  -.301201E+00
0.967600E+00  -.340979E+00
0.964000E+00  -.381285E+00
0.960400E+00  -.422138E+00
0.956800E+00  -.463555E+00
0.953200E+00  -.505555E+00
0.949600E+00  -.548160E+00
0.946000E+00  -.591388E+00
0.942400E+00  -.635260E+00
0.938800E+00  -.679799E+00
0.935200E+00  -.725026E+00
0.931600E+00  -.770964E+00
0.928000E+00  -.817637E+00
0.924400E+00  -.865070E+00
0.920800E+00  -.913287E+00
0.917200E+00  -.962315E+00
0.913600E+00  -.101218E+01
0.910000E+00  -.106291E+01
0.906400E+00  -.111454E+01
0.902800E+00  -.116708E+01
0.899200E+00  -.122059E+01
0.895600E+00  -.127507E+01
0.892000E+00  -.133058E+01
0.888400E+00  -.138713E+01
0.884800E+00  -.144478E+01
0.881200E+00  -.150354E+01
0.877600E+00  -.156347E+01
0.874000E+00  -.162459E+01
0.870400E+00  -.168695E+01
0.866800E+00  -.175059E+01
0.863200E+00  -.181555E+01
0.859600E+00  -.188188E+01
0.856000E+00  -.194962E+01
0.852400E+00  -.201882E+01
0.848800E+00  -.208952E+01
0.845200E+00  -.216178E+01
0.841600E+00  -.223565E+01
0.838000E+00  -.231119E+01
0.834400E+00  -.238844E+01
0.830800E+00  -.246748E+01
0.827200E+00  -.254835E+01
0.823600E+00  -.263112E+01
0.820000E+00  -.271586E+01
0.816400E+00  -.280263E+01
0.812800E+00  -.289150E+01
0.809200E+00  -.298255E+01
0.805600E+00  -.307585E+01
0.802000E+00  -.317147E+01
0.798400E+00  -.326950E+01
0.794800E+00  -.337002E+01
0.791200E+00  -.347312E+01
0.787600E+00  -.357888E+01
0.784000E+00  -.368741E+01
0.780400E+00  -.379880E+01
0.776800E+00  -.391314E+01
0.773200E+00  -.403055E+01
0.769600E+00  -.415112E+01
0.766000E+00  -.427499E+01
0.762400E+00  -.440226E+01
0.758800E+00  -.453305E+01
0.755200E+00  -.466749E+01
0.751600E+00  -.480572E+01
0.748000E+00  -.494788E+01
0.744400E+00  -.509409E+01
0.740800E+00  -.524452E+01
0.737200E+00  -.539932E+01
0.733600E+00  -.555865E+01
0.730000E+00  -.572268E+01
0.726400E+00  -.589158E+01
0.722800E+00  -.606553E+01
0.719200E+00  -.624473E+01
0.715600E+00  -.642938E+01
0.712000E+00  -.661967E+01
0.708400E+00  -.681583E+01
0.704800E+00  -.701808E+01
0.701200E+00  -.722665E+01
0.697600E+00  -.744179E+01
0.694000E+00  -.766374E+01
0.690400E+00  -.789279E+01
0.686800E+00  -.812920E+01
0.683200E+00  -.837327E+01
0.679600E+00  -.862529E+01
0.676000E+00  -.888559E+01
0.672400E+00  -.915450E+01
0.668800E+00  -.943235E+01
0.665200E+00  -.971952E+01
0.661600E+00  -.100164E+02
0.658000E+00  -.103233E+02
0.654400E+00  -.106407E+02
0.650800E+00  -.109691E+02
0.647200E+00  -.113089E+02
0.643600E+00  -.116605E+02
0.640000E+00  -.120244E+02
