0.996400E+00  -.222583E-01
0.992800E+00  -.447700E-01
0.989200E+00  -.675502E-01
0.985600E+00  -.906142E-01
0.982000E+00  -.113978E+00
0.978400E+00  -.137657E+00
0.974800E+00  -.161670E+00
0.971200E+00  -.186034E+00
0.967600E+00  -.210766E+00
0.964000E+00  -.235887E+00
0.960400E+00  -.261415E+00
0.956800E+00  -.287371E+00
0.953200E+00  -.313776E+00
0.949600E+00  -.340652E+00
0.946000E+00  -.368022E+00
0.942400E+00  -.395910E+00
0.938800E+00  -.424340E+00
0.935200E+00  -.453339E+00
0.931600E+00  -.482932E+00
0.928000E+00  -.513148E+00
0.924400E+00  -.544016E+00
0.920800E+00  -.575566E+00
0.917200E+00  -.607830E+00
0.913600E+00  -.640841E+00
0.910000E+00  -.674633E+00
0.906400E+00  -.709243E+00
0.902800E+00  -.744707E+00
0.899200E+00  -.781065E+00
0.895600E+00  -.818358E+00
0.892000E+00  -.856630E+00
0.888400E+00  -.895924E+00
0.884800E+00  -.936289E+00
0.881200E+00  -.977773E+00
0.877600E+00  -.102043E+01
0.874000E+00  -.106431E+01
0.870400E+00  -.110947E+01
0.866800E+00  -.115598E+01
0.863200E+00  -.120388E+01
0.859600E+00  -.125326E+01
0.856000E+00  -.130418E+01
0.852400E+00  -.135670E+01
0.848800E+00  -.141092E+01
0.845200E+00  -.146690E+01
0.841600E+00  -.152473E+01
0.838000E+00  -.158449E+01
0.834400E+00  -.164629E+01
0.830800E+00  -.171023E+01
0.827200E+00  -.177639E+01
0.823600E+00  -.184489E+01
0.820000E+00  -.191585E+01
0.816400E+00  -.198939E+01
0.812800E+00  -.206563E+01
0.809200E+00  -.214470E+01
0.805600E+00  -.222676E+01
0.802000E+00  -.231194E+01
0.798400E+00  -.240042E+01
0.794800E+00  -.249234E+01
0.791200E+00  -.258789E+01
0.787600E+00  -.268727E+01
0.784000E+00  -.279065E+01
0.780400E+00  -.289825E+01
0.776800E+00  -.301030E+01
0.773200E+00  -.312703E+01
0.769600E+00  -.324868E+01
0.766000E+00  -.337551E+01
0.762400E+00  -.350781E+01
0.758800E+00  -.364587E+01
0.755200E+00  -.379001E+01
0.751600E+00  -.394054E+01
0.748000E+00  -.409784E+01
0.744400E+00  -.426227E+01
0.740800E+00  -.443422E+01
0.737200E+00  -.461413E+01
0.733600E+00  -.480244E+01
0.730000E+00  -.499963E+01
0.726400E+00  -.520621E+01
0.722800E+00  -.542272E+01
0.719200E+00  -.564974E+01
0.715600E+00  -.588788E+01
0.712000E+00  -.613780E+01
0.708400E+00  -.640019E+01
0.704800E+00  -.667581E+01
0.701200E+00  -.696544E+01
0.697600E+00  -.726995E+01
0.694000E+00  -.759022E+01
0.690400E+00  -.792724E+01
0.686800E+00  -.828203E+01
0.683200E+00  -.865571E+01
0.679600E+00  -.904946E+01
0.676000E+00  -.946456E+01
0.672400E+00  -.990235E+01
0.668800E+00  -.103643E+02
0.665200E+00  -.108520E+02
0.661600E+00  -.113670E+02
0.658000E+00  -.119113E+02
0.654400E+00  -.124866E+02
0.650800E+00  -.130951E+02
0.647200E+00  -.137390E+02
0.643600E+00  -.144208E+02
0.640000E+00  -.151428E+02
