0.996400E+00  -.143199E+00
0.992800E+00  -.288028E+00
0.989200E+00  -.434583E+00
0.985600E+00  -.582962E+00
0.982000E+00  -.733267E+00
0.978400E+00  -.885604E+00
0.974800E+00  -.104008E+01
0.971200E+00  -.119681E+01
0.967600E+00  -.135591E+01
0.964000E+00  -.151749E+01
0.960400E+00  -.168169E+01
0.956800E+00  -.184864E+01
0.953200E+00  -.201846E+01
0.949600E+00  -.219129E+01
0.946000E+00  -.236729E+01
0.942400E+00  -.254659E+01
0.938800E+00  -.272936E+01
0.935200E+00  -.291576E+01
0.931600E+00  -.310594E+01
0.928000E+00  -.330010E+01
0.924400E+00  -.349839E+01
0.920800E+00  -.370102E+01
0.917200E+00  -.390818E+01
0.913600E+00  -.412007E+01
0.910000E+00  -.433690E+01
0.906400E+00  -.455888E+01
0.902800E+00  -.478626E+01
0.899200E+00  -.501926E+01
0.895600E+00  -.525813E+01
0.892000E+00  -.550314E+01
0.888400E+00  -.575454E+01
0.884800E+00  -.601262E+01
0.881200E+00  -.627767E+01
0.877600E+00  -.654999E+01
0.874000E+00  -.682991E+01
0.870400E+00  -.711775E+01
0.866800E+00  -.741385E+01
0.863200E+00  -.771859E+01
0.859600E+00  -.803233E+01
0.856000E+00  -.835547E+01
0.852400E+00  -.868843E+01
0.848800E+00  -.903162E+01
0.845200E+00  -.938551E+01
0.841600E+00  -.975056E+01
0.838000E+00  -.101273E+02
0.834400E+00  -.105161E+02
0.830800E+00  -.109177E+02
0.827200E+00  -.113325E+02
0.823600E+00  -.117612E+02
0.820000E+00  -.122044E+02
0.816400E+00  -.126627E+02
0.812800E+00  -.131369E+02
0.809200E+00  -.136275E+02
0.805600E+00  -.141354E+02
0.802000E+00  -.146614E+02
0.798400E+00  -.152062E+02
0.794800E+00  -.157707E+02
0.791200E+00  -.163559E+02
0.787600E+00  -.169627E+02
0.784000E+00  -.175921E+02
0.780400E+00  -.182451E+02
0.776800E+00  -.189229E+02
0.773200E+00  -.196265E+02
0.769600E+00  -.203573E+02
0.766000E+00  -.211165E+02
0.762400E+00  -.219055E+02
0.758800E+00  -.227256E+02
0.755200E+00  -.235784E+02
0.751600E+00  -.244654E+02
0.748000E+00  -.253884E+02
0.744400E+00  -.263490E+02
0.740800E+00  -.273492E+02
0.737200E+00  -.283907E+02
0.733600E+00  -.294758E+02
0.730000E+00  -.306066E+02
0.726400E+00  -.317853E+02
0.722800E+00  -.330143E+02
0.719200E+00  -.342963E+02
0.715600E+00  -.356339E+02
0.712000E+00  -.370299E+02
0.708400E+00  -.384874E+02
0.704800E+00  -.400096E+02
0.701200E+00  -.415997E+02
0.697600E+00  -.432614E+02
0.694000E+00  -.449985E+02
0.690400E+00  -.468148E+02
0.686800E+00  -.487148E+02
0.683200E+00  -.507027E+02
0.679600E+00  -.527835E+02
0.676000E+00  -.549621E+02
0.672400E+00  -.572438E+02
0.668800E+00  -.596344E+02
0.665200E+00  -.621399E+02
0.661600E+00  -.647667E+02
0.658000E+00  -.675215E+02
0.654400E+00  -.704116E+02
0.650800E+00  -.734446E+02
0.647200E+00  -.766288E+02
0.643600E+00  -.799729E+02
0.640000E+00  -.834860E+02
