0.996400E+00  -.650794E-01
0.992800E+00  -.130910E+00
0.989200E+00  -.197547E+00
0.985600E+00  -.265046E+00
0.982000E+00  -.333465E+00
0.978400E+00  -.402864E+00
0.974800E+00  -.473304E+00
0.971200E+00  -.544852E+00
0.967600E+00  -.617572E+00
0.964000E+00  -.691536E+00
0.960400E+00  -.766813E+00
0.956800E+00  -.843479E+00
0.953200E+00  -.921610E+00
0.949600E+00  -.100129E+01
0.946000E+00  -.108260E+01
0.942400E+00  -.116562E+01
0.938800E+00  -.125045E+01
0.935200E+00  -.133718E+01
0.931600E+00  -.142590E+01
0.928000E+00  -.151673E+01
0.924400E+00  -.160975E+01
0.920800E+00  -.170510E+01
0.917200E+00  -.180286E+01
0.913600E+00  -.190318E+01
0.910000E+00  -.200617E+01
0.906400E+00  -.211196E+01
0.902800E+00  -.222068E+01
0.899200E+00  -.233248E+01
0.895600E+00  -.244751E+01
0.892000E+00  -.256592E+01
0.888400E+00  -.268786E+01
0.884800E+00  -.281351E+01
0.881200E+00  -.294304E+01
0.877600E+00  -.307663E+01
0.874000E+00  -.321448E+01
0.870400E+00  -.335678E+01
0.866800E+00  -.350375E+01
0.863200E+00  -.365561E+01
0.859600E+00  -.381257E+01
0.856000E+00  -.397489E+01
0.852400E+00  -.414282E+01
0.848800E+00  -.431661E+01
0.845200E+00  -.449655E+01
0.841600E+00  -.468292E+01
0.838000E+00  -.487603E+01
0.834400E+00  -.507619E+01
0.830800E+00  -.528375E+01
0.827200E+00  -.549904E+01
0.823600E+00  -.572244E+01
0.820000E+00  -.595433E+01
0.816400E+00  -.619512E+01
0.812800E+00  -.644523E+01
0.809200E+00  -.670511E+01
0.805600E+00  -.697524E+01
0.802000E+00  -.725610E+01
0.798400E+00  -.754822E+01
0.794800E+00  -.785214E+01
0.791200E+00  -.816844E+01
0.787600E+00  -.849772E+01
0.784000E+00  -.884062E+01
0.780400E+00  -.919782E+01
0.776800E+00  -.957002E+01
0.773200E+00  -.995796E+01
0.769600E+00  -.103624E+02
0.766000E+00  -.107843E+02
0.762400E+00  -.112243E+02
0.758800E+00  -.116835E+02
0.755200E+00  -.121629E+02
0.751600E+00  -.126634E+02
0.748000E+00  -.131861E+02
0.744400E+00  -.137322E+02
0.740800E+00  -.143030E+02
0.737200E+00  -.148995E+02
0.733600E+00  -.155233E+02
0.730000E+00  -.161758E+02
0.726400E+00  -.168584E+02
0.722800E+00  -.175727E+02
0.719200E+00  -.183205E+02
0.715600E+00  -.191035E+02
0.712000E+00  -.199237E+02
0.708400E+00  -.207830E+02
0.704800E+00  -.216836E+02
0.701200E+00  -.226278E+02
0.697600E+00  -.236178E+02
0.694000E+00  -.246564E+02
0.690400E+00  -.257461E+02
0.686800E+00  -.268898E+02
0.683200E+00  -.280906E+02
0.679600E+00  -.293517E+02
0.676000E+00  -.306765E+02
0.672400E+00  -.320687E+02
0.668800E+00  -.335322E+02
0.665200E+00  -.350710E+02
0.661600E+00  -.366896E+02
0.658000E+00  -.383927E+02
0.654400E+00  -.401852E+02
0.650800E+00  -.420725E+02
0.647200E+00  -.440601E+02
0.643600E+00  -.461542E+02
0.640000E+00  -.483612E+02
