0.996400E+00  -.680949E-01
0.992800E+00  -.136998E+00
0.989200E+00  -.206789E+00
0.985600E+00  -.277549E+00
0.982000E+00  -.349365E+00
0.978400E+00  -.422324E+00
0.974800E+00  -.496518E+00
0.971200E+00  -.572043E+00
0.967600E+00  -.648997E+00
0.964000E+00  -.727483E+00
0.960400E+00  -.807607E+00
0.956800E+00  -.889483E+00
0.953200E+00  -.973224E+00
0.949600E+00  -.105895E+01
0.946000E+00  -.114680E+01
0.942400E+00  -.123688E+01
0.938800E+00  -.132935E+01
0.935200E+00  -.142435E+01
0.931600E+00  -.152202E+01
0.928000E+00  -.162252E+01
0.924400E+00  -.172602E+01
0.920800E+00  -.183268E+01
0.917200E+00  -.194269E+01
0.913600E+00  -.205624E+01
0.910000E+00  -.217351E+01
0.906400E+00  -.229473E+01
0.902800E+00  -.242009E+01
0.899200E+00  -.254984E+01
0.895600E+00  -.268420E+01
0.892000E+00  -.282343E+01
0.888400E+00  -.296780E+01
0.884800E+00  -.311756E+01
0.881200E+00  -.327303E+01
0.877600E+00  -.343449E+01
0.874000E+00  -.360227E+01
0.870400E+00  -.377670E+01
0.866800E+00  -.395815E+01
0.863200E+00  -.414698E+01
0.859600E+00  -.434359E+01
0.856000E+00  -.454839E+01
0.852400E+00  -.476181E+01
0.848800E+00  -.498432E+01
0.845200E+00  -.521639E+01
0.841600E+00  -.545855E+01
0.838000E+00  -.571132E+01
0.834400E+00  -.597528E+01
0.830800E+00  -.625103E+01
0.827200E+00  -.653920E+01
0.823600E+00  -.684046E+01
0.820000E+00  -.715551E+01
0.816400E+00  -.748511E+01
0.812800E+00  -.783004E+01
0.809200E+00  -.819115E+01
0.805600E+00  -.856930E+01
0.802000E+00  -.896545E+01
0.798400E+00  -.938057E+01
0.794800E+00  -.981572E+01
0.791200E+00  -.102720E+02
0.787600E+00  -.107506E+02
0.784000E+00  -.112527E+02
0.780400E+00  -.117798E+02
0.776800E+00  -.123331E+02
0.773200E+00  -.129141E+02
0.769600E+00  -.135245E+02
0.766000E+00  -.141659E+02
0.762400E+00  -.148401E+02
0.758800E+00  -.155489E+02
0.755200E+00  -.162944E+02
0.751600E+00  -.170787E+02
0.748000E+00  -.179041E+02
0.744400E+00  -.187728E+02
0.740800E+00  -.196877E+02
0.737200E+00  -.206512E+02
0.733600E+00  -.216663E+02
0.730000E+00  -.227362E+02
0.726400E+00  -.238640E+02
0.722800E+00  -.250533E+02
0.719200E+00  -.263078E+02
0.715600E+00  -.276315E+02
0.712000E+00  -.290285E+02
0.708400E+00  -.305035E+02
0.704800E+00  -.320612E+02
0.701200E+00  -.337067E+02
0.697600E+00  -.354456E+02
0.694000E+00  -.372837E+02
0.690400E+00  -.392273E+02
0.686800E+00  -.412831E+02
0.683200E+00  -.434582E+02
0.679600E+00  -.457603E+02
0.676000E+00  -.481976E+02
0.672400E+00  -.507788E+02
0.668800E+00  -.535134E+02
0.665200E+00  -.564114E+02
0.661600E+00  -.594836E+02
0.658000E+00  -.627416E+02
0.654400E+00  -.661977E+02
0.650800E+00  -.698654E+02
0.647200E+00  -.737587E+02
0.643600E+00  -.778932E+02
0.640000E+00  -.822852E+02
