0.996400E+00  -.502521E-01
0.992800E+00  -.101053E+00
0.989200E+00  -.152412E+00
0.985600E+00  -.204338E+00
0.982000E+00  -.256841E+00
0.978400E+00  -.309932E+00
0.974800E+00  -.363619E+00
0.971200E+00  -.417912E+00
0.967600E+00  -.472824E+00
0.964000E+00  -.528363E+00
0.960400E+00  -.584542E+00
0.956800E+00  -.641370E+00
0.953200E+00  -.698860E+00
0.949600E+00  -.757023E+00
0.946000E+00  -.815871E+00
0.942400E+00  -.875417E+00
0.938800E+00  -.935671E+00
0.935200E+00  -.996648E+00
0.931600E+00  -.105836E+01
0.928000E+00  -.112082E+01
0.924400E+00  -.118404E+01
0.920800E+00  -.124804E+01
0.917200E+00  -.131283E+01
0.913600E+00  -.137842E+01
0.910000E+00  -.144483E+01
0.906400E+00  -.151208E+01
0.902800E+00  -.158018E+01
0.899200E+00  -.164914E+01
0.895600E+00  -.171899E+01
0.892000E+00  -.178973E+01
0.888400E+00  -.186140E+01
0.884800E+00  -.193399E+01
0.881200E+00  -.200754E+01
0.877600E+00  -.208206E+01
0.874000E+00  -.215757E+01
0.870400E+00  -.223409E+01
0.866800E+00  -.231163E+01
0.863200E+00  -.239023E+01
0.859600E+00  -.246990E+01
0.856000E+00  -.255065E+01
0.852400E+00  -.263252E+01
0.848800E+00  -.271553E+01
0.845200E+00  -.279970E+01
0.841600E+00  -.288505E+01
0.838000E+00  -.297161E+01
0.834400E+00  -.305940E+01
0.830800E+00  -.314845E+01
0.827200E+00  -.323878E+01
0.823600E+00  -.333043E+01
0.820000E+00  -.342341E+01
0.816400E+00  -.351777E+01
0.812800E+00  -.361352E+01
0.809200E+00  -.371071E+01
0.805600E+00  -.380935E+01
0.802000E+00  -.390949E+01
0.798400E+00  -.401115E+01
0.794800E+00  -.411437E+01
0.791200E+00  -.421918E+01
0.787600E+00  -.432563E+01
0.784000E+00  -.443374E+01
0.780400E+00  -.454356E+01
0.776800E+00  -.465512E+01
0.773200E+00  -.476847E+01
0.769600E+00  -.488365E+01
0.766000E+00  -.500069E+01
0.762400E+00  -.511965E+01
0.758800E+00  -.524057E+01
0.755200E+00  -.536350E+01
0.751600E+00  -.548849E+01
0.748000E+00  -.561558E+01
0.744400E+00  -.574483E+01
0.740800E+00  -.587630E+01
0.737200E+00  -.601003E+01
0.733600E+00  -.614608E+01
0.730000E+00  -.628452E+01
0.726400E+00  -.642540E+01
0.722800E+00  -.656879E+01
0.719200E+00  -.671475E+01
0.715600E+00  -.686335E+01
0.712000E+00  -.701466E+01
0.708400E+00  -.716875E+01
0.704800E+00  -.732570E+01
0.701200E+00  -.748558E+01
0.697600E+00  -.764847E+01
0.694000E+00  -.781445E+01
0.690400E+00  -.798361E+01
0.686800E+00  -.815605E+01
0.683200E+00  -.833184E+01
0.679600E+00  -.851109E+01
0.676000E+00  -.869389E+01
0.672400E+00  -.888035E+01
0.668800E+00  -.907057E+01
0.665200E+00  -.926467E+01
0.661600E+00  -.946275E+01
0.658000E+00  -.966494E+01
0.654400E+00  -.987136E+01
0.650800E+00  -.100821E+02
0.647200E+00  -.102974E+02
0.643600E+00  -.105173E+02
0.640000E+00  -.107420E+02
