0.996400E+00  -.239952E-01
0.992800E+00  -.482951E-01
0.989200E+00  -.729485E-01
0.985600E+00  -.980060E-01
0.982000E+00  -.123520E+00
0.978400E+00  -.149545E+00
0.974800E+00  -.176138E+00
0.971200E+00  -.203357E+00
0.967600E+00  -.231265E+00
0.964000E+00  -.259926E+00
0.960400E+00  -.289406E+00
0.956800E+00  -.319777E+00
0.953200E+00  -.351110E+00
0.949600E+00  -.383484E+00
0.946000E+00  -.416978E+00
0.942400E+00  -.451677E+00
0.938800E+00  -.487670E+00
0.935200E+00  -.525048E+00
0.931600E+00  -.563909E+00
0.928000E+00  -.604356E+00
0.924400E+00  -.646497E+00
0.920800E+00  -.690444E+00
0.917200E+00  -.736317E+00
0.913600E+00  -.784240E+00
0.910000E+00  -.834348E+00
0.906400E+00  -.886777E+00
0.902800E+00  -.941677E+00
0.899200E+00  -.999200E+00
0.895600E+00  -.105951E+01
0.892000E+00  -.112278E+01
0.888400E+00  -.118920E+01
0.884800E+00  -.125895E+01
0.881200E+00  -.133224E+01
0.877600E+00  -.140929E+01
0.874000E+00  -.149032E+01
0.870400E+00  -.157557E+01
0.866800E+00  -.166530E+01
0.863200E+00  -.175978E+01
0.859600E+00  -.185929E+01
0.856000E+00  -.196415E+01
0.852400E+00  -.207466E+01
0.848800E+00  -.219117E+01
0.845200E+00  -.231404E+01
0.841600E+00  -.244366E+01
0.838000E+00  -.258042E+01
0.834400E+00  -.272477E+01
0.830800E+00  -.287716E+01
0.827200E+00  -.303807E+01
0.823600E+00  -.320803E+01
0.820000E+00  -.338757E+01
0.816400E+00  -.357730E+01
0.812800E+00  -.377781E+01
0.809200E+00  -.398978E+01
0.805600E+00  -.421390E+01
0.802000E+00  -.445092E+01
0.798400E+00  -.470164E+01
0.794800E+00  -.496689E+01
0.791200E+00  -.524759E+01
0.787600E+00  -.554468E+01
0.784000E+00  -.585919E+01
0.780400E+00  -.619221E+01
0.776800E+00  -.654489E+01
0.773200E+00  -.691848E+01
0.769600E+00  -.731429E+01
0.766000E+00  -.773373E+01
0.762400E+00  -.817830E+01
0.758800E+00  -.864961E+01
0.755200E+00  -.914936E+01
0.751600E+00  -.967938E+01
0.748000E+00  -.102416E+02
0.744400E+00  -.108382E+02
0.740800E+00  -.114713E+02
0.737200E+00  -.121433E+02
0.733600E+00  -.128569E+02
0.730000E+00  -.136146E+02
0.726400E+00  -.144195E+02
0.722800E+00  -.152746E+02
0.719200E+00  -.161833E+02
0.715600E+00  -.171492E+02
0.712000E+00  -.181762E+02
0.708400E+00  -.192683E+02
0.704800E+00  -.204301E+02
0.701200E+00  -.216661E+02
0.697600E+00  -.229815E+02
0.694000E+00  -.243819E+02
0.690400E+00  -.258729E+02
0.686800E+00  -.274610E+02
0.683200E+00  -.291529E+02
0.679600E+00  -.309558E+02
0.676000E+00  -.328776E+02
0.672400E+00  -.349267E+02
0.668800E+00  -.371121E+02
0.665200E+00  -.394436E+02
0.661600E+00  -.419316E+02
0.658000E+00  -.445874E+02
0.654400E+00  -.474233E+02
0.650800E+00  -.504523E+02
0.647200E+00  -.536885E+02
0.643600E+00  -.571472E+02
0.640000E+00  -.608450E+02
