0.996400E+00  -.131186E+00
0.992800E+00  -.263932E+00
0.989200E+00  -.398393E+00
0.985600E+00  -.534730E+00
0.982000E+00  -.673110E+00
0.978400E+00  -.813705E+00
0.974800E+00  -.956697E+00
0.971200E+00  -.110227E+01
0.967600E+00  -.125062E+01
0.964000E+00  -.140195E+01
0.960400E+00  -.155646E+01
0.956800E+00  -.171438E+01
0.953200E+00  -.187593E+01
0.949600E+00  -.204135E+01
0.946000E+00  -.221089E+01
0.942400E+00  -.238481E+01
0.938800E+00  -.256337E+01
0.935200E+00  -.274686E+01
0.931600E+00  -.293557E+01
0.928000E+00  -.312981E+01
0.924400E+00  -.332990E+01
0.920800E+00  -.353618E+01
0.917200E+00  -.374899E+01
0.913600E+00  -.396872E+01
0.910000E+00  -.419575E+01
0.906400E+00  -.443048E+01
0.902800E+00  -.467334E+01
0.899200E+00  -.492477E+01
0.895600E+00  -.518526E+01
0.892000E+00  -.545528E+01
0.888400E+00  -.573536E+01
0.884800E+00  -.602604E+01
0.881200E+00  -.632789E+01
0.877600E+00  -.664152E+01
0.874000E+00  -.696755E+01
0.870400E+00  -.730665E+01
0.866800E+00  -.765953E+01
0.863200E+00  -.802693E+01
0.859600E+00  -.840961E+01
0.856000E+00  -.880840E+01
0.852400E+00  -.922417E+01
0.848800E+00  -.965781E+01
0.845200E+00  -.101103E+02
0.841600E+00  -.105827E+02
0.838000E+00  -.110759E+02
0.834400E+00  -.115913E+02
0.830800E+00  -.121299E+02
0.827200E+00  -.126930E+02
0.823600E+00  -.132819E+02
0.820000E+00  -.138981E+02
0.816400E+00  -.145431E+02
0.812800E+00  -.152183E+02
0.809200E+00  -.159256E+02
0.805600E+00  -.166666E+02
0.802000E+00  -.174432E+02
0.798400E+00  -.182573E+02
0.794800E+00  -.191112E+02
0.791200E+00  -.200069E+02
0.787600E+00  -.209469E+02
0.784000E+00  -.219337E+02
0.780400E+00  -.229698E+02
0.776800E+00  -.240581E+02
0.773200E+00  -.252015E+02
0.769600E+00  -.264033E+02
0.766000E+00  -.276667E+02
0.762400E+00  -.289954E+02
0.758800E+00  -.303931E+02
0.755200E+00  -.318638E+02
0.751600E+00  -.334119E+02
0.748000E+00  -.350418E+02
0.744400E+00  -.367583E+02
0.740800E+00  -.385668E+02
0.737200E+00  -.404725E+02
0.733600E+00  -.424814E+02
0.730000E+00  -.445996E+02
0.726400E+00  -.468339E+02
0.722800E+00  -.491911E+02
0.719200E+00  -.516789E+02
0.715600E+00  -.543053E+02
0.712000E+00  -.570789E+02
0.708400E+00  -.600087E+02
0.704800E+00  -.631045E+02
0.701200E+00  -.663768E+02
0.697600E+00  -.698366E+02
0.694000E+00  -.734959E+02
0.690400E+00  -.773674E+02
0.686800E+00  -.814646E+02
0.683200E+00  -.858022E+02
0.679600E+00  -.903957E+02
0.676000E+00  -.952617E+02
0.672400E+00  -.100418E+03
0.668800E+00  -.105884E+03
0.665200E+00  -.111680E+03
0.661600E+00  -.117829E+03
0.658000E+00  -.124353E+03
0.654400E+00  -.131277E+03
0.650800E+00  -.138631E+03
0.647200E+00  -.146441E+03
0.643600E+00  -.154740E+03
0.640000E+00  -.163562E+03
