0.996400E+00  -.105872E+00
0.992800E+00  -.212963E+00
0.989200E+00  -.321354E+00
0.985600E+00  -.431133E+00
0.982000E+00  -.542389E+00
0.978400E+00  -.655213E+00
0.974800E+00  -.769701E+00
0.971200E+00  -.885951E+00
0.967600E+00  -.100407E+01
0.964000E+00  -.112415E+01
0.960400E+00  -.124632E+01
0.956800E+00  -.137068E+01
0.953200E+00  -.149736E+01
0.949600E+00  -.162647E+01
0.946000E+00  -.175815E+01
0.942400E+00  -.189252E+01
0.938800E+00  -.202973E+01
0.935200E+00  -.216991E+01
0.931600E+00  -.231322E+01
0.928000E+00  -.245980E+01
0.924400E+00  -.260983E+01
0.920800E+00  -.276347E+01
0.917200E+00  -.292089E+01
0.913600E+00  -.308228E+01
0.910000E+00  -.324782E+01
0.906400E+00  -.341771E+01
0.902800E+00  -.359216E+01
0.899200E+00  -.377138E+01
0.895600E+00  -.395560E+01
0.892000E+00  -.414504E+01
0.888400E+00  -.433996E+01
0.884800E+00  -.454061E+01
0.881200E+00  -.474725E+01
0.877600E+00  -.496016E+01
0.874000E+00  -.517963E+01
0.870400E+00  -.540597E+01
0.866800E+00  -.563949E+01
0.863200E+00  -.588052E+01
0.859600E+00  -.612941E+01
0.856000E+00  -.638653E+01
0.852400E+00  -.665225E+01
0.848800E+00  -.692697E+01
0.845200E+00  -.721111E+01
0.841600E+00  -.750510E+01
0.838000E+00  -.780941E+01
0.834400E+00  -.812451E+01
0.830800E+00  -.845091E+01
0.827200E+00  -.878913E+01
0.823600E+00  -.913973E+01
0.820000E+00  -.950328E+01
0.816400E+00  -.988040E+01
0.812800E+00  -.102717E+02
0.809200E+00  -.106779E+02
0.805600E+00  -.110997E+02
0.802000E+00  -.115378E+02
0.798400E+00  -.119930E+02
0.794800E+00  -.124662E+02
0.791200E+00  -.129581E+02
0.787600E+00  -.134697E+02
0.784000E+00  -.140020E+02
0.780400E+00  -.145559E+02
0.776800E+00  -.151325E+02
0.773200E+00  -.157329E+02
0.769600E+00  -.163583E+02
0.766000E+00  -.170100E+02
0.762400E+00  -.176891E+02
0.758800E+00  -.183972E+02
0.755200E+00  -.191355E+02
0.751600E+00  -.199058E+02
0.748000E+00  -.207095E+02
0.744400E+00  -.215484E+02
0.740800E+00  -.224242E+02
0.737200E+00  -.233390E+02
0.733600E+00  -.242945E+02
0.730000E+00  -.252930E+02
0.726400E+00  -.263368E+02
0.722800E+00  -.274280E+02
0.719200E+00  -.285694E+02
0.715600E+00  -.297634E+02
0.712000E+00  -.310129E+02
0.708400E+00  -.323209E+02
0.704800E+00  -.336904E+02
0.701200E+00  -.351249E+02
0.697600E+00  -.366277E+02
0.694000E+00  -.382027E+02
0.690400E+00  -.398538E+02
0.686800E+00  -.415851E+02
0.683200E+00  -.434012E+02
0.679600E+00  -.453066E+02
0.676000E+00  -.473065E+02
0.672400E+00  -.494062E+02
0.668800E+00  -.516113E+02
0.665200E+00  -.539277E+02
0.661600E+00  -.563619E+02
0.658000E+00  -.589207E+02
0.654400E+00  -.616113E+02
0.650800E+00  -.644413E+02
0.647200E+00  -.674189E+02
0.643600E+00  -.705529E+02
0.640000E+00  -.738525E+02
