0.996400E+00  -.753498E-01
0.992800E+00  -.151572E+00
0.989200E+00  -.228733E+00
0.985600E+00  -.306900E+00
0.982000E+00  -.386143E+00
0.978400E+00  -.466535E+00
0.974800E+00  -.548151E+00
0.971200E+00  -.631069E+00
0.967600E+00  -.715371E+00
0.964000E+00  -.801140E+00
0.960400E+00  -.888466E+00
0.956800E+00  -.977438E+00
0.953200E+00  -.106815E+01
0.949600E+00  -.116071E+01
0.946000E+00  -.125521E+01
0.942400E+00  -.135176E+01
0.938800E+00  -.145047E+01
0.935200E+00  -.155147E+01
0.931600E+00  -.165487E+01
0.928000E+00  -.176080E+01
0.924400E+00  -.186939E+01
0.920800E+00  -.198079E+01
0.917200E+00  -.209514E+01
0.913600E+00  -.221259E+01
0.910000E+00  -.233331E+01
0.906400E+00  -.245746E+01
0.902800E+00  -.258522E+01
0.899200E+00  -.271677E+01
0.895600E+00  -.285231E+01
0.892000E+00  -.299204E+01
0.888400E+00  -.313618E+01
0.884800E+00  -.328495E+01
0.881200E+00  -.343858E+01
0.877600E+00  -.359732E+01
0.874000E+00  -.376144E+01
0.870400E+00  -.393121E+01
0.866800E+00  -.410691E+01
0.863200E+00  -.428886E+01
0.859600E+00  -.447737E+01
0.856000E+00  -.467277E+01
0.852400E+00  -.487544E+01
0.848800E+00  -.508573E+01
0.845200E+00  -.530405E+01
0.841600E+00  -.553081E+01
0.838000E+00  -.576645E+01
0.834400E+00  -.601144E+01
0.830800E+00  -.626627E+01
0.827200E+00  -.653145E+01
0.823600E+00  -.680754E+01
0.820000E+00  -.709511E+01
0.816400E+00  -.739477E+01
0.812800E+00  -.770717E+01
0.809200E+00  -.803299E+01
0.805600E+00  -.837297E+01
0.802000E+00  -.872786E+01
0.798400E+00  -.909848E+01
0.794800E+00  -.948569E+01
0.791200E+00  -.989040E+01
0.787600E+00  -.103136E+02
0.784000E+00  -.107562E+02
0.780400E+00  -.112195E+02
0.776800E+00  -.117044E+02
0.773200E+00  -.122124E+02
0.769600E+00  -.127445E+02
0.766000E+00  -.133023E+02
0.762400E+00  -.138872E+02
0.758800E+00  -.145007E+02
0.755200E+00  -.151446E+02
0.751600E+00  -.158205E+02
0.748000E+00  -.165303E+02
0.744400E+00  -.172760E+02
0.740800E+00  -.180598E+02
0.737200E+00  -.188839E+02
0.733600E+00  -.197506E+02
0.730000E+00  -.206627E+02
0.726400E+00  -.216226E+02
0.722800E+00  -.226335E+02
0.719200E+00  -.236983E+02
0.715600E+00  -.248204E+02
0.712000E+00  -.260033E+02
0.708400E+00  -.272508E+02
0.704800E+00  -.285669E+02
0.701200E+00  -.299559E+02
0.697600E+00  -.314223E+02
0.694000E+00  -.329711E+02
0.690400E+00  -.346075E+02
0.686800E+00  -.363371E+02
0.683200E+00  -.381660E+02
0.679600E+00  -.401006E+02
0.676000E+00  -.421476E+02
0.672400E+00  -.443146E+02
0.668800E+00  -.466094E+02
0.665200E+00  -.490405E+02
0.661600E+00  -.516169E+02
0.658000E+00  -.543485E+02
0.654400E+00  -.572456E+02
0.650800E+00  -.603196E+02
0.647200E+00  -.635825E+02
0.643600E+00  -.670472E+02
0.640000E+00  -.707277E+02
