0.996400E+00  -.427710E-02
0.992800E+00  -.860820E-02
0.989200E+00  -.130017E-01
0.985600E+00  -.174661E-01
0.982000E+00  -.220106E-01
0.978400E+00  -.266444E-01
0.974800E+00  -.313771E-01
0.971200E+00  -.362190E-01
0.967600E+00  -.411804E-01
0.964000E+00  -.462723E-01
0.960400E+00  -.515060E-01
0.956800E+00  -.568935E-01
0.953200E+00  -.624471E-01
0.949600E+00  -.681797E-01
0.946000E+00  -.741048E-01
0.942400E+00  -.802366E-01
0.938800E+00  -.865898E-01
0.935200E+00  -.931798E-01
0.931600E+00  -.100023E+00
0.928000E+00  -.107136E+00
0.924400E+00  -.114536E+00
0.920800E+00  -.122243E+00
0.917200E+00  -.130276E+00
0.913600E+00  -.138654E+00
0.910000E+00  -.147401E+00
0.906400E+00  -.156537E+00
0.902800E+00  -.166088E+00
0.899200E+00  -.176077E+00
0.895600E+00  -.186531E+00
0.892000E+00  -.197477E+00
0.888400E+00  -.208944E+00
0.884800E+00  -.220963E+00
0.881200E+00  -.233566E+00
0.877600E+00  -.246786E+00
0.874000E+00  -.260659E+00
0.870400E+00  -.275223E+00
0.866800E+00  -.290516E+00
0.863200E+00  -.306580E+00
0.859600E+00  -.323459E+00
0.856000E+00  -.341199E+00
0.852400E+00  -.359849E+00
0.848800E+00  -.379460E+00
0.845200E+00  -.400087E+00
0.841600E+00  -.421787E+00
0.838000E+00  -.444619E+00
0.834400E+00  -.468649E+00
0.830800E+00  -.493944E+00
0.827200E+00  -.520574E+00
0.823600E+00  -.548616E+00
0.820000E+00  -.578148E+00
0.816400E+00  -.609256E+00
0.812800E+00  -.642028E+00
0.809200E+00  -.676559E+00
0.805600E+00  -.712948E+00
0.802000E+00  -.751301E+00
0.798400E+00  -.791730E+00
0.794800E+00  -.834353E+00
0.791200E+00  -.879296E+00
0.787600E+00  -.926691E+00
0.784000E+00  -.976680E+00
0.780400E+00  -.102941E+01
0.776800E+00  -.108504E+01
0.773200E+00  -.114375E+01
0.769600E+00  -.120569E+01
0.766000E+00  -.127108E+01
0.762400E+00  -.134010E+01
0.758800E+00  -.141297E+01
0.755200E+00  -.148991E+01
0.751600E+00  -.157117E+01
0.748000E+00  -.165699E+01
0.744400E+00  -.174766E+01
0.740800E+00  -.184345E+01
0.737200E+00  -.194468E+01
0.733600E+00  -.205167E+01
0.730000E+00  -.216476E+01
0.726400E+00  -.228432E+01
0.722800E+00  -.241075E+01
0.719200E+00  -.254446E+01
0.715600E+00  -.268589E+01
0.712000E+00  -.283551E+01
0.708400E+00  -.299384E+01
0.704800E+00  -.316141E+01
0.701200E+00  -.333878E+01
0.697600E+00  -.352657E+01
0.694000E+00  -.372543E+01
0.690400E+00  -.393604E+01
0.686800E+00  -.415916E+01
0.683200E+00  -.439556E+01
0.679600E+00  -.464610E+01
0.676000E+00  -.491167E+01
0.672400E+00  -.519324E+01
0.668800E+00  -.549182E+01
0.665200E+00  -.580853E+01
0.661600E+00  -.614452E+01
0.658000E+00  -.650107E+01
0.654400E+00  -.687952E+01
0.650800E+00  -.728130E+01
0.647200E+00  -.770795E+01
0.643600E+00  -.816112E+01
0.640000E+00  -.864258E+01
