0.996400E+00  -.171484E-01
0.992800E+00  -.344905E-01
0.989200E+00  -.520363E-01
0.985600E+00  -.697960E-01
0.982000E+00  -.877801E-01
0.978400E+00  -.106000E+00
0.974800E+00  -.124465E+00
0.971200E+00  -.143189E+00
0.967600E+00  -.162183E+00
0.964000E+00  -.181459E+00
0.960400E+00  -.201031E+00
0.956800E+00  -.220910E+00
0.953200E+00  -.241112E+00
0.949600E+00  -.261649E+00
0.946000E+00  -.282537E+00
0.942400E+00  -.303791E+00
0.938800E+00  -.325425E+00
0.935200E+00  -.347457E+00
0.931600E+00  -.369903E+00
0.928000E+00  -.392780E+00
0.924400E+00  -.416105E+00
0.920800E+00  -.439898E+00
0.917200E+00  -.464177E+00
0.913600E+00  -.488963E+00
0.910000E+00  -.514274E+00
0.906400E+00  -.540134E+00
0.902800E+00  -.566563E+00
0.899200E+00  -.593585E+00
0.895600E+00  -.621222E+00
0.892000E+00  -.649500E+00
0.888400E+00  -.678443E+00
0.884800E+00  -.708078E+00
0.881200E+00  -.738432E+00
0.877600E+00  -.769532E+00
0.874000E+00  -.801409E+00
0.870400E+00  -.834093E+00
0.866800E+00  -.867615E+00
0.863200E+00  -.902007E+00
0.859600E+00  -.937303E+00
0.856000E+00  -.973539E+00
0.852400E+00  -.101075E+01
0.848800E+00  -.104898E+01
0.845200E+00  -.108826E+01
0.841600E+00  -.112863E+01
0.838000E+00  -.117014E+01
0.834400E+00  -.121283E+01
0.830800E+00  -.125674E+01
0.827200E+00  -.130193E+01
0.823600E+00  -.134844E+01
0.820000E+00  -.139633E+01
0.816400E+00  -.144564E+01
0.812800E+00  -.149644E+01
0.809200E+00  -.154878E+01
0.805600E+00  -.160272E+01
0.802000E+00  -.165833E+01
0.798400E+00  -.171566E+01
0.794800E+00  -.177479E+01
0.791200E+00  -.183579E+01
0.787600E+00  -.189873E+01
0.784000E+00  -.196369E+01
0.780400E+00  -.203074E+01
0.776800E+00  -.209998E+01
0.773200E+00  -.217148E+01
0.769600E+00  -.224534E+01
0.766000E+00  -.232165E+01
0.762400E+00  -.240051E+01
0.758800E+00  -.248202E+01
0.755200E+00  -.256629E+01
0.751600E+00  -.265342E+01
0.748000E+00  -.274355E+01
0.744400E+00  -.283678E+01
0.740800E+00  -.293324E+01
0.737200E+00  -.303307E+01
0.733600E+00  -.313640E+01
0.730000E+00  -.324337E+01
0.726400E+00  -.335415E+01
0.722800E+00  -.346887E+01
0.719200E+00  -.358772E+01
0.715600E+00  -.371085E+01
0.712000E+00  -.383846E+01
0.708400E+00  -.397072E+01
0.704800E+00  -.410784E+01
0.701200E+00  -.425001E+01
0.697600E+00  -.439746E+01
0.694000E+00  -.455040E+01
0.690400E+00  -.470908E+01
0.686800E+00  -.487374E+01
0.683200E+00  -.504464E+01
0.679600E+00  -.522205E+01
0.676000E+00  -.540624E+01
0.672400E+00  -.559753E+01
0.668800E+00  -.579622E+01
0.665200E+00  -.600264E+01
0.661600E+00  -.621712E+01
0.658000E+00  -.644004E+01
0.654400E+00  -.667176E+01
0.650800E+00  -.691268E+01
0.647200E+00  -.716322E+01
0.643600E+00  -.742381E+01
0.640000E+00  -.769491E+01
