0.996400E+00  -.131621E+00
0.992800E+00  -.264685E+00
0.989200E+00  -.399221E+00
0.985600E+00  -.535257E+00
0.982000E+00  -.672826E+00
0.978400E+00  -.811957E+00
0.974800E+00  -.952684E+00
0.971200E+00  -.109504E+01
0.967600E+00  -.123905E+01
0.964000E+00  -.138476E+01
0.960400E+00  -.153221E+01
0.956800E+00  -.168142E+01
0.953200E+00  -.183243E+01
0.949600E+00  -.198528E+01
0.946000E+00  -.214002E+01
0.942400E+00  -.229667E+01
0.938800E+00  -.245528E+01
0.935200E+00  -.261590E+01
0.931600E+00  -.277856E+01
0.928000E+00  -.294331E+01
0.924400E+00  -.311019E+01
0.920800E+00  -.327925E+01
0.917200E+00  -.345054E+01
0.913600E+00  -.362410E+01
0.910000E+00  -.379999E+01
0.906400E+00  -.397825E+01
0.902800E+00  -.415893E+01
0.899200E+00  -.434210E+01
0.895600E+00  -.452781E+01
0.892000E+00  -.471610E+01
0.888400E+00  -.490704E+01
0.884800E+00  -.510069E+01
0.881200E+00  -.529711E+01
0.877600E+00  -.549637E+01
0.874000E+00  -.569851E+01
0.870400E+00  -.590362E+01
0.866800E+00  -.611176E+01
0.863200E+00  -.632299E+01
0.859600E+00  -.653739E+01
0.856000E+00  -.675504E+01
0.852400E+00  -.697600E+01
0.848800E+00  -.720036E+01
0.845200E+00  -.742819E+01
0.841600E+00  -.765957E+01
0.838000E+00  -.789460E+01
0.834400E+00  -.813334E+01
0.830800E+00  -.837591E+01
0.827200E+00  -.862237E+01
0.823600E+00  -.887283E+01
0.820000E+00  -.912739E+01
0.816400E+00  -.938614E+01
0.812800E+00  -.964918E+01
0.809200E+00  -.991662E+01
0.805600E+00  -.101886E+02
0.802000E+00  -.104651E+02
0.798400E+00  -.107464E+02
0.794800E+00  -.110326E+02
0.791200E+00  -.113237E+02
0.787600E+00  -.116199E+02
0.784000E+00  -.119213E+02
0.780400E+00  -.122281E+02
0.776800E+00  -.125404E+02
0.773200E+00  -.128583E+02
0.769600E+00  -.131819E+02
0.766000E+00  -.135115E+02
0.762400E+00  -.138472E+02
0.758800E+00  -.141891E+02
0.755200E+00  -.145374E+02
0.751600E+00  -.148922E+02
0.748000E+00  -.152538E+02
0.744400E+00  -.156223E+02
0.740800E+00  -.159979E+02
0.737200E+00  -.163808E+02
0.733600E+00  -.167711E+02
0.730000E+00  -.171692E+02
0.726400E+00  -.175751E+02
0.722800E+00  -.179891E+02
0.719200E+00  -.184115E+02
0.715600E+00  -.188424E+02
0.712000E+00  -.192821E+02
0.708400E+00  -.197309E+02
0.704800E+00  -.201890E+02
0.701200E+00  -.206566E+02
0.697600E+00  -.211340E+02
0.694000E+00  -.216215E+02
0.690400E+00  -.221194E+02
0.686800E+00  -.226280E+02
0.683200E+00  -.231476E+02
0.679600E+00  -.236786E+02
0.676000E+00  -.242211E+02
0.672400E+00  -.247757E+02
0.668800E+00  -.253426E+02
0.665200E+00  -.259222E+02
0.661600E+00  -.265148E+02
0.658000E+00  -.271210E+02
0.654400E+00  -.277410E+02
0.650800E+00  -.283754E+02
0.647200E+00  -.290245E+02
0.643600E+00  -.296887E+02
0.640000E+00  -.303687E+02
