0.996400E+00  -.975431E-01
0.992800E+00  -.196176E+00
0.989200E+00  -.295943E+00
0.985600E+00  -.396888E+00
0.982000E+00  -.499058E+00
0.978400E+00  -.602500E+00
0.974800E+00  -.707263E+00
0.971200E+00  -.813398E+00
0.967600E+00  -.920958E+00
0.964000E+00  -.103000E+01
0.960400E+00  -.114057E+01
0.956800E+00  -.125273E+01
0.953200E+00  -.136655E+01
0.949600E+00  -.148208E+01
0.946000E+00  -.159938E+01
0.942400E+00  -.171853E+01
0.938800E+00  -.183959E+01
0.935200E+00  -.196263E+01
0.931600E+00  -.208773E+01
0.928000E+00  -.221495E+01
0.924400E+00  -.234438E+01
0.920800E+00  -.247610E+01
0.917200E+00  -.261020E+01
0.913600E+00  -.274675E+01
0.910000E+00  -.288585E+01
0.906400E+00  -.302760E+01
0.902800E+00  -.317209E+01
0.899200E+00  -.331942E+01
0.895600E+00  -.346969E+01
0.892000E+00  -.362302E+01
0.888400E+00  -.377952E+01
0.884800E+00  -.393930E+01
0.881200E+00  -.410249E+01
0.877600E+00  -.426921E+01
0.874000E+00  -.443960E+01
0.870400E+00  -.461378E+01
0.866800E+00  -.479191E+01
0.863200E+00  -.497413E+01
0.859600E+00  -.516060E+01
0.856000E+00  -.535147E+01
0.852400E+00  -.554691E+01
0.848800E+00  -.574710E+01
0.845200E+00  -.595221E+01
0.841600E+00  -.616244E+01
0.838000E+00  -.637798E+01
0.834400E+00  -.659904E+01
0.830800E+00  -.682583E+01
0.827200E+00  -.705857E+01
0.823600E+00  -.729751E+01
0.820000E+00  -.754287E+01
0.816400E+00  -.779491E+01
0.812800E+00  -.805391E+01
0.809200E+00  -.832013E+01
0.805600E+00  -.859386E+01
0.802000E+00  -.887541E+01
0.798400E+00  -.916510E+01
0.794800E+00  -.946325E+01
0.791200E+00  -.977020E+01
0.787600E+00  -.100863E+02
0.784000E+00  -.104120E+02
0.780400E+00  -.107476E+02
0.776800E+00  -.110936E+02
0.773200E+00  -.114504E+02
0.769600E+00  -.118184E+02
0.766000E+00  -.121982E+02
0.762400E+00  -.125902E+02
0.758800E+00  -.129949E+02
0.755200E+00  -.134130E+02
0.751600E+00  -.138449E+02
0.748000E+00  -.142913E+02
0.744400E+00  -.147529E+02
0.740800E+00  -.152302E+02
0.737200E+00  -.157241E+02
0.733600E+00  -.162351E+02
0.730000E+00  -.167642E+02
0.726400E+00  -.173121E+02
0.722800E+00  -.178797E+02
0.719200E+00  -.184679E+02
0.715600E+00  -.190777E+02
0.712000E+00  -.197099E+02
0.708400E+00  -.203658E+02
0.704800E+00  -.210464E+02
0.701200E+00  -.217528E+02
0.697600E+00  -.224864E+02
0.694000E+00  -.232484E+02
0.690400E+00  -.240401E+02
0.686800E+00  -.248631E+02
0.683200E+00  -.257189E+02
0.679600E+00  -.266090E+02
0.676000E+00  -.275352E+02
0.672400E+00  -.284993E+02
0.668800E+00  -.295031E+02
0.665200E+00  -.305488E+02
0.661600E+00  -.316384E+02
0.658000E+00  -.327741E+02
0.654400E+00  -.339584E+02
0.650800E+00  -.351938E+02
0.647200E+00  -.364830E+02
0.643600E+00  -.378287E+02
0.640000E+00  -.392341E+02
