0.106601E+01  0.310940E+01
0.113576E+01  0.582086E+01
0.120904E+01  0.820521E+01
0.128550E+01  0.103208E+02
0.136476E+01  0.122155E+02
0.144640E+01  0.139286E+02
0.152997E+01  0.154922E+02
0.161507E+01  0.169325E+02
0.170129E+01  0.182706E+02
0.178831E+01  0.195237E+02
0.187583E+01  0.207056E+02
0.196360E+01  0.218278E+02
0.205144E+01  0.228993E+02
0.213919E+01  0.239276E+02
0.222673E+01  0.249187E+02
0.231398E+01  0.258776E+02
0.240086E+01  0.268086E+02
0.248733E+01  0.277150E+02
0.257336E+01  0.285997E+02
0.265893E+01  0.294652E+02
0.274402E+01  0.303134E+02
0.282863E+01  0.311463E+02
0.291276E+01  0.319652E+02
0.299641E+01  0.327715E+02
0.307960E+01  0.335663E+02
0.316232E+01  0.343506E+02
0.324460E+01  0.351252E+02
0.332643E+01  0.358909E+02
0.340784E+01  0.366484E+02
0.348883E+01  0.373982E+02
0.356941E+01  0.381410E+02
0.364961E+01  0.388771E+02
0.372942E+01  0.396071E+02
0.380887E+01  0.403312E+02
0.388796E+01  0.410499E+02
0.396671E+01  0.417635E+02
0.404513E+01  0.424722E+02
0.412322E+01  0.431763E+02
0.420100E+01  0.438762E+02
0.427848E+01  0.445719E+02
0.435567E+01  0.452637E+02
0.443258E+01  0.459519E+02
0.450921E+01  0.466365E+02
0.458557E+01  0.473178E+02
0.466168E+01  0.479958E+02
0.473754E+01  0.486708E+02
0.481317E+01  0.493428E+02
0.488855E+01  0.500121E+02
0.496371E+01  0.506787E+02
0.503866E+01  0.513427E+02
0.511339E+01  0.520042E+02
0.518791E+01  0.526633E+02
0.526223E+01  0.533202E+02
0.533636E+01  0.539748E+02
0.541030E+01  0.546273E+02
0.548406E+01  0.552778E+02
0.555764E+01  0.559264E+02
0.563105E+01  0.565730E+02
0.570429E+01  0.572178E+02
0.577736E+01  0.578609E+02
0.585028E+01  0.585022E+02
0.592305E+01  0.591419E+02
0.599567E+01  0.597800E+02
0.606814E+01  0.604166E+02
0.614047E+01  0.610516E+02
0.621266E+01  0.616853E+02
0.628472E+01  0.623175E+02
0.635665E+01  0.629484E+02
0.642845E+01  0.635779E+02
0.650013E+01  0.642062E+02
0.657169E+01  0.648333E+02
0.664314E+01  0.654591E+02
0.671447E+01  0.660838E+02
0.678569E+01  0.667074E+02
0.685680E+01  0.673299E+02
0.692781E+01  0.679513E+02
0.699871E+01  0.685717E+02
0.706952E+01  0.691911E+02
0.714023E+01  0.698096E+02
0.721085E+01  0.704271E+02
0.728138E+01  0.710436E+02
0.735181E+01  0.716593E+02
0.742216E+01  0.722741E+02
0.749243E+01  0.728881E+02
0.756261E+01  0.735013E+02
0.763271E+01  0.741136E+02
0.770274E+01  0.747252E+02
0.777268E+01  0.753361E+02
0.784256E+01  0.759462E+02
0.791236E+01  0.765556E+02
0.798209E+01  0.771642E+02
0.805175E+01  0.777723E+02
0.812134E+01  0.783796E+02
0.819087E+01  0.789864E+02
0.826034E+01  0.795925E+02
0.832974E+01  0.801980E+02
0.839908E+01  0.808029E+02
0.846836E+01  0.814072E+02
0.853758E+01  0.820109E+02
0.860675E+01  0.826142E+02
