0.106590E+01  0.313931E+01
0.113530E+01  0.589775E+01
0.120792E+01  0.834286E+01
0.128342E+01  0.105302E+02
0.136140E+01  0.125053E+02
0.144145E+01  0.143056E+02
0.152318E+01  0.159613E+02
0.160618E+01  0.174973E+02
0.169014E+01  0.189337E+02
0.177474E+01  0.202868E+02
0.185974E+01  0.215698E+02
0.194493E+01  0.227935E+02
0.203015E+01  0.239666E+02
0.211528E+01  0.250964E+02
0.220020E+01  0.261888E+02
0.228484E+01  0.272486E+02
0.236916E+01  0.282799E+02
0.245311E+01  0.292861E+02
0.253666E+01  0.302700E+02
0.261980E+01  0.312342E+02
0.270252E+01  0.321805E+02
0.278480E+01  0.331109E+02
0.286666E+01  0.340267E+02
0.294810E+01  0.349295E+02
0.302912E+01  0.358202E+02
0.310972E+01  0.366999E+02
0.318993E+01  0.375694E+02
0.326974E+01  0.384297E+02
0.334918E+01  0.392813E+02
0.342824E+01  0.401249E+02
0.350694E+01  0.409610E+02
0.358529E+01  0.417901E+02
0.366330E+01  0.426127E+02
0.374099E+01  0.434293E+02
0.381836E+01  0.442400E+02
0.389542E+01  0.450454E+02
0.397219E+01  0.458457E+02
0.404867E+01  0.466411E+02
0.412487E+01  0.474320E+02
0.420080E+01  0.482186E+02
0.427647E+01  0.490011E+02
0.435189E+01  0.497797E+02
0.442707E+01  0.505545E+02
0.450201E+01  0.513259E+02
0.457672E+01  0.520939E+02
0.465121E+01  0.528586E+02
0.472549E+01  0.536203E+02
0.479956E+01  0.543791E+02
0.487343E+01  0.551350E+02
0.494711E+01  0.558883E+02
0.502060E+01  0.566390E+02
0.509391E+01  0.573871E+02
0.516704E+01  0.581329E+02
0.524000E+01  0.588765E+02
0.531279E+01  0.596178E+02
0.538542E+01  0.603570E+02
0.545790E+01  0.610941E+02
0.553023E+01  0.618293E+02
0.560240E+01  0.625626E+02
0.567444E+01  0.632941E+02
0.574634E+01  0.640238E+02
0.581810E+01  0.647518E+02
0.588973E+01  0.654782E+02
0.596124E+01  0.662030E+02
0.603262E+01  0.669263E+02
0.610389E+01  0.676480E+02
0.617504E+01  0.683684E+02
0.624607E+01  0.690873E+02
0.631700E+01  0.698050E+02
0.638782E+01  0.705213E+02
0.645853E+01  0.712364E+02
0.652915E+01  0.719502E+02
0.659967E+01  0.726629E+02
0.667009E+01  0.733745E+02
0.674042E+01  0.740849E+02
0.681066E+01  0.747943E+02
0.688082E+01  0.755026E+02
0.695089E+01  0.762099E+02
0.702087E+01  0.769162E+02
0.709078E+01  0.776216E+02
0.716061E+01  0.783261E+02
0.723036E+01  0.790297E+02
0.730004E+01  0.797324E+02
0.736965E+01  0.804343E+02
0.743919E+01  0.811353E+02
0.750865E+01  0.818356E+02
0.757806E+01  0.825350E+02
0.764739E+01  0.832338E+02
0.771667E+01  0.839318E+02
0.778588E+01  0.846291E+02
0.785504E+01  0.853257E+02
0.792414E+01  0.860216E+02
0.799318E+01  0.867169E+02
0.806216E+01  0.874116E+02
0.813109E+01  0.881056E+02
0.819997E+01  0.887991E+02
0.826880E+01  0.894919E+02
0.833758E+01  0.901842E+02
0.840631E+01  0.908760E+02
0.847500E+01  0.915672E+02
