0.106629E+01  0.172632E+01
0.113705E+01  0.320112E+01
0.121219E+01  0.446910E+01
0.129154E+01  0.556719E+01
0.137480E+01  0.652595E+01
0.146158E+01  0.737060E+01
0.155140E+01  0.812190E+01
0.164376E+01  0.879685E+01
0.173812E+01  0.940930E+01
0.183400E+01  0.997048E+01
0.193094E+01  0.104894E+02
0.202853E+01  0.109735E+02
0.212647E+01  0.114286E+02
0.222446E+01  0.118593E+02
0.232230E+01  0.122695E+02
0.241983E+01  0.126623E+02
0.251692E+01  0.130401E+02
0.261349E+01  0.134051E+02
0.270948E+01  0.137588E+02
0.280484E+01  0.141027E+02
0.289955E+01  0.144380E+02
0.299360E+01  0.147655E+02
0.308697E+01  0.150862E+02
0.317969E+01  0.154007E+02
0.327175E+01  0.157097E+02
0.336316E+01  0.160136E+02
0.345394E+01  0.163128E+02
0.354410E+01  0.166079E+02
0.363367E+01  0.168990E+02
0.372265E+01  0.171866E+02
0.381107E+01  0.174708E+02
0.389894E+01  0.177519E+02
0.398628E+01  0.180301E+02
0.407310E+01  0.183057E+02
0.415943E+01  0.185787E+02
0.424528E+01  0.188494E+02
0.433066E+01  0.191178E+02
0.441559E+01  0.193841E+02
0.450009E+01  0.196483E+02
0.458416E+01  0.199107E+02
0.466782E+01  0.201713E+02
0.475109E+01  0.204302E+02
0.483398E+01  0.206875E+02
0.491649E+01  0.209432E+02
0.499864E+01  0.211974E+02
0.508044E+01  0.214502E+02
0.516190E+01  0.217016E+02
0.524303E+01  0.219517E+02
0.532385E+01  0.222006E+02
0.540435E+01  0.224483E+02
0.548455E+01  0.226948E+02
0.556445E+01  0.229402E+02
0.564407E+01  0.231845E+02
0.572341E+01  0.234277E+02
0.580248E+01  0.236700E+02
0.588129E+01  0.239113E+02
0.595985E+01  0.241517E+02
0.603815E+01  0.243912E+02
0.611621E+01  0.246298E+02
0.619403E+01  0.248675E+02
0.627162E+01  0.251044E+02
0.634899E+01  0.253405E+02
0.642614E+01  0.255759E+02
0.650307E+01  0.258105E+02
0.657979E+01  0.260443E+02
0.665631E+01  0.262775E+02
0.673263E+01  0.265100E+02
0.680876E+01  0.267418E+02
0.688470E+01  0.269729E+02
0.696045E+01  0.272034E+02
0.703602E+01  0.274333E+02
0.711141E+01  0.276626E+02
0.718663E+01  0.278913E+02
0.726168E+01  0.281194E+02
0.733656E+01  0.283470E+02
0.741128E+01  0.285740E+02
0.748585E+01  0.288005E+02
0.756026E+01  0.290265E+02
0.763451E+01  0.292519E+02
0.770862E+01  0.294769E+02
0.778258E+01  0.297014E+02
0.785641E+01  0.299254E+02
0.793009E+01  0.301490E+02
0.800363E+01  0.303721E+02
0.807704E+01  0.305948E+02
0.815033E+01  0.308170E+02
0.822348E+01  0.310388E+02
0.829651E+01  0.312602E+02
0.836941E+01  0.314813E+02
0.844219E+01  0.317019E+02
0.851486E+01  0.319221E+02
0.858741E+01  0.321420E+02
0.865985E+01  0.323614E+02
0.873217E+01  0.325806E+02
0.880439E+01  0.327993E+02
0.887650E+01  0.330178E+02
0.894851E+01  0.332359E+02
0.902041E+01  0.334536E+02
0.909221E+01  0.336711E+02
0.916391E+01  0.338882E+02
