0.106626E+01  0.273044E+01
0.113687E+01  0.506941E+01
0.121176E+01  0.708656E+01
0.129070E+01  0.883940E+01
0.137338E+01  0.103755E+02
0.145939E+01  0.117340E+02
0.154825E+01  0.129472E+02
0.163947E+01  0.140414E+02
0.173253E+01  0.150380E+02
0.182696E+01  0.159545E+02
0.192235E+01  0.168049E+02
0.201831E+01  0.176005E+02
0.211454E+01  0.183503E+02
0.221079E+01  0.190617E+02
0.230687E+01  0.197407E+02
0.240264E+01  0.203919E+02
0.249797E+01  0.210193E+02
0.259279E+01  0.216262E+02
0.268705E+01  0.222151E+02
0.278071E+01  0.227882E+02
0.287375E+01  0.233474E+02
0.296614E+01  0.238942E+02
0.305791E+01  0.244299E+02
0.314903E+01  0.249557E+02
0.323953E+01  0.254724E+02
0.332942E+01  0.259809E+02
0.341870E+01  0.264820E+02
0.350740E+01  0.269761E+02
0.359552E+01  0.274639E+02
0.368309E+01  0.279459E+02
0.377012E+01  0.284225E+02
0.385662E+01  0.288940E+02
0.394263E+01  0.293608E+02
0.402814E+01  0.298233E+02
0.411318E+01  0.302816E+02
0.419775E+01  0.307360E+02
0.428189E+01  0.311867E+02
0.436560E+01  0.316340E+02
0.444889E+01  0.320781E+02
0.453177E+01  0.325190E+02
0.461427E+01  0.329570E+02
0.469639E+01  0.333922E+02
0.477814E+01  0.338248E+02
0.485954E+01  0.342548E+02
0.494059E+01  0.346823E+02
0.502132E+01  0.351076E+02
0.510171E+01  0.355306E+02
0.518180E+01  0.359515E+02
0.526157E+01  0.363703E+02
0.534106E+01  0.367872E+02
0.542025E+01  0.372022E+02
0.549916E+01  0.376153E+02
0.557781E+01  0.380267E+02
0.565619E+01  0.384364E+02
0.573431E+01  0.388445E+02
0.581218E+01  0.392510E+02
0.588980E+01  0.396559E+02
0.596719E+01  0.400594E+02
0.604435E+01  0.404615E+02
0.612129E+01  0.408622E+02
0.619800E+01  0.412615E+02
0.627450E+01  0.416596E+02
0.635080E+01  0.420564E+02
0.642689E+01  0.424519E+02
0.650278E+01  0.428463E+02
0.657848E+01  0.432395E+02
0.665399E+01  0.436316E+02
0.672931E+01  0.440227E+02
0.680446E+01  0.444126E+02
0.687943E+01  0.448015E+02
0.695423E+01  0.451895E+02
0.702886E+01  0.455764E+02
0.710333E+01  0.459624E+02
0.717764E+01  0.463475E+02
0.725179E+01  0.467317E+02
0.732579E+01  0.471150E+02
0.739964E+01  0.474974E+02
0.747334E+01  0.478790E+02
0.754691E+01  0.482598E+02
0.762033E+01  0.486398E+02
0.769362E+01  0.490190E+02
0.776677E+01  0.493975E+02
0.783979E+01  0.497752E+02
0.791268E+01  0.501522E+02
0.798545E+01  0.505285E+02
0.805810E+01  0.509041E+02
0.813063E+01  0.512790E+02
0.820304E+01  0.516533E+02
0.827533E+01  0.520269E+02
0.834751E+01  0.523999E+02
0.841959E+01  0.527723E+02
0.849155E+01  0.531441E+02
0.856341E+01  0.535153E+02
0.863517E+01  0.538859E+02
0.870682E+01  0.542560E+02
0.877838E+01  0.546255E+02
0.884984E+01  0.549945E+02
0.892120E+01  0.553630E+02
0.899247E+01  0.557309E+02
0.906365E+01  0.560984E+02
