0.106590E+01  0.685874E+00
0.113530E+01  0.128848E+01
0.120793E+01  0.182260E+01
0.128344E+01  0.230037E+01
0.136144E+01  0.273175E+01
0.144151E+01  0.312489E+01
0.152325E+01  0.348645E+01
0.160628E+01  0.382185E+01
0.169025E+01  0.413547E+01
0.177488E+01  0.443088E+01
0.185991E+01  0.471097E+01
0.194512E+01  0.497812E+01
0.203037E+01  0.523422E+01
0.211552E+01  0.548084E+01
0.220047E+01  0.571928E+01
0.228514E+01  0.595061E+01
0.236948E+01  0.617571E+01
0.245345E+01  0.639533E+01
0.253703E+01  0.661009E+01
0.262019E+01  0.682052E+01
0.270293E+01  0.702706E+01
0.278524E+01  0.723011E+01
0.286713E+01  0.743000E+01
0.294858E+01  0.762702E+01
0.302962E+01  0.782141E+01
0.311025E+01  0.801340E+01
0.319048E+01  0.820318E+01
0.327031E+01  0.839092E+01
0.334976E+01  0.857677E+01
0.342884E+01  0.876087E+01
0.350756E+01  0.894334E+01
0.358593E+01  0.912429E+01
0.366396E+01  0.930381E+01
0.374167E+01  0.948200E+01
0.381905E+01  0.965894E+01
0.389613E+01  0.983469E+01
0.397291E+01  0.100093E+02
0.404941E+01  0.101829E+02
0.412562E+01  0.103555E+02
0.420157E+01  0.105272E+02
0.427726E+01  0.106979E+02
0.435269E+01  0.108678E+02
0.442788E+01  0.110369E+02
0.450284E+01  0.112053E+02
0.457756E+01  0.113728E+02
0.465207E+01  0.115397E+02
0.472636E+01  0.117060E+02
0.480045E+01  0.118715E+02
0.487433E+01  0.120365E+02
0.494802E+01  0.122009E+02
0.502152E+01  0.123647E+02
0.509484E+01  0.125279E+02
0.516798E+01  0.126907E+02
0.524096E+01  0.128529E+02
0.531376E+01  0.130147E+02
0.538640E+01  0.131760E+02
0.545889E+01  0.133369E+02
0.553123E+01  0.134973E+02
0.560341E+01  0.136573E+02
0.567546E+01  0.138169E+02
0.574737E+01  0.139762E+02
0.581914E+01  0.141350E+02
0.589078E+01  0.142935E+02
0.596230E+01  0.144517E+02
0.603369E+01  0.146095E+02
0.610496E+01  0.147670E+02
0.617612E+01  0.149242E+02
0.624717E+01  0.150811E+02
0.631810E+01  0.152377E+02
0.638893E+01  0.153940E+02
0.645965E+01  0.155500E+02
0.653028E+01  0.157058E+02
0.660080E+01  0.158613E+02
0.667123E+01  0.160165E+02
0.674157E+01  0.161716E+02
0.681182E+01  0.163263E+02
0.688198E+01  0.164809E+02
0.695206E+01  0.166352E+02
0.702205E+01  0.167894E+02
0.709197E+01  0.169433E+02
0.716180E+01  0.170970E+02
0.723156E+01  0.172505E+02
0.730125E+01  0.174039E+02
0.737086E+01  0.175570E+02
0.744040E+01  0.177100E+02
0.750988E+01  0.178628E+02
0.757929E+01  0.180154E+02
0.764863E+01  0.181679E+02
0.771791E+01  0.183202E+02
0.778713E+01  0.184723E+02
0.785629E+01  0.186243E+02
0.792539E+01  0.187762E+02
0.799444E+01  0.189279E+02
0.806343E+01  0.190795E+02
0.813237E+01  0.192309E+02
0.820125E+01  0.193822E+02
0.827009E+01  0.195334E+02
0.833887E+01  0.196844E+02
0.840761E+01  0.198354E+02
0.847629E+01  0.199862E+02
