0.106584E+01  0.296761E+01
0.113506E+01  0.558525E+01
0.120736E+01  0.791484E+01
0.128239E+01  0.100072E+02
0.135976E+01  0.119041E+02
0.143906E+01  0.136396E+02
0.151991E+01  0.152416E+02
0.160195E+01  0.167326E+02
0.168485E+01  0.181311E+02
0.176835E+01  0.194521E+02
0.185220E+01  0.207076E+02
0.193622E+01  0.219076E+02
0.202026E+01  0.230601E+02
0.210420E+01  0.241718E+02
0.218794E+01  0.252481E+02
0.227142E+01  0.262937E+02
0.235459E+01  0.273122E+02
0.243740E+01  0.283069E+02
0.251985E+01  0.292804E+02
0.260190E+01  0.302350E+02
0.268356E+01  0.311726E+02
0.276480E+01  0.320949E+02
0.284565E+01  0.330034E+02
0.292610E+01  0.338992E+02
0.300615E+01  0.347836E+02
0.308581E+01  0.356573E+02
0.316509E+01  0.365214E+02
0.324401E+01  0.373764E+02
0.332256E+01  0.382232E+02
0.340076E+01  0.390622E+02
0.347863E+01  0.398940E+02
0.355616E+01  0.407191E+02
0.363337E+01  0.415380E+02
0.371027E+01  0.423510E+02
0.378688E+01  0.431584E+02
0.386319E+01  0.439606E+02
0.393922E+01  0.447579E+02
0.401498E+01  0.455506E+02
0.409048E+01  0.463389E+02
0.416573E+01  0.471230E+02
0.424073E+01  0.479032E+02
0.431549E+01  0.486796E+02
0.439002E+01  0.494525E+02
0.446433E+01  0.502220E+02
0.453843E+01  0.509882E+02
0.461232E+01  0.517514E+02
0.468600E+01  0.525116E+02
0.475949E+01  0.532690E+02
0.483280E+01  0.540237E+02
0.490592E+01  0.547758E+02
0.497886E+01  0.555254E+02
0.505163E+01  0.562727E+02
0.512424E+01  0.570177E+02
0.519669E+01  0.577604E+02
0.526898E+01  0.585011E+02
0.534111E+01  0.592398E+02
0.541311E+01  0.599765E+02
0.548496E+01  0.607113E+02
0.555667E+01  0.614443E+02
0.562825E+01  0.621756E+02
0.569970E+01  0.629052E+02
0.577103E+01  0.636332E+02
0.584223E+01  0.643597E+02
0.591332E+01  0.650846E+02
0.598429E+01  0.658081E+02
0.605515E+01  0.665302E+02
0.612590E+01  0.672509E+02
0.619654E+01  0.679703E+02
0.626709E+01  0.686884E+02
0.633753E+01  0.694053E+02
0.640788E+01  0.701210E+02
0.647814E+01  0.708356E+02
0.654831E+01  0.715490E+02
0.661838E+01  0.722614E+02
0.668838E+01  0.729727E+02
0.675829E+01  0.736831E+02
0.682812E+01  0.743924E+02
0.689787E+01  0.751008E+02
0.696754E+01  0.758083E+02
0.703714E+01  0.765149E+02
0.710667E+01  0.772206E+02
0.717612E+01  0.779254E+02
0.724551E+01  0.786295E+02
0.731483E+01  0.793328E+02
0.738409E+01  0.800353E+02
0.745329E+01  0.807370E+02
0.752242E+01  0.814381E+02
0.759150E+01  0.821384E+02
0.766052E+01  0.828381E+02
0.772948E+01  0.835370E+02
0.779838E+01  0.842354E+02
0.786724E+01  0.849331E+02
0.793604E+01  0.856302E+02
0.800479E+01  0.863267E+02
0.807349E+01  0.870227E+02
0.814214E+01  0.877181E+02
0.821075E+01  0.884129E+02
0.827931E+01  0.891073E+02
0.834783E+01  0.898011E+02
0.841631E+01  0.904944E+02
