0.106594E+01  0.609602E+00
0.113549E+01  0.114352E+01
0.120839E+01  0.161520E+01
0.128429E+01  0.203571E+01
0.136281E+01  0.241413E+01
0.144351E+01  0.275790E+01
0.152600E+01  0.307308E+01
0.160986E+01  0.336462E+01
0.169474E+01  0.363653E+01
0.178033E+01  0.389206E+01
0.186635E+01  0.413383E+01
0.195259E+01  0.436401E+01
0.203887E+01  0.458432E+01
0.212505E+01  0.479618E+01
0.221103E+01  0.500076E+01
0.229673E+01  0.519903E+01
0.238208E+01  0.539178E+01
0.246704E+01  0.557967E+01
0.255160E+01  0.576328E+01
0.263571E+01  0.594307E+01
0.271938E+01  0.611943E+01
0.280261E+01  0.629273E+01
0.288538E+01  0.646325E+01
0.296771E+01  0.663124E+01
0.304960E+01  0.679693E+01
0.313106E+01  0.696052E+01
0.321210E+01  0.712217E+01
0.329272E+01  0.728203E+01
0.337295E+01  0.744024E+01
0.345278E+01  0.759692E+01
0.353224E+01  0.775217E+01
0.361133E+01  0.790610E+01
0.369007E+01  0.805877E+01
0.376846E+01  0.821029E+01
0.384653E+01  0.836070E+01
0.392426E+01  0.851008E+01
0.400169E+01  0.865849E+01
0.407882E+01  0.880598E+01
0.415565E+01  0.895260E+01
0.423220E+01  0.909840E+01
0.430848E+01  0.924341E+01
0.438450E+01  0.938768E+01
0.446026E+01  0.953124E+01
0.453577E+01  0.967413E+01
0.461104E+01  0.981637E+01
0.468608E+01  0.995800E+01
0.476090E+01  0.100990E+02
0.483549E+01  0.102395E+02
0.490988E+01  0.103795E+02
0.498406E+01  0.105189E+02
0.505805E+01  0.106578E+02
0.513184E+01  0.107963E+02
0.520545E+01  0.109343E+02
0.527887E+01  0.110718E+02
0.535213E+01  0.112089E+02
0.542521E+01  0.113457E+02
0.549812E+01  0.114820E+02
0.557088E+01  0.116180E+02
0.564348E+01  0.117536E+02
0.571593E+01  0.118888E+02
0.578824E+01  0.120237E+02
0.586040E+01  0.121583E+02
0.593242E+01  0.122925E+02
0.600431E+01  0.124265E+02
0.607607E+01  0.125601E+02
0.614770E+01  0.126935E+02
0.621921E+01  0.128266E+02
0.629060E+01  0.129594E+02
0.636188E+01  0.130920E+02
0.643304E+01  0.132243E+02
0.650409E+01  0.133564E+02
0.657503E+01  0.134882E+02
0.664587E+01  0.136199E+02
0.671661E+01  0.137512E+02
0.678725E+01  0.138824E+02
0.685780E+01  0.140134E+02
0.692825E+01  0.141441E+02
0.699861E+01  0.142747E+02
0.706889E+01  0.144051E+02
0.713908E+01  0.145353E+02
0.720918E+01  0.146653E+02
0.727920E+01  0.147951E+02
0.734915E+01  0.149248E+02
0.741901E+01  0.150543E+02
0.748881E+01  0.151837E+02
0.755853E+01  0.153129E+02
0.762817E+01  0.154419E+02
0.769775E+01  0.155708E+02
0.776726E+01  0.156996E+02
0.783671E+01  0.158282E+02
0.790609E+01  0.159566E+02
0.797541E+01  0.160850E+02
0.804467E+01  0.162132E+02
0.811387E+01  0.163413E+02
0.818301E+01  0.164693E+02
0.825210E+01  0.165971E+02
0.832113E+01  0.167249E+02
0.839011E+01  0.168525E+02
0.845903E+01  0.169801E+02
0.852791E+01  0.171075E+02
