0.106581E+01  0.676632E+00
0.113491E+01  0.127496E+01
0.120700E+01  0.180880E+01
0.128174E+01  0.228951E+01
0.135871E+01  0.272639E+01
0.143755E+01  0.312704E+01
0.151786E+01  0.349769E+01
0.159930E+01  0.384338E+01
0.168157E+01  0.416821E+01
0.176438E+01  0.447552E+01
0.184754E+01  0.476803E+01
0.193084E+01  0.504797E+01
0.201416E+01  0.531712E+01
0.209738E+01  0.557700E+01
0.218041E+01  0.582883E+01
0.226318E+01  0.607364E+01
0.234565E+01  0.631227E+01
0.242778E+01  0.654544E+01
0.250956E+01  0.677377E+01
0.259095E+01  0.699777E+01
0.267196E+01  0.721787E+01
0.275258E+01  0.743446E+01
0.283281E+01  0.764786E+01
0.291266E+01  0.785837E+01
0.299213E+01  0.806622E+01
0.307122E+01  0.827164E+01
0.314994E+01  0.847482E+01
0.322831E+01  0.867593E+01
0.330633E+01  0.887513E+01
0.338401E+01  0.907255E+01
0.346137E+01  0.926831E+01
0.353840E+01  0.946253E+01
0.361513E+01  0.965530E+01
0.369156E+01  0.984671E+01
0.376770E+01  0.100368E+02
0.384355E+01  0.102258E+02
0.391914E+01  0.104136E+02
0.399447E+01  0.106003E+02
0.406954E+01  0.107860E+02
0.414437E+01  0.109708E+02
0.421897E+01  0.111546E+02
0.429333E+01  0.113376E+02
0.436747E+01  0.115198E+02
0.444140E+01  0.117012E+02
0.451512E+01  0.118818E+02
0.458864E+01  0.120618E+02
0.466197E+01  0.122410E+02
0.473511E+01  0.124196E+02
0.480807E+01  0.125976E+02
0.488085E+01  0.127750E+02
0.495347E+01  0.129518E+02
0.502591E+01  0.131281E+02
0.509820E+01  0.133039E+02
0.517034E+01  0.134791E+02
0.524232E+01  0.136539E+02
0.531416E+01  0.138282E+02
0.538586E+01  0.140020E+02
0.545743E+01  0.141755E+02
0.552886E+01  0.143485E+02
0.560017E+01  0.145211E+02
0.567135E+01  0.146933E+02
0.574241E+01  0.148652E+02
0.581335E+01  0.150367E+02
0.588418E+01  0.152079E+02
0.595490E+01  0.153787E+02
0.602552E+01  0.155492E+02
0.609603E+01  0.157194E+02
0.616644E+01  0.158893E+02
0.623676E+01  0.160589E+02
0.630698E+01  0.162282E+02
0.637711E+01  0.163973E+02
0.644714E+01  0.165661E+02
0.651710E+01  0.167346E+02
0.658697E+01  0.169029E+02
0.665676E+01  0.170710E+02
0.672646E+01  0.172388E+02
0.679610E+01  0.174064E+02
0.686565E+01  0.175738E+02
0.693514E+01  0.177410E+02
0.700455E+01  0.179080E+02
0.707390E+01  0.180748E+02
0.714318E+01  0.182414E+02
0.721239E+01  0.184078E+02
0.728154E+01  0.185740E+02
0.735063E+01  0.187401E+02
0.741966E+01  0.189060E+02
0.748863E+01  0.190717E+02
0.755755E+01  0.192373E+02
0.762641E+01  0.194027E+02
0.769522E+01  0.195679E+02
0.776398E+01  0.197330E+02
0.783268E+01  0.198980E+02
0.790134E+01  0.200629E+02
0.796995E+01  0.202276E+02
0.803851E+01  0.203921E+02
0.810703E+01  0.205566E+02
0.817550E+01  0.207209E+02
0.824393E+01  0.208851E+02
0.831232E+01  0.210492E+02
0.838067E+01  0.212132E+02
