0.106602E+01  0.338984E+01
0.113581E+01  0.634358E+01
0.120915E+01  0.893887E+01
0.128571E+01  0.112396E+02
0.136511E+01  0.132984E+02
0.144691E+01  0.151583E+02
0.153069E+01  0.168545E+02
0.161601E+01  0.184157E+02
0.170248E+01  0.198651E+02
0.178976E+01  0.212215E+02
0.187756E+01  0.225002E+02
0.196562E+01  0.237137E+02
0.205375E+01  0.248718E+02
0.214179E+01  0.259827E+02
0.222962E+01  0.270531E+02
0.231715E+01  0.280885E+02
0.240432E+01  0.290934E+02
0.249107E+01  0.300716E+02
0.257738E+01  0.310261E+02
0.266321E+01  0.319598E+02
0.274857E+01  0.328747E+02
0.283344E+01  0.337729E+02
0.291783E+01  0.346560E+02
0.300173E+01  0.355253E+02
0.308516E+01  0.363821E+02
0.316812E+01  0.372275E+02
0.325062E+01  0.380624E+02
0.333268E+01  0.388877E+02
0.341431E+01  0.397040E+02
0.349552E+01  0.405121E+02
0.357632E+01  0.413124E+02
0.365672E+01  0.421056E+02
0.373673E+01  0.428920E+02
0.381638E+01  0.436722E+02
0.389567E+01  0.444464E+02
0.397460E+01  0.452151E+02
0.405321E+01  0.459785E+02
0.413148E+01  0.467370E+02
0.420944E+01  0.474908E+02
0.428710E+01  0.482401E+02
0.436445E+01  0.489852E+02
0.444153E+01  0.497263E+02
0.451832E+01  0.504636E+02
0.459485E+01  0.511972E+02
0.467112E+01  0.519273E+02
0.474714E+01  0.526541E+02
0.482291E+01  0.533778E+02
0.489844E+01  0.540984E+02
0.497375E+01  0.548160E+02
0.504884E+01  0.555309E+02
0.512371E+01  0.562431E+02
0.519837E+01  0.569527E+02
0.527283E+01  0.576599E+02
0.534709E+01  0.583646E+02
0.542116E+01  0.590670E+02
0.549505E+01  0.597673E+02
0.556875E+01  0.604654E+02
0.564228E+01  0.611614E+02
0.571565E+01  0.618555E+02
0.578884E+01  0.625476E+02
0.586188E+01  0.632379E+02
0.593476E+01  0.639263E+02
0.600749E+01  0.646131E+02
0.608007E+01  0.652982E+02
0.615251E+01  0.659816E+02
0.622481E+01  0.666635E+02
0.629697E+01  0.673439E+02
0.636900E+01  0.680228E+02
0.644091E+01  0.687002E+02
0.651269E+01  0.693763E+02
0.658434E+01  0.700511E+02
0.665588E+01  0.707245E+02
0.672731E+01  0.713967E+02
0.679862E+01  0.720676E+02
0.686982E+01  0.727374E+02
0.694092E+01  0.734060E+02
0.701191E+01  0.740735E+02
0.708281E+01  0.747399E+02
0.715360E+01  0.754052E+02
0.722430E+01  0.760695E+02
0.729491E+01  0.767329E+02
0.736542E+01  0.773952E+02
0.743585E+01  0.780566E+02
0.750619E+01  0.787171E+02
0.757645E+01  0.793767E+02
0.764663E+01  0.800354E+02
0.771672E+01  0.806933E+02
0.778674E+01  0.813503E+02
0.785668E+01  0.820066E+02
0.792655E+01  0.826621E+02
0.799635E+01  0.833168E+02
0.806608E+01  0.839708E+02
0.813573E+01  0.846240E+02
0.820532E+01  0.852766E+02
0.827485E+01  0.859285E+02
0.834431E+01  0.865797E+02
0.841371E+01  0.872303E+02
0.848306E+01  0.878802E+02
0.855234E+01  0.885296E+02
0.862156E+01  0.891783E+02
