0.106643E+01  0.159654E+01
0.113768E+01  0.294694E+01
0.121380E+01  0.409468E+01
0.129474E+01  0.507575E+01
0.138032E+01  0.592000E+01
0.147022E+01  0.665218E+01
0.156402E+01  0.729276E+01
0.166121E+01  0.785860E+01
0.176123E+01  0.836352E+01
0.186347E+01  0.881879E+01
0.196739E+01  0.923350E+01
0.207246E+01  0.961503E+01
0.217822E+01  0.996922E+01
0.228429E+01  0.103008E+02
0.239037E+01  0.106135E+02
0.249622E+01  0.109104E+02
0.260164E+01  0.111940E+02
0.270650E+01  0.114661E+02
0.281072E+01  0.117284E+02
0.291421E+01  0.119821E+02
0.301694E+01  0.122285E+02
0.311889E+01  0.124683E+02
0.322004E+01  0.127023E+02
0.332040E+01  0.129312E+02
0.341997E+01  0.131554E+02
0.351875E+01  0.133754E+02
0.361678E+01  0.135916E+02
0.371406E+01  0.138044E+02
0.381062E+01  0.140140E+02
0.390648E+01  0.142207E+02
0.400165E+01  0.144247E+02
0.409616E+01  0.146263E+02
0.419003E+01  0.148255E+02
0.428328E+01  0.150225E+02
0.437593E+01  0.152176E+02
0.446800E+01  0.154107E+02
0.455951E+01  0.156021E+02
0.465048E+01  0.157917E+02
0.474091E+01  0.159798E+02
0.483085E+01  0.161664E+02
0.492028E+01  0.163516E+02
0.500924E+01  0.165354E+02
0.509774E+01  0.167179E+02
0.518579E+01  0.168992E+02
0.527340E+01  0.170794E+02
0.536059E+01  0.172584E+02
0.544737E+01  0.174363E+02
0.553376E+01  0.176132E+02
0.561976E+01  0.177891E+02
0.570538E+01  0.179641E+02
0.579063E+01  0.181381E+02
0.587553E+01  0.183113E+02
0.596009E+01  0.184836E+02
0.604430E+01  0.186551E+02
0.612819E+01  0.188258E+02
0.621177E+01  0.189957E+02
0.629502E+01  0.191649E+02
0.637798E+01  0.193334E+02
0.646064E+01  0.195012E+02
0.654301E+01  0.196683E+02
0.662510E+01  0.198348E+02
0.670692E+01  0.200006E+02
0.678846E+01  0.201658E+02
0.686975E+01  0.203304E+02
0.695078E+01  0.204944E+02
0.703155E+01  0.206579E+02
0.711209E+01  0.208208E+02
0.719238E+01  0.209831E+02
0.727244E+01  0.211450E+02
0.735227E+01  0.213063E+02
0.743188E+01  0.214671E+02
0.751126E+01  0.216275E+02
0.759043E+01  0.217874E+02
0.766940E+01  0.219468E+02
0.774815E+01  0.221057E+02
0.782671E+01  0.222642E+02
0.790506E+01  0.224223E+02
0.798322E+01  0.225799E+02
0.806119E+01  0.227372E+02
0.813898E+01  0.228940E+02
0.821658E+01  0.230504E+02
0.829400E+01  0.232065E+02
0.837125E+01  0.233622E+02
0.844833E+01  0.235175E+02
0.852523E+01  0.236724E+02
0.860197E+01  0.238270E+02
0.867854E+01  0.239812E+02
0.875496E+01  0.241350E+02
0.883121E+01  0.242886E+02
0.890731E+01  0.244418E+02
0.898326E+01  0.245947E+02
0.905906E+01  0.247472E+02
0.913471E+01  0.248995E+02
0.921022E+01  0.250515E+02
0.928559E+01  0.252031E+02
0.936081E+01  0.253544E+02
0.943590E+01  0.255055E+02
0.951086E+01  0.256563E+02
0.958568E+01  0.258068E+02
0.966037E+01  0.259570E+02
