0.106598E+01  0.838043E+00
0.113567E+01  0.156998E+01
0.120881E+01  0.221468E+01
0.128507E+01  0.278769E+01
0.136406E+01  0.330177E+01
0.144535E+01  0.376738E+01
0.152853E+01  0.419305E+01
0.161317E+01  0.458575E+01
0.169891E+01  0.495110E+01
0.178540E+01  0.529369E+01
0.187237E+01  0.561720E+01
0.195958E+01  0.592466E+01
0.204685E+01  0.621849E+01
0.213402E+01  0.650068E+01
0.222098E+01  0.677285E+01
0.230766E+01  0.703636E+01
0.239397E+01  0.729231E+01
0.247989E+01  0.754161E+01
0.256537E+01  0.778506E+01
0.265040E+01  0.802329E+01
0.273497E+01  0.825686E+01
0.281907E+01  0.848626E+01
0.290270E+01  0.871187E+01
0.298586E+01  0.893406E+01
0.306857E+01  0.915312E+01
0.315082E+01  0.936933E+01
0.323264E+01  0.958290E+01
0.331403E+01  0.979406E+01
0.339499E+01  0.100030E+02
0.347556E+01  0.102098E+02
0.355573E+01  0.104148E+02
0.363551E+01  0.106179E+02
0.371493E+01  0.108193E+02
0.379399E+01  0.110192E+02
0.387270E+01  0.112175E+02
0.395107E+01  0.114145E+02
0.402912E+01  0.116102E+02
0.410685E+01  0.118046E+02
0.418428E+01  0.119978E+02
0.426142E+01  0.121899E+02
0.433827E+01  0.123810E+02
0.441485E+01  0.125711E+02
0.449115E+01  0.127602E+02
0.456720E+01  0.129484E+02
0.464300E+01  0.131357E+02
0.471856E+01  0.133221E+02
0.479388E+01  0.135078E+02
0.486897E+01  0.136928E+02
0.494385E+01  0.138769E+02
0.501851E+01  0.140604E+02
0.509296E+01  0.142433E+02
0.516721E+01  0.144254E+02
0.524127E+01  0.146070E+02
0.531514E+01  0.147879E+02
0.538882E+01  0.149683E+02
0.546233E+01  0.151481E+02
0.553566E+01  0.153274E+02
0.560882E+01  0.155062E+02
0.568183E+01  0.156845E+02
0.575467E+01  0.158623E+02
0.582736E+01  0.160397E+02
0.589990E+01  0.162166E+02
0.597230E+01  0.163930E+02
0.604455E+01  0.165691E+02
0.611667E+01  0.167447E+02
0.618865E+01  0.169200E+02
0.626050E+01  0.170949E+02
0.633223E+01  0.172694E+02
0.640384E+01  0.174435E+02
0.647532E+01  0.176174E+02
0.654669E+01  0.177908E+02
0.661795E+01  0.179640E+02
0.668910E+01  0.181368E+02
0.676014E+01  0.183094E+02
0.683108E+01  0.184816E+02
0.690191E+01  0.186536E+02
0.697265E+01  0.188253E+02
0.704329E+01  0.189967E+02
0.711384E+01  0.191678E+02
0.718429E+01  0.193387E+02
0.725466E+01  0.195094E+02
0.732494E+01  0.196798E+02
0.739514E+01  0.198500E+02
0.746526E+01  0.200199E+02
0.753529E+01  0.201897E+02
0.760525E+01  0.203592E+02
0.767514E+01  0.205285E+02
0.774495E+01  0.206976E+02
0.781468E+01  0.208665E+02
0.788435E+01  0.210352E+02
0.795395E+01  0.212038E+02
0.802348E+01  0.213721E+02
0.809295E+01  0.215403E+02
0.816236E+01  0.217083E+02
0.823170E+01  0.218761E+02
0.830098E+01  0.220438E+02
0.837021E+01  0.222113E+02
0.843938E+01  0.223787E+02
0.850849E+01  0.225459E+02
0.857755E+01  0.227130E+02
