0.106601E+01  0.818667E+00
0.113576E+01  0.153258E+01
0.120903E+01  0.216038E+01
0.128549E+01  0.271743E+01
0.136475E+01  0.321633E+01
0.144638E+01  0.366743E+01
0.152995E+01  0.407917E+01
0.161504E+01  0.445844E+01
0.170126E+01  0.481081E+01
0.178827E+01  0.514081E+01
0.187578E+01  0.545208E+01
0.196354E+01  0.574762E+01
0.205137E+01  0.602980E+01
0.213911E+01  0.630060E+01
0.222665E+01  0.656162E+01
0.231388E+01  0.681417E+01
0.240075E+01  0.705936E+01
0.248722E+01  0.729807E+01
0.257324E+01  0.753108E+01
0.265880E+01  0.775902E+01
0.274388E+01  0.798244E+01
0.282848E+01  0.820179E+01
0.291261E+01  0.841748E+01
0.299625E+01  0.862983E+01
0.307943E+01  0.883916E+01
0.316215E+01  0.904572E+01
0.324442E+01  0.924974E+01
0.332624E+01  0.945141E+01
0.340764E+01  0.965092E+01
0.348862E+01  0.984841E+01
0.356920E+01  0.100440E+02
0.364939E+01  0.102379E+02
0.372920E+01  0.104302E+02
0.380864E+01  0.106209E+02
0.388773E+01  0.108102E+02
0.396647E+01  0.109981E+02
0.404488E+01  0.111848E+02
0.412297E+01  0.113703E+02
0.420075E+01  0.115546E+02
0.427822E+01  0.117378E+02
0.435540E+01  0.119201E+02
0.443230E+01  0.121013E+02
0.450893E+01  0.122816E+02
0.458529E+01  0.124611E+02
0.466140E+01  0.126396E+02
0.473725E+01  0.128174E+02
0.481287E+01  0.129944E+02
0.488825E+01  0.131707E+02
0.496341E+01  0.133463E+02
0.503835E+01  0.135212E+02
0.511307E+01  0.136954E+02
0.518759E+01  0.138690E+02
0.526191E+01  0.140420E+02
0.533604E+01  0.142144E+02
0.540997E+01  0.143863E+02
0.548373E+01  0.145577E+02
0.555730E+01  0.147285E+02
0.563071E+01  0.148988E+02
0.570394E+01  0.150686E+02
0.577702E+01  0.152380E+02
0.584993E+01  0.154069E+02
0.592269E+01  0.155754E+02
0.599531E+01  0.157435E+02
0.606778E+01  0.159111E+02
0.614010E+01  0.160784E+02
0.621229E+01  0.162453E+02
0.628435E+01  0.164118E+02
0.635627E+01  0.165780E+02
0.642807E+01  0.167438E+02
0.649975E+01  0.169093E+02
0.657131E+01  0.170745E+02
0.664275E+01  0.172393E+02
0.671408E+01  0.174039E+02
0.678529E+01  0.175681E+02
0.685641E+01  0.177321E+02
0.692741E+01  0.178957E+02
0.699832E+01  0.180592E+02
0.706912E+01  0.182223E+02
0.713983E+01  0.183852E+02
0.721044E+01  0.185478E+02
0.728097E+01  0.187102E+02
0.735140E+01  0.188724E+02
0.742175E+01  0.190343E+02
0.749201E+01  0.191961E+02
0.756219E+01  0.193576E+02
0.763229E+01  0.195189E+02
0.770231E+01  0.196800E+02
0.777226E+01  0.198408E+02
0.784213E+01  0.200015E+02
0.791193E+01  0.201621E+02
0.798166E+01  0.203224E+02
0.805132E+01  0.204825E+02
0.812091E+01  0.206425E+02
0.819043E+01  0.208023E+02
0.825990E+01  0.209620E+02
0.832930E+01  0.211214E+02
0.839864E+01  0.212808E+02
0.846792E+01  0.214400E+02
0.853714E+01  0.215990E+02
0.860630E+01  0.217579E+02
