0.106634E+01  0.128533E+01
0.113727E+01  0.237959E+01
0.121274E+01  0.331667E+01
0.129263E+01  0.412461E+01
0.137667E+01  0.482662E+01
0.146448E+01  0.544187E+01
0.155559E+01  0.598620E+01
0.164950E+01  0.647257E+01
0.174566E+01  0.691158E+01
0.184354E+01  0.731184E+01
0.194266E+01  0.768026E+01
0.204256E+01  0.802249E+01
0.214290E+01  0.834296E+01
0.224336E+01  0.864529E+01
0.234370E+01  0.893239E+01
0.244375E+01  0.920658E+01
0.254336E+01  0.946976E+01
0.264244E+01  0.972347E+01
0.274090E+01  0.996898E+01
0.283871E+01  0.102073E+02
0.293583E+01  0.104394E+02
0.303224E+01  0.106658E+02
0.312795E+01  0.108873E+02
0.322296E+01  0.111043E+02
0.331726E+01  0.113173E+02
0.341088E+01  0.115267E+02
0.350382E+01  0.117328E+02
0.359611E+01  0.119358E+02
0.368776E+01  0.121360E+02
0.377879E+01  0.123337E+02
0.386922E+01  0.125290E+02
0.395906E+01  0.127221E+02
0.404834E+01  0.129131E+02
0.413707E+01  0.131023E+02
0.422528E+01  0.132896E+02
0.431297E+01  0.134752E+02
0.440016E+01  0.136592E+02
0.448688E+01  0.138417E+02
0.457313E+01  0.140228E+02
0.465893E+01  0.142026E+02
0.474430E+01  0.143811E+02
0.482925E+01  0.145583E+02
0.491379E+01  0.147344E+02
0.499793E+01  0.149094E+02
0.508168E+01  0.150834E+02
0.516507E+01  0.152563E+02
0.524809E+01  0.154283E+02
0.533076E+01  0.155993E+02
0.541309E+01  0.157695E+02
0.549509E+01  0.159388E+02
0.557677E+01  0.161073E+02
0.565813E+01  0.162749E+02
0.573919E+01  0.164419E+02
0.581996E+01  0.166080E+02
0.590043E+01  0.167735E+02
0.598062E+01  0.169383E+02
0.606054E+01  0.171024E+02
0.614020E+01  0.172659E+02
0.621959E+01  0.174287E+02
0.629873E+01  0.175909E+02
0.637763E+01  0.177526E+02
0.645628E+01  0.179137E+02
0.653470E+01  0.180742E+02
0.661288E+01  0.182342E+02
0.669085E+01  0.183937E+02
0.676859E+01  0.185526E+02
0.684613E+01  0.187111E+02
0.692345E+01  0.188691E+02
0.700057E+01  0.190266E+02
0.707749E+01  0.191837E+02
0.715421E+01  0.193403E+02
0.723075E+01  0.194965E+02
0.730709E+01  0.196523E+02
0.738326E+01  0.198077E+02
0.745924E+01  0.199626E+02
0.753506E+01  0.201172E+02
0.761070E+01  0.202714E+02
0.768617E+01  0.204252E+02
0.776148E+01  0.205786E+02
0.783663E+01  0.207317E+02
0.791162E+01  0.208845E+02
0.798645E+01  0.210369E+02
0.806114E+01  0.211889E+02
0.813568E+01  0.213407E+02
0.821007E+01  0.214921E+02
0.828432E+01  0.216432E+02
0.835843E+01  0.217940E+02
0.843240E+01  0.219445E+02
0.850624E+01  0.220947E+02
0.857995E+01  0.222447E+02
0.865353E+01  0.223943E+02
0.872698E+01  0.225437E+02
0.880031E+01  0.226928E+02
0.887351E+01  0.228416E+02
0.894660E+01  0.229902E+02
0.901957E+01  0.231385E+02
0.909242E+01  0.232866E+02
0.916516E+01  0.234345E+02
0.923779E+01  0.235821E+02
0.931031E+01  0.237294E+02
