0.106589E+01  0.136093E+01
0.113526E+01  0.255755E+01
0.120782E+01  0.361901E+01
0.128324E+01  0.456923E+01
0.136111E+01  0.542787E+01
0.144103E+01  0.621101E+01
0.152259E+01  0.693175E+01
0.160543E+01  0.760078E+01
0.168919E+01  0.822675E+01
0.177360E+01  0.881671E+01
0.185839E+01  0.937633E+01
0.194337E+01  0.991032E+01
0.202838E+01  0.104224E+02
0.211328E+01  0.109157E+02
0.219799E+01  0.113928E+02
0.228243E+01  0.118557E+02
0.236654E+01  0.123063E+02
0.245028E+01  0.127460E+02
0.253363E+01  0.131761E+02
0.261657E+01  0.135975E+02
0.269910E+01  0.140112E+02
0.278119E+01  0.144180E+02
0.286287E+01  0.148185E+02
0.294413E+01  0.152133E+02
0.302497E+01  0.156028E+02
0.310541E+01  0.159875E+02
0.318544E+01  0.163679E+02
0.326510E+01  0.167442E+02
0.334437E+01  0.171167E+02
0.342327E+01  0.174858E+02
0.350182E+01  0.178516E+02
0.358003E+01  0.182143E+02
0.365789E+01  0.185743E+02
0.373544E+01  0.189316E+02
0.381267E+01  0.192863E+02
0.388960E+01  0.196388E+02
0.396623E+01  0.199890E+02
0.404258E+01  0.203371E+02
0.411865E+01  0.206832E+02
0.419446E+01  0.210275E+02
0.427001E+01  0.213699E+02
0.434531E+01  0.217107E+02
0.442037E+01  0.220499E+02
0.449519E+01  0.223875E+02
0.456979E+01  0.227237E+02
0.464418E+01  0.230584E+02
0.471835E+01  0.233919E+02
0.479231E+01  0.237240E+02
0.486608E+01  0.240550E+02
0.493966E+01  0.243847E+02
0.501305E+01  0.247134E+02
0.508626E+01  0.250409E+02
0.515929E+01  0.253674E+02
0.523216E+01  0.256930E+02
0.530486E+01  0.260175E+02
0.537741E+01  0.263412E+02
0.544979E+01  0.266640E+02
0.552203E+01  0.269859E+02
0.559413E+01  0.273070E+02
0.566608E+01  0.276273E+02
0.573790E+01  0.279468E+02
0.580958E+01  0.282656E+02
0.588113E+01  0.285837E+02
0.595256E+01  0.289011E+02
0.602387E+01  0.292178E+02
0.609506E+01  0.295339E+02
0.616614E+01  0.298494E+02
0.623710E+01  0.301643E+02
0.630796E+01  0.304786E+02
0.637871E+01  0.307923E+02
0.644936E+01  0.311055E+02
0.651991E+01  0.314181E+02
0.659036E+01  0.317303E+02
0.666073E+01  0.320419E+02
0.673099E+01  0.323531E+02
0.680118E+01  0.326638E+02
0.687127E+01  0.329741E+02
0.694128E+01  0.332839E+02
0.701121E+01  0.335933E+02
0.708106E+01  0.339023E+02
0.715084E+01  0.342109E+02
0.722054E+01  0.345191E+02
0.729016E+01  0.348269E+02
0.735972E+01  0.351343E+02
0.742920E+01  0.354414E+02
0.749862E+01  0.357482E+02
0.756798E+01  0.360546E+02
0.763727E+01  0.363607E+02
0.770649E+01  0.366665E+02
0.777566E+01  0.369720E+02
0.784477E+01  0.372772E+02
0.791382E+01  0.375821E+02
0.798282E+01  0.378867E+02
0.805176E+01  0.381911E+02
0.812065E+01  0.384951E+02
0.818949E+01  0.387989E+02
0.825828E+01  0.391025E+02
0.832702E+01  0.394058E+02
0.839571E+01  0.397089E+02
0.846436E+01  0.400118E+02
