0.106640E+01  0.187262E+01
0.113753E+01  0.346034E+01
0.121341E+01  0.481357E+01
0.129395E+01  0.597405E+01
0.137894E+01  0.697634E+01
0.146804E+01  0.784907E+01
0.156081E+01  0.861592E+01
0.165673E+01  0.929633E+01
0.175524E+01  0.990624E+01
0.185577E+01  0.104586E+02
0.195778E+01  0.109638E+02
0.206079E+01  0.114304E+02
0.216439E+01  0.118651E+02
0.226821E+01  0.122733E+02
0.237199E+01  0.126594E+02
0.247550E+01  0.130268E+02
0.257858E+01  0.133784E+02
0.268111E+01  0.137165E+02
0.278300E+01  0.140428E+02
0.288419E+01  0.143590E+02
0.298465E+01  0.146663E+02
0.308436E+01  0.149658E+02
0.318331E+01  0.152582E+02
0.328149E+01  0.155445E+02
0.337893E+01  0.158251E+02
0.347562E+01  0.161007E+02
0.357158E+01  0.163717E+02
0.366684E+01  0.166385E+02
0.376140E+01  0.169014E+02
0.385529E+01  0.171609E+02
0.394854E+01  0.174170E+02
0.404115E+01  0.176701E+02
0.413315E+01  0.179204E+02
0.422456E+01  0.181680E+02
0.431540E+01  0.184132E+02
0.440568E+01  0.186560E+02
0.449543E+01  0.188967E+02
0.458466E+01  0.191353E+02
0.467339E+01  0.193720E+02
0.476164E+01  0.196068E+02
0.484941E+01  0.198399E+02
0.493673E+01  0.200714E+02
0.502361E+01  0.203012E+02
0.511006E+01  0.205296E+02
0.519609E+01  0.207565E+02
0.528172E+01  0.209820E+02
0.536696E+01  0.212062E+02
0.545182E+01  0.214292E+02
0.553632E+01  0.216509E+02
0.562045E+01  0.218715E+02
0.570424E+01  0.220910E+02
0.578769E+01  0.223093E+02
0.587080E+01  0.225267E+02
0.595360E+01  0.227430E+02
0.603608E+01  0.229583E+02
0.611826E+01  0.231727E+02
0.620015E+01  0.233862E+02
0.628174E+01  0.235989E+02
0.636306E+01  0.238106E+02
0.644410E+01  0.240216E+02
0.652487E+01  0.242317E+02
0.660537E+01  0.244411E+02
0.668563E+01  0.246497E+02
0.676563E+01  0.248576E+02
0.684539E+01  0.250647E+02
0.692492E+01  0.252712E+02
0.700421E+01  0.254770E+02
0.708327E+01  0.256821E+02
0.716211E+01  0.258866E+02
0.724073E+01  0.260904E+02
0.731914E+01  0.262937E+02
0.739735E+01  0.264963E+02
0.747534E+01  0.266984E+02
0.755314E+01  0.268999E+02
0.763075E+01  0.271008E+02
0.770816E+01  0.273013E+02
0.778538E+01  0.275011E+02
0.786242E+01  0.277005E+02
0.793929E+01  0.278994E+02
0.801597E+01  0.280977E+02
0.809248E+01  0.282956E+02
0.816882E+01  0.284930E+02
0.824500E+01  0.286900E+02
0.832101E+01  0.288865E+02
0.839686E+01  0.290825E+02
0.847256E+01  0.292781E+02
0.854810E+01  0.294733E+02
0.862349E+01  0.296681E+02
0.869873E+01  0.298625E+02
0.877383E+01  0.300564E+02
0.884878E+01  0.302500E+02
0.892359E+01  0.304432E+02
0.899826E+01  0.306360E+02
0.907280E+01  0.308284E+02
0.914720E+01  0.310205E+02
0.922147E+01  0.312122E+02
0.929562E+01  0.314036E+02
0.936963E+01  0.315946E+02
0.944353E+01  0.317853E+02
0.951730E+01  0.319756E+02
