0.106601E+01  0.123890E+01
0.113580E+01  0.231860E+01
0.120913E+01  0.326743E+01
0.128567E+01  0.410874E+01
0.136504E+01  0.486170E+01
0.144680E+01  0.554204E+01
0.153054E+01  0.616261E+01
0.161581E+01  0.673387E+01
0.170223E+01  0.726431E+01
0.178946E+01  0.776081E+01
0.187719E+01  0.822891E+01
0.196519E+01  0.867317E+01
0.205326E+01  0.909720E+01
0.214124E+01  0.950399E+01
0.222901E+01  0.989597E+01
0.231648E+01  0.102752E+02
0.240358E+01  0.106432E+02
0.249028E+01  0.110015E+02
0.257652E+01  0.113511E+02
0.266230E+01  0.116931E+02
0.274760E+01  0.120282E+02
0.283242E+01  0.123573E+02
0.291675E+01  0.126807E+02
0.300060E+01  0.129992E+02
0.308398E+01  0.133131E+02
0.316689E+01  0.136228E+02
0.324934E+01  0.139287E+02
0.333136E+01  0.142310E+02
0.341294E+01  0.145301E+02
0.349410E+01  0.148262E+02
0.357485E+01  0.151194E+02
0.365521E+01  0.154100E+02
0.373518E+01  0.156982E+02
0.381478E+01  0.159840E+02
0.389403E+01  0.162677E+02
0.397293E+01  0.165493E+02
0.405149E+01  0.168290E+02
0.412973E+01  0.171070E+02
0.420765E+01  0.173832E+02
0.428527E+01  0.176577E+02
0.436259E+01  0.179307E+02
0.443962E+01  0.182023E+02
0.451639E+01  0.184724E+02
0.459288E+01  0.187413E+02
0.466911E+01  0.190088E+02
0.474510E+01  0.192751E+02
0.482084E+01  0.195403E+02
0.489634E+01  0.198044E+02
0.497162E+01  0.200674E+02
0.504667E+01  0.203293E+02
0.512151E+01  0.205903E+02
0.519615E+01  0.208503E+02
0.527058E+01  0.211095E+02
0.534481E+01  0.213677E+02
0.541885E+01  0.216251E+02
0.549271E+01  0.218818E+02
0.556639E+01  0.221376E+02
0.563990E+01  0.223926E+02
0.571323E+01  0.226470E+02
0.578640E+01  0.229006E+02
0.585941E+01  0.231536E+02
0.593227E+01  0.234059E+02
0.600497E+01  0.236576E+02
0.607753E+01  0.239087E+02
0.614995E+01  0.241591E+02
0.622222E+01  0.244090E+02
0.629437E+01  0.246584E+02
0.636638E+01  0.249072E+02
0.643826E+01  0.251554E+02
0.651002E+01  0.254032E+02
0.658165E+01  0.256505E+02
0.665317E+01  0.258973E+02
0.672458E+01  0.261437E+02
0.679587E+01  0.263896E+02
0.686705E+01  0.266350E+02
0.693813E+01  0.268801E+02
0.700911E+01  0.271247E+02
0.707998E+01  0.273689E+02
0.715076E+01  0.276128E+02
0.722144E+01  0.278563E+02
0.729203E+01  0.280994E+02
0.736253E+01  0.283421E+02
0.743294E+01  0.285845E+02
0.750327E+01  0.288266E+02
0.757351E+01  0.290684E+02
0.764367E+01  0.293098E+02
0.771375E+01  0.295509E+02
0.778375E+01  0.297917E+02
0.785368E+01  0.300323E+02
0.792353E+01  0.302725E+02
0.799332E+01  0.305125E+02
0.806303E+01  0.307522E+02
0.813267E+01  0.309916E+02
0.820225E+01  0.312308E+02
0.827176E+01  0.314697E+02
0.834121E+01  0.317084E+02
0.841060E+01  0.319469E+02
0.847993E+01  0.321851E+02
0.854920E+01  0.324231E+02
0.861841E+01  0.326609E+02
