0.106576E+01  0.620786E+00
0.113473E+01  0.117131E+01
0.120659E+01  0.166393E+01
0.128099E+01  0.210880E+01
0.135753E+01  0.251425E+01
0.143585E+01  0.288707E+01
0.151556E+01  0.323282E+01
0.159633E+01  0.355600E+01
0.167788E+01  0.386031E+01
0.175995E+01  0.414873E+01
0.184233E+01  0.442369E+01
0.192485E+01  0.468719E+01
0.200738E+01  0.494086E+01
0.208980E+01  0.518605E+01
0.217205E+01  0.542386E+01
0.225404E+01  0.565523E+01
0.233575E+01  0.588092E+01
0.241713E+01  0.610159E+01
0.249816E+01  0.631780E+01
0.257884E+01  0.653000E+01
0.265914E+01  0.673861E+01
0.273907E+01  0.694398E+01
0.281863E+01  0.714640E+01
0.289781E+01  0.734613E+01
0.297663E+01  0.754340E+01
0.305510E+01  0.773842E+01
0.313321E+01  0.793137E+01
0.321097E+01  0.812239E+01
0.328841E+01  0.831164E+01
0.336552E+01  0.849923E+01
0.344231E+01  0.868529E+01
0.351880E+01  0.886991E+01
0.359499E+01  0.905318E+01
0.367090E+01  0.923520E+01
0.374652E+01  0.941603E+01
0.382188E+01  0.959574E+01
0.389698E+01  0.977441E+01
0.397183E+01  0.995208E+01
0.404643E+01  0.101288E+02
0.412080E+01  0.103046E+02
0.419495E+01  0.104796E+02
0.426887E+01  0.106538E+02
0.434258E+01  0.108273E+02
0.441609E+01  0.110000E+02
0.448940E+01  0.111720E+02
0.456251E+01  0.113434E+02
0.463545E+01  0.115141E+02
0.470820E+01  0.116842E+02
0.478078E+01  0.118538E+02
0.485319E+01  0.120228E+02
0.492543E+01  0.121913E+02
0.499752E+01  0.123593E+02
0.506946E+01  0.125268E+02
0.514125E+01  0.126938E+02
0.521290E+01  0.128604E+02
0.528441E+01  0.130265E+02
0.535579E+01  0.131923E+02
0.542704E+01  0.133576E+02
0.549816E+01  0.135226E+02
0.556916E+01  0.136872E+02
0.564004E+01  0.138515E+02
0.571081E+01  0.140154E+02
0.578147E+01  0.141789E+02
0.585202E+01  0.143422E+02
0.592246E+01  0.145052E+02
0.599281E+01  0.146678E+02
0.606306E+01  0.148302E+02
0.613321E+01  0.149923E+02
0.620327E+01  0.151542E+02
0.627324E+01  0.153158E+02
0.634312E+01  0.154771E+02
0.641292E+01  0.156382E+02
0.648264E+01  0.157991E+02
0.655228E+01  0.159597E+02
0.662184E+01  0.161201E+02
0.669133E+01  0.162803E+02
0.676074E+01  0.164403E+02
0.683009E+01  0.166002E+02
0.689936E+01  0.167598E+02
0.696857E+01  0.169192E+02
0.703771E+01  0.170785E+02
0.710680E+01  0.172376E+02
0.717582E+01  0.173965E+02
0.724478E+01  0.175552E+02
0.731368E+01  0.177138E+02
0.738253E+01  0.178723E+02
0.745132E+01  0.180306E+02
0.752006E+01  0.181887E+02
0.758875E+01  0.183467E+02
0.765739E+01  0.185046E+02
0.772598E+01  0.186623E+02
0.779452E+01  0.188200E+02
0.786302E+01  0.189774E+02
0.793147E+01  0.191348E+02
0.799988E+01  0.192921E+02
0.806824E+01  0.194492E+02
0.813657E+01  0.196062E+02
0.820485E+01  0.197631E+02
0.827310E+01  0.199200E+02
0.834131E+01  0.200767E+02
