0.106588E+01  0.142917E+01
0.113522E+01  0.268651E+01
0.120774E+01  0.380247E+01
0.128308E+01  0.480208E+01
0.136087E+01  0.570588E+01
0.144067E+01  0.653067E+01
0.152211E+01  0.729016E+01
0.160480E+01  0.799549E+01
0.168841E+01  0.865573E+01
0.177265E+01  0.927822E+01
0.185727E+01  0.986892E+01
0.194208E+01  0.104327E+02
0.202691E+01  0.109736E+02
0.211164E+01  0.114947E+02
0.219617E+01  0.119988E+02
0.228043E+01  0.124881E+02
0.236437E+01  0.129643E+02
0.244794E+01  0.134292E+02
0.253113E+01  0.138838E+02
0.261391E+01  0.143295E+02
0.269627E+01  0.147670E+02
0.277821E+01  0.151972E+02
0.285974E+01  0.156207E+02
0.294085E+01  0.160383E+02
0.302154E+01  0.164503E+02
0.310184E+01  0.168574E+02
0.318174E+01  0.172598E+02
0.326126E+01  0.176579E+02
0.334040E+01  0.180520E+02
0.341917E+01  0.184425E+02
0.349760E+01  0.188296E+02
0.357568E+01  0.192135E+02
0.365343E+01  0.195944E+02
0.373085E+01  0.199725E+02
0.380797E+01  0.203479E+02
0.388478E+01  0.207209E+02
0.396131E+01  0.210916E+02
0.403755E+01  0.214600E+02
0.411352E+01  0.218263E+02
0.418922E+01  0.221907E+02
0.426467E+01  0.225532E+02
0.433987E+01  0.229139E+02
0.441484E+01  0.232730E+02
0.448957E+01  0.236304E+02
0.456408E+01  0.239862E+02
0.463837E+01  0.243406E+02
0.471245E+01  0.246936E+02
0.478633E+01  0.250453E+02
0.486001E+01  0.253956E+02
0.493351E+01  0.257447E+02
0.500682E+01  0.260927E+02
0.507995E+01  0.264395E+02
0.515290E+01  0.267852E+02
0.522569E+01  0.271299E+02
0.529832E+01  0.274735E+02
0.537079E+01  0.278162E+02
0.544310E+01  0.281580E+02
0.551527E+01  0.284988E+02
0.558730E+01  0.288389E+02
0.565918E+01  0.291780E+02
0.573093E+01  0.295164E+02
0.580255E+01  0.298540E+02
0.587404E+01  0.301908E+02
0.594540E+01  0.305269E+02
0.601665E+01  0.308624E+02
0.608778E+01  0.311971E+02
0.615880E+01  0.315312E+02
0.622970E+01  0.318647E+02
0.630050E+01  0.321975E+02
0.637120E+01  0.325298E+02
0.644179E+01  0.328615E+02
0.651229E+01  0.331926E+02
0.658269E+01  0.335232E+02
0.665300E+01  0.338533E+02
0.672322E+01  0.341829E+02
0.679335E+01  0.345120E+02
0.686340E+01  0.348406E+02
0.693336E+01  0.351687E+02
0.700324E+01  0.354965E+02
0.707305E+01  0.358237E+02
0.714278E+01  0.361506E+02
0.721243E+01  0.364771E+02
0.728201E+01  0.368031E+02
0.735153E+01  0.371288E+02
0.742097E+01  0.374541E+02
0.749035E+01  0.377791E+02
0.755966E+01  0.381037E+02
0.762891E+01  0.384279E+02
0.769810E+01  0.387519E+02
0.776723E+01  0.390755E+02
0.783630E+01  0.393988E+02
0.790532E+01  0.397218E+02
0.797428E+01  0.400445E+02
0.804319E+01  0.403669E+02
0.811204E+01  0.406890E+02
0.818085E+01  0.410109E+02
0.824960E+01  0.413325E+02
0.831831E+01  0.416538E+02
0.838697E+01  0.419749E+02
0.845559E+01  0.422957E+02
