0.106583E+01  0.293846E+01
0.113501E+01  0.553238E+01
0.120725E+01  0.784264E+01
0.128219E+01  0.991929E+01
0.135944E+01  0.118034E+02
0.143859E+01  0.135284E+02
0.151928E+01  0.151218E+02
0.160113E+01  0.166057E+02
0.168384E+01  0.179984E+02
0.176713E+01  0.193145E+02
0.185076E+01  0.205660E+02
0.193456E+01  0.217626E+02
0.201838E+01  0.229123E+02
0.210209E+01  0.240215E+02
0.218561E+01  0.250958E+02
0.226887E+01  0.261396E+02
0.235182E+01  0.271566E+02
0.243443E+01  0.281500E+02
0.251666E+01  0.291224E+02
0.259851E+01  0.300760E+02
0.267997E+01  0.310128E+02
0.276102E+01  0.319344E+02
0.284168E+01  0.328423E+02
0.292194E+01  0.337376E+02
0.300181E+01  0.346215E+02
0.308129E+01  0.354949E+02
0.316040E+01  0.363586E+02
0.323915E+01  0.372134E+02
0.331753E+01  0.380600E+02
0.339558E+01  0.388989E+02
0.347328E+01  0.397306E+02
0.355066E+01  0.405557E+02
0.362772E+01  0.413746E+02
0.370448E+01  0.421876E+02
0.378094E+01  0.429951E+02
0.385711E+01  0.437974E+02
0.393300E+01  0.445948E+02
0.400863E+01  0.453877E+02
0.408400E+01  0.461761E+02
0.415911E+01  0.469605E+02
0.423399E+01  0.477409E+02
0.430863E+01  0.485176E+02
0.438304E+01  0.492908E+02
0.445723E+01  0.500606E+02
0.453121E+01  0.508272E+02
0.460498E+01  0.515907E+02
0.467856E+01  0.523513E+02
0.475194E+01  0.531091E+02
0.482514E+01  0.538642E+02
0.489815E+01  0.546167E+02
0.497099E+01  0.553668E+02
0.504367E+01  0.561145E+02
0.511617E+01  0.568600E+02
0.518852E+01  0.576033E+02
0.526072E+01  0.583445E+02
0.533277E+01  0.590837E+02
0.540467E+01  0.598210E+02
0.547643E+01  0.605564E+02
0.554806E+01  0.612900E+02
0.561955E+01  0.620219E+02
0.569092E+01  0.627521E+02
0.576216E+01  0.634807E+02
0.583328E+01  0.642078E+02
0.590429E+01  0.649334E+02
0.597518E+01  0.656575E+02
0.604597E+01  0.663803E+02
0.611664E+01  0.671017E+02
0.618722E+01  0.678218E+02
0.625769E+01  0.685407E+02
0.632807E+01  0.692583E+02
0.639835E+01  0.699748E+02
0.646854E+01  0.706901E+02
0.653864E+01  0.714043E+02
0.660865E+01  0.721175E+02
0.667858E+01  0.728296E+02
0.674843E+01  0.735407E+02
0.681820E+01  0.742508E+02
0.688789E+01  0.749601E+02
0.695750E+01  0.756684E+02
0.702704E+01  0.763758E+02
0.709651E+01  0.770823E+02
0.716592E+01  0.777881E+02
0.723525E+01  0.784930E+02
0.730452E+01  0.791972E+02
0.737373E+01  0.799006E+02
0.744287E+01  0.806032E+02
0.751195E+01  0.813051E+02
0.758098E+01  0.820064E+02
0.764995E+01  0.827070E+02
0.771886E+01  0.834069E+02
0.778772E+01  0.841062E+02
0.785653E+01  0.848048E+02
0.792529E+01  0.855029E+02
0.799399E+01  0.862004E+02
0.806265E+01  0.868973E+02
0.813126E+01  0.875936E+02
0.819983E+01  0.882895E+02
0.826835E+01  0.889848E+02
0.833683E+01  0.896796E+02
0.840527E+01  0.903739E+02
