0.106624E+01  0.128592E+01
0.113679E+01  0.238899E+01
0.121154E+01  0.334175E+01
0.129028E+01  0.417107E+01
0.137267E+01  0.489917E+01
0.145831E+01  0.554432E+01
0.154670E+01  0.612156E+01
0.163737E+01  0.664318E+01
0.172980E+01  0.711917E+01
0.182355E+01  0.755763E+01
0.191819E+01  0.796508E+01
0.201337E+01  0.834683E+01
0.210880E+01  0.870706E+01
0.220423E+01  0.904923E+01
0.229949E+01  0.937607E+01
0.239442E+01  0.968985E+01
0.248893E+01  0.999238E+01
0.258293E+01  0.102852E+02
0.267638E+01  0.105695E+02
0.276924E+01  0.108463E+02
0.286149E+01  0.111165E+02
0.295312E+01  0.113808E+02
0.304412E+01  0.116398E+02
0.313451E+01  0.118941E+02
0.322428E+01  0.121441E+02
0.331345E+01  0.123902E+02
0.340203E+01  0.126328E+02
0.349004E+01  0.128720E+02
0.357749E+01  0.131082E+02
0.366440E+01  0.133417E+02
0.375079E+01  0.135725E+02
0.383666E+01  0.138009E+02
0.392204E+01  0.140271E+02
0.400694E+01  0.142512E+02
0.409138E+01  0.144733E+02
0.417536E+01  0.146936E+02
0.425892E+01  0.149121E+02
0.434206E+01  0.151290E+02
0.442479E+01  0.153443E+02
0.450712E+01  0.155581E+02
0.458908E+01  0.157705E+02
0.467067E+01  0.159816E+02
0.475189E+01  0.161914E+02
0.483278E+01  0.164000E+02
0.491332E+01  0.166074E+02
0.499355E+01  0.168137E+02
0.507345E+01  0.170190E+02
0.515305E+01  0.172232E+02
0.523235E+01  0.174265E+02
0.531136E+01  0.176288E+02
0.539009E+01  0.178302E+02
0.546855E+01  0.180307E+02
0.554674E+01  0.182304E+02
0.562467E+01  0.184293E+02
0.570236E+01  0.186274E+02
0.577980E+01  0.188248E+02
0.585700E+01  0.190214E+02
0.593397E+01  0.192173E+02
0.601072E+01  0.194125E+02
0.608724E+01  0.196071E+02
0.616356E+01  0.198011E+02
0.623966E+01  0.199944E+02
0.631556E+01  0.201871E+02
0.639127E+01  0.203792E+02
0.646678E+01  0.205708E+02
0.654210E+01  0.207618E+02
0.661724E+01  0.209523E+02
0.669220E+01  0.211423E+02
0.676699E+01  0.213318E+02
0.684160E+01  0.215207E+02
0.691605E+01  0.217092E+02
0.699033E+01  0.218973E+02
0.706446E+01  0.220849E+02
0.713843E+01  0.222720E+02
0.721225E+01  0.224587E+02
0.728593E+01  0.226450E+02
0.735945E+01  0.228309E+02
0.743284E+01  0.230164E+02
0.750609E+01  0.232015E+02
0.757920E+01  0.233863E+02
0.765218E+01  0.235706E+02
0.772503E+01  0.237546E+02
0.779775E+01  0.239383E+02
0.787035E+01  0.241216E+02
0.794283E+01  0.243046E+02
0.801519E+01  0.244872E+02
0.808744E+01  0.246695E+02
0.815957E+01  0.248516E+02
0.823159E+01  0.250333E+02
0.830351E+01  0.252147E+02
0.837531E+01  0.253958E+02
0.844702E+01  0.255767E+02
0.851862E+01  0.257573E+02
0.859012E+01  0.259376E+02
0.866152E+01  0.261176E+02
0.873283E+01  0.262974E+02
0.880405E+01  0.264769E+02
0.887517E+01  0.266562E+02
0.894621E+01  0.268352E+02
0.901715E+01  0.270140E+02
