0.106597E+01  0.909948E+00
0.113560E+01  0.170563E+01
0.120863E+01  0.240736E+01
0.128474E+01  0.303186E+01
0.136353E+01  0.359287E+01
0.144457E+01  0.410162E+01
0.152745E+01  0.456732E+01
0.161176E+01  0.499742E+01
0.169713E+01  0.539799E+01
0.178324E+01  0.577396E+01
0.186980E+01  0.612930E+01
0.195659E+01  0.646725E+01
0.204344E+01  0.679044E+01
0.213018E+01  0.710099E+01
0.221673E+01  0.740068E+01
0.230298E+01  0.769095E+01
0.238888E+01  0.797300E+01
0.247439E+01  0.824783E+01
0.255947E+01  0.851627E+01
0.264411E+01  0.877903E+01
0.272829E+01  0.903672E+01
0.281201E+01  0.928985E+01
0.289527E+01  0.953885E+01
0.297808E+01  0.978412E+01
0.306043E+01  0.100260E+02
0.314235E+01  0.102647E+02
0.322383E+01  0.105006E+02
0.330489E+01  0.107338E+02
0.338554E+01  0.109646E+02
0.346579E+01  0.111931E+02
0.354565E+01  0.114195E+02
0.362514E+01  0.116439E+02
0.370426E+01  0.118665E+02
0.378303E+01  0.120874E+02
0.386146E+01  0.123066E+02
0.393956E+01  0.125243E+02
0.401734E+01  0.127406E+02
0.409482E+01  0.129555E+02
0.417199E+01  0.131691E+02
0.424887E+01  0.133815E+02
0.432548E+01  0.135928E+02
0.440181E+01  0.138030E+02
0.447788E+01  0.140121E+02
0.455370E+01  0.142202E+02
0.462927E+01  0.144273E+02
0.470461E+01  0.146336E+02
0.477971E+01  0.148389E+02
0.485459E+01  0.150435E+02
0.492925E+01  0.152472E+02
0.500371E+01  0.154502E+02
0.507796E+01  0.156524E+02
0.515201E+01  0.158540E+02
0.522588E+01  0.160548E+02
0.529955E+01  0.162550E+02
0.537305E+01  0.164546E+02
0.544637E+01  0.166536E+02
0.551952E+01  0.168520E+02
0.559251E+01  0.170498E+02
0.566534E+01  0.172471E+02
0.573802E+01  0.174439E+02
0.581054E+01  0.176402E+02
0.588292E+01  0.178360E+02
0.595515E+01  0.180313E+02
0.602725E+01  0.182261E+02
0.609921E+01  0.184206E+02
0.617104E+01  0.186146E+02
0.624275E+01  0.188081E+02
0.631433E+01  0.190013E+02
0.638579E+01  0.191941E+02
0.645714E+01  0.193866E+02
0.652837E+01  0.195786E+02
0.659949E+01  0.197703E+02
0.667051E+01  0.199617E+02
0.674142E+01  0.201528E+02
0.681223E+01  0.203435E+02
0.688294E+01  0.205339E+02
0.695355E+01  0.207240E+02
0.702407E+01  0.209138E+02
0.709450E+01  0.211034E+02
0.716484E+01  0.212926E+02
0.723509E+01  0.214816E+02
0.730526E+01  0.216703E+02
0.737535E+01  0.218588E+02
0.744536E+01  0.220470E+02
0.751529E+01  0.222350E+02
0.758514E+01  0.224228E+02
0.765493E+01  0.226103E+02
0.772463E+01  0.227977E+02
0.779427E+01  0.229848E+02
0.786385E+01  0.231717E+02
0.793335E+01  0.233583E+02
0.800279E+01  0.235448E+02
0.807217E+01  0.237311E+02
0.814149E+01  0.239173E+02
0.821074E+01  0.241032E+02
0.827994E+01  0.242890E+02
0.834908E+01  0.244746E+02
0.841817E+01  0.246600E+02
0.848720E+01  0.248453E+02
0.855618E+01  0.250304E+02
