0.106555E+01  0.152132E+01
0.113384E+01  0.289058E+01
0.120453E+01  0.413387E+01
0.127728E+01  0.527265E+01
0.135174E+01  0.632453E+01
0.142757E+01  0.730391E+01
0.150447E+01  0.822259E+01
0.158217E+01  0.909020E+01
0.166044E+01  0.991463E+01
0.173909E+01  0.107023E+02
0.181796E+01  0.114586E+02
0.189691E+01  0.121878E+02
0.197585E+01  0.128936E+02
0.205469E+01  0.135790E+02
0.213337E+01  0.142465E+02
0.221185E+01  0.148981E+02
0.229008E+01  0.155358E+02
0.236804E+01  0.161610E+02
0.244571E+01  0.167750E+02
0.252308E+01  0.173790E+02
0.260015E+01  0.179738E+02
0.267690E+01  0.185604E+02
0.275335E+01  0.191394E+02
0.282949E+01  0.197115E+02
0.290532E+01  0.202774E+02
0.298085E+01  0.208374E+02
0.305609E+01  0.213920E+02
0.313104E+01  0.219416E+02
0.320572E+01  0.224866E+02
0.328012E+01  0.230273E+02
0.335426E+01  0.235640E+02
0.342814E+01  0.240970E+02
0.350178E+01  0.246264E+02
0.357518E+01  0.251526E+02
0.364834E+01  0.256756E+02
0.372129E+01  0.261958E+02
0.379401E+01  0.267132E+02
0.386654E+01  0.272281E+02
0.393886E+01  0.277405E+02
0.401098E+01  0.282506E+02
0.408292E+01  0.287585E+02
0.415468E+01  0.292643E+02
0.422627E+01  0.297682E+02
0.429769E+01  0.302702E+02
0.436895E+01  0.307705E+02
0.444006E+01  0.312691E+02
0.451102E+01  0.317660E+02
0.458183E+01  0.322615E+02
0.465250E+01  0.327555E+02
0.472305E+01  0.332481E+02
0.479346E+01  0.337394E+02
0.486375E+01  0.342294E+02
0.493392E+01  0.347182E+02
0.500397E+01  0.352058E+02
0.507391E+01  0.356924E+02
0.514375E+01  0.361779E+02
0.521348E+01  0.366624E+02
0.528312E+01  0.371459E+02
0.535265E+01  0.376285E+02
0.542210E+01  0.381102E+02
0.549145E+01  0.385910E+02
0.556072E+01  0.390710E+02
0.562991E+01  0.395503E+02
0.569901E+01  0.400287E+02
0.576804E+01  0.405065E+02
0.583699E+01  0.409835E+02
0.590587E+01  0.414599E+02
0.597468E+01  0.419356E+02
0.604342E+01  0.424107E+02
0.611209E+01  0.428852E+02
0.618070E+01  0.433591E+02
0.624926E+01  0.438324E+02
0.631775E+01  0.443052E+02
0.638618E+01  0.447775E+02
0.645456E+01  0.452493E+02
0.652289E+01  0.457206E+02
0.659116E+01  0.461915E+02
0.665938E+01  0.466619E+02
0.672756E+01  0.471318E+02
0.679568E+01  0.476014E+02
0.686376E+01  0.480705E+02
0.693180E+01  0.485393E+02
0.699980E+01  0.490077E+02
0.706775E+01  0.494757E+02
0.713566E+01  0.499433E+02
0.720354E+01  0.504106E+02
0.727137E+01  0.508776E+02
0.733917E+01  0.513443E+02
0.740694E+01  0.518106E+02
0.747467E+01  0.522767E+02
0.754237E+01  0.527424E+02
0.761003E+01  0.532079E+02
0.767766E+01  0.536731E+02
0.774527E+01  0.541381E+02
0.781284E+01  0.546028E+02
0.788039E+01  0.550672E+02
0.794790E+01  0.555314E+02
0.801540E+01  0.559954E+02
0.808286E+01  0.564591E+02
0.815030E+01  0.569227E+02
