0.106600E+01  0.454447E+00
0.113575E+01  0.850836E+00
0.120900E+01  0.119950E+01
0.128543E+01  0.150895E+01
0.136464E+01  0.178617E+01
0.144622E+01  0.203689E+01
0.152973E+01  0.226580E+01
0.161475E+01  0.247670E+01
0.170090E+01  0.267269E+01
0.178783E+01  0.285626E+01
0.187526E+01  0.302945E+01
0.196294E+01  0.319391E+01
0.205068E+01  0.335096E+01
0.213833E+01  0.350169E+01
0.222578E+01  0.364700E+01
0.231293E+01  0.378760E+01
0.239971E+01  0.392411E+01
0.248609E+01  0.405703E+01
0.257203E+01  0.418678E+01
0.265751E+01  0.431371E+01
0.274251E+01  0.443813E+01
0.282704E+01  0.456030E+01
0.291108E+01  0.468042E+01
0.299466E+01  0.479870E+01
0.307776E+01  0.491529E+01
0.316041E+01  0.503034E+01
0.324260E+01  0.514398E+01
0.332436E+01  0.525632E+01
0.340570E+01  0.536745E+01
0.348661E+01  0.547747E+01
0.356713E+01  0.558645E+01
0.364726E+01  0.569445E+01
0.372701E+01  0.580156E+01
0.380639E+01  0.590781E+01
0.388542E+01  0.601327E+01
0.396410E+01  0.611797E+01
0.404246E+01  0.622197E+01
0.412049E+01  0.632529E+01
0.419821E+01  0.642799E+01
0.427563E+01  0.653008E+01
0.435277E+01  0.663160E+01
0.442962E+01  0.673259E+01
0.450619E+01  0.683305E+01
0.458251E+01  0.693303E+01
0.465857E+01  0.703253E+01
0.473438E+01  0.713159E+01
0.480995E+01  0.723022E+01
0.488528E+01  0.732844E+01
0.496040E+01  0.742626E+01
0.503529E+01  0.752371E+01
0.510998E+01  0.762079E+01
0.518445E+01  0.771753E+01
0.525873E+01  0.781393E+01
0.533282E+01  0.791002E+01
0.540671E+01  0.800579E+01
0.548043E+01  0.810126E+01
0.555397E+01  0.819645E+01
0.562734E+01  0.829136E+01
0.570054E+01  0.838600E+01
0.577357E+01  0.848038E+01
0.584645E+01  0.857451E+01
0.591918E+01  0.866841E+01
0.599176E+01  0.876207E+01
0.606420E+01  0.885550E+01
0.613649E+01  0.894872E+01
0.620865E+01  0.904172E+01
0.628067E+01  0.913452E+01
0.635257E+01  0.922712E+01
0.642434E+01  0.931953E+01
0.649599E+01  0.941176E+01
0.656751E+01  0.950380E+01
0.663893E+01  0.959567E+01
0.671023E+01  0.968738E+01
0.678142E+01  0.977891E+01
0.685250E+01  0.987029E+01
0.692348E+01  0.996151E+01
0.699436E+01  0.100526E+02
0.706514E+01  0.101435E+02
0.713582E+01  0.102343E+02
0.720641E+01  0.103249E+02
0.727691E+01  0.104154E+02
0.734732E+01  0.105058E+02
0.741765E+01  0.105961E+02
0.748789E+01  0.106862E+02
0.755804E+01  0.107762E+02
0.762812E+01  0.108661E+02
0.769812E+01  0.109559E+02
0.776805E+01  0.110456E+02
0.783790E+01  0.111352E+02
0.790767E+01  0.112246E+02
0.797738E+01  0.113140E+02
0.804702E+01  0.114032E+02
0.811659E+01  0.114924E+02
0.818610E+01  0.115815E+02
0.825555E+01  0.116705E+02
0.832493E+01  0.117594E+02
0.839425E+01  0.118482E+02
0.846351E+01  0.119369E+02
0.853272E+01  0.120255E+02
0.860187E+01  0.121141E+02
