0.106596E+01  0.759688E+00
0.113557E+01  0.142425E+01
0.120857E+01  0.201059E+01
0.128463E+01  0.253263E+01
0.136334E+01  0.300180E+01
0.144431E+01  0.342745E+01
0.152709E+01  0.381724E+01
0.161129E+01  0.417738E+01
0.169653E+01  0.451291E+01
0.178250E+01  0.482793E+01
0.186893E+01  0.512575E+01
0.195559E+01  0.540907E+01
0.204229E+01  0.568007E+01
0.212889E+01  0.594053E+01
0.221529E+01  0.619191E+01
0.230140E+01  0.643543E+01
0.238717E+01  0.667209E+01
0.247254E+01  0.690271E+01
0.255748E+01  0.712799E+01
0.264199E+01  0.734853E+01
0.272604E+01  0.756483E+01
0.280964E+01  0.777732E+01
0.289278E+01  0.798635E+01
0.297546E+01  0.819226E+01
0.305770E+01  0.839531E+01
0.313950E+01  0.859576E+01
0.322086E+01  0.879380E+01
0.330181E+01  0.898964E+01
0.338236E+01  0.918343E+01
0.346250E+01  0.937532E+01
0.354226E+01  0.956544E+01
0.362165E+01  0.975392E+01
0.370068E+01  0.994086E+01
0.377935E+01  0.101264E+02
0.385769E+01  0.103105E+02
0.393570E+01  0.104934E+02
0.401339E+01  0.106750E+02
0.409077E+01  0.108555E+02
0.416786E+01  0.110350E+02
0.424466E+01  0.112134E+02
0.432118E+01  0.113908E+02
0.439744E+01  0.115674E+02
0.447343E+01  0.117430E+02
0.454917E+01  0.119178E+02
0.462467E+01  0.120919E+02
0.469992E+01  0.122651E+02
0.477496E+01  0.124377E+02
0.484976E+01  0.126095E+02
0.492436E+01  0.127807E+02
0.499874E+01  0.129512E+02
0.507293E+01  0.131211E+02
0.514691E+01  0.132904E+02
0.522071E+01  0.134592E+02
0.529432E+01  0.136274E+02
0.536776E+01  0.137951E+02
0.544102E+01  0.139623E+02
0.551411E+01  0.141290E+02
0.558704E+01  0.142952E+02
0.565981E+01  0.144610E+02
0.573243E+01  0.146263E+02
0.580490E+01  0.147912E+02
0.587722E+01  0.149558E+02
0.594940E+01  0.151199E+02
0.602145E+01  0.152836E+02
0.609336E+01  0.154470E+02
0.616514E+01  0.156100E+02
0.623679E+01  0.157727E+02
0.630833E+01  0.159350E+02
0.637974E+01  0.160971E+02
0.645104E+01  0.162588E+02
0.652223E+01  0.164202E+02
0.659330E+01  0.165813E+02
0.666427E+01  0.167421E+02
0.673514E+01  0.169027E+02
0.680591E+01  0.170629E+02
0.687658E+01  0.172230E+02
0.694715E+01  0.173827E+02
0.701763E+01  0.175423E+02
0.708802E+01  0.177016E+02
0.715832E+01  0.178606E+02
0.722854E+01  0.180195E+02
0.729867E+01  0.181781E+02
0.736872E+01  0.183365E+02
0.743869E+01  0.184947E+02
0.750859E+01  0.186527E+02
0.757841E+01  0.188105E+02
0.764815E+01  0.189682E+02
0.771783E+01  0.191256E+02
0.778744E+01  0.192829E+02
0.785698E+01  0.194400E+02
0.792645E+01  0.195969E+02
0.799586E+01  0.197536E+02
0.806521E+01  0.199102E+02
0.813449E+01  0.200667E+02
0.820372E+01  0.202230E+02
0.827289E+01  0.203791E+02
0.834200E+01  0.205351E+02
0.841106E+01  0.206910E+02
0.848007E+01  0.208467E+02
0.854902E+01  0.210023E+02
