0.106617E+01  0.593853E+00
0.113650E+01  0.110558E+01
0.121084E+01  0.154982E+01
0.128892E+01  0.193864E+01
0.137039E+01  0.228200E+01
0.145482E+01  0.258808E+01
0.154175E+01  0.286361E+01
0.163070E+01  0.311407E+01
0.172120E+01  0.334390E+01
0.181283E+01  0.355673E+01
0.190521E+01  0.375545E+01
0.199802E+01  0.394242E+01
0.209100E+01  0.411953E+01
0.218395E+01  0.428832E+01
0.227671E+01  0.445002E+01
0.236914E+01  0.460564E+01
0.246116E+01  0.475603E+01
0.255270E+01  0.490184E+01
0.264372E+01  0.504367E+01
0.273419E+01  0.518197E+01
0.282409E+01  0.531714E+01
0.291341E+01  0.544953E+01
0.300215E+01  0.557940E+01
0.309031E+01  0.570702E+01
0.317791E+01  0.583258E+01
0.326496E+01  0.595628E+01
0.335145E+01  0.607826E+01
0.343742E+01  0.619867E+01
0.352287E+01  0.631763E+01
0.360781E+01  0.643525E+01
0.369227E+01  0.655163E+01
0.377626E+01  0.666684E+01
0.385979E+01  0.678097E+01
0.394287E+01  0.689409E+01
0.402553E+01  0.700626E+01
0.410777E+01  0.711753E+01
0.418961E+01  0.722795E+01
0.427105E+01  0.733758E+01
0.435213E+01  0.744646E+01
0.443284E+01  0.755461E+01
0.451319E+01  0.766209E+01
0.459320E+01  0.776892E+01
0.467289E+01  0.787514E+01
0.475225E+01  0.798077E+01
0.483130E+01  0.808584E+01
0.491005E+01  0.819037E+01
0.498850E+01  0.829439E+01
0.506667E+01  0.839791E+01
0.514457E+01  0.850096E+01
0.522220E+01  0.860356E+01
0.529957E+01  0.870572E+01
0.537669E+01  0.880747E+01
0.545356E+01  0.890881E+01
0.553020E+01  0.900976E+01
0.560660E+01  0.911033E+01
0.568278E+01  0.921054E+01
0.575874E+01  0.931040E+01
0.583449E+01  0.940993E+01
0.591003E+01  0.950912E+01
0.598537E+01  0.960800E+01
0.606051E+01  0.970658E+01
0.613546E+01  0.980486E+01
0.621023E+01  0.990285E+01
0.628482E+01  0.100006E+02
0.635922E+01  0.100980E+02
0.643346E+01  0.101952E+02
0.650753E+01  0.102921E+02
0.658143E+01  0.103888E+02
0.665518E+01  0.104852E+02
0.672876E+01  0.105814E+02
0.680220E+01  0.106774E+02
0.687549E+01  0.107732E+02
0.694864E+01  0.108687E+02
0.702164E+01  0.109641E+02
0.709451E+01  0.110592E+02
0.716724E+01  0.111541E+02
0.723984E+01  0.112489E+02
0.731232E+01  0.113434E+02
0.738466E+01  0.114378E+02
0.745689E+01  0.115320E+02
0.752900E+01  0.116260E+02
0.760099E+01  0.117199E+02
0.767287E+01  0.118136E+02
0.774463E+01  0.119071E+02
0.781629E+01  0.120005E+02
0.788784E+01  0.120937E+02
0.795929E+01  0.121868E+02
0.803064E+01  0.122797E+02
0.810189E+01  0.123725E+02
0.817304E+01  0.124652E+02
0.824410E+01  0.125577E+02
0.831506E+01  0.126501E+02
0.838594E+01  0.127424E+02
0.845672E+01  0.128345E+02
0.852742E+01  0.129265E+02
0.859804E+01  0.130184E+02
0.866857E+01  0.131102E+02
0.873902E+01  0.132018E+02
0.880940E+01  0.132934E+02
0.887969E+01  0.133848E+02
