0.106604E+01  0.697719E+00
0.113591E+01  0.130470E+01
0.120939E+01  0.183710E+01
0.128617E+01  0.230823E+01
0.136585E+01  0.272903E+01
0.144801E+01  0.310850E+01
0.153221E+01  0.345396E+01
0.161801E+01  0.377140E+01
0.170502E+01  0.406566E+01
0.179287E+01  0.434066E+01
0.188126E+01  0.459959E+01
0.196993E+01  0.484503E+01
0.205869E+01  0.507905E+01
0.214736E+01  0.530335E+01
0.223582E+01  0.551930E+01
0.232398E+01  0.572806E+01
0.241176E+01  0.593056E+01
0.249912E+01  0.612757E+01
0.258602E+01  0.631974E+01
0.267245E+01  0.650763E+01
0.275838E+01  0.669169E+01
0.284381E+01  0.687233E+01
0.292875E+01  0.704987E+01
0.301319E+01  0.722461E+01
0.309714E+01  0.739679E+01
0.318062E+01  0.756665E+01
0.326363E+01  0.773437E+01
0.334618E+01  0.790011E+01
0.342828E+01  0.806404E+01
0.350996E+01  0.822628E+01
0.359122E+01  0.838695E+01
0.367207E+01  0.854615E+01
0.375252E+01  0.870399E+01
0.383260E+01  0.886055E+01
0.391231E+01  0.901590E+01
0.399166E+01  0.917012E+01
0.407066E+01  0.932327E+01
0.414933E+01  0.947541E+01
0.422768E+01  0.962660E+01
0.430571E+01  0.977687E+01
0.438344E+01  0.992629E+01
0.446088E+01  0.100749E+02
0.453803E+01  0.102227E+02
0.461491E+01  0.103698E+02
0.469153E+01  0.105162E+02
0.476788E+01  0.106619E+02
0.484398E+01  0.108069E+02
0.491984E+01  0.109513E+02
0.499547E+01  0.110952E+02
0.507087E+01  0.112384E+02
0.514605E+01  0.113811E+02
0.522101E+01  0.115233E+02
0.529576E+01  0.116650E+02
0.537032E+01  0.118062E+02
0.544467E+01  0.119469E+02
0.551884E+01  0.120872E+02
0.559282E+01  0.122270E+02
0.566662E+01  0.123664E+02
0.574025E+01  0.125054E+02
0.581370E+01  0.126440E+02
0.588699E+01  0.127823E+02
0.596013E+01  0.129201E+02
0.603310E+01  0.130576E+02
0.610592E+01  0.131948E+02
0.617860E+01  0.133316E+02
0.625113E+01  0.134682E+02
0.632352E+01  0.136044E+02
0.639578E+01  0.137403E+02
0.646791E+01  0.138759E+02
0.653990E+01  0.140112E+02
0.661177E+01  0.141463E+02
0.668352E+01  0.142810E+02
0.675515E+01  0.144156E+02
0.682667E+01  0.145498E+02
0.689807E+01  0.146839E+02
0.696936E+01  0.148177E+02
0.704054E+01  0.149512E+02
0.711162E+01  0.150846E+02
0.718260E+01  0.152177E+02
0.725348E+01  0.153506E+02
0.732427E+01  0.154833E+02
0.739496E+01  0.156158E+02
0.746555E+01  0.157481E+02
0.753606E+01  0.158802E+02
0.760649E+01  0.160122E+02
0.767682E+01  0.161439E+02
0.774708E+01  0.162755E+02
0.781725E+01  0.164069E+02
0.788735E+01  0.165382E+02
0.795737E+01  0.166693E+02
0.802731E+01  0.168002E+02
0.809718E+01  0.169310E+02
0.816698E+01  0.170616E+02
0.823671E+01  0.171921E+02
0.830637E+01  0.173225E+02
0.837597E+01  0.174527E+02
0.844550E+01  0.175827E+02
0.851497E+01  0.177127E+02
0.858438E+01  0.178425E+02
0.865373E+01  0.179722E+02
