0.106617E+01  0.286544E+01
0.113647E+01  0.533607E+01
0.121075E+01  0.748223E+01
0.128875E+01  0.936195E+01
0.137010E+01  0.110231E+02
0.145439E+01  0.125050E+02
0.154114E+01  0.138400E+02
0.162988E+01  0.150544E+02
0.172014E+01  0.161695E+02
0.181151E+01  0.172028E+02
0.190362E+01  0.181681E+02
0.199615E+01  0.190769E+02
0.208884E+01  0.199381E+02
0.218150E+01  0.207591E+02
0.227395E+01  0.215459E+02
0.236609E+01  0.223034E+02
0.245782E+01  0.230356E+02
0.254907E+01  0.237457E+02
0.263980E+01  0.244365E+02
0.272999E+01  0.251103E+02
0.281961E+01  0.257689E+02
0.290866E+01  0.264140E+02
0.299713E+01  0.270470E+02
0.308504E+01  0.276691E+02
0.317238E+01  0.282812E+02
0.325918E+01  0.288842E+02
0.334543E+01  0.294789E+02
0.343115E+01  0.300661E+02
0.351637E+01  0.306462E+02
0.360108E+01  0.312198E+02
0.368532E+01  0.317873E+02
0.376908E+01  0.323493E+02
0.385239E+01  0.329060E+02
0.393527E+01  0.334577E+02
0.401771E+01  0.340049E+02
0.409975E+01  0.345477E+02
0.418139E+01  0.350864E+02
0.426264E+01  0.356212E+02
0.434352E+01  0.361524E+02
0.442404E+01  0.366801E+02
0.450421E+01  0.372045E+02
0.458404E+01  0.377258E+02
0.466354E+01  0.382441E+02
0.474272E+01  0.387595E+02
0.482160E+01  0.392722E+02
0.490018E+01  0.397823E+02
0.497847E+01  0.402899E+02
0.505647E+01  0.407952E+02
0.513421E+01  0.412981E+02
0.521168E+01  0.417989E+02
0.528889E+01  0.422975E+02
0.536586E+01  0.427941E+02
0.544258E+01  0.432887E+02
0.551906E+01  0.437815E+02
0.559532E+01  0.442724E+02
0.567135E+01  0.447616E+02
0.574717E+01  0.452490E+02
0.582278E+01  0.457349E+02
0.589818E+01  0.462191E+02
0.597338E+01  0.467018E+02
0.604839E+01  0.471831E+02
0.612321E+01  0.476629E+02
0.619785E+01  0.481413E+02
0.627230E+01  0.486183E+02
0.634658E+01  0.490941E+02
0.642069E+01  0.495686E+02
0.649464E+01  0.500418E+02
0.656842E+01  0.505139E+02
0.664205E+01  0.509848E+02
0.671552E+01  0.514546E+02
0.678884E+01  0.519232E+02
0.686202E+01  0.523908E+02
0.693505E+01  0.528574E+02
0.700795E+01  0.533230E+02
0.708071E+01  0.537876E+02
0.715333E+01  0.542512E+02
0.722583E+01  0.547139E+02
0.729820E+01  0.551757E+02
0.737045E+01  0.556366E+02
0.744257E+01  0.560967E+02
0.751458E+01  0.565559E+02
0.758648E+01  0.570143E+02
0.765826E+01  0.574719E+02
0.772993E+01  0.579288E+02
0.780150E+01  0.583849E+02
0.787296E+01  0.588403E+02
0.794432E+01  0.592949E+02
0.801558E+01  0.597488E+02
0.808674E+01  0.602021E+02
0.815781E+01  0.606547E+02
0.822878E+01  0.611067E+02
0.829966E+01  0.615580E+02
0.837046E+01  0.620087E+02
0.844116E+01  0.624588E+02
0.851178E+01  0.629083E+02
0.858232E+01  0.633572E+02
0.865278E+01  0.638056E+02
0.872316E+01  0.642534E+02
0.879346E+01  0.647007E+02
0.886368E+01  0.651475E+02
