0.106618E+01  0.586349E+00
0.113651E+01  0.109155E+01
0.121086E+01  0.153005E+01
0.128896E+01  0.191379E+01
0.137045E+01  0.225261E+01
0.145492E+01  0.255460E+01
0.154189E+01  0.282639E+01
0.163089E+01  0.307341E+01
0.172144E+01  0.330007E+01
0.181312E+01  0.350991E+01
0.190557E+01  0.370582E+01
0.199844E+01  0.389013E+01
0.209149E+01  0.406471E+01
0.218451E+01  0.423106E+01
0.227732E+01  0.439041E+01
0.236982E+01  0.454377E+01
0.246191E+01  0.469195E+01
0.255352E+01  0.483563E+01
0.264460E+01  0.497536E+01
0.273513E+01  0.511162E+01
0.282509E+01  0.524479E+01
0.291448E+01  0.537522E+01
0.300328E+01  0.550316E+01
0.309150E+01  0.562888E+01
0.317916E+01  0.575257E+01
0.326626E+01  0.587442E+01
0.335281E+01  0.599458E+01
0.343883E+01  0.611319E+01
0.352433E+01  0.623037E+01
0.360933E+01  0.634623E+01
0.369384E+01  0.646085E+01
0.377788E+01  0.657434E+01
0.386145E+01  0.668676E+01
0.394459E+01  0.679817E+01
0.402729E+01  0.690865E+01
0.410958E+01  0.701824E+01
0.419146E+01  0.712701E+01
0.427295E+01  0.723498E+01
0.435407E+01  0.734221E+01
0.443482E+01  0.744874E+01
0.451522E+01  0.755459E+01
0.459527E+01  0.765981E+01
0.467500E+01  0.776442E+01
0.475440E+01  0.786845E+01
0.483349E+01  0.797193E+01
0.491227E+01  0.807488E+01
0.499077E+01  0.817732E+01
0.506898E+01  0.827927E+01
0.514691E+01  0.838076E+01
0.522458E+01  0.848181E+01
0.530198E+01  0.858242E+01
0.537914E+01  0.868262E+01
0.545604E+01  0.878242E+01
0.553271E+01  0.888183E+01
0.560915E+01  0.898088E+01
0.568536E+01  0.907957E+01
0.576136E+01  0.917791E+01
0.583714E+01  0.927592E+01
0.591271E+01  0.937361E+01
0.598808E+01  0.947098E+01
0.606325E+01  0.956805E+01
0.613823E+01  0.966484E+01
0.621303E+01  0.976133E+01
0.628764E+01  0.985756E+01
0.636208E+01  0.995351E+01
0.643634E+01  0.100492E+02
0.651044E+01  0.101447E+02
0.658437E+01  0.102399E+02
0.665814E+01  0.103348E+02
0.673176E+01  0.104296E+02
0.680522E+01  0.105241E+02
0.687854E+01  0.106184E+02
0.695171E+01  0.107125E+02
0.702473E+01  0.108063E+02
0.709763E+01  0.109000E+02
0.717038E+01  0.109935E+02
0.724301E+01  0.110868E+02
0.731550E+01  0.111799E+02
0.738788E+01  0.112728E+02
0.746013E+01  0.113656E+02
0.753226E+01  0.114582E+02
0.760427E+01  0.115506E+02
0.767617E+01  0.116429E+02
0.774796E+01  0.117350E+02
0.781963E+01  0.118269E+02
0.789121E+01  0.119187E+02
0.796268E+01  0.120104E+02
0.803404E+01  0.121019E+02
0.810531E+01  0.121932E+02
0.817648E+01  0.122845E+02
0.824756E+01  0.123756E+02
0.831854E+01  0.124665E+02
0.838944E+01  0.125574E+02
0.846024E+01  0.126481E+02
0.853096E+01  0.127387E+02
0.860159E+01  0.128292E+02
0.867214E+01  0.129195E+02
0.874261E+01  0.130098E+02
0.881300E+01  0.130999E+02
0.888331E+01  0.131900E+02
