0.106601E+01  0.657061E+00
0.113579E+01  0.122981E+01
0.120910E+01  0.173326E+01
0.128561E+01  0.217976E+01
0.136494E+01  0.257947E+01
0.144666E+01  0.294072E+01
0.153033E+01  0.327032E+01
0.161554E+01  0.357379E+01
0.170189E+01  0.385563E+01
0.178904E+01  0.411948E+01
0.187670E+01  0.436829E+01
0.196462E+01  0.460445E+01
0.205260E+01  0.482989E+01
0.214050E+01  0.504619E+01
0.222818E+01  0.525464E+01
0.231557E+01  0.545630E+01
0.240260E+01  0.565205E+01
0.248921E+01  0.584261E+01
0.257538E+01  0.602859E+01
0.266108E+01  0.621051E+01
0.274630E+01  0.638880E+01
0.283104E+01  0.656385E+01
0.291530E+01  0.673594E+01
0.299908E+01  0.690538E+01
0.308239E+01  0.707239E+01
0.316523E+01  0.723718E+01
0.324762E+01  0.739993E+01
0.332957E+01  0.756081E+01
0.341109E+01  0.771995E+01
0.349218E+01  0.787748E+01
0.357288E+01  0.803352E+01
0.365317E+01  0.818816E+01
0.373309E+01  0.834150E+01
0.381264E+01  0.849361E+01
0.389183E+01  0.864457E+01
0.397067E+01  0.879446E+01
0.404918E+01  0.894332E+01
0.412737E+01  0.909122E+01
0.420524E+01  0.923821E+01
0.428280E+01  0.938433E+01
0.436008E+01  0.952964E+01
0.443707E+01  0.967416E+01
0.451378E+01  0.981794E+01
0.459023E+01  0.996101E+01
0.466642E+01  0.101034E+02
0.474236E+01  0.102452E+02
0.481805E+01  0.103863E+02
0.489352E+01  0.105268E+02
0.496875E+01  0.106668E+02
0.504376E+01  0.108062E+02
0.511856E+01  0.109452E+02
0.519316E+01  0.110836E+02
0.526755E+01  0.112215E+02
0.534174E+01  0.113589E+02
0.541575E+01  0.114960E+02
0.548957E+01  0.116326E+02
0.556321E+01  0.117687E+02
0.563668E+01  0.119045E+02
0.570998E+01  0.120399E+02
0.578312E+01  0.121749E+02
0.585610E+01  0.123096E+02
0.592892E+01  0.124439E+02
0.600159E+01  0.125778E+02
0.607412E+01  0.127115E+02
0.614651E+01  0.128448E+02
0.621875E+01  0.129778E+02
0.629086E+01  0.131106E+02
0.636284E+01  0.132430E+02
0.643470E+01  0.133752E+02
0.650643E+01  0.135071E+02
0.657804E+01  0.136387E+02
0.664953E+01  0.137701E+02
0.672091E+01  0.139012E+02
0.679217E+01  0.140321E+02
0.686333E+01  0.141628E+02
0.693438E+01  0.142933E+02
0.700533E+01  0.144235E+02
0.707618E+01  0.145535E+02
0.714694E+01  0.146833E+02
0.721760E+01  0.148130E+02
0.728816E+01  0.149424E+02
0.735864E+01  0.150716E+02
0.742903E+01  0.152007E+02
0.749933E+01  0.153296E+02
0.756955E+01  0.154583E+02
0.763969E+01  0.155868E+02
0.770975E+01  0.157152E+02
0.777973E+01  0.158434E+02
0.784964E+01  0.159714E+02
0.791947E+01  0.160993E+02
0.798924E+01  0.162271E+02
0.805893E+01  0.163547E+02
0.812856E+01  0.164822E+02
0.819812E+01  0.166095E+02
0.826761E+01  0.167367E+02
0.833705E+01  0.168638E+02
0.840642E+01  0.169908E+02
0.847573E+01  0.171176E+02
0.854498E+01  0.172443E+02
0.861418E+01  0.173709E+02
