0.106549E+01  0.178378E+01
0.113362E+01  0.339504E+01
0.120404E+01  0.486310E+01
0.127642E+01  0.621213E+01
0.135040E+01  0.746196E+01
0.142568E+01  0.862885E+01
0.150196E+01  0.972611E+01
0.157899E+01  0.107646E+02
0.165655E+01  0.117534E+02
0.173445E+01  0.126996E+02
0.181256E+01  0.136094E+02
0.189074E+01  0.144879E+02
0.196890E+01  0.153390E+02
0.204696E+01  0.161662E+02
0.212487E+01  0.169725E+02
0.220257E+01  0.177602E+02
0.228003E+01  0.185315E+02
0.235723E+01  0.192881E+02
0.243415E+01  0.200315E+02
0.251078E+01  0.207629E+02
0.258712E+01  0.214836E+02
0.266314E+01  0.221945E+02
0.273887E+01  0.228965E+02
0.281430E+01  0.235902E+02
0.288943E+01  0.242764E+02
0.296427E+01  0.249557E+02
0.303882E+01  0.256285E+02
0.311310E+01  0.262954E+02
0.318710E+01  0.269568E+02
0.326084E+01  0.276130E+02
0.333432E+01  0.282645E+02
0.340755E+01  0.289114E+02
0.348054E+01  0.295542E+02
0.355330E+01  0.301930E+02
0.362583E+01  0.308281E+02
0.369815E+01  0.314598E+02
0.377025E+01  0.320882E+02
0.384216E+01  0.327134E+02
0.391387E+01  0.333358E+02
0.398540E+01  0.339554E+02
0.405674E+01  0.345724E+02
0.412791E+01  0.351870E+02
0.419891E+01  0.357992E+02
0.426976E+01  0.364092E+02
0.434045E+01  0.370171E+02
0.441099E+01  0.376230E+02
0.448139E+01  0.382270E+02
0.455165E+01  0.388292E+02
0.462178E+01  0.394297E+02
0.469178E+01  0.400285E+02
0.476166E+01  0.406258E+02
0.483143E+01  0.412216E+02
0.490108E+01  0.418159E+02
0.497062E+01  0.424090E+02
0.504006E+01  0.430007E+02
0.510940E+01  0.435912E+02
0.517864E+01  0.441805E+02
0.524778E+01  0.447686E+02
0.531684E+01  0.453557E+02
0.538581E+01  0.459418E+02
0.545470E+01  0.465269E+02
0.552351E+01  0.471110E+02
0.559225E+01  0.476942E+02
0.566090E+01  0.482765E+02
0.572949E+01  0.488580E+02
0.579801E+01  0.494387E+02
0.586646E+01  0.500186E+02
0.593485E+01  0.505978E+02
0.600317E+01  0.511762E+02
0.607144E+01  0.517540E+02
0.613965E+01  0.523311E+02
0.620780E+01  0.529076E+02
0.627590E+01  0.534834E+02
0.634395E+01  0.540587E+02
0.641195E+01  0.546334E+02
0.647990E+01  0.552076E+02
0.654780E+01  0.557812E+02
0.661566E+01  0.563544E+02
0.668347E+01  0.569270E+02
0.675125E+01  0.574992E+02
0.681898E+01  0.580709E+02
0.688667E+01  0.586422E+02
0.695433E+01  0.592130E+02
0.702195E+01  0.597835E+02
0.708953E+01  0.603536E+02
0.715708E+01  0.609233E+02
0.722460E+01  0.614926E+02
0.729208E+01  0.620615E+02
0.735954E+01  0.626302E+02
0.742696E+01  0.631985E+02
0.749436E+01  0.637664E+02
0.756172E+01  0.643341E+02
0.762906E+01  0.649015E+02
0.769638E+01  0.654685E+02
0.776366E+01  0.660353E+02
0.783093E+01  0.666019E+02
0.789817E+01  0.671681E+02
0.796539E+01  0.677342E+02
0.803258E+01  0.682999E+02
0.809975E+01  0.688655E+02
