0.106556E+01  0.205781E+01
0.113390E+01  0.390791E+01
0.120468E+01  0.558603E+01
0.127755E+01  0.712155E+01
0.135215E+01  0.853856E+01
0.142815E+01  0.985678E+01
0.150524E+01  0.110923E+02
0.158316E+01  0.122584E+02
0.166165E+01  0.133658E+02
0.174053E+01  0.144232E+02
0.181964E+01  0.154380E+02
0.189883E+01  0.164162E+02
0.197802E+01  0.173626E+02
0.205710E+01  0.182813E+02
0.213602E+01  0.191757E+02
0.221474E+01  0.200489E+02
0.229320E+01  0.209030E+02
0.237140E+01  0.217404E+02
0.244930E+01  0.225626E+02
0.252690E+01  0.233712E+02
0.260419E+01  0.241676E+02
0.268117E+01  0.249528E+02
0.275783E+01  0.257279E+02
0.283419E+01  0.264936E+02
0.291023E+01  0.272509E+02
0.298597E+01  0.280003E+02
0.306142E+01  0.287424E+02
0.313657E+01  0.294779E+02
0.321145E+01  0.302071E+02
0.328605E+01  0.309306E+02
0.336038E+01  0.316486E+02
0.343446E+01  0.323616E+02
0.350828E+01  0.330699E+02
0.358187E+01  0.337738E+02
0.365522E+01  0.344735E+02
0.372834E+01  0.351693E+02
0.380125E+01  0.358614E+02
0.387395E+01  0.365500E+02
0.394645E+01  0.372354E+02
0.401874E+01  0.379176E+02
0.409086E+01  0.385969E+02
0.416278E+01  0.392735E+02
0.423454E+01  0.399473E+02
0.430612E+01  0.406187E+02
0.437755E+01  0.412877E+02
0.444881E+01  0.419544E+02
0.451992E+01  0.426190E+02
0.459089E+01  0.432815E+02
0.466172E+01  0.439421E+02
0.473241E+01  0.446007E+02
0.480297E+01  0.452576E+02
0.487340E+01  0.459128E+02
0.494372E+01  0.465663E+02
0.501391E+01  0.472183E+02
0.508399E+01  0.478688E+02
0.515397E+01  0.485179E+02
0.522383E+01  0.491655E+02
0.529360E+01  0.498119E+02
0.536327E+01  0.504570E+02
0.543284E+01  0.511009E+02
0.550232E+01  0.517437E+02
0.557171E+01  0.523853E+02
0.564102E+01  0.530259E+02
0.571025E+01  0.536654E+02
0.577939E+01  0.543039E+02
0.584846E+01  0.549415E+02
0.591746E+01  0.555782E+02
0.598638E+01  0.562140E+02
0.605523E+01  0.568489E+02
0.612401E+01  0.574830E+02
0.619273E+01  0.581163E+02
0.626139E+01  0.587489E+02
0.632999E+01  0.593807E+02
0.639852E+01  0.600119E+02
0.646700E+01  0.606423E+02
0.653543E+01  0.612721E+02
0.660380E+01  0.619013E+02
0.667212E+01  0.625298E+02
0.674039E+01  0.631577E+02
0.680861E+01  0.637851E+02
0.687678E+01  0.644119E+02
0.694491E+01  0.650382E+02
0.701299E+01  0.656640E+02
0.708104E+01  0.662892E+02
0.714903E+01  0.669140E+02
0.721699E+01  0.675383E+02
0.728491E+01  0.681622E+02
0.735280E+01  0.687856E+02
0.742064E+01  0.694086E+02
0.748845E+01  0.700312E+02
0.755623E+01  0.706534E+02
0.762397E+01  0.712752E+02
0.769168E+01  0.718966E+02
0.775936E+01  0.725177E+02
0.782701E+01  0.731384E+02
0.789463E+01  0.737588E+02
0.796222E+01  0.743788E+02
0.802978E+01  0.749986E+02
0.809731E+01  0.756180E+02
0.816482E+01  0.762371E+02
