0.106625E+01  0.158326E+01
0.113686E+01  0.293978E+01
0.121173E+01  0.410989E+01
0.129065E+01  0.512691E+01
0.137329E+01  0.601838E+01
0.145924E+01  0.680701E+01
0.154804E+01  0.751144E+01
0.163918E+01  0.814695E+01
0.173216E+01  0.872595E+01
0.182650E+01  0.925851E+01
0.192179E+01  0.975275E+01
0.201764E+01  0.102152E+02
0.211376E+01  0.106512E+02
0.220990E+01  0.110649E+02
0.230587E+01  0.114597E+02
0.240153E+01  0.118385E+02
0.249675E+01  0.122035E+02
0.259146E+01  0.125565E+02
0.268561E+01  0.128991E+02
0.277916E+01  0.132326E+02
0.287209E+01  0.135580E+02
0.296438E+01  0.138762E+02
0.305604E+01  0.141879E+02
0.314706E+01  0.144939E+02
0.323747E+01  0.147946E+02
0.332725E+01  0.150905E+02
0.341644E+01  0.153821E+02
0.350504E+01  0.156697E+02
0.359307E+01  0.159537E+02
0.368055E+01  0.162342E+02
0.376749E+01  0.165116E+02
0.385392E+01  0.167861E+02
0.393983E+01  0.170578E+02
0.402526E+01  0.173270E+02
0.411022E+01  0.175937E+02
0.419472E+01  0.178583E+02
0.427877E+01  0.181207E+02
0.436240E+01  0.183811E+02
0.444561E+01  0.186395E+02
0.452843E+01  0.188962E+02
0.461085E+01  0.191512E+02
0.469290E+01  0.194046E+02
0.477458E+01  0.196564E+02
0.485591E+01  0.199067E+02
0.493689E+01  0.201556E+02
0.501754E+01  0.204032E+02
0.509787E+01  0.206495E+02
0.517789E+01  0.208945E+02
0.525760E+01  0.211384E+02
0.533702E+01  0.213811E+02
0.541615E+01  0.216227E+02
0.549500E+01  0.218632E+02
0.557358E+01  0.221028E+02
0.565190E+01  0.223413E+02
0.572996E+01  0.225789E+02
0.580778E+01  0.228156E+02
0.588534E+01  0.230514E+02
0.596268E+01  0.232863E+02
0.603978E+01  0.235204E+02
0.611666E+01  0.237537E+02
0.619332E+01  0.239862E+02
0.626977E+01  0.242180E+02
0.634600E+01  0.244490E+02
0.642204E+01  0.246794E+02
0.649788E+01  0.249090E+02
0.657353E+01  0.251380E+02
0.664899E+01  0.253663E+02
0.672426E+01  0.255940E+02
0.679936E+01  0.258210E+02
0.687428E+01  0.260475E+02
0.694903E+01  0.262734E+02
0.702362E+01  0.264987E+02
0.709804E+01  0.267235E+02
0.717230E+01  0.269477E+02
0.724641E+01  0.271715E+02
0.732036E+01  0.273947E+02
0.739417E+01  0.276174E+02
0.746783E+01  0.278396E+02
0.754135E+01  0.280613E+02
0.761473E+01  0.282826E+02
0.768797E+01  0.285035E+02
0.776108E+01  0.287239E+02
0.783406E+01  0.289438E+02
0.790692E+01  0.291634E+02
0.797965E+01  0.293825E+02
0.805226E+01  0.296012E+02
0.812474E+01  0.298196E+02
0.819711E+01  0.300376E+02
0.826937E+01  0.302552E+02
0.834152E+01  0.304724E+02
0.841355E+01  0.306893E+02
0.848548E+01  0.309058E+02
0.855731E+01  0.311220E+02
0.862903E+01  0.313378E+02
0.870065E+01  0.315533E+02
0.877217E+01  0.317686E+02
0.884360E+01  0.319835E+02
0.891493E+01  0.321980E+02
0.898616E+01  0.324123E+02
0.905731E+01  0.326263E+02
