0.106572E+01  0.232415E+01
0.113453E+01  0.439220E+01
0.120612E+01  0.624900E+01
0.128013E+01  0.793142E+01
0.135618E+01  0.946963E+01
0.143389E+01  0.108883E+02
0.151292E+01  0.122077E+02
0.159295E+01  0.134441E+02
0.167370E+01  0.146109E+02
0.175493E+01  0.157189E+02
0.183645E+01  0.167772E+02
0.191810E+01  0.177929E+02
0.199974E+01  0.187721E+02
0.208128E+01  0.197196E+02
0.216265E+01  0.206395E+02
0.224378E+01  0.215353E+02
0.232464E+01  0.224099E+02
0.240518E+01  0.232655E+02
0.248539E+01  0.241044E+02
0.256526E+01  0.249282E+02
0.264478E+01  0.257385E+02
0.272394E+01  0.265365E+02
0.280274E+01  0.273233E+02
0.288119E+01  0.281000E+02
0.295930E+01  0.288674E+02
0.303705E+01  0.296263E+02
0.311448E+01  0.303773E+02
0.319157E+01  0.311210E+02
0.326835E+01  0.318579E+02
0.334482E+01  0.325886E+02
0.342099E+01  0.333135E+02
0.349686E+01  0.340329E+02
0.357245E+01  0.347472E+02
0.364777E+01  0.354567E+02
0.372282E+01  0.361617E+02
0.379762E+01  0.368625E+02
0.387217E+01  0.375593E+02
0.394648E+01  0.382523E+02
0.402055E+01  0.389418E+02
0.409441E+01  0.396279E+02
0.416804E+01  0.403108E+02
0.424147E+01  0.409906E+02
0.431470E+01  0.416676E+02
0.438773E+01  0.423418E+02
0.446057E+01  0.430135E+02
0.453323E+01  0.436826E+02
0.460571E+01  0.443493E+02
0.467803E+01  0.450138E+02
0.475017E+01  0.456761E+02
0.482216E+01  0.463363E+02
0.489400E+01  0.469946E+02
0.496568E+01  0.476509E+02
0.503723E+01  0.483055E+02
0.510863E+01  0.489582E+02
0.517990E+01  0.496093E+02
0.525103E+01  0.502588E+02
0.532204E+01  0.509068E+02
0.539293E+01  0.515532E+02
0.546370E+01  0.521982E+02
0.553436E+01  0.528419E+02
0.560490E+01  0.534842E+02
0.567534E+01  0.541252E+02
0.574567E+01  0.547651E+02
0.581590E+01  0.554037E+02
0.588604E+01  0.560412E+02
0.595607E+01  0.566776E+02
0.602602E+01  0.573129E+02
0.609588E+01  0.579472E+02
0.616565E+01  0.585805E+02
0.623534E+01  0.592129E+02
0.630494E+01  0.598443E+02
0.637447E+01  0.604749E+02
0.644392E+01  0.611045E+02
0.651330E+01  0.617334E+02
0.658260E+01  0.623614E+02
0.665184E+01  0.629887E+02
0.672100E+01  0.636152E+02
0.679011E+01  0.642410E+02
0.685914E+01  0.648660E+02
0.692812E+01  0.654904E+02
0.699703E+01  0.661141E+02
0.706589E+01  0.667372E+02
0.713469E+01  0.673596E+02
0.720343E+01  0.679815E+02
0.727213E+01  0.686027E+02
0.734076E+01  0.692234E+02
0.740935E+01  0.698436E+02
0.747789E+01  0.704632E+02
0.754638E+01  0.710823E+02
0.761483E+01  0.717009E+02
0.768323E+01  0.723190E+02
0.775158E+01  0.729366E+02
0.781990E+01  0.735538E+02
0.788817E+01  0.741705E+02
0.795640E+01  0.747868E+02
0.802459E+01  0.754026E+02
0.809275E+01  0.760181E+02
0.816086E+01  0.766332E+02
0.822894E+01  0.772478E+02
0.829699E+01  0.778622E+02
