0.106599E+01  0.698950E+00
0.113568E+01  0.130932E+01
0.120883E+01  0.184687E+01
0.128510E+01  0.232457E+01
0.136412E+01  0.275307E+01
0.144545E+01  0.314111E+01
0.152866E+01  0.349582E+01
0.161334E+01  0.382301E+01
0.169912E+01  0.412738E+01
0.178566E+01  0.441275E+01
0.187267E+01  0.468220E+01
0.195993E+01  0.493826E+01
0.204725E+01  0.518295E+01
0.213447E+01  0.541793E+01
0.222148E+01  0.564456E+01
0.230821E+01  0.586396E+01
0.239457E+01  0.607706E+01
0.248054E+01  0.628462E+01
0.256607E+01  0.648729E+01
0.265114E+01  0.668561E+01
0.273576E+01  0.688006E+01
0.281990E+01  0.707101E+01
0.290357E+01  0.725882E+01
0.298678E+01  0.744377E+01
0.306953E+01  0.762612E+01
0.315182E+01  0.780608E+01
0.323368E+01  0.798386E+01
0.331510E+01  0.815962E+01
0.339611E+01  0.833352E+01
0.347671E+01  0.850568E+01
0.355692E+01  0.867624E+01
0.363674E+01  0.884530E+01
0.371619E+01  0.901295E+01
0.379528E+01  0.917929E+01
0.387402E+01  0.934439E+01
0.395243E+01  0.950833E+01
0.403051E+01  0.967118E+01
0.410828E+01  0.983298E+01
0.418574E+01  0.999381E+01
0.426290E+01  0.101537E+02
0.433978E+01  0.103127E+02
0.441639E+01  0.104709E+02
0.449272E+01  0.106283E+02
0.456880E+01  0.107849E+02
0.464463E+01  0.109408E+02
0.472021E+01  0.110960E+02
0.479556E+01  0.112505E+02
0.487068E+01  0.114044E+02
0.494557E+01  0.115577E+02
0.502026E+01  0.117104E+02
0.509473E+01  0.118625E+02
0.516901E+01  0.120141E+02
0.524309E+01  0.121652E+02
0.531698E+01  0.123158E+02
0.539069E+01  0.124659E+02
0.546421E+01  0.126156E+02
0.553757E+01  0.127648E+02
0.561075E+01  0.129135E+02
0.568378E+01  0.130619E+02
0.575664E+01  0.132099E+02
0.582935E+01  0.133575E+02
0.590191E+01  0.135047E+02
0.597432E+01  0.136515E+02
0.604660E+01  0.137980E+02
0.611873E+01  0.139442E+02
0.619073E+01  0.140900E+02
0.626261E+01  0.142355E+02
0.633435E+01  0.143807E+02
0.640597E+01  0.145257E+02
0.647748E+01  0.146703E+02
0.654886E+01  0.148147E+02
0.662014E+01  0.149588E+02
0.669130E+01  0.151026E+02
0.676236E+01  0.152462E+02
0.683331E+01  0.153895E+02
0.690416E+01  0.155326E+02
0.697491E+01  0.156754E+02
0.704557E+01  0.158181E+02
0.711613E+01  0.159605E+02
0.718660E+01  0.161027E+02
0.725698E+01  0.162447E+02
0.732728E+01  0.163865E+02
0.739749E+01  0.165281E+02
0.746761E+01  0.166695E+02
0.753766E+01  0.168107E+02
0.760763E+01  0.169518E+02
0.767753E+01  0.170927E+02
0.774735E+01  0.172334E+02
0.781710E+01  0.173739E+02
0.788678E+01  0.175143E+02
0.795639E+01  0.176545E+02
0.802593E+01  0.177946E+02
0.809541E+01  0.179345E+02
0.816483E+01  0.180743E+02
0.823418E+01  0.182140E+02
0.830348E+01  0.183535E+02
0.837271E+01  0.184929E+02
0.844189E+01  0.186321E+02
0.851101E+01  0.187713E+02
0.858008E+01  0.189103E+02
