0.106625E+01  0.625942E+00
0.113684E+01  0.116241E+01
0.121168E+01  0.162532E+01
0.129055E+01  0.202783E+01
0.137312E+01  0.238079E+01
0.145899E+01  0.269317E+01
0.154769E+01  0.297232E+01
0.163870E+01  0.322428E+01
0.173153E+01  0.345392E+01
0.182572E+01  0.366524E+01
0.192083E+01  0.386141E+01
0.201650E+01  0.404504E+01
0.211244E+01  0.421819E+01
0.220839E+01  0.438254E+01
0.230417E+01  0.453943E+01
0.239962E+01  0.468998E+01
0.249465E+01  0.483506E+01
0.258918E+01  0.497541E+01
0.268314E+01  0.511164E+01
0.277650E+01  0.524424E+01
0.286925E+01  0.537365E+01
0.296136E+01  0.550020E+01
0.305284E+01  0.562421E+01
0.314370E+01  0.574591E+01
0.323393E+01  0.586554E+01
0.332355E+01  0.598328E+01
0.341258E+01  0.609930E+01
0.350102E+01  0.621373E+01
0.358890E+01  0.632671E+01
0.367622E+01  0.643834E+01
0.376301E+01  0.654872E+01
0.384929E+01  0.665794E+01
0.393506E+01  0.676608E+01
0.402034E+01  0.687320E+01
0.410516E+01  0.697937E+01
0.418952E+01  0.708465E+01
0.427344E+01  0.718908E+01
0.435694E+01  0.729272E+01
0.444002E+01  0.739560E+01
0.452271E+01  0.749777E+01
0.460500E+01  0.759927E+01
0.468693E+01  0.770011E+01
0.476849E+01  0.780035E+01
0.484970E+01  0.789999E+01
0.493056E+01  0.799908E+01
0.501110E+01  0.809763E+01
0.509131E+01  0.819567E+01
0.517122E+01  0.829322E+01
0.525082E+01  0.839029E+01
0.533013E+01  0.848691E+01
0.540915E+01  0.858310E+01
0.548790E+01  0.867886E+01
0.556637E+01  0.877422E+01
0.564459E+01  0.886919E+01
0.572255E+01  0.896379E+01
0.580026E+01  0.905802E+01
0.587773E+01  0.915189E+01
0.595496E+01  0.924543E+01
0.603197E+01  0.933864E+01
0.610875E+01  0.943153E+01
0.618532E+01  0.952411E+01
0.626167E+01  0.961640E+01
0.633782E+01  0.970839E+01
0.641377E+01  0.980010E+01
0.648952E+01  0.989154E+01
0.656508E+01  0.998272E+01
0.664045E+01  0.100736E+02
0.671564E+01  0.101643E+02
0.679066E+01  0.102547E+02
0.686550E+01  0.103449E+02
0.694016E+01  0.104349E+02
0.701467E+01  0.105246E+02
0.708901E+01  0.106141E+02
0.716319E+01  0.107034E+02
0.723722E+01  0.107925E+02
0.731110E+01  0.108814E+02
0.738483E+01  0.109701E+02
0.745842E+01  0.110586E+02
0.753186E+01  0.111469E+02
0.760517E+01  0.112350E+02
0.767834E+01  0.113230E+02
0.775138E+01  0.114107E+02
0.782430E+01  0.114983E+02
0.789708E+01  0.115858E+02
0.796974E+01  0.116731E+02
0.804228E+01  0.117602E+02
0.811471E+01  0.118471E+02
0.818701E+01  0.119340E+02
0.825921E+01  0.120206E+02
0.833129E+01  0.121071E+02
0.840326E+01  0.121935E+02
0.847513E+01  0.122798E+02
0.854689E+01  0.123659E+02
0.861856E+01  0.124519E+02
0.869012E+01  0.125377E+02
0.876158E+01  0.126234E+02
0.883295E+01  0.127090E+02
0.890422E+01  0.127945E+02
0.897541E+01  0.128799E+02
0.904650E+01  0.129651E+02
