0.106609E+01  0.404524E+00
0.113611E+01  0.755301E+00
0.120988E+01  0.106191E+01
0.128709E+01  0.133224E+01
0.136736E+01  0.157279E+01
0.145026E+01  0.178889E+01
0.153535E+01  0.198491E+01
0.162216E+01  0.216441E+01
0.171028E+01  0.233026E+01
0.179933E+01  0.248481E+01
0.188898E+01  0.262995E+01
0.197896E+01  0.276720E+01
0.206904E+01  0.289780E+01
0.215905E+01  0.302274E+01
0.224885E+01  0.314286E+01
0.233834E+01  0.325881E+01
0.242744E+01  0.337114E+01
0.251611E+01  0.348032E+01
0.260429E+01  0.358672E+01
0.269197E+01  0.369066E+01
0.277913E+01  0.379242E+01
0.286577E+01  0.389221E+01
0.295188E+01  0.399023E+01
0.303748E+01  0.408666E+01
0.312256E+01  0.418163E+01
0.320714E+01  0.427528E+01
0.329122E+01  0.436771E+01
0.337483E+01  0.445902E+01
0.345797E+01  0.454930E+01
0.354065E+01  0.463862E+01
0.362290E+01  0.472705E+01
0.370471E+01  0.481464E+01
0.378612E+01  0.490147E+01
0.386712E+01  0.498756E+01
0.394773E+01  0.507298E+01
0.402797E+01  0.515775E+01
0.410784E+01  0.524192E+01
0.418737E+01  0.532551E+01
0.426655E+01  0.540856E+01
0.434540E+01  0.549110E+01
0.442394E+01  0.557315E+01
0.450216E+01  0.565474E+01
0.458009E+01  0.573589E+01
0.465773E+01  0.581661E+01
0.473508E+01  0.589693E+01
0.481217E+01  0.597687E+01
0.488899E+01  0.605644E+01
0.496555E+01  0.613566E+01
0.504187E+01  0.621454E+01
0.511795E+01  0.629310E+01
0.519379E+01  0.637134E+01
0.526941E+01  0.644929E+01
0.534481E+01  0.652695E+01
0.541999E+01  0.660433E+01
0.549497E+01  0.668144E+01
0.556974E+01  0.675830E+01
0.564432E+01  0.683490E+01
0.571871E+01  0.691127E+01
0.579291E+01  0.698741E+01
0.586694E+01  0.706332E+01
0.594079E+01  0.713901E+01
0.601447E+01  0.721450E+01
0.608798E+01  0.728978E+01
0.616133E+01  0.736487E+01
0.623453E+01  0.743976E+01
0.630757E+01  0.751447E+01
0.638046E+01  0.758901E+01
0.645321E+01  0.766337E+01
0.652582E+01  0.773756E+01
0.659830E+01  0.781159E+01
0.667063E+01  0.788546E+01
0.674284E+01  0.795918E+01
0.681492E+01  0.803275E+01
0.688688E+01  0.810617E+01
0.695872E+01  0.817945E+01
0.703044E+01  0.825260E+01
0.710204E+01  0.832561E+01
0.717354E+01  0.839850E+01
0.724492E+01  0.847126E+01
0.731620E+01  0.854389E+01
0.738737E+01  0.861641E+01
0.745845E+01  0.868881E+01
0.752942E+01  0.876110E+01
0.760030E+01  0.883328E+01
0.767109E+01  0.890535E+01
0.774179E+01  0.897732E+01
0.781239E+01  0.904919E+01
0.788291E+01  0.912095E+01
0.795334E+01  0.919263E+01
0.802369E+01  0.926421E+01
0.809396E+01  0.933569E+01
0.816416E+01  0.940709E+01
0.823427E+01  0.947841E+01
0.830431E+01  0.954963E+01
0.837428E+01  0.962078E+01
0.844417E+01  0.969185E+01
0.851399E+01  0.976283E+01
0.858375E+01  0.983375E+01
0.865344E+01  0.990458E+01
0.872306E+01  0.997535E+01
