0.106617E+01  0.582685E+00
0.113650E+01  0.108486E+01
0.121082E+01  0.152087E+01
0.128888E+01  0.190256E+01
0.137032E+01  0.223967E+01
0.145472E+01  0.254024E+01
0.154161E+01  0.281086E+01
0.163050E+01  0.305689E+01
0.172095E+01  0.328270E+01
0.181251E+01  0.349183E+01
0.190483E+01  0.368713E+01
0.199757E+01  0.387091E+01
0.209049E+01  0.404501E+01
0.218336E+01  0.421094E+01
0.227604E+01  0.436992E+01
0.236840E+01  0.452294E+01
0.246035E+01  0.467081E+01
0.255183E+01  0.481421E+01
0.264278E+01  0.495368E+01
0.273318E+01  0.508969E+01
0.282301E+01  0.522263E+01
0.291226E+01  0.535284E+01
0.300094E+01  0.548058E+01
0.308905E+01  0.560610E+01
0.317658E+01  0.572961E+01
0.326357E+01  0.585127E+01
0.335000E+01  0.597126E+01
0.343591E+01  0.608971E+01
0.352130E+01  0.620673E+01
0.360619E+01  0.632243E+01
0.369060E+01  0.643691E+01
0.377453E+01  0.655025E+01
0.385801E+01  0.666253E+01
0.394104E+01  0.677381E+01
0.402365E+01  0.688415E+01
0.410584E+01  0.699362E+01
0.418763E+01  0.710225E+01
0.426903E+01  0.721010E+01
0.435006E+01  0.731721E+01
0.443072E+01  0.742362E+01
0.451103E+01  0.752936E+01
0.459100E+01  0.763446E+01
0.467064E+01  0.773896E+01
0.474996E+01  0.784289E+01
0.482896E+01  0.794626E+01
0.490767E+01  0.804910E+01
0.498609E+01  0.815144E+01
0.506422E+01  0.825330E+01
0.514208E+01  0.835469E+01
0.521967E+01  0.845563E+01
0.529700E+01  0.855615E+01
0.537408E+01  0.865625E+01
0.545092E+01  0.875596E+01
0.552752E+01  0.885529E+01
0.560389E+01  0.895424E+01
0.568003E+01  0.905285E+01
0.575596E+01  0.915110E+01
0.583167E+01  0.924903E+01
0.590718E+01  0.934663E+01
0.598248E+01  0.944393E+01
0.605759E+01  0.954092E+01
0.613251E+01  0.963762E+01
0.620725E+01  0.973404E+01
0.628180E+01  0.983019E+01
0.635618E+01  0.992607E+01
0.643038E+01  0.100217E+02
0.650442E+01  0.101171E+02
0.657830E+01  0.102122E+02
0.665201E+01  0.103071E+02
0.672557E+01  0.104018E+02
0.679898E+01  0.104962E+02
0.687225E+01  0.105904E+02
0.694537E+01  0.106845E+02
0.701834E+01  0.107783E+02
0.709118E+01  0.108719E+02
0.716389E+01  0.109653E+02
0.723647E+01  0.110585E+02
0.730891E+01  0.111516E+02
0.738124E+01  0.112445E+02
0.745344E+01  0.113372E+02
0.752553E+01  0.114297E+02
0.759749E+01  0.115220E+02
0.766935E+01  0.116142E+02
0.774109E+01  0.117063E+02
0.781273E+01  0.117982E+02
0.788426E+01  0.118899E+02
0.795568E+01  0.119815E+02
0.802701E+01  0.120730E+02
0.809824E+01  0.121643E+02
0.816937E+01  0.122555E+02
0.824041E+01  0.123465E+02
0.831135E+01  0.124374E+02
0.838221E+01  0.125282E+02
0.845297E+01  0.126189E+02
0.852365E+01  0.127095E+02
0.859425E+01  0.127999E+02
0.866477E+01  0.128902E+02
0.873520E+01  0.129804E+02
0.880556E+01  0.130705E+02
0.887584E+01  0.131605E+02
