0.106599E+01  0.347136E+01
0.113571E+01  0.650119E+01
0.120890E+01  0.916806E+01
0.128525E+01  0.115366E+02
0.136435E+01  0.136601E+02
0.144579E+01  0.155819E+02
0.152914E+01  0.173377E+02
0.161397E+01  0.189564E+02
0.169991E+01  0.204615E+02
0.178662E+01  0.218721E+02
0.187382E+01  0.232035E+02
0.196127E+01  0.244683E+02
0.204878E+01  0.256766E+02
0.213619E+01  0.268366E+02
0.222340E+01  0.279552E+02
0.231031E+01  0.290378E+02
0.239686E+01  0.300892E+02
0.248301E+01  0.311131E+02
0.256872E+01  0.321127E+02
0.265398E+01  0.330908E+02
0.273876E+01  0.340497E+02
0.282308E+01  0.349913E+02
0.290691E+01  0.359172E+02
0.299028E+01  0.368290E+02
0.307319E+01  0.377279E+02
0.315564E+01  0.386150E+02
0.323765E+01  0.394913E+02
0.331922E+01  0.403576E+02
0.340038E+01  0.412146E+02
0.348112E+01  0.420631E+02
0.356146E+01  0.429036E+02
0.364142E+01  0.437367E+02
0.372100E+01  0.445628E+02
0.380022E+01  0.453825E+02
0.387909E+01  0.461960E+02
0.395762E+01  0.470037E+02
0.403582E+01  0.478061E+02
0.411371E+01  0.486032E+02
0.419129E+01  0.493956E+02
0.426857E+01  0.501833E+02
0.434556E+01  0.509667E+02
0.442227E+01  0.517459E+02
0.449871E+01  0.525211E+02
0.457490E+01  0.532926E+02
0.465082E+01  0.540605E+02
0.472651E+01  0.548250E+02
0.480196E+01  0.555861E+02
0.487717E+01  0.563441E+02
0.495217E+01  0.570991E+02
0.502694E+01  0.578512E+02
0.510151E+01  0.586006E+02
0.517588E+01  0.593473E+02
0.525004E+01  0.600914E+02
0.532402E+01  0.608330E+02
0.539781E+01  0.615723E+02
0.547142E+01  0.623093E+02
0.554486E+01  0.630440E+02
0.561813E+01  0.637767E+02
0.569123E+01  0.645073E+02
0.576417E+01  0.652359E+02
0.583695E+01  0.659627E+02
0.590959E+01  0.666875E+02
0.598208E+01  0.674106E+02
0.605442E+01  0.681320E+02
0.612663E+01  0.688517E+02
0.619870E+01  0.695698E+02
0.627064E+01  0.702863E+02
0.634245E+01  0.710013E+02
0.641414E+01  0.717149E+02
0.648570E+01  0.724270E+02
0.655715E+01  0.731377E+02
0.662849E+01  0.738471E+02
0.669971E+01  0.745553E+02
0.677083E+01  0.752621E+02
0.684184E+01  0.759677E+02
0.691275E+01  0.766722E+02
0.698355E+01  0.773755E+02
0.705426E+01  0.780777E+02
0.712488E+01  0.787788E+02
0.719540E+01  0.794788E+02
0.726584E+01  0.801779E+02
0.733618E+01  0.808759E+02
0.740644E+01  0.815730E+02
0.747662E+01  0.822691E+02
0.754672E+01  0.829643E+02
0.761674E+01  0.836587E+02
0.768668E+01  0.843521E+02
0.775655E+01  0.850448E+02
0.782634E+01  0.857366E+02
0.789606E+01  0.864276E+02
0.796572E+01  0.871178E+02
0.803530E+01  0.878073E+02
0.810482E+01  0.884961E+02
0.817428E+01  0.891841E+02
0.824367E+01  0.898715E+02
0.831301E+01  0.905581E+02
0.838228E+01  0.912442E+02
0.845150E+01  0.919295E+02
0.852065E+01  0.926143E+02
0.858976E+01  0.932984E+02
