0.106601E+01  0.250050E+01
0.113579E+01  0.467997E+01
0.120911E+01  0.659557E+01
0.128563E+01  0.829434E+01
0.136497E+01  0.981497E+01
0.144671E+01  0.111892E+02
0.153040E+01  0.124428E+02
0.161563E+01  0.135970E+02
0.170201E+01  0.146689E+02
0.178919E+01  0.156723E+02
0.187687E+01  0.166184E+02
0.196482E+01  0.175164E+02
0.205283E+01  0.183736E+02
0.214076E+01  0.191960E+02
0.222848E+01  0.199885E+02
0.231590E+01  0.207551E+02
0.240295E+01  0.214993E+02
0.248959E+01  0.222238E+02
0.257578E+01  0.229308E+02
0.266151E+01  0.236224E+02
0.274677E+01  0.243001E+02
0.283153E+01  0.249655E+02
0.291582E+01  0.256197E+02
0.299962E+01  0.262638E+02
0.308296E+01  0.268986E+02
0.316582E+01  0.275250E+02
0.324824E+01  0.281437E+02
0.333021E+01  0.287552E+02
0.341175E+01  0.293601E+02
0.349287E+01  0.299589E+02
0.357358E+01  0.305520E+02
0.365390E+01  0.311398E+02
0.373384E+01  0.317227E+02
0.381340E+01  0.323008E+02
0.389261E+01  0.328746E+02
0.397148E+01  0.334443E+02
0.405000E+01  0.340102E+02
0.412821E+01  0.345723E+02
0.420609E+01  0.351310E+02
0.428368E+01  0.356864E+02
0.436097E+01  0.362387E+02
0.443798E+01  0.367880E+02
0.451471E+01  0.373345E+02
0.459117E+01  0.378783E+02
0.466738E+01  0.384195E+02
0.474333E+01  0.389583E+02
0.481904E+01  0.394947E+02
0.489452E+01  0.400288E+02
0.496977E+01  0.405609E+02
0.504480E+01  0.410908E+02
0.511961E+01  0.416188E+02
0.519422E+01  0.421448E+02
0.526863E+01  0.426690E+02
0.534284E+01  0.431915E+02
0.541685E+01  0.437122E+02
0.549069E+01  0.442314E+02
0.556435E+01  0.447489E+02
0.563783E+01  0.452649E+02
0.571114E+01  0.457795E+02
0.578429E+01  0.462926E+02
0.585728E+01  0.468044E+02
0.593011E+01  0.473148E+02
0.600280E+01  0.478240E+02
0.607534E+01  0.483319E+02
0.614773E+01  0.488387E+02
0.621999E+01  0.493442E+02
0.629211E+01  0.498487E+02
0.636410E+01  0.503520E+02
0.643597E+01  0.508544E+02
0.650770E+01  0.513556E+02
0.657932E+01  0.518559E+02
0.665083E+01  0.523553E+02
0.672221E+01  0.528537E+02
0.679349E+01  0.533512E+02
0.686466E+01  0.538478E+02
0.693572E+01  0.543436E+02
0.700668E+01  0.548385E+02
0.707754E+01  0.553327E+02
0.714830E+01  0.558260E+02
0.721897E+01  0.563187E+02
0.728954E+01  0.568105E+02
0.736002E+01  0.573017E+02
0.743042E+01  0.577921E+02
0.750073E+01  0.582819E+02
0.757096E+01  0.587710E+02
0.764111E+01  0.592595E+02
0.771117E+01  0.597474E+02
0.778116E+01  0.602346E+02
0.785108E+01  0.607213E+02
0.792092E+01  0.612074E+02
0.799069E+01  0.616929E+02
0.806039E+01  0.621779E+02
0.813002E+01  0.626624E+02
0.819959E+01  0.631463E+02
0.826909E+01  0.636297E+02
0.833853E+01  0.641127E+02
0.840791E+01  0.645952E+02
0.847722E+01  0.650772E+02
0.854648E+01  0.655588E+02
0.861568E+01  0.660399E+02
