0.106596E+01  0.872427E+00
0.113558E+01  0.163545E+01
0.120860E+01  0.230851E+01
0.128468E+01  0.290763E+01
0.136344E+01  0.344595E+01
0.144444E+01  0.393424E+01
0.152728E+01  0.438128E+01
0.161153E+01  0.479424E+01
0.169684E+01  0.517891E+01
0.178288E+01  0.554001E+01
0.186938E+01  0.588133E+01
0.195610E+01  0.620601E+01
0.204288E+01  0.651652E+01
0.212956E+01  0.681493E+01
0.221603E+01  0.710292E+01
0.230221E+01  0.738188E+01
0.238805E+01  0.765295E+01
0.247349E+01  0.791710E+01
0.255851E+01  0.817512E+01
0.264308E+01  0.842770E+01
0.272720E+01  0.867541E+01
0.281086E+01  0.891874E+01
0.289406E+01  0.915812E+01
0.297681E+01  0.939390E+01
0.305911E+01  0.962642E+01
0.314096E+01  0.985593E+01
0.322239E+01  0.100827E+02
0.330340E+01  0.103069E+02
0.338399E+01  0.105288E+02
0.346419E+01  0.107485E+02
0.354401E+01  0.109662E+02
0.362344E+01  0.111820E+02
0.370252E+01  0.113960E+02
0.378125E+01  0.116084E+02
0.385963E+01  0.118192E+02
0.393769E+01  0.120286E+02
0.401543E+01  0.122365E+02
0.409286E+01  0.124432E+02
0.416999E+01  0.126486E+02
0.424683E+01  0.128529E+02
0.432340E+01  0.130560E+02
0.439969E+01  0.132581E+02
0.447572E+01  0.134592E+02
0.455150E+01  0.136593E+02
0.462704E+01  0.138585E+02
0.470234E+01  0.140568E+02
0.477740E+01  0.142543E+02
0.485225E+01  0.144510E+02
0.492688E+01  0.146470E+02
0.500130E+01  0.148422E+02
0.507552E+01  0.150367E+02
0.514954E+01  0.152305E+02
0.522337E+01  0.154237E+02
0.529702E+01  0.156162E+02
0.537048E+01  0.158082E+02
0.544378E+01  0.159995E+02
0.551690E+01  0.161903E+02
0.558986E+01  0.163806E+02
0.566266E+01  0.165704E+02
0.573531E+01  0.167596E+02
0.580780E+01  0.169484E+02
0.588015E+01  0.171367E+02
0.595236E+01  0.173245E+02
0.602443E+01  0.175119E+02
0.609637E+01  0.176989E+02
0.616818E+01  0.178855E+02
0.623986E+01  0.180717E+02
0.631142E+01  0.182575E+02
0.638286E+01  0.184429E+02
0.645418E+01  0.186280E+02
0.652539E+01  0.188128E+02
0.659649E+01  0.189971E+02
0.666748E+01  0.191812E+02
0.673837E+01  0.193650E+02
0.680916E+01  0.195484E+02
0.687985E+01  0.197316E+02
0.695044E+01  0.199144E+02
0.702094E+01  0.200970E+02
0.709135E+01  0.202793E+02
0.716168E+01  0.204613E+02
0.723191E+01  0.206431E+02
0.730206E+01  0.208247E+02
0.737213E+01  0.210060E+02
0.744212E+01  0.211870E+02
0.751204E+01  0.213678E+02
0.758188E+01  0.215485E+02
0.765164E+01  0.217288E+02
0.772133E+01  0.219090E+02
0.779096E+01  0.220890E+02
0.786051E+01  0.222688E+02
0.793000E+01  0.224484E+02
0.799943E+01  0.226278E+02
0.806879E+01  0.228070E+02
0.813809E+01  0.229860E+02
0.820734E+01  0.231649E+02
0.827652E+01  0.233436E+02
0.834565E+01  0.235221E+02
0.841472E+01  0.237004E+02
0.848374E+01  0.238787E+02
0.855270E+01  0.240567E+02
